50.33
50.43
51.04
51.35
49.58
51.54
51.27
51.87
51.12
53.15
52.37
51.24
52.71
49.53
51.91
52.9
51.15
50.28
50.19
52.1
52.49
51.67
49.52
50.82
50.02
48.22
49.4
51.51
52.59
54.28
51.18
50.61
50.41
50.2
50.49
51.62
53.77
51.25
49.75
52.56
53.55
51.18
52.11
50.28
51.16
51.19
50.94
50.52
50.27
51.5
51.73
50.57
50.1
51.77
51.76
49.89
53.63
52.12
50.01
NA
NA
50.21
52.52
50.35
52.36
50.29
50.94
48.46
51.8
51.25
49.5
52.38
49.35
52.62
53.15
48.08
51.74
51.92
50.75
50.91
49.06
52.52
51.33
52.76
50.16
53.99
49.99
53.62
51.32
50.91
49.35
50.28
50.55
50.69
50.71
50.99
50.98
51.76
52.52
52.54
51.21
51.18
51.2
50.42
52.3
50.04
50.31
51.79
51.42
52.12
50.29
52.62
50.13
52.27
52.01
49.79
49.49
52.25
49.38
53.18
51.49
51.33
50.57
51.67
50.33
50.71
50.5
50.62
50.96
50.71
51.91
50.31
51.63
51.45
55.37
52.21
53.23
51.85
50.84
52.82
50.73
50.66
51.85
50.84
51.56
51.72
52.14
52.84
52.35
51.92
52.81
54.03
51.12
50.32
53.2
50.78
52.67
51.69
51.58
51.66
52.31
51.72
52.33
52.7
53.03
51.18
52.56
50.73
52.39
51.59
52.12
49.86
49.82
51.57
51.89
50.2
NA
51.57
49.83
51.92
50.39
52.46
50.53
49.78
52.7
52.56
49.74
52.21
51.27
50.55
51.06
49.72
50.26
50.93
51.06
50.63
50.57
51.95
50.09
49.71
50.12
49.84
50.36
52.22
50.14
52.4
52.59
50.93
51.86
49.94
50.99
51.8
49.57
50.89
51.78
49.54
49.89
50.98
50.07
51.19
49.7
50.75
52.59
52.85
53.33
50.72
50.42
50.35
50.48
50.29
50.77
52.08
51.26
52.09
52.13
52.89
51.24
50.53
49.79
51.36
50.63
51.47
52.58
50.18
53.96
52.85
49.52
52.06
49.28
51.67
49.83
50.27
50.48
50.67
51.95
50.59
50.26
52.46
52.86
49.99
50.26
51.09
51.28
52.4
53.86
52.95
53.22
51.2
50.51
50.61
50.16
50.1
50.2
51.24
51.83
50.47
51.31
53.44
50.67
50.27
50.41
52.74
51.21
50.8
51.58
51.6
47.87
51.81
51.74
54.66
51.01
51.17
49.74
49.59
51.66
50.64
50.22
51.07
50.11
52.65
51.82
51.59
53.07
50.09
52.83
51.28
52.72
50.16
49.91
51.38
50.55
50.93
53.5
52.37
50.23
51.39
50.07
51.25
49.92
50.23
50.55
51.33
51.05
50.73
49.65
49.6
49.91
50.54
50.79
51.34
49.97
50.61
50.17
50.56
51.94
51.95
50.38
50.54
50.04
52.13
52.64
50.1
51.57
50.08
49.85
50.49
50.75
50.57
50.92
50.49
NA
53.0
50.92
50.06
50.36
54.35
51.2
50.8
50.95
52.33
50.69
52.58
50.61
50.1
49.89
50.74
47.84
51.83
50.73
50.79
52.14
51.31
49.94
50.52
50.53
50.38
51.67
50.53
51.4
50.28
50.48
52.63
48.52
51.84
52.31
50.35
52.58
50.23
50.84
51.26
51.5
50.62
49.91
49.86
51.43
50.49
52.99
50.49
49.72
51.9
51.04
53.77
51.53
50.58
50.02
52.45
50.52
48.18
51.64
51.96
52.18
50.16
52.9
50.66
54.54
47.75
49.34
53.31
50.99
52.58
52.02
51.59
50.97
51.54
48.0
50.64
47.43
50.54
47.9
50.01
50.07
52.26
53.3
50.01
51.62
50.85
52.62
49.83
50.26
NA
51.01
47.4
50.29
52.07
51.55
51.55
NA
51.65
52.01
51.55
51.6
50.46
49.96
50.56
50.56
52.91
50.5
49.91
NA
49.71
NA
49.81
52.11
NA
50.41
49.21
52.38
52.66
50.91
51.94
50.55
48.15
51.99
51.76
51.21
49.8
51.58
50.45
51.63
49.95
47.95
50.35
51.96
49.94
49.44
NA
NA
NA
NA
NA
NA
49.84
53.04
51.26
51.6
50.04
51.4
51.66
50.33
51.39
51.65
50.14
49.96
52.2
50.63
49.25
50.44
51.94
50.65
49.77
49.98
51.75
49.79
51.97
51.98
51.97
NA
NA
51.08
51.4
52.77
48.6
52.76
50.55
50.76
50.22
50.52
53.42
50.75
NA
NA
NA
NA
52.54
50.42
50.29
50.21
52.83
NA
52.28
50.66
50.35
50.5
52.28
49.58
50.28
51.78
50.15
50.45
50.85
51.25
49.15
50.35
48.27
50.85
52.07
52.37
50.86
NA
50.87
51.62
50.12
48.92
52.09
53.79
51.06
51.61
51.93
50.11
51.25
52.14
51.64
50.14
51.46
52.18
52.19
50.21
51.63
52.28
51.27
49.83
50.85
51.72
52.39
51.98
51.28
51.35
53.01
54.0
50.75
50.36
49.72
51.91
49.59
51.07
50.13
51.53
51.28
50.46
51.49
53.18
50.08
50.68
49.52
51.25
53.32
49.42
51.52
50.46
52.44
50.52
50.81
50.83
50.56
51.18
50.28
51.28
50.08
49.88
51.18
50.28
51.28
50.18
49.88
51.29
50.29
51.29
50.09
49.89
51.32
50.32
51.32
50.02
49.82
51.46
50.36
51.16
49.96
49.76
50.1
50.68
51.62
53.88
51.28
50.96
54.89
52.96
51.17
52.23
51.15
52.81
NA
52.5
50.56
52.08
52.46
53.2
50.15
50.32
51.42
54.49
52.4
49.55
52.35
51.39
50.9
50.26
51.59
53.75
52.62
51.03
50.14
49.52
52.31
54.6
51.32
49.69
49.83
50.27
50.3
52.37
52.58
51.76
52.16
52.42
49.84
50.41
50.26
52.06
50.33
51.77
52.42
50.98
50.98
51.45
50.59
50.3
50.87
50.36
50.29
52.36
51.13
53.54
51.3
50.95
49.82
50.15
51.8
50.63
51.43
NA
NA
NA
51.67
52.63
49.47
51.72
50.31
50.88
50.37
51.64
52.41
50.57
51.99
51.11
50.31
49.3
53.11
53.55
52.83
52.9
52.98
53.15
52.65
53.05
50.82
49.81
53.03
50.75
49.74
52.87
50.75
49.7
52.92
50.73
49.82
52.97
50.73
49.82
52.97
50.01
50.02
51.78
48.99
52.2
54.66
50.2
49.2
52.39
52.73
52.93
50.13
50.28
50.2
49.17
52.11
51.07
52.78
50.26
49.72
54.85
53.11
50.86
50.38
49.73
52.3
51.68
50.72
51.62
50.89
51.46
49.73
52.42
51.79
49.9
54.56
50.99
48.68
51.21
50.73
49.84
50.56
52.21
52.17
53.43
50.93
51.48
52.14
48.95
51.79
51.23
51.38
49.67
50.37
52.45
52.36
51.53
52.14
48.95
51.78
51.16
51.38
49.59
50.24
52.44
52.26
52.15
49.03
51.77
51.48
51.16
49.6
50.26
52.37
52.23
52.42
NA
50.78
52.66
52.77
50.66
50.04
52.01
48.5
NA
50.99
51.99
51.52
50.68
49.84
50.33
51.16
NA
NA
50.0
54.56
50.93
48.73
50.82
50.78
49.91
50.59
52.14
51.97
51.47
52.93
53.25
50.94
49.92
50.96
52.54
50.87
52.56
50.9
52.67
52.0
49.52
51.2
49.03
47.91
50.86
49.86
52.68
51.97
53.51
51.25
51.23
51.49
49.04
50.87
47.6
NA
50.21
54.22
52.3
NA
52.88
51.05
52.69
49.8
NA
51.67
50.45
53.26
49.46
NA
NA
NA
52.07
53.97
50.27
54.27
49.97
52.17
50.93
50.95
49.85
52.68
51.23
50.41
48.61
50.5
52.34
52.51
50.48
49.78
51.51
50.92
52.82
51.55
50.1
52.58
52.88
49.81
49.85
49.34
49.0
48.77
50.78
51.45
50.65
NA
50.25
51.05
50.97
51.87
50.87
54.37
50.82
50.22
NA
NA
NA
55.03
52.03
52.63
50.83
52.83
49.83
52.73
49.73
51.92
52.12
50.22
52.42
51.97
52.85
51.0
51.5
51.7
52.1
52.5
49.9
50.4
50.2
50.9
50.2
53.3
51.7
53.1
49.87
51.17
52.77
50.07
50.37
51.0
50.39
50.47
50.95
50.33
51.51
50.01
52.91
50.01
51.41
51.86
52.56
52.46
51.16
51.48
50.68
49.78
50.28
51.08
51.38
50.58
49.68
49.38
50.88
51.37
50.77
50.97
51.05
49.85
51.05
50.65
52.15
50.84
52.44
51.67
51.67
52.57
51.57
53.7
50.55
53.05
50.7
50.9
50.6
50.1
52.01
50.31
50.01
51.81
49.64
52.54
50.64
54.84
50.23
51.45
49.86
55.71
51.72
53.35
53.28
52.58
52.35
53.42
50.74
50.08
49.84
51.34
52.24
50.27
49.67
53.4
52.2
52.3
51.43
51.58
51.08
52.92
50.85
50.84
50.48
50.92
50.45
50.53
50.98
50.46
50.89
50.09
49.69
50.79
51.39
49.99
50.81
50.81
51.58
51.28
50.62
52.08
50.92
51.41
51.69
51.17
49.87
51.95
50.63
51.24
52.23
51.62
50.52
52.73
50.8
50.24
51.69
50.02
51.92
50.76
51.46
51.56
51.06
51.4
50.13
51.27
50.02
52.11
51.07
53.14
50.41
52.61
50.45
50.32
50.91
50.93
53.83
50.69
50.89
48.96
51.13
51.42
50.91
49.93
48.93
51.1
51.39
50.88
49.9
51.84
50.84
47.57
50.37
52.17
51.49
51.91
50.34
52.95
49.25
52.05
49.85
50.5
54.1
51.99
50.73
51.16
52.38
50.36
50.06
NA
52.57
50.47
50.07
51.17
50.65
48.02
49.62
52.12
53.22
55.12
50.46
48.96
50.06
50.52
53.72
51.12
51.11
52.14
50.74
50.94
55.73
53.24
54.69
49.9
51.51
53.14
50.75
49.19
50.78
49.09
50.71
50.2
51.6
52.38
48.96
52.98
52.88
50.68
52.51
52.77
53.87
52.71
50.38
51.53
53.67
53.98
50.6
53.03
51.43
52.44
54.69
50.05
51.05
NA
50.44
50.74
52.04
53.04
52.74
51.54
50.45
52.95
51.12
49.98
52.33
53.6
52.18
52.28
53.68
52.2
45.8
NA
53.04
50.38
50.45
51.15
50.37
50.02
50.62
51.32
50.82
51.72
50.02
52.1
52.93
50.7
50.09
51.89
53.15
50.6
49.86
52.0
50.48
49.53
51.18
52.83
54.33
52.41
53.41
51.32
49.94
50.34
53.58
50.18
52.61
51.91
50.71
49.51
50.7
51.76
50.01
50.18
50.02
49.75
51.35
52.25
54.56
53.35
50.54
50.84
51.44
51.54
52.26
50.94
51.04
53.01
53.09
53.61
50.16
50.48
54.15
51.2
53.51
53.05
53.1
52.57
52.84
51.2
51.99
50.18
50.02
51.7
52.92
51.05
51.3
52.87
49.16
51.35
49.9
NA
49.32
52.95
52.22
51.87
49.71
50.18
NA
52.47
50.51
50.59
50.18
51.5
53.63
52.19
50.23
51.48
50.44
50.07
51.23
50.26
51.0
50.31
51.95
50.53
50.05
50.25
49.65
50.95
49.85
52.25
50.86
50.21
49.7
51.21
49.84
52.03
51.01
51.53
51.82
49.21
50.77
50.29
50.81
52.38
51.7
51.09
49.65
51.86
49.76
51.36
49.56
50.27
51.11
52.67
53.31
49.75
52.54
52.42
52.44
53.03
51.27
50.67
50.58
51.08
52.38
51.08
50.35
51.48
51.41
51.85
50.19
51.77
52.17
51.84
49.57
52.32
52.05
50.35
51.65
52.45
52.05
49.85
52.45
51.62
51.51
49.74
49.85
50.92
52.18
49.98
54.28
49.08
50.28
50.68
49.68
52.18
NA
NA
49.55
51.49
51.47
51.06
51.75
52.07
52.41
NA
52.05
52.34
NA
53.5
51.63
50.63
52.23
50.65
52.68
50.75
52.61
50.56
52.76
50.97
51.23
49.58
53.18
49.88
52.2
50.3
50.7
53.76
52.06
50.76
52.66
49.86
52.62
52.45
50.67
52.69
51.52
50.48
50.06
50.03
53.36
51.24
NA
50.84
51.29
53.42
50.37
50.37
49.11
50.52
54.46
52.15
55.0
50.72
51.64
51.32
51.6
50.43
51.49
51.91
50.34
49.79
49.54
52.68
51.32
51.6
50.43
51.84
51.14
48.95
50.55
52.15
50.05
52.35
51.45
50.05
51.05
51.41
52.46
52.14
52.16
52.17
51.7
50.87
51.08
50.85
50.03
49.83
52.03
52.46
51.04
52.87
52.52
51.04
50.81
51.04
NA
50.33
50.57
52.68
53.1
53.84
51.66
51.3
51.26
49.84
49.42
55.42
49.72
51.92
50.62
53.81
51.21
52.21
51.21
51.11
55.71
53.81
54.71
50.11
51.61
53.11
51.09
51.79
51.99
50.29
55.79
52.99
54.69
49.89
51.19
53.59
50.3
50.1
51.06
51.93
51.98
51.16
52.76
50.26
52.16
50.08
50.75
51.72
50.88
51.25
51.78
53.63
51.16
50.75
50.85
51.15
51.05
51.93
50.85
52.48
51.25
49.99
51.76
49.62
51.67
50.53
50.56
50.46
50.68
52.15
48.97
52.7
49.02
49.75
52.02
52.02
50.01
54.93
52.74
53.06
51.18
51.58
49.7
52.31
50.12
50.86
51.34
52.99
50.58
50.05
48.98
50.34
50.23
49.63
52.57
50.19
52.39
50.71
52.13
48.86
49.45
53.48
52.75
55.04
49.63
51.26
52.03
51.6
53.49
52.68
55.19
52.27
52.69
51.09
50.59
52.49
50.79
49.69
51.12
49.68
49.51
51.58
49.39
51.14
51.64
51.74
48.54
53.63
49.93
51.83
51.93
52.23
50.13
51.53
49.03
51.63
50.83
51.48
50.57
51.61
50.4
50.13
50.09
50.39
50.76
50.75
52.57
50.92
51.62
52.22
49.12
49.42
54.32
51.02
53.5
49.91
52.6
52.38
52.33
52.64
50.55
50.84
NA
50.26
50.0
50.61
50.67
50.36
51.0
51.56
NA
NA
51.13
50.35
49.95
49.87
51.11
51.72
50.31
51.51
50.17
54.55
52.68
51.33
51.67
51.75
51.33
51.16
52.94
50.4
49.68
51.02
51.75
51.87
50.7
51.88
51.53
51.88
51.0
51.6
51.6
51.8
50.2
51.6
53.14
51.56
51.94
52.3
51.65
50.16
53.76
49.06
49.76
51.38
51.4
51.43
50.95
50.78
48.94
52.75
52.94
51.12
50.43
52.05
51.69
52.96
51.56
51.7
54.8
51.09
52.34
51.82
52.83
50.19
53.41
52.49
52.8
49.78
51.48
51.48
50.92
52.75
49.31
56.14
52.03
51.93
50.64
50.17
50.29
52.16
51.66
51.06
50.16
51.06
48.16
51.06
50.62
53.05
52.55
51.82
52.21
51.61
49.41
52.59
50.59
49.55
50.96
53.82
50.62
52.8
52.24
51.69
50.07
50.69
48.62
55.66
53.77
50.71
52.81
52.27
51.77
50.03
49.21
50.65
50.2
53.56
50.7
51.79
52.24
51.53
50.01
49.46
50.24
50.05
NA
56.19
50.93
50.03
51.03
52.93
NA
51.48
51.68
49.84
51.77
49.65
52.15
52.65
52.03
50.53
50.73
50.73
49.73
51.44
49.74
50.44
52.1
52.36
53.21
NA
NA
49.92
51.09
53.94
49.75
52.67
51.23
50.5
49.67
52.47
52.67
53.81
51.19
51.29
49.59
52.39
49.99
52.77
54.11
51.07
53.24
49.61
50.13
50.1
53.29
51.42
54.27
50.7
49.68
51.64
51.67
50.77
51.23
49.98
50.56
51.18
49.71
50.78
51.26
52.49
51.02
51.4
54.09
51.72
52.47
50.67
50.43
51.52
50.91
49.75
50.95
52.25
50.81
54.02
50.83
50.48
50.98
50.88
52.92
50.98
51.18
51.58
51.98
53.28
51.68
51.18
NA
NA
52.8
51.3
49.3
50.17
52.07
51.88
50.82
52.68
50.58
51.27
52.83
52.86
50.49
51.03
52.85
NA
51.54
52.33
52.36
51.37
50.47
50.57
50.68
49.97
50.1
50.64
51.05
49.08
51.39
51.24
51.38
50.19
55.68
51.9
49.36
51.27
NA
52.39
49.89
50.39
51.09
52.19
52.09
51.19
51.84
51.34
NA
49.48
51.53
51.23
51.7
52.17
50.14
51.22
50.78
51.3
53.85
52.47
48.03
51.72
52.51
50.4
50.68
52.9
50.22
52.02
49.75
49.9
51.46
50.52
NA
50.52
52.45
51.37
50.99
50.65
49.92
51.33
50.29
48.51
51.31
51.32
52.32
50.49
50.9
48.84
48.69
50.71
53.99
50.9
55.65
49.77
50.71
50.2
52.64
53.18
52.03
49.69
51.65
49.45
50.65
50.95
50.47
52.17
50.58
49.77
52.48
50.9
49.45
51.08
51.07
50.32
NA
NA
NA
NA
NA
NA
NA
NA
50.76
52.26
51.26
51.86
52.21
50.01
52.21
49.61
51.41
51.01
51.78
49.88
49.48
49.28
51.48
51.28
49.86
52.05
40.15
50.08
51.39
49.65
50.08
51.06
52.68
52.02
53.26
49.68
51.65
51.13
51.12
51.08
50.49
50.97
50.76
50.73
50.49
50.89
49.79
50.89
51.69
51.19
51.89
49.79
51.19
47.59
51.99
52.16
52.12
52.89
52.49
50.59
50.72
51.02
51.22
51.52
48.12
50.22
NA
52.38
NA
NA
52.33
51.64
51.95
52.21
49.65
49.71
51.21
50.03
51.24
52.06
51.06
50.56
51.33
49.93
53.5
50.55
51.87
49.56
50.54
50.78
51.98
52.07
51.27
NA
53.39
52.39
50.67
50.43
50.73
53.34
50.6
52.99
51.38
50.39
52.95
51.25
51.15
50.15
NA
51.71
52.93
52.04
51.4
48.9
51.9
51.7
51.78
52.04
50.44
53.32
50.82
53.02
48.91
49.51
NA
52.11
50.01
51.11
51.31
51.01
51.41
52.31
52.11
51.61
51.19
50.24
49.61
51.13
51.89
51.01
50.21
50.89
49.86
52.84
51.17
49.47
52.09
51.33
50.88
49.83
51.33
52.04
49.67
51.26
51.92
51.68
50.68
50.7
51.1
51.77
50.47
NA
52.84
50.34
50.44
50.04
50.84
52.44
50.21
54.08
50.76
52.46
49.53
49.95
49.51
49.93
49.49
50.69
52.59
53.49
52.39
51.29
50.38
49.38
51.38
51.69
50.02
52.07
49.74
48.9
53.0
49.6
56.1
52.8
51.5
50.9
50.5
50.02
51.87
51.68
49.88
52.2
52.48
52.41
52.78
50.09
49.2
53.8
51.26
52.16
49.62
50.01
51.11
50.41
50.11
51.02
51.42
49.57
49.16
49.48
53.62
52.1
53.04
49.6
49.56
50.11
49.19
NA
50.99
50.49
52.91
53.3
51.06
48.36
52.68
51.68
51.41
52.64
50.06
52.11
53.15
52.2
51.5
51.7
49.7
NA
52.1
52.46
49.87
52.87
51.99
50.17
51.31
49.1
50.12
51.81
51.42
50.54
50.51
49.53
52.11
50.28
50.66
55.98
51.28
50.49
50.44
52.31
52.51
53.37
51.09
49.99
51.99
52.81
50.38
52.75
50.8
50.1
51.8
51.2
53.5
52.25
49.64
51.28
50.49
NA
49.84
NA
51.14
52.34
NA
48.83
50.47
51.12
50.57
53.74
50.9
51.7
51.95
52.77
51.28
52.65
52.11
52.21
49.59
50.22
53.12
50.92
51.72
50.3
51.35
52.55
50.85
54.81
50.06
53.36
51.16
51.56
50.15
49.82
49.85
50.58
50.87
50.85
50.56
50.32
49.78
51.63
50.23
51.53
50.53
50.93
51.51
52.31
50.41
50.91
50.91
50.85
51.32
49.41
51.71
48.41
51.41
51.79
50.63
53.25
50.54
52.85
51.28
50.3
51.53
50.03
51.49
51.5
50.84
50.94
51.24
50.25
50.25
49.58
50.34
49.54
50.71
50.11
51.56
51.09
52.24
52.6
52.04
51.0
50.71
49.77
51.31
50.69
50.7
51.01
51.01
50.75
52.56
52.96
51.27
52.78
53.01
52.5
52.4
51.6
54.8
49.6
51.13
51.63
50.63
50.82
52.06
51.7
52.97
52.22
52.12
51.44
53.62
52.26
48.36
50.44
50.68
51.17
51.69
49.68
50.11
51.52
50.72
51.36
49.8
51.46
50.64
49.8
51.4
49.68
NA
50.94
NA
NA
NA
50.3
52.3
52.6
50.4
51.9
52.2
51.81
50.11
50.98
50.42
49.95
52.75
50.3
51.35
50.89
51.19
51.91
52.11
49.53
49.96
NA
55.17
51.42
51.37
52.92
53.0
50.67
50.02
51.83
52.71
53.53
51.05
50.58
54.78
52.22
50.02
52.29
49.69
50.45
51.05
51.45
50.15
50.85
50.45
49.98
51.15
49.04
49.29
50.49
52.44
NA
51.24
49.64
52.64
51.14
49.99
49.4
52.61
52.74
48.48
49.66
52.36
53.48
49.97
52.0
49.51
51.8
49.14
50.29
49.9
48.96
52.56
49.28
50.39
49.39
50.07
51.09
52.2
50.61
51.44
52.43
50.93
50.53
52.02
52.34
50.72
51.7
51.9
51.14
52.92
50.27
50.26
51.75
49.54
52.25
49.88
50.8
50.68
53.66
50.71
NA
NA
52.1
51.72
52.25
52.05
NA
52.63
52.17
51.79
50.85
50.19
NA
50.2
52.01
53.11
NA
52.92
52.12
52.42
51.52
53.31
50.09
51.72
50.41
50.56
50.85
51.46
49.97
51.28
49.75
50.98
NA
51.02
50.04
49.81
50.31
49.97
49.71
50.28
52.85
50.17
50.99
50.16
48.95
50.13
51.73
49.36
51.52
50.47
51.04
52.52
52.11
50.83
50.62
50.6
51.04
49.55
50.33
50.56
51.99
50.96
49.95
50.24
52.4
52.56
50.01
51.56
53.3
52.08
49.62
NA
51.68
51.7
52.08
51.0
52.12
52.62
52.49
51.75
51.93
52.12
49.7
49.76
50.59
51.65
52.56
51.89
50.73
49.96
NA
52.28
50.2
50.0
49.2
51.16
52.68
49.66
53.89
51.31
50.27
49.6
53.31
49.58
NA
50.06
52.12
52.41
51.47
52.2
52.16
51.34
53.24
50.77
53.89
50.99
52.09
50.64
50.85
55.73
53.19
54.65
49.75
51.92
51.44
50.82
52.97
53.43
50.56
51.06
50.56
50.46
50.67
NA
49.73
50.3
51.95
51.45
NA
49.66
50.61
50.85
50.85
50.07
49.67
49.67
53.22
48.37
55.1
49.62
50.3
53.26
49.82
51.64
52.78
49.57
50.64
51.76
51.8
51.4
53.3
51.8
54.1
50.8
50.3
52.9
52.7
51.7
49.57
52.28
50.16
52.56
49.18
52.28
NA
50.35
51.55
51.23
50.53
52.43
51.18
51.67
50.15
50.51
50.51
50.84
49.73
50.12
50.04
NA
50.89
NA
NA
49.8
51.5
50.99
51.79
49.29
51.09
49.78
52.48
50.73
49.63
50.52
50.23
50.23
50.33
50.13
51.03
49.46
51.71
50.38
52.2
51.91
50.41
52.34
NA
51.44
51.18
50.9
51.58
51.03
51.08
51.21
49.33
49.52
49.06
49.18
51.26
49.88
51.23
51.48
52.27
49.47
49.67
50.17
51.87
51.44
50.49
52.5
50.5
53.0
51.24
50.94
51.04
50.44
52.24
49.14
54.0
50.74
50.34
50.34
49.94
51.84
48.44
49.84
52.54
53.64
51.88
51.19
50.28
51.11
52.6
50.37
51.0
54.97
NA
51.67
53.04
NA
52.28
50.98
52.98
50.68
49.88
NA
50.19
53.75
51.4
49.82
50.31
51.25
55.55
50.72
50.52
50.82
50.47
49.6
51.78
51.86
53.32
52.32
48.37
52.13
50.25
51.41
50.27
49.24
51.17
50.87
50.97
53.57
NA
NA
NA
NA
52.5
51.1
50.53
50.46
51.45
50.06
51.51
51.61
50.01
49.84
51.51
50.02
49.67
50.8
51.6
50.15
49.68
51.06
51.91
52.31
50.89
52.12
51.39
51.7
49.1
49.5
54.3
50.6
50.1
53.08
51.52
51.64
51.24
53.63
50.93
49.43
52.53
52.27
50.47
50.87
53.3
50.71
52.56
52.23
51.06
52.24
50.86
52.64
53.24
51.14
51.64
50.54
51.14
54.64
50.97
50.21
51.21
50.15
52.26
53.42
50.31
NA
NA
NA
NA
NA
NA
50.46
52.56
52.25
53.48
49.54
49.29
52.99
49.15
49.55
51.65
52.97
50.66
52.15
51.95
51.62
49.32
51.28
53.49
52.38
49.27
51.49
53.42
52.38
53.26
49.86
52.66
51.26
52.29
49.81
50.7
52.32
52.18
52.37
52.15
52.54
52.21
51.55
53.27
52.58
51.76
52.16
50.28
NA
50.45
50.69
49.72
50.86
50.28
49.11
50.3
51.08
51.49
51.13
51.51
50.76
NA
50.99
NA
51.87
50.09
52.19
50.54