22.98
24.47
25.88
21.83
21.76
18.1
22.74
23.28
19.55
19.05
17.09
19.63
19.64
22.76
17.23
19.93
22.9
NA
19.87
22.04
19.89
23.3
21.37
22.78
20.45
21.47
22.09
19.32
20.71
17.26
19.65
19.03
19.56
23.69
22.76
20.2
21.94
19.0
24.09
19.84
19.25
19.61
17.8
21.01
19.67
22.46
19.71
20.48
NA
21.25
22.29
21.67
21.29
19.19
19.96
18.17
20.51
21.03
21.84
NA
NA
22.29
21.38
21.62
22.98
25.74
23.89
19.87
22.59
NA
23.27
21.53
23.61
NA
20.45
19.83
21.86
NA
21.58
NA
20.31
18.45
23.81
18.92
24.42
18.75
24.2
18.66
22.5
18.2
21.04
23.6
18.24
21.91
17.94
NA
20.08
23.63
21.25
19.28
19.29
23.7
NA
24.03
22.21
20.7
22.44
19.9
21.64
23.82
21.16
22.15
22.07
19.57
19.66
22.64
21.58
18.54
21.91
22.24
21.3
23.45
22.55
23.6
20.17
20.48
19.25
22.21
19.64
NA
19.07
20.18
20.69
24.8
22.47
21.09
19.01
21.66
20.17
20.16
21.76
21.02
21.62
22.11
22.74
20.8
20.53
NA
20.21
NA
21.37
19.16
21.71
25.96
22.67
22.18
NA
18.74
23.1
20.03
21.14
19.82
18.63
21.15
20.02
19.34
18.97
21.35
19.18
17.92
22.48
21.46
21.13
22.16
20.41
20.8
NA
23.48
22.63
18.8
23.52
23.25
22.14
23.05
20.32
20.32
23.35
23.51
23.17
23.1
17.31
22.49
21.99
16.1
17.12
22.79
22.68
23.43
18.35
22.16
22.81
22.79
21.72
19.58
20.2
20.35
20.22
17.84
19.19
24.09
18.14
19.54
NA
NA
NA
NA
20.7
24.94
22.41
21.97
25.21
24.9
20.32
20.16
19.03
NA
22.51
24.27
22.1
NA
20.05
NA
20.61
19.3
NA
20.11
19.35
NA
21.3
21.92
20.99
20.03
18.72
21.11
18.64
NA
23.68
23.55
22.77
21.79
21.47
18.07
NA
22.49
22.27
NA
23.83
NA
18.33
21.72
NA
19.84
24.65
16.74
18.81
21.8
18.91
19.98
23.02
20.92
23.77
21.17
23.85
23.21
22.24
22.65
20.77
19.5
NA
21.63
NA
18.6
22.67
20.76
22.18
21.6
21.27
20.13
20.34
17.5
19.68
22.77
23.99
23.61
22.75
24.4
NA
NA
23.6
19.07
20.08
19.11
21.37
23.03
19.74
23.22
18.7
20.83
22.09
20.41
20.8
20.33
19.54
17.54
21.44
21.64
20.7
23.64
23.22
21.24
23.25
20.91
22.18
22.09
23.47
22.46
20.83
22.9
17.38
20.48
21.23
20.77
22.79
21.12
19.0
18.78
23.44
24.22
22.39
22.59
17.98
20.98
20.78
23.08
NA
22.09
NA
21.11
20.35
17.52
NA
18.65
21.91
23.39
18.34
17.75
22.43
20.71
22.11
19.61
22.44
18.34
19.39
20.15
20.37
23.89
18.24
19.85
23.47
18.58
22.68
20.17
21.92
21.5
21.86
22.08
19.59
23.27
19.65
20.79
20.61
18.88
19.25
19.63
22.53
22.7
18.43
20.31
21.14
20.83
20.6
22.62
21.27
21.36
22.93
22.3
19.73
20.74
20.54
20.75
22.21
20.04
20.2
23.16
21.15
18.72
21.79
20.0
24.28
19.65
20.1
25.12
20.12
23.85
18.4
19.64
25.29
20.44
21.31
21.04
19.33
24.35
21.86
18.58
19.82
25.5
19.24
24.2
20.81
18.88
18.87
22.79
18.79
22.39
20.18
NA
19.18
20.79
NA
NA
26.14
19.37
24.3
16.82
22.41
22.46
NA
22.17
NA
22.42
22.41
24.16
21.86
21.16
20.56
19.71
17.13
NA
NA
NA
NA
NA
18.41
NA
22.01
21.41
22.96
19.96
NA
19.46
21.37
19.0
21.62
23.76
19.16
23.04
21.55
23.07
20.04
NA
22.33
21.05
22.25
19.36
NA
NA
22.29
21.63
22.33
19.99
NA
19.85
18.57
NA
NA
NA
20.87
22.21
NA
20.46
22.2
NA
NA
17.95
20.69
24.08
24.01
21.81
22.58
21.85
23.7
22.42
NA
22.01
21.99
19.57
NA
NA
21.41
18.99
19.08
21.78
21.8
23.31
20.14
21.82
20.72
20.12
22.95
NA
NA
NA
NA
22.42
22.68
21.13
21.64
18.23
NA
18.34
21.24
23.35
NA
NA
22.08
22.98
20.38
23.35
20.15
24.05
23.05
19.65
23.65
21.44
23.83
18.33
21.11
18.67
NA
18.09
21.12
21.62
22.92
20.45
23.05
22.97
NA
NA
22.35
22.59
22.74
20.34
21.35
21.99
19.48
21.01
21.57
20.67
20.75
24.02
23.11
21.56
20.54
19.36
16.51
22.62
22.03
19.27
18.75
22.43
21.27
19.32
22.69
21.84
23.4
21.63
21.63
18.8
20.59
20.55
18.38
23.68
20.08
17.48
22.07
20.33
21.52
20.04
20.6
20.25
20.58
21.13
22.48
20.6
NA
NA
NA
NA
NA
NA
NA
NA
NA
NA
NA
NA
NA
NA
NA
NA
NA
NA
NA
NA
NA
NA
NA
NA
NA
22.52
NA
19.58
19.07
20.33
22.52
NA
20.33
22.0
22.55
20.72
19.44
NA
19.45
18.42
19.43
19.77
22.36
24.4
21.92
19.35
18.41
19.95
22.55
18.43
19.19
23.59
19.88
21.51
18.52
18.21
20.35
20.12
22.14
19.39
NA
20.04
24.68
NA
20.98
20.49
17.82
18.56
21.52
21.35
18.44
20.16
19.07
24.11
19.17
23.98
21.21
21.06
20.38
20.38
29.51
23.4
22.75
24.39
23.45
19.66
18.0
23.57
21.02
21.88
24.13
23.03
21.71
22.47
23.05
23.98
NA
NA
NA
18.55
19.69
22.64
18.87
22.76
24.4
23.46
21.16
21.88
20.08
23.62
23.02
21.82
NA
19.56
19.41
19.85
19.83
19.78
19.75
19.96
19.93
19.25
22.49
20.48
19.47
22.36
20.56
19.43
22.38
20.64
19.36
22.43
20.58
19.36
22.43
20.58
23.98
23.99
18.08
NA
22.92
19.27
22.4
23.05
20.33
21.48
18.71
23.3
22.55
22.51
22.92
20.84
18.9
18.71
23.64
21.72
17.79
18.86
22.55
20.89
19.34
22.71
21.73
22.08
22.13
22.64
23.35
23.35
NA
25.4
25.14
19.54
23.32
23.35
18.66
22.45
22.25
24.12
20.88
20.45
22.67
22.85
18.7
20.26
23.39
19.74
23.31
19.97
22.61
25.4
21.28
17.12
22.8
20.24
23.41
19.73
23.28
19.98
22.51
25.35
21.28
17.14
20.24
23.74
19.79
23.16
NA
21.28
25.29
21.21
17.33
19.0
NA
22.23
23.03
18.64
22.04
22.37
19.71
23.1
NA
NA
NA
24.69
23.97
20.99
24.55
22.43
NA
NA
25.36
19.66
23.43
23.37
18.81
22.76
22.5
24.26
21.06
21.1
22.57
18.42
24.15
23.84
22.98
23.48
20.52
23.43
20.53
23.41
20.55
19.89
21.15
22.05
19.32
21.74
23.92
24.21
21.95
25.18
18.44
22.6
21.52
19.5
20.69
21.77
22.11
NA
23.37
19.0
21.69
NA
18.32
22.68
19.19
25.91
NA
20.04
23.18
20.7
22.62
NA
NA
NA
18.77
18.77
22.37
19.27
24.17
17.37
24.2
24.02
19.68
19.32
22.12
23.39
20.04
21.95
22.79
18.42
21.73
22.19
19.7
19.72
18.82
16.88
21.86
22.52
19.42
21.11
25.69
NA
21.95
22.69
22.8
NA
NA
NA
NA
NA
NA
NA
NA
NA
NA
NA
NA
NA
NA
17.93
22.53
23.03
23.23
18.43
20.83
19.43
23.03
22.12
23.22
21.32
22.02
NA
NA
20.71
18.0
21.4
21.8
19.8
22.6
22.3
21.6
21.4
20.6
18.5
22.8
19.8
NA
NA
NA
NA
22.79
24.28
23.22
23.11
24.28
22.55
21.51
23.41
20.11
17.91
22.01
19.56
19.36
19.26
22.96
NA
NA
20.88
NA
22.68
24.68
NA
20.88
24.98
24.38
21.77
23.97
21.47
23.45
25.45
25.55
22.15
18.55
23.44
20.34
23.57
23.97
23.07
22.17
18.9
23.65
19.25
22.0
19.0
19.1
22.4
18.81
22.51
22.11
25.91
22.84
19.04
23.14
19.24
23.62
20.43
24.27
18.03
21.78
19.25
19.28
21.78
21.74
20.1
24.99
23.05
19.04
21.74
21.84
20.17
22.87
NA
21.4
19.1
22.43
18.98
22.48
19.42
21.44
20.87
NA
NA
NA
NA
NA
NA
NA
NA
NA
NA
NA
NA
24.91
23.91
20.58
20.98
22.6
17.78
23.38
22.51
18.72
21.24
20.69
23.0
22.09
20.52
20.21
19.24
22.25
19.06
20.28
23.27
18.55
19.78
20.58
19.36
18.96
23.26
20.46
23.68
17.08
NA
NA
21.53
21.02
NA
23.01
19.51
22.85
22.34
24.21
20.13
20.23
21.99
NA
20.91
20.82
23.19
NA
NA
20.8
20.79
23.16
NA
NA
24.14
23.64
19.57
24.17
16.87
20.95
22.19
20.6
18.33
NA
NA
NA
23.52
18.55
23.72
22.05
24.57
18.98
20.08
21.51
NA
NA
NA
NA
NA
21.95
20.72
21.62
22.02
18.92
18.82
26.46
21.16
22.56
24.42
18.12
25.02
18.97
22.05
23.27
22.14
18.0
16.56
20.44
20.9
19.44
19.5
24.65
21.73
22.49
19.03
19.39
23.23
18.42
18.14
21.84
18.48
19.9
20.83
19.35
NA
20.2
19.37
22.17
22.02
18.91
17.65
21.38
19.57
20.55
23.55
19.71
NA
NA
NA
25.04
24.84
18.94
18.24
20.94
23.53
24.4
18.55
19.65
NA
22.29
18.37
22.15
21.55
18.37
22.17
19.2
17.3
18.54
21.18
20.65
22.35
22.51
23.32
21.92
19.52
22.42
22.12
21.92
19.55
19.06
18.3
20.95
17.89
19.63
18.22
21.3
17.48
20.68
21.48
24.38
19.38
18.23
18.61
20.01
22.16
22.79
21.84
19.28
21.88
18.51
20.91
22.51
22.61
24.16
22.15
21.35
19.34
22.84
19.05
21.75
21.85
18.56
18.65
21.54
23.94
20.34
22.54
26.62
20.86
20.29
19.12
NA
19.33
23.72
23.99
19.6
21.82
19.07
18.55
19.38
NA
19.68
23.83
19.4
19.34
22.84
18.5
18.42
23.55
21.39
18.35
18.66
20.01
23.24
NA
19.16
19.63
23.27
22.31
22.92
23.37
NA
23.33
23.95
21.82
17.72
19.4
18.15
21.67
17.56
19.23
22.19
20.57
22.0
23.34
22.73
24.43
22.94
19.96
22.05
18.15
18.35
20.95
17.95
23.35
22.06
18.56
18.55
21.47
18.33
23.84
23.93
24.77
24.84
18.38
22.44
20.96
23.26
20.08
19.61
23.51
22.16
22.86
24.36
19.86
23.56
22.87
22.88
20.4
19.23
23.09
19.41
NA
19.18
18.53
25.7
28.4
23.39
23.48
19.28
23.08
22.08
21.57
18.52
NA
NA
NA
NA
NA
NA
NA
22.15
24.85
19.95
22.35
23.85
21.35
19.65
18.66
21.49
23.38
NA
26.44
21.18
24.18
21.38
NA
17.98
21.18
24.58
21.48
NA
NA
17.79
24.55
23.17
22.79
22.38
18.71
NA
NA
18.44
NA
NA
19.2
22.63
18.53
19.24
21.58
21.56
17.75
19.19
21.76
21.72
17.94
18.33
20.88
17.98
23.38
NA
NA
22.06
19.63
18.06
24.36
19.96
21.26
19.88
22.1
22.98
21.06
20.36
23.24
21.99
NA
21.33
21.46
NA
22.29
23.56
20.22
21.17
21.17
NA
23.94
NA
21.23
19.83
22.18
21.55
20.91
21.99
22.99
20.95
22.19
20.6
NA
21.85
18.08
20.91
21.99
22.99
19.74
21.84
22.95
20.15
22.85
21.55
21.95
22.55
23.55
22.45
24.08
21.96
21.28
20.16
19.28
20.22
20.86
21.57
22.97
24.93
18.17
18.97
21.37
23.72
18.96
21.73
21.27
21.04
20.57
NA
22.45
22.67
20.57
19.03
21.85
23.79
19.82
22.2
23.64
21.02
18.32
20.62
23.12
22.12
19.51
19.01
21.91
22.81
22.41
18.01
16.81
20.41
21.01
19.11
19.51
18.89
21.99
23.69
22.59
18.09
16.79
20.49
21.29
19.39
19.19
22.72
23.62
24.35
23.23
23.27
23.86
18.66
23.46
19.69
21.56
23.4
21.7
21.15
19.17
19.24
17.49
24.14
20.75
24.45
22.75
25.15
19.04
23.16
19.78
23.51
23.58
21.94
21.58
22.44
18.58
18.96
16.86
17.76
20.62
23.13
21.87
21.51
21.11
19.72
20.02
20.82
18.84
19.93
24.91
24.63
21.78
24.27
24.88
20.87
22.16
24.08
18.78
19.84
21.43
23.51
22.69
21.25
24.06
19.3
21.05
24.14
17.72
20.54
23.06
21.54
19.1
20.6
19.13
19.17
21.93
NA
23.34
19.08
20.93
19.4
21.98
20.99
24.19
22.39
18.59
23.79
21.89
21.15
21.51
21.03
21.36
22.66
23.84
23.84
20.54
18.24
21.33
22.93
22.23
17.43
24.23
22.73
20.13
20.33
21.23
23.53
22.43
21.55
21.01
21.33
23.99
17.66
NA
NA
22.63
17.89
20.31
20.32
22.22
19.92
20.92
17.42
24.72
19.54
23.38
19.55
19.05
19.42
21.13
25.85
23.14
NA
23.64
21.42
23.37
NA
20.29
23.46
22.49
NA
NA
22.15
23.35
19.55
22.38
23.13
NA
NA
NA
23.43
17.65
19.42
22.17
16.89
22.97
23.98
22.8
23.22
22.21
19.79
NA
NA
24.25
22.02
22.1
21.11
20.04
20.1
22.8
16.7
18.8
24.1
18.7
18.33
21.89
20.8
22.07
21.75
15.86
20.66
21.16
21.64
25.07
23.94
20.83
22.45
NA
NA
NA
NA
21.17
23.35
23.69
22.96
22.23
23.39
19.02
19.3
22.53
NA
19.72
18.41
18.41
38.71
19.31
18.4
21.58
24.88
23.98
22.82
20.37
21.64
18.58
23.42
19.09
22.05
22.98
21.29
18.46
19.36
23.46
21.36
22.76
19.96
22.16
21.11
20.55
NA
22.83
18.84
21.31
17.31
18.92
22.38
21.08
23.19
NA
NA
NA
NA
NA
NA
NA
NA
NA
NA
NA
NA
NA
NA
NA
NA
NA
NA
NA
NA
NA
NA
NA
NA
NA
NA
NA
NA
NA
20.53
21.83
20.53
NA
NA
24.63
26.27
21.22
20.01
22.95
23.15
20.85
23.63
23.13
18.73
20.23
24.83
20.34
23.64
22.54
NA
NA
20.21
NA
NA
NA
22.49
19.43
24.61
20.42
21.66
20.42
22.97
23.27
20.87
21.41
24.89
20.89
20.59
19.09
26.43
18.52
18.79
19.67
19.16
18.57
20.19
18.28
19.48
23.38
18.61
24.72
23.71
20.14
20.87
23.07
23.84
21.75
20.86
20.96
23.45
16.95
23.0
NA
17.42
22.24
17.91
21.03
21.97
21.27
21.76
19.59
23.35
22.47
20.65
21.45
21.75
17.56
23.08
22.68
25.48
26.18
18.52
20.48
19.08
22.88
21.08
19.78
19.18
22.28
NA
NA
21.4
20.4
21.3
19.2
22.7
21.03
21.45
25.79
20.98
20.61
18.93
25.35
19.96
21.79
18.82
NA
22.86
20.21
19.26
21.67
23.57
22.17
17.15
NA
24.59
22.34
18.84
22.57
23.6
24.09
21.0
21.13
NA
20.0
23.56
23.65
NA
18.99
20.99
24.09
22.39
20.39
18.49
22.59
19.7
22.62
NA
21.43
23.51
22.22
19.67
21.58
23.64
20.28
24.61
19.24
18.02
22.37
24.95
20.12
21.05
25.62
23.16
19.28
22.19
21.74
19.93
21.4
22.97
22.34
20.15
20.77
20.64
22.51
23.29
NA
24.63
21.31
19.1
19.71
22.41
23.52
22.22
23.95
22.39
22.68
21.7
21.36
20.78
19.9
NA
17.97
17.85
21.98
20.71
20.08
20.19
21.29
20.85
19.95
21.45
19.05
23.31
19.24
NA
23.64
23.43
23.33
NA
NA
NA
21.3
NA
NA
NA
NA
NA
NA
NA
NA
20.26
19.26
23.16
20.26
NA
NA
NA
NA
NA
NA
NA
NA
NA
NA
NA
NA
19.47
22.18
23.85
22.97
17.73
25.16
21.23
19.46
19.2
21.55
18.91
22.58
22.32
NA
NA
NA
NA
24.69
20.27
23.29
22.21
20.99
22.99
19.69
21.39
23.09
22.29
23.39
21.69
21.09
18.69
20.08
17.79
21.79
21.89
24.49
20.82
23.32
24.22
20.82
18.32
22.82
NA
20.7
NA
NA
20.51
22.93
19.97
20.48
21.76
22.61
18.41
21.12
23.11
21.88
24.05
16.78
22.03
23.19
18.79
22.94
19.59
23.06
19.59
16.75
15.13
19.58
25.5
NA
NA
23.58
25.68
20.38
23.51
NA
21.1
NA
23.97
20.04
18.65
19.65
22.45
21.35
NA
19.3
16.79
23.38
21.4
19.7
19.6
NA
19.88
22.44
21.14
19.62
21.62
20.12
23.61
23.21
NA
18.41
23.91
21.81
20.01
21.91
20.21
17.71
19.41
19.71
21.09
21.63
18.87
22.02
NA
25.01
23.21
23.65
20.98
23.56
23.17
NA
NA
19.12
18.79
NA
NA
NA
19.14
21.97
NA
21.28
20.22
16.7
20.7
20.47
20.17
NA
19.94
22.64
22.74
22.94
21.34
22.94
24.25
18.65
19.76
19.46
21.31
22.3
21.37
22.2
NA
23.49
NA
22.69
21.19
19.89
21.18
24.48
20.78
21.03
21.48
23.98
19.84
22.21
20.1
21.6
17.8
23.0
18.2
21.7
22.8
22.6
NA
22.2
23.25
20.34
20.05
18.97
21.64
22.09
23.12
18.6
24.44
22.53
22.71
25.21
21.71
22.41
22.71
23.58
20.49
NA
22.9
22.03
18.93
18.29
19.02
23.98
23.96
20.93
19.79
NA
22.99
22.69
19.39
21.6
22.66
21.56
19.37
23.95
22.04
20.51
22.7
19.0
21.37
19.58
24.6
26.4
21.2
NA
19.2
21.62
23.58
20.45
24.34
20.99
25.09
22.05
24.28
19.08
20.03
20.74
22.98
23.29
23.04
23.84
22.15
20.29
22.86
22.29
21.14
19.31
NA
NA
23.26
21.72
19.81
18.29
24.74
20.35
15.4
NA
24.3
19.7
18.6
19.8
24.69
20.18
19.61
NA
21.94
NA
24.14
19.64
NA
22.39
20.98
21.11
22.97
18.46
19.0
21.3
22.33
19.87
22.33
19.89
20.15
20.82
21.85
22.92
19.52
25.12
22.12
20.0
22.25
18.55
22.94
NA
23.36
19.46
25.26
22.26
18.56
22.89
19.86
19.66
22.52
23.19
23.56
22.49
22.88
19.03
21.73
16.93
22.43
22.73
21.31
23.81
24.81
23.21
23.31
20.2
22.96
20.21
22.71
23.01
22.11
19.11
23.79
NA
21.27
NA
24.23
20.13
20.73
22.33
23.75
21.4
23.74
20.04
22.74
23.45
23.85
25.08
22.14
18.14
17.94
24.19
21.99
24.02
19.44
17.77
22.37
23.57
21.04
18.86
19.98
22.7
21.31
19.67
22.33
23.57
19.95
18.46
22.55
18.58
18.51
18.3
17.9
18.2
19.1
23.2
22.81
22.41
23.88
20.62
19.74
20.23
18.87
23.32
19.86
20.6
18.43
23.38
21.76
21.12
21.8
19.87
19.74
22.02
24.43
20.65
24.17
20.71
18.81
18.6
20.18
19.84
22.57
21.79
NA
22.79
21.9
NA
NA
25.0
19.4
19.3
23.6
18.6
19.1
20.14
20.21
22.07
23.39
23.27
21.04
21.14
23.5
22.99
22.48
20.14
18.93
20.77
21.72
NA
17.74
18.34
17.04
20.92
22.21
20.15
17.32
19.37
21.17
NA
20.61
23.08
18.78
24.22
23.62
NA
NA
20.75
24.15
21.15
20.75
23.85
23.65
20.14
20.77
22.01
24.56
26.72
19.64
NA
21.24
20.84
20.64
21.34
24.12
20.18
23.17
18.94
21.48
NA
21.59
19.66
23.27
21.46
22.55
19.84
20.47
20.19
20.52
23.02
21.89
23.99
24.49
23.58
20.74
23.16
18.73
21.97
20.54
21.83
25.03
23.23
20.14
20.47
23.72
23.4
18.8
22.85
20.14
22.53
21.26
21.46
22.22
25.01
20.03
22.0
22.13
20.6
NA
NA
NA
21.83
20.33
22.19
23.09
NA
22.07
24.29
19.79
NA
20.11
NA
18.14
19.44
NA
NA
18.49
21.72
19.82
22.02
19.83
22.69
NA
NA
23.42
20.52
21.53
21.56
22.19
19.76
22.88
NA
23.2
NA
24.75
20.42
22.26
24.42
NA
20.42
23.17
20.5
22.54
21.95
23.5
25.9
20.82
22.87
22.25
20.57
16.5
18.68
23.4
20.57
22.82
20.7
21.21
NA
19.28
22.68
20.39
21.36
25.1
22.63
19.63
22.89
20.06
19.72
NA
19.83
NA
20.58
20.57
21.13
21.24
22.7
19.51
19.69
21.18
21.37
21.56
20.81
19.97
20.32
23.37
19.32
NA
23.42
23.09
NA
20.99
24.73
22.4
21.5
20.04
18.12
22.71
19.62
21.85
17.92
23.83
18.62
23.43
NA
21.48
21.77
19.85
22.06
20.47
17.98
17.34
19.54
20.86
18.72
19.04
22.01
23.2
22.08
17.88
16.48
20.39
20.78
21.35
22.57
18.5
19.09
18.66
19.56
23.26
22.46
19.46
NA
NA
NA
NA
20.18
20.87
NA
22.72
23.24
19.74
20.57
16.73
20.9
21.02
18.13
18.82
19.33
24.07
20.09
18.03
21.93
NA
17.33
24.44
17.22
23.74
19.7
18.8
20.2
19.4
18.2
22.3
21.2
18.5
20.1
21.5
22.26
25.17
23.23
19.58
21.99
18.96
NA
24.35
21.05
NA
NA
20.32
21.58
19.88
23.0
23.0
18.98
20.0
22.03
23.42
23.06
NA
20.49
NA
NA
NA
NA
25.49
19.99
23.89
18.09
21.28
21.28
22.18
21.57
21.2
20.43
21.33
22.53
20.33
21.63
20.19
21.83
21.99
20.19
19.03
23.38
NA
NA
19.79
23.36
23.43
18.52
20.93
24.47
23.57
21.58
22.75
19.86
18.53
22.61
NA
21.58
22.85
22.07
24.67
20.97
19.27
18.27
19.62
24.83
21.1
22.7
18.0
20.34
21.54
20.94
23.14
22.74
22.74
19.94
24.74
22.24
22.74
21.54
19.84
22.74
23.24
18.94
19.84
NA
18.74
23.45
20.77
19.25
20.79
23.0
17.25
NA
19.31
19.82
NA
22.08
24.58
20.28
20.38
21.98
NA
22.03
18.33
19.31
21.19
24.73
21.36
21.11
22.7
23.31
22.7
23.2
20.17
22.6
19.53
18.3
20.18
19.13
19.02
20.65
23.57
21.72
NA
NA
16.87
19.07
18.87
NA
NA
NA
NA
NA
NA
20.29
22.47
22.54
22.54
23.11
22.81
20.51
22.32
19.63
23.32
21.04
20.66
19.69
23.3
21.2
20.13
19.16
19.91
21.29
22.16
22.36
23.9
21.0
19.0
17.8
18.7
21.0
21.34
19.51
19.24
21.64
21.33
23.13
23.33
19.33
20.17
21.27
18.87
20.0
24.31
22.08
22.84
22.34
20.75
22.45
19.34
19.14
24.84
18.84
16.34
22.64
17.84
NA
20.14
21.23
18.21
19.37
20.64
21.73
NA
NA
NA
NA
NA
NA
23.16
18.78
18.16
19.47
23.14
23.65
18.23
21.15
22.65
24.15
19.69
24.28
20.38
18.52
23.23
15.93
19.9
20.08
18.56
15.23
19.69
20.1
18.52
21.16
24.16
22.16
23.16
19.97
22.34
23.46
21.64
19.14
19.37
21.19
19.1
19.47
19.26
19.22
18.56
21.52
21.35
21.68
NA
23.71
20.91
23.65
23.82
21.23
24.27
24.09
20.07
23.38
20.09
23.34
23.86
NA
20.29
NA
24.34
22.4
23.71
21.97