176.36
175.75
174.32
173.17
178.56
174.6
176.06
173.42
176.14
178.9
179.05
176.32
176.32
NA
178.17
177.05
175.0
173.32
179.12
174.63
177.14
174.25
NA
176.66
174.35
NA
NA
178.36
176.5
175.91
178.12
175.78
176.26
175.14
174.78
177.7
176.09
175.68
174.95
176.16
176.02
175.2
178.48
177.51
177.85
173.52
175.33
175.71
174.17
176.86
174.41
175.78
174.44
177.87
174.61
176.74
176.91
175.13
177.35
NA
NA
175.29
174.38
175.88
174.52
175.45
175.23
175.25
174.74
176.31
175.06
175.09
174.06
176.68
177.94
173.72
174.34
176.62
177.0
176.08
177.88
178.33
174.12
177.35
173.46
177.6
173.47
177.0
174.82
175.9
175.42
176.04
176.54
175.33
175.17
176.93
176.29
174.82
176.93
177.4
176.58
175.02
175.38
177.47
174.49
175.47
173.98
178.67
175.77
174.33
176.5
174.82
173.64
176.57
176.95
173.35
176.57
176.99
175.55
176.5
175.48
174.36
174.16
175.0
175.94
176.52
177.04
175.01
176.62
175.62
177.85
176.65
176.66
174.69
NA
176.76
176.3
NA
175.33
176.6
176.47
NA
174.92
173.99
176.78
174.73
175.43
176.11
178.11
176.29
176.08
176.08
NA
176.03
174.35
175.35
175.91
177.34
174.74
177.32
175.91
176.22
176.57
175.12
175.14
176.35
NA
176.51
175.35
177.12
174.67
173.5
174.64
174.96
179.2
177.5
NA
175.59
178.1
178.92
173.88
NA
174.75
174.34
179.32
178.31
177.06
174.15
174.72
174.64
175.37
174.84
175.09
174.63
174.27
175.08
175.76
174.72
176.39
175.88
176.25
174.55
173.67
177.0
175.87
178.26
178.51
175.68
177.19
176.27
175.75
177.24
176.53
NA
NA
NA
NA
173.18
NA
175.82
174.17
173.8
178.61
178.34
176.16
175.45
175.8
174.83
175.65
175.63
176.54
NA
175.81
176.19
175.88
177.7
175.08
175.81
175.59
175.12
NA
176.94
NA
175.56
176.48
176.31
175.43
175.87
177.92
173.83
175.93
174.91
175.51
175.36
174.08
174.82
176.06
177.92
178.44
175.9
174.27
178.43
174.49
177.1
178.1
175.9
177.57
178.24
174.36
173.89
175.84
174.44
175.48
174.88
174.59
175.27
176.61
175.99
173.76
177.2
176.43
178.98
175.51
177.13
177.55
175.02
173.35
175.95
178.51
178.6
NA
NA
175.03
176.01
174.25
175.19
176.25
174.74
NA
178.49
176.39
176.63
178.37
176.73
177.7
175.46
177.55
174.99
176.42
176.14
177.35
175.62
177.72
176.17
176.35
176.28
176.91
175.72
NA
174.97
175.37
175.19
176.44
176.14
NA
176.73
176.73
174.95
175.72
175.92
175.57
176.4
174.64
176.34
174.31
175.47
175.07
174.6
175.11
175.93
177.55
172.29
175.81
174.68
174.8
175.98
179.54
176.35
176.35
175.69
NA
176.26
174.29
175.7
176.24
178.1
175.65
175.27
174.57
176.75
175.41
177.93
178.71
175.95
177.24
175.32
172.61
177.64
175.37
176.32
174.33
176.01
175.78
175.18
175.75
175.13
176.17
175.41
176.58
176.38
175.95
177.28
176.0
175.06
175.01
175.22
177.65
177.16
174.1
176.89
176.3
175.81
175.57
NA
NA
NA
NA
NA
176.06
176.72
175.34
176.54
176.66
174.58
174.76
177.54
174.86
176.63
173.88
176.4
174.74
176.69
176.76
176.02
NA
176.7
176.79
176.36
178.41
177.5
177.94
176.91
176.18
177.24
176.5
176.76
176.87
176.66
174.16
175.44
175.56
173.17
177.87
174.58
174.45
174.75
178.11
176.27
176.02
NA
177.03
177.09
176.8
NA
175.18
175.07
NA
175.07
178.08
175.06
174.99
175.22
175.06
176.18
176.57
178.17
NA
174.91
NA
176.61
NA
175.31
177.71
NA
176.91
176.71
174.01
175.66
177.39
175.95
177.06
NA
176.26
175.3
176.47
178.7
174.28
174.92
177.29
173.74
176.55
178.1
176.45
175.59
NA
NA
176.45
177.98
176.35
NA
NA
175.77
176.76
NA
NA
NA
NA
NA
NA
NA
NA
NA
178.09
176.01
NA
NA
NA
175.1
175.9
174.75
175.27
NA
NA
NA
175.23
173.89
NA
NA
NA
NA
176.77
175.12
175.94
174.33
176.85
174.87
175.57
NA
NA
NA
NA
NA
NA
175.06
175.69
176.19
175.06
176.76
NA
176.1
176.13
173.05
NA
NA
NA
NA
NA
174.2
175.0
176.1
174.8
177.8
175.9
NA
177.35
177.22
177.36
NA
NA
NA
174.97
176.87
175.37
NA
NA
NA
NA
NA
176.25
175.46
179.05
176.85
175.29
175.95
NA
NA
NA
NA
177.62
173.93
174.62
175.06
177.62
177.08
179.39
176.14
174.53
177.59
177.69
NA
NA
NA
NA
176.13
177.18
174.87
176.67
175.09
176.77
176.04
177.48
174.68
175.28
NA
174.64
178.69
175.68
176.01
176.68
176.49
176.99
174.07
174.06
176.08
174.13
177.73
175.13
172.43
175.23
174.13
177.73
175.13
172.53
175.23
174.12
177.72
175.12
172.52
175.22
174.12
177.72
175.22
172.52
175.32
173.82
177.92
175.32
172.72
175.42
174.64
176.01
175.9
177.94
177.78
175.79
176.47
NA
173.84
175.45
NA
177.82
NA
NA
175.85
178.05
177.4
178.03
175.34
177.78
179.56
NA
175.48
176.18
178.9
175.42
175.76
175.79
175.09
179.13
177.79
173.39
174.0
174.87
178.65
176.58
179.16
176.64
174.01
172.9
176.69
177.8
176.47
174.68
174.28
177.92
174.92
175.61
175.18
175.16
176.52
173.51
NA
176.76
177.56
177.61
174.98
172.65
175.69
175.27
NA
NA
NA
NA
NA
NA
NA
NA
175.13
175.66
176.15
NA
NA
NA
NA
NA
NA
176.33
172.65
175.69
175.27
NA
NA
NA
174.24
175.37
175.95
176.9
176.74
177.24
177.24
176.84
NA
NA
NA
NA
NA
NA
NA
NA
NA
NA
NA
NA
NA
NA
NA
NA
NA
NA
NA
175.7
175.97
NA
NA
175.87
175.11
175.73
174.76
176.28
174.69
179.05
174.01
175.59
175.65
174.68
175.3
NA
178.95
174.67
175.25
181.2
174.56
NA
NA
NA
NA
NA
NA
NA
NA
174.36
175.04
178.87
174.65
NA
NA
NA
NA
NA
NA
NA
NA
NA
NA
NA
NA
NA
177.38
176.35
175.46
175.89
179.12
174.67
178.05
177.89
175.98
175.53
NA
NA
NA
NA
NA
NA
NA
NA
NA
177.46
176.16
175.41
175.97
178.91
174.94
177.97
178.02
176.39
176.23
NA
177.42
174.92
176.82
176.22
175.32
175.62
178.43
NA
NA
NA
175.57
177.09
175.76
174.44
174.44
NA
NA
174.33
177.79
175.81
176.1
174.6
175.31
175.45
175.13
175.26
NA
176.81
177.5
175.26
174.19
NA
NA
NA
NA
NA
NA
NA
176.64
176.58
176.87
175.77
NA
179.03
177.98
NA
178.38
173.58
177.25
175.44
NA
NA
174.63
NA
NA
175.94
171.12
NA
NA
173.75
174.2
172.44
173.68
NA
176.74
NA
NA
NA
NA
NA
NA
176.88
176.48
175.98
179.48
174.68
177.38
173.76
173.56
177.19
176.24
176.9
177.05
176.31
177.44
174.96
177.6
176.28
175.37
176.31
179.04
176.64
175.26
175.75
175.55
NA
174.87
174.08
176.43
176.56
175.83
173.71
NA
NA
NA
NA
NA
174.84
NA
175.14
178.54
NA
NA
NA
NA
NA
176.04
174.94
174.54
177.04
176.94
173.44
178.74
176.94
175.28
173.88
177.68
173.88
NA
NA
NA
NA
NA
NA
NA
NA
NA
NA
NA
NA
NA
NA
NA
177.24
175.84
175.24
174.94
174.97
175.67
175.27
174.93
175.83
174.93
NA
NA
NA
NA
NA
177.63
177.43
177.53
174.73
NA
177.1
175.7
174.7
174.4
175.5
177.3
175.7
174.9
173.2
174.96
175.86
174.66
175.44
175.73
175.37
175.44
177.33
173.35
177.25
NA
NA
NA
NA
NA
NA
NA
NA
NA
NA
NA
177.49
175.09
176.79
175.79
174.85
178.65
177.25
176.15
NA
NA
NA
NA
NA
NA
177.65
174.65
171.88
NA
177.26
174.39
NA
NA
NA
173.9
171.1
NA
NA
NA
NA
177.23
175.23
176.94
176.65
175.25
NA
NA
NA
NA
NA
NA
NA
NA
NA
NA
NA
NA
NA
NA
176.82
175.12
175.7
NA
175.46
173.38
NA
NA
NA
NA
NA
NA
NA
NA
NA
NA
177.94
175.12
176.88
173.75
177.7
NA
NA
NA
NA
NA
NA
NA
NA
177.28
175.07
176.65
173.15
176.25
175.83
NA
NA
175.75
177.85
175.08
177.28
NA
NA
NA
NA
NA
NA
NA
NA
NA
NA
NA
NA
177.15
176.75
174.65
NA
NA
NA
NA
174.14
177.04
175.34
176.35
175.53
177.43
174.15
175.33
175.67
175.98
NA
NA
174.11
175.71
NA
175.51
175.27
NA
NA
NA
178.62
177.92
175.95
176.25
175.35
174.95
176.35
174.65
176.44
173.73
174.7
176.51
175.88
173.09
176.43
176.15
177.64
175.73
173.63
NA
174.33
NA
NA
173.73
177.31
177.92
NA
NA
176.66
176.25
177.49
177.73
NA
NA
174.82
175.9
177.77
180.03
175.82
176.87
175.73
NA
NA
NA
NA
NA
175.08
176.38
177.18
176.18
NA
NA
NA
NA
176.9
NA
NA
NA
NA
NA
NA
NA
NA
NA
NA
175.84
NA
NA
175.8
173.45
175.05
175.95
175.45
173.85
175.75
NA
NA
NA
NA
NA
NA
NA
NA
NA
177.4
176.79
176.53
176.04
178.94
177.75
177.25
174.6
175.9
176.51
176.9
174.4
NA
NA
NA
NA
NA
NA
NA
NA
174.53
NA
NA
NA
NA
NA
NA
NA
NA
NA
174.25
174.67
174.53
177.16
177.1
177.0
175.0
176.0
178.2
175.4
NA
NA
NA
176.55
177.88
176.18
NA
NA
174.53
NA
NA
NA
NA
177.45
NA
NA
NA
NA
NA
177.56
179.06
174.66
176.36
175.76
NA
174.86
175.76
175.96
NA
NA
NA
NA
NA
NA
175.71
176.49
175.17
176.77
174.93
NA
NA
NA
NA
NA
NA
NA
NA
NA
NA
NA
NA
NA
NA
NA
NA
NA
NA
NA
NA
NA
NA
NA
177.25
174.34
178.53
174.78
176.27
178.66
175.68
NA
NA
NA
177.1
174.36
179.28
NA
177.45
NA
NA
NA
176.07
175.38
177.58
175.56
177.18
174.51
177.27
176.61
173.69
178.63
174.25
174.63
174.98
178.72
176.66
173.66
178.86
174.56
174.56
174.56
178.66
175.88
174.8
176.6
176.24
177.42
175.45
174.15
177.25
174.85
173.95
174.75
NA
175.95
NA
NA
178.35
173.84
174.41
175.47
174.65
NA
177.09
176.51
NA
177.09
176.44
176.71
NA
NA
177.37
176.29
176.92
174.87
177.19
176.17
176.82
NA
NA
NA
NA
NA
NA
NA
NA
NA
176.8
175.7
176.9
176.0
NA
175.46
174.99
176.61
175.93
175.3
175.55
176.05
177.97
176.58
NA
NA
NA
NA
NA
NA
NA
174.61
175.86
NA
NA
NA
NA
NA
NA
NA
NA
NA
NA
NA
175.84
177.43
NA
NA
NA
174.57
176.57
174.27
175.17
175.37
174.77
174.87
174.37
174.57
174.97
180.49
176.16
173.77
175.39
176.96
NA
NA
NA
NA
NA
NA
NA
NA
NA
177.21
176.39
176.77
175.37
172.83
174.53
174.24
171.29
172.42
176.81
175.73
173.99
174.78
175.78
177.08
174.28
179.28
176.28
175.88
174.38
179.07
176.47
173.47
174.87
176.17
175.87
173.07
176.47
176.07
177.57
175.97
176.57
173.97
173.77
176.97
175.97
172.57
176.47
176.37
177.97
175.57
NA
NA
NA
177.63
177.77
173.85
177.35
175.65
177.34
174.89
174.5
174.36
174.77
175.52
176.37
176.28
175.07
NA
NA
NA
NA
NA
NA
NA
NA
NA
NA
NA
NA
176.07
NA
NA
NA
175.22
177.76
NA
NA
NA
176.03
176.73
173.18
178.71
NA
NA
NA
174.4
174.33
177.23
175.44
175.3
175.36
NA
176.03
NA
175.23
176.43
174.73
174.83
177.03
176.03
174.83
NA
NA
NA
NA
NA
NA
NA
177.06
174.18
175.07
NA
176.82
178.51
180.0
NA
175.24
176.14
175.34
177.34
175.14
174.14
175.8
175.48
175.07
174.72
174.88
175.55
176.15
177.15
NA
176.51
176.41
175.81
175.61
176.81
175.41
176.01
174.61
175.31
176.11
174.05
177.56
175.19
172.58
175.19
175.25
174.44
175.06
174.88
177.42
175.59
177.43
175.63
177.33
176.63
175.33
174.83
NA
NA
NA
NA
NA
NA
NA
NA
NA
173.12
176.99
173.03
174.65
177.09
175.21
NA
NA
NA
NA
174.9
174.2
176.17
176.74
175.33
175.26
NA
173.45
NA
174.57
174.39
177.24
175.17
174.17
177.69
174.35
177.01
173.87
175.36
176.41
174.84
176.88
175.48
175.47
178.0
NA
NA
NA
NA
NA
NA
NA
179.65
177.22
175.0
176.93
NA
NA
NA
173.91
176.07
174.42
176.99
174.54
174.07
179.43
178.92
177.56
175.74
176.29
175.15
175.06
176.64
175.03
174.14
176.32
175.18
174.83
174.98
176.23
174.66
175.22
175.0
NA
173.87
175.97
174.57
174.57
NA
179.34
178.88
174.73
177.51
173.33
174.39
175.55
NA
NA
NA
175.38
175.08
174.98
175.68
176.21
177.53
174.73
175.66
176.64
176.94
173.94
NA
NA
NA
175.63
NA
NA
NA
NA
NA
NA
NA
NA
NA
NA
NA
NA
NA
NA
NA
NA
NA
NA
NA
NA
NA
NA
NA
NA
NA
NA
NA
NA
176.35
176.27
174.47
174.37
NA
NA
175.32
176.56
175.76
175.76
173.71
176.11
175.41
175.06
176.86
176.86
176.76
175.26
173.5
NA
175.5
175.78
177.19
NA
NA
NA
NA
NA
NA
NA
NA
NA
NA
173.75
176.25
175.45
175.38
175.88
176.68
176.58
177.98
174.77
179.52
180.15
174.62
177.87
NA
175.88
172.88
176.02
174.84
176.44
175.79
174.94
176.69
176.24
173.94
175.76
175.8
174.88
NA
176.82
NA
176.02
178.03
175.77
175.85
NA
178.6
174.12
174.12
175.36
176.26
173.59
NA
176.66
175.06
174.28
NA
NA
174.75
175.35
178.05
NA
177.3
176.8
175.3
176.4
177.2
178.2
175.4
177.0
177.97
179.23
177.93
174.33
NA
177.47
174.64
174.55
NA
NA
NA
NA
NA
NA
NA
NA
NA
175.84
NA
177.11
177.11
174.91
NA
NA
NA
NA
NA
NA
NA
NA
NA
NA
NA
NA
NA
NA
NA
NA
175.97
174.77
174.87
NA
177.47
177.07
175.37
173.83
NA
NA
174.46
174.06
NA
NA
NA
NA
NA
175.17
176.08
178.46
181.06
176.17
176.17
179.28
173.93
176.35
177.23
176.7
NA
175.5
176.26
174.35
173.64
177.03
NA
176.02
175.17
175.11
NA
175.42
175.56
175.84
NA
174.3
175.29
175.29
NA
NA
NA
NA
NA
NA
NA
179.2
176.24
176.48
NA
178.67
176.7
173.95
176.44
NA
NA
NA
NA
NA
NA
NA
177.08
174.18
174.12
175.27
174.24
174.82
175.04
174.01
178.77
178.2
NA
NA
174.05
178.76
173.05
177.01
176.61
174.01
176.91
177.31
175.21
179.11
174.21
176.31
NA
177.38
174.78
NA
174.38
176.88
175.68
177.07
178.32
175.4
176.2
NA
174.57
176.04
175.89
171.94
175.34
NA
175.98
174.15
175.53
175.55
176.17
NA
NA
NA
NA
175.25
173.18
174.68
176.58
176.78
173.18
174.08
174.48
180.18
174.18
178.28
NA
NA
NA
NA
NA
NA
NA
NA
NA
NA
NA
NA
175.28
NA
NA
174.97
NA
172.99
176.51
175.97
175.75
175.65
174.72
175.6
176.61
169.72
174.93
173.42
178.35
174.02
174.85
NA
175.71
173.93
175.71
175.21
174.12
176.74
NA
176.7
175.48
NA
NA
174.88
179.52
175.0
175.58
174.73
175.7
176.51
176.11
176.71
176.11
NA
176.4
175.94
176.48
175.49
NA
177.49
177.19
175.8
174.43
174.83
178.0
175.8
176.6
177.96
175.46
NA
175.06
174.46
173.96
179.29
174.39
177.29
179.39
177.39
177.59
175.63
NA
NA
NA
NA
174.26
174.76
173.97
175.11
175.16
174.23
179.65
177.95
176.44
175.98
NA
NA
NA
NA
NA
NA
NA
NA
NA
NA
177.7
NA
NA
175.98
175.58
174.78
176.78
177.08
178.08
173.32
177.84
177.01
177.11
NA
NA
175.13
175.74
177.09
176.99
176.69
174.79
174.79
173.39
172.62
173.62
173.12
175.13
174.65
174.07
174.16
174.9
NA
NA
NA
NA
NA
NA
NA
175.22
NA
NA
NA
NA
NA
178.69
172.98
174.87
175.59
NA
174.67
NA
NA
NA
174.56
174.76
176.96
175.31
176.04
NA
174.95
176.17
173.87
178.12
174.89
175.17
176.56
175.5
177.12
NA
173.82
174.52
NA
175.19
NA
NA
176.87
176.7
176.33
175.82
177.55
177.99
175.56
NA
NA
NA
NA
NA
NA
175.8
174.47
177.41
174.51
175.58
175.66
175.99
176.66
182.06
176.26
NA
176.96
177.05
174.81
175.56
177.03
178.24
177.87
176.7
NA
177.11
177.71
176.27
173.97
176.67
NA
177.35
174.79
177.47
172.65
175.65
174.85
178.95
177.45
177.74
175.71
175.23
172.4
NA
175.47
NA
177.97
177.87
NA
179.4
175.22
177.85
175.33
176.25
176.67
179.17
NA
NA
NA
NA
NA
NA
NA
175.79
177.99
172.89
174.69
176.63
175.36
179.66
175.95
176.53
175.39
178.19
172.89
174.79
175.82
175.16
174.85
176.61
175.9
174.39
176.7
174.0
179.45
176.84
175.04
175.64
175.54
175.34
173.0
175.5
176.2
175.6
175.8
175.53
174.57
174.2
173.6
174.2
173.8
174.93
174.93
179.49
174.97
175.56
174.66
175.65
177.46
NA
174.81
NA
NA
NA
NA
174.28
176.28
NA
174.17
174.87
176.41
173.53
175.78
175.19
176.61
176.49
NA
175.46
175.61
173.7
176.93
174.2
175.42
175.82
174.27
175.93
177.79
NA
175.39
NA
NA
172.48
173.18
172.38
175.68
171.28
174.97
174.81
175.9
174.81
177.11
174.14
175.89
174.91
176.99
173.9
175.99
174.98
NA
174.98
176.55
176.51
175.6
173.13
176.13
176.85
174.64
175.45
175.87
175.12
175.03
175.25
175.61
178.6
NA
NA
NA
NA
NA
NA
NA
NA
NA
NA
NA
176.7
176.11
176.43
174.2
176.11
174.98
175.84
NA
NA
175.1
177.0
177.53
178.31
174.76
NA
176.79
176.66
175.54
175.71
174.84
176.33
174.47
174.81
176.64
177.47
175.99
174.17
177.67
174.02
177.62
173.45
178.05
NA
NA
NA
NA
NA
NA
176.69
178.96
174.79
174.59
174.57
176.24
NA
176.29
176.09
177.59
176.09
175.17
NA
NA
177.33
174.87
175.28
170.31
177.1
NA
NA
176.15
177.21
NA
NA
175.49
174.94
174.98
174.56
174.38
174.78
174.71
174.21
177.22
176.74
174.71
178.8
173.4
176.4
NA
NA
NA
175.49
176.39
173.59
177.8
177.0
174.14
NA
176.25
175.17
176.61
NA
174.0
176.94
175.72
NA
NA
176.2
175.54
176.84
177.09
NA
176.93
177.83
177.04
NA
NA
NA
NA
NA
NA
NA
176.63
NA
NA
NA
174.96
174.86
175.1
NA
176.74
176.56
NA
175.34
174.47
173.77
175.57
NA
177.07
175.67
174.77
175.53
178.16
176.74
175.64
176.75
177.34
174.75
176.4
176.68
174.41
173.07
NA
174.98
176.31
174.35
176.52
177.65
175.72
176.73
NA
NA
NA
NA
NA
NA
NA
NA
175.4
175.03
177.36
175.67
176.92
177.24
NA
NA
NA
NA
NA
NA
NA
NA
NA
NA
NA
NA
NA
NA
NA
NA
175.11
NA
176.3
175.83
175.08
175.29
176.69
NA
175.61
177.17
176.08
176.86
173.44
NA
174.78
176.93
174.66
177.72
174.76
NA
NA
NA
NA
NA
176.28
175.3
NA
178.36
176.86
NA
NA
NA
NA
NA
NA
NA
NA
NA
NA
175.13
176.03
173.23
NA
175.32
173.82
176.32
177.32
175.39
174.78
177.38
174.76
176.77
174.53
174.38
177.71
177.22
174.87
175.37
NA
174.64
177.45
178.95
NA
NA
175.97
176.89
179.06
175.78
175.84
179.01
173.28
174.39
174.11
178.09
177.29
176.79
174.19
178.29
175.99
177.49
175.39
176.29
NA
176.25
175.17
NA
NA
174.05
178.11
NA
175.73
176.03
177.59
174.87
NA
NA
NA
NA
173.42
173.52
176.9
NA
175.07
174.38
NA
176.62
NA
NA
NA
NA
NA
NA
NA
NA
173.54
174.24
170.41
174.16
174.11
176.16
174.96
175.46
175.96
174.76
176.6
173.52
174.32
NA
NA
172.4
176.28
NA
NA
174.72
176.6
175.24
176.32
174.37
176.22
176.59
175.97
176.28
NA
176.2
175.62
174.51
175.35
173.8
175.3
174.1
174.4
177.2
177.7
176.38
176.06
175.06
177.46
174.61
175.41
176.61
176.21
176.11
175.81
177.68
174.2
174.9
174.9
NA
176.92
177.42
174.42
176.42
175.12
174.29
177.36
176.16
173.74
177.95
174.94
175.98
176.49
NA
NA
NA
NA
175.86
175.06
178.06
177.36
174.86
NA
175.35
177.01
175.54
175.66
175.43
NA
176.54
NA
NA
NA
NA
177.23
175.22
177.26
178.25
177.46
177.66
176.8
176.08
175.45
176.02
176.96
176.1
NA
176.8
177.5
NA
NA
NA
NA
NA
NA
176.69
NA
NA
175.96
174.61
176.61
174.51
174.07
173.34
174.26
174.83
NA
173.35
174.26
174.87
NA
176.05
175.49
NA
NA
NA
175.29
175.99
176.79
176.19
176.79
174.99
177.33
176.11
176.77
176.07
NA
NA
NA
NA
NA
NA
NA
172.01
175.38
175.01
174.88
174.48
175.82
174.52
NA
NA
NA
NA
NA
NA
NA
NA
NA
NA
NA
NA
NA
NA
174.94
179.47
174.97
175.55
174.65
175.65
NA
NA
NA
NA
NA
NA
NA
175.64
177.24
175.04
177.22
174.79
175.3
175.3
176.31
174.74
176.31
178.77
178.07
NA
NA
NA
NA
178.09
176.39
174.99
174.29
176.54
174.52
176.33
NA
NA
NA
NA
NA
NA
NA
176.4
176.47
174.68
174.28
NA
NA
NA
NA
NA
NA
NA
NA
NA
NA
NA
NA
NA
NA
NA
NA
NA
176.0
NA
175.66
176.45