52.7
55.4
55.94
51.93
50.1
53.1
53.5
53.01
51.57
52.11
52.58
52.61
53.37
52.18
NA
54.53
50.97
52.93
55.05
55.03
52.66
52.72
54.98
56.22
53.9
50.98
52.6
52.63
52.35
50.74
52.75
52.74
54.61
55.41
50.59
51.76
53.04
53.17
50.05
52.56
49.53
52.91
53.38
54.78
51.9
53.53
52.77
52.46
52.3
53.69
52.39
50.06
54.3
52.14
51.5
54.77
52.19
52.37
52.5
54.27
52.81
52.08
53.13
50.36
54.45
50.89
50.78
52.43
54.86
53.1
52.76
52.76
52.78
NA
53.53
52.72
52.84
53.2
52.86
51.71
51.42
53.74
52.57
52.77
52.68
52.63
52.81
51.22
51.52
NA
50.84
52.35
53.58
53.7
52.44
55.58
55.17
53.96
54.8
52.01
51.57
55.15
52.86
54.22
54.62
52.2
52.16
54.44
53.08
NA
54.75
49.71
49.6
55.44
53.84
52.68
51.94
49.36
54.99
54.27
52.91
51.32
54.17
NA
54.41
52.52
54.01
52.42
54.74
50.26
54.0
54.36
54.12
52.39
51.81
51.69
53.03
55.04
51.76
NA
52.66
54.35
52.8
52.65
NA
52.27
51.65
52.29
52.08
52.22
50.37
53.55
53.95
48.81
53.74
52.04
50.8
53.72
52.78
53.99
52.07
53.78
52.07
53.75
NA
52.3
52.41
51.98
52.91
52.79
51.94
49.91
53.81
55.64
50.86
53.07
54.15
53.87
52.45
52.84
52.44
NA
53.8
52.1
55.44
54.75
54.03
51.49
52.34
52.58
52.69
52.53
54.17
52.94
53.07
52.82
51.27
52.85
52.39
52.54
50.51
56.21
52.5
53.57
52.57
52.68
53.57
NA
53.03
52.87
52.64
54.17
53.73
52.97
52.59
50.25
52.68
52.89
56.28
55.17
50.51
53.07
52.5
52.8
53.14
51.64
52.88
54.23
52.24
52.13
53.18
52.55
52.22
52.97
52.66
51.99
52.12
54.21
50.0
51.52
52.06
52.15
NA
53.77
53.31
51.11
52.97
52.72
52.75
51.82
53.68
52.01
53.05
52.37
54.87
51.96
53.44
50.45
52.17
52.54
52.95
50.87
52.64
52.58
53.41
52.75
53.14
50.44
51.59
52.2
53.06
52.72
51.0
52.26
52.12
52.6
52.82
53.53
53.27
52.91
53.61
53.88
52.57
NA
NA
52.72
50.38
52.8
53.67
53.82
52.88
51.28
52.84
52.5
49.65
NA
52.66
51.67
54.53
52.82
54.88
54.65
52.67
52.27
55.3
NA
NA
52.53
52.53
52.49
49.75
51.5
52.09
55.41
51.92
52.53
52.76
54.1
52.52
52.65
51.72
52.1
54.33
54.06
53.03
52.46
55.32
54.23
54.08
51.92
NA
52.38
52.38
53.13
52.3
52.62
52.29
50.58
52.35
54.77
52.95
52.35
52.17
50.51
54.15
52.61
52.07
54.6
53.1
52.62
52.16
53.9
52.28
52.78
53.5
50.42
52.81
52.51
52.67
52.6
52.42
52.57
52.57
56.25
51.58
54.25
50.17
52.97
52.83
52.99
52.56
50.66
54.42
53.18
52.97
53.47
52.14
50.31
53.64
NA
53.26
50.67
52.4
50.38
49.99
54.22
NA
54.58
52.07
50.37
54.35
54.64
53.62
53.04
51.91
53.4
53.04
53.76
52.59
55.19
NA
50.06
54.56
52.57
52.37
52.45
52.79
53.19
52.02
49.56
50.06
52.43
53.5
52.37
50.32
55.02
52.06
53.05
54.66
52.31
54.27
54.7
51.77
54.88
54.52
52.26
52.79
49.96
52.67
53.12
49.66
52.34
50.1
52.77
52.48
49.55
53.34
51.12
50.65
54.21
55.28
52.4
53.33
52.13
51.76
NA
53.91
50.5
52.54
NA
55.27
52.99
NA
54.56
50.8
53.05
53.64
53.82
54.29
51.86
52.92
53.92
50.14
52.97
52.9
52.39
55.29
47.68
57.16
47.7
53.07
51.5
50.97
52.87
52.17
51.72
52.73
52.63
52.78
52.61
52.62
52.42
52.46
52.3
52.17
55.73
50.18
49.21
50.95
52.37
51.03
53.0
52.51
55.09
52.67
NA
52.6
52.65
55.0
48.61
51.69
54.98
50.95
54.05
52.91
51.47
54.34
52.37
54.93
51.59
50.14
54.31
52.42
50.27
53.7
52.06
52.32
50.31
54.26
52.24
50.2
52.17
53.61
52.95
52.74
52.54
54.7
52.5
51.16
NA
55.09
52.85
52.52
52.63
51.94
52.02
NA
52.21
NA
NA
NA
55.31
55.96
52.79
52.0
52.53
54.12
50.27
51.5
52.35
52.39
51.63
53.85
55.01
50.96
52.69
55.61
51.14
50.8
55.64
NA
NA
NA
NA
NA
NA
NA
NA
NA
51.73
53.99
51.79
54.3
51.69
53.85
51.67
53.58
51.59
53.81
52.07
54.28
53.06
53.78
52.43
52.54
52.18
54.59
52.88
52.33
51.27
NA
55.94
51.32
54.88
53.01
52.39
55.17
52.44
52.88
52.94
52.98
54.28
50.89
53.46
52.64
NA
NA
NA
NA
NA
NA
51.56
NA
NA
53.73
53.69
49.59
49.23
52.78
49.87
51.89
NA
49.94
51.72
50.92
52.61
53.8
53.7
49.35
NA
NA
NA
55.36
50.49
54.45
52.18
NA
54.95
52.85
54.38
54.12
54.45
57.27
54.15
53.34
52.79
52.99
54.62
50.42
53.32
57.03
51.39
NA
52.79
53.75
52.78
52.27
52.5
53.56
53.06
53.04
52.73
52.49
52.77
NA
NA
51.04
52.74
52.44
52.53
50.17
53.64
51.65
55.65
50.4
50.74
54.3
52.05
52.54
52.71
51.17
51.78
54.13
50.33
NA
NA
52.96
53.46
54.88
55.79
50.73
53.36
51.64
53.46
NA
NA
52.36
51.91
52.53
52.19
51.69
50.94
51.51
52.35
51.85
52.75
53.15
53.45
51.52
52.16
53.51
52.2
49.98
51.4
54.43
51.86
52.2
52.28
52.44
52.56
52.64
52.73
52.28
51.68
50.78
52.1
50.29
53.47
52.95
53.15
54.66
54.36
52.83
55.09
53.93
52.24
50.27
52.16
51.15
52.66
NA
52.72
NA
52.75
51.78
52.54
52.53
50.42
49.79
53.74
51.04
54.16
53.56
54.61
50.58
51.34
54.63
52.48
54.95
55.73
54.16
55.47
52.56
54.58
50.38
NA
53.58
54.58
50.48
51.18
53.48
54.59
50.49
51.09
53.49
54.62
50.52
51.22
53.52
54.56
50.46
51.26
53.56
52.91
54.95
55.58
52.42
52.94
50.33
54.57
51.54
51.27
NA
49.83
53.53
52.34
51.8
53.2
51.8
NA
52.9
52.43
49.63
50.52
55.59
50.44
53.77
51.65
53.1
NA
53.92
52.71
51.72
52.75
NA
NA
52.48
48.72
54.43
50.81
52.63
52.37
52.41
52.55
51.07
52.54
52.76
52.75
53.09
54.52
53.49
53.08
52.98
53.54
53.18
51.48
54.16
51.64
55.9
54.48
52.59
50.95
51.98
53.55
52.65
50.66
50.48
52.1
53.93
52.83
52.94
52.4
51.22
50.96
NA
52.72
NA
NA
53.17
50.96
51.99
53.1
52.69
52.48
51.99
51.21
53.83
53.67
53.14
53.1
52.42
52.87
54.4
54.62
54.54
54.55
54.36
54.51
54.36
54.57
54.36
54.57
53.42
53.57
53.1
50.59
53.73
52.33
50.59
53.73
52.34
54.82
NA
51.17
51.43
NA
51.59
NA
51.62
52.55
50.81
53.76
52.46
51.34
53.1
NA
50.84
52.61
NA
54.13
52.27
51.16
53.77
52.39
51.29
54.73
52.21
NA
50.37
52.66
NA
53.28
54.24
51.82
53.88
53.53
53.66
51.83
52.54
51.12
56.98
52.76
56.57
54.21
54.01
52.5
53.93
53.95
NA
50.06
52.43
50.81
49.48
51.02
57.86
NA
52.13
NA
55.09
54.24
51.69
56.54
51.62
51.11
51.68
50.05
52.37
50.81
49.47
51.23
57.87
NA
52.23
NA
55.01
54.22
51.78
56.45
50.03
52.46
50.82
49.92
49.93
57.31
NA
NA
50.78
54.91
54.2
51.8
56.53
49.97
54.4
54.32
54.4
51.6
52.73
53.51
NA
52.78
51.92
51.51
51.52
53.86
51.92
51.51
51.52
53.86
51.92
NA
NA
53.9
51.79
NA
NA
53.87
51.82
51.41
51.42
54.04
52.15
54.4
53.37
NA
52.0
54.7
51.9
53.0
50.6
NA
51.7
NA
NA
NA
NA
NA
54.89
52.59
52.46
51.48
NA
NA
NA
52.86
NA
51.88
53.73
53.47
53.6
50.98
52.47
51.07
52.16
52.76
50.2
53.2
53.98
52.78
53.98
53.0
NA
NA
52.26
51.29
54.2
53.78
54.13
52.84
53.13
NA
NA
53.56
51.01
NA
54.3
51.54
53.32
51.75
53.2
51.85
53.42
53.14
50.52
52.45
54.92
53.9
50.78
51.55
50.49
51.8
54.39
53.62
50.36
51.31
50.04
51.43
54.72
53.53
NA
52.22
52.94
53.88
54.16
NA
50.42
50.47
52.66
52.8
53.81
52.5
NA
NA
NA
53.57
49.87
54.87
52.97
52.47
52.37
53.67
52.47
51.17
53.17
51.67
53.1
53.15
52.98
52.8
52.37
52.93
52.59
52.81
51.91
54.22
51.66
51.56
53.32
49.92
53.72
52.32
51.52
51.92
51.22
54.69
51.67
51.45
47.41
53.59
NA
55.02
53.35
52.35
NA
NA
NA
51.7
50.85
52.48
57.41
52.25
51.35
54.57
50.57
50.72
52.72
NA
NA
52.91
NA
NA
NA
NA
NA
NA
NA
NA
NA
NA
NA
53.73
53.83
55.53
51.42
52.62
52.52
NA
51.43
51.82
52.8
49.7
55.1
55.4
53.9
51.0
51.97
51.17
49.77
54.17
55.37
54.17
50.27
54.57
50.97
52.05
51.02
51.9
50.41
54.61
49.61
50.41
53.51
54.66
54.48
53.18
52.68
52.28
51.38
52.18
51.28
49.77
51.67
50.07
54.95
54.75
54.15
54.55
53.95
51.94
53.14
51.79
51.68
NA
NA
NA
NA
50.87
55.3
NA
53.65
55.91
51.91
52.71
50.31
52.21
49.51
54.01
52.41
54.21
NA
NA
52.81
52.3
52.1
51.96
53.01
54.21
53.63
52.03
52.13
51.83
53.34
50.14
53.04
52.04
55.34
49.74
57.14
51.04
53.1
55.21
51.45
50.52
51.54
54.91
54.65
52.66
52.93
52.39
51.36
52.44
54.41
52.29
52.57
52.28
51.58
55.79
54.34
52.64
51.37
50.8
50.66
51.29
53.45
50.93
52.61
53.45
50.93
52.61
52.8
NA
51.92
52.52
55.12
53.72
52.42
53.22
51.72
49.73
52.53
51.33
55.93
51.58
52.68
53.98
52.42
52.22
52.04
53.36
52.89
50.82
50.94
51.78
50.98
51.86
51.29
53.79
53.34
54.03
50.51
53.61
51.51
56.11
51.64
52.34
52.41
53.79
53.86
48.84
53.99
50.87
52.05
52.28
52.47
51.67
52.57
53.84
54.34
53.44
51.24
49.95
52.64
55.31
53.97
52.88
49.9
51.18
50.55
51.25
55.38
NA
52.71
50.83
52.91
55.73
52.85
51.48
52.78
54.98
53.48
53.18
51.5
52.8
53.8
53.4
51.69
53.82
49.46
53.48
53.6
52.08
52.68
54.06
53.46
52.46
51.56
53.62
51.2
NA
51.94
52.36
52.77
52.82
52.65
52.41
53.13
52.76
49.58
50.81
51.3
51.71
52.33
51.53
52.23
51.63
54.63
52.11
56.54
52.11
51.49
54.7
53.14
55.81
51.6
55.08
54.59
52.63
51.73
52.72
52.33
53.5
49.91
52.93
54.43
52.33
52.73
52.13
54.53
54.49
52.29
54.29
56.34
52.94
54.04
NA
50.25
NA
50.55
53.15
NA
50.22
NA
50.52
53.12
54.84
51.64
55.34
55.37
51.17
54.17
53.07
50.34
50.58
50.92
51.55
51.65
53.85
52.95
53.75
53.15
53.39
50.1
NA
52.67
53.17
52.03
54.62
53.0
52.98
52.74
53.7
56.57
52.14
53.32
50.59
52.19
53.56
52.01
52.84
55.97
53.93
49.96
54.76
52.59
54.03
51.97
53.47
NA
55.37
49.77
49.67
51.87
NA
NA
51.64
NA
53.72
53.95
54.25
52.55
53.65
52.12
52.82
52.52
53.62
53.72
51.06
53.26
51.36
55.07
52.97
55.52
NA
54.71
52.01
53.27
53.96
56.39
54.71
55.33
51.4
52.81
52.82
52.06
51.33
54.03
54.01
51.02
54.65
NA
51.45
52.52
53.72
50.13
50.72
52.97
52.77
53.35
51.89
53.89
53.09
52.34
52.72
55.11
53.67
52.39
52.3
53.44
51.22
52.62
52.08
54.64
51.58
57.05
50.78
50.7
52.71
54.0
52.17
54.0
53.15
51.04
NA
54.15
54.44
54.86
55.31
53.56
54.84
51.6
52.91
53.92
51.38
50.75
52.21
50.81
52.37
52.31
48.3
48.3
48.6
NA
48.6
NA
55.48
53.45
49.95
51.95
52.05
53.72
52.18
52.72
52.81
52.83
50.82
54.42
52.48
52.28
52.31
52.41
NA
50.47
52.22
52.61
52.17
53.2
52.15
51.58
54.88
NA
NA
51.91
52.31
53.31
53.31
52.31
53.25
52.4
54.17
53.25
54.95
52.52
53.24
53.76
53.07
52.41
52.81
53.41
53.26
54.1
53.95
54.91
54.91
52.55
54.4
51.9
NA
50.3
52.2
49.5
54.0
52.4
54.2
NA
53.4
52.8
52.56
NA
52.34
52.54
53.84
50.14
49.91
50.36
52.48
55.0
50.35
50.53
54.39
52.28
54.38
52.97
52.74
50.81
53.38
52.9
51.0
50.81
53.05
52.27
54.53
55.08
52.77
52.49
50.68
50.68
53.26
54.1
53.95
54.91
54.91
54.2
51.7
53.7
54.2
51.52
49.72
52.12
55.1
53.06
52.31
53.18
53.65
51.86
51.76
55.66
51.35
51.86
49.74
51.71
50.35
51.81
52.45
53.87
52.4
NA
52.72
52.72
52.76
48.04
50.49
54.04
52.07
50.93
53.63
56.28
50.65
53.67
53.87
52.85
52.48
53.26
53.5
50.12
52.76
51.42
51.05
54.87
51.92
53.36
49.08
52.0
53.68
55.7
54.76
55.36
54.2
52.54
52.74
53.24
NA
49.54
54.04
51.84
NA
54.34
NA
NA
50.05
NA
50.2
51.8
54.62
52.55
51.92
52.05
49.35
54.98
52.53
55.36
54.42
52.54
52.54
52.44
52.54
52.54
52.74
53.24
54.14
51.84
51.96
54.36
52.59
51.87
53.9
51.12
50.79
52.57
49.45
54.61
53.38
52.34
51.88
51.72
55.05
54.06
50.42
52.35
50.17
54.88
54.58
52.48
50.8
NA
NA
NA
55.18
52.68
52.52
51.25
50.76
52.14
52.19
51.45
50.95
51.95
52.45
54.47
53.86
49.39
53.19
52.84
NA
NA
53.38
51.18
52.28
NA
54.64
52.64
52.32
52.79
54.16
54.63
55.02
53.54
52.68
53.49
52.67
56.06
50.33
NA
53.97
53.13
52.03
51.53
55.43
53.73
49.71
53.03
53.19
52.23
54.28
52.21
55.3
50.49
52.89
48.59
56.19
55.94
53.51
52.64
52.36
53.33
52.39
55.54
52.83
52.78
NA
NA
50.92
NA
NA
NA
NA
53.66
52.45
50.22
51.22
51.82
NA
54.1
54.23
55.45
54.04
55.76
52.37
51.57
NA
52.37
52.77
51.16
52.06
50.86
NA
NA
53.18
50.24
52.64
54.02
NA
NA
52.16
55.65
53.6
52.04
54.63
55.04
53.04
52.57
52.95
56.58
54.72
52.85
53.47
56.38
NA
56.65
47.62
53.53
53.1
50.72
52.38
51.75
53.21
50.61
54.67
52.47
51.25
52.58
53.59
51.84
52.72
52.4
52.11
53.55
51.68
51.25
50.69
53.36
52.45
52.75
53.62
50.65
54.45
50.03
50.55
54.35
52.32
54.42
55.76
49.46
53.56
53.17
51.31
51.19
54.63
54.74
54.85
51.6
53.7
53.95
52.52
50.5
52.22
54.2
51.7
53.7
54.2
54.49
50.73
51.91
54.28
52.28
52.21
52.45
52.44
47.52
52.91
50.34
51.51
NA
55.49
52.45
56.94
55.74
56.54
52.89
54.71
52.99
52.64
53.22
50.32
50.12
56.51
54.81
55.41
51.41
53.39
53.69
56.49
54.79
55.29
51.39
51.33
51.11
50.35
52.48
51.89
53.54
52.71
49.76
53.06
53.26
51.06
53.03
56.66
53.97
50.53
50.42
52.22
50.36
50.4
53.2
NA
50.44
52.12
53.99
53.39
54.29
52.39
53.99
53.07
51.86
52.39
50.49
51.33
NA
55.15
53.45
52.45
51.4
52.28
51.55
54.55
51.63
53.06
51.96
49.96
52.36
53.0
53.4
NA
52.76
NA
50.8
52.66
55.51
52.4
51.97
NA
56.05
54.11
52.84
NA
51.29
51.46
51.95
51.59
53.74
52.1
52.2
51.0
NA
54.12
51.72
53.52
56.12
52.65
53.3
53.06
52.47
53.25
NA
NA
NA
NA
NA
NA
52.74
53.56
NA
52.74
53.37
NA
50.48
53.78
52.48
NA
52.68
51.86
53.64
53.8
52.8
53.85
53.25
51.76
53.36
53.46
52.19
52.49
50.82
53.04
52.18
51.87
52.83
52.84
55.31
52.39
50.16
50.08
54.45
54.12
52.29
NA
NA
52.61
52.14
52.56
53.63
54.48
54.17
52.18
54.32
51.56
53.61
53.81
53.49
53.09
49.84
53.66
53.04
52.22
52.91
52.02
53.73
51.72
52.64
53.64
50.44
52.43
55.33
50.63
55.23
53.93
54.98
50.83
51.22
53.72
49.35
51.13
56.08
53.59
52.72
49.85
53.03
51.85
51.22
52.25
52.02
51.62
54.72
54.62
52.52
52.52
52.82
52.82
52.56
52.18
52.78
51.18
50.88
51.44
52.31
49.46
52.15
51.69
52.65
53.25
50.05
51.62
49.62
53.6
54.75
52.39
NA
51.24
52.81
52.15
53.02
52.72
52.28
50.61
53.33
50.08
50.71
53.09
52.78
52.54
51.12
54.12
51.42
51.84
50.89
53.04
52.68
52.71
54.07
52.68
52.88
52.38
NA
52.2
55.2
53.7
50.9
52.78
50.14
52.64
53.35
50.95
53.15
52.75
53.15
52.75
50.36
52.84
52.27
52.36
51.56
50.16
54.36
52.1
50.58
53.14
53.43
53.65
52.41
53.1
52.03
52.96
52.96
52.86
52.5
52.77
53.08
52.58
51.86
55.23
54.63
55.83
52.75
52.85
52.95
55.65
54.85
51.65
NA
51.27
50.42
51.85
52.5
NA
NA
53.03
52.76
51.56
52.22
52.55
50.37
53.02
54.22
52.83
52.27
51.98
52.66
NA
52.29
50.96
53.62
NA
54.54
51.54
53.44
NA
54.92
51.92
53.82
54.32
53.66
55.58
55.68
52.98
52.78
52.68
53.18
50.67
53.41
NA
54.19
53.09
52.94
54.15
52.17
53.02
53.58
51.09
NA
50.7
51.58
51.71
50.54
52.59
50.49
54.09
51.39
50.19
49.49
52.79
53.29
51.66
53.16
53.16
54.56
54.86
51.19
53.27
50.32
52.25
54.85
54.25
51.25
54.14
52.46
52.6
51.84
52.33
52.48
52.8
52.92
54.72
52.84
51.55
54.91
53.91
50.21
52.61
53.31
54.31
54.71
50.71
50.02
52.63
53.7
56.26
50.63
53.65
53.85
52.83
52.46
52.94
55.31
52.51
53.54
51.06
53.91
51.03
53.93
51.04
53.91
52.89
54.94
NA
NA
53.8
54.03
NA
NA
NA
NA
NA
NA
52.06
51.54
52.25
51.62
54.78
52.7
54.45
53.95
55.35
53.95
50.55
53.03
52.33
53.83
55.04
53.14
52.54
NA
55.24
51.74
50.39
51.51
51.56
53.04
52.98
53.97
NA
NA
55.18
55.17
52.73
54.06
54.47
54.07
55.37
54.07
50.67
51.59
54.0
48.72
50.31
52.12
53.91
52.94
50.28
51.05
53.61
52.69
55.82
51.12
51.48
52.84
52.81
53.48
52.39
51.63
50.68
53.52
49.78
52.05
54.97
49.68
52.74
52.23
54.27
54.27
54.27
54.27
54.78
52.92
NA
52.14
52.84
52.37
51.72
51.46
49.91
52.45
53.63
52.21
52.16
52.06
51.96
51.56
55.06
53.54
52.33
51.6
50.92
52.74
52.85
53.55
51.95
52.47
52.3
53.86
54.19
53.09
52.94
NA
NA
52.93
56.88
56.16
51.29
54.03
51.66
50.26
51.83
51.9
52.95
53.46
52.91
54.2
52.75
52.06
52.37
50.61
NA
55.1
52.0
54.26
52.11
55.33
53.61
52.32
52.38
54.88
54.68
53.48
53.98
53.18
50.88
54.38
50.78
53.28
53.28
NA
NA
NA
NA
NA
NA
NA
NA
NA
NA
NA
NA
NA
NA
NA
48.95
53.41
NA
49.88
50.63
52.38
54.98
50.04
51.45
52.5
54.79
49.99
50.47
52.27
53.76
51.39
51.41
51.29
55.34
54.65
51.87
53.61
50.34
NA
52.12
50.36
54.06
56.08
52.39
52.61
52.35
53.11
52.59
NA
NA
55.04
53.34
51.37
53.26
51.58
52.74
51.54
NA
NA
52.89
53.48
NA
NA
54.91
53.03
NA
54.59
50.84
51.69
53.79
55.19
51.35
52.77
54.12
52.86
53.69
54.36
51.96
54.34
51.98
52.9
50.2
51.9
NA
54.61
51.01
55.88
50.88
53.22
53.41
52.28
51.68
52.25
51.44
54.39
54.5
54.47
54.45
53.73
52.55
51.51
53.39
51.98
53.95
51.98
55.06
55.47
51.12
54.93
51.89
52.81
49.81
53.68
52.86
53.02
52.3
53.66
50.17
51.45
51.15
52.35
52.55
52.35
53.75
50.55
52.65
52.55
52.35
50.98
52.85
52.99
52.94
52.74
NA
52.32
52.34
56.03
50.69
51.9
NA
50.77
52.06
55.54
50.45
52.25
NA
52.71
52.15
54.41
54.97
54.33
NA
51.27
NA
NA
49.88
52.06
55.26
54.86
53.01
54.61
52.48
54.08
51.6
54.98
52.42
54.75
52.27
NA
51.83
NA
53.85
55.03
NA
51.21
49.99
51.83
51.69
51.11
55.48
52.74
55.23
52.64
54.72
52.71
52.64
53.21
53.4
53.12
51.62
54.64
52.6
53.71
52.29
52.93
52.84
52.5
52.73
52.32
NA
54.5
52.82
55.46
52.39
51.65
50.91
50.59
49.29
55.97
56.39
56.14
53.2
52.66
NA
51.09
52.41
53.19
56.39
54.79
52.29
51.09
51.29
52.69
52.89
54.79
NA
50.32
52.72
NA
52.81
53.08
51.3
NA
52.19
53.33
50.52
NA
54.33
50.96
51.4
52.71
52.4
53.42
50.29
52.72
55.02
52.21
51.31
52.11
52.07
54.85
49.45
52.93
52.11
54.98
54.46
54.21
53.63
NA
55.5
53.38
53.01
54.36
53.42
NA
55.08
54.22
51.91
51.75
50.47
50.62
52.18
50.65
54.25
58.35
52.0
51.0
53.3
52.2
51.0
NA
53.28
52.18
54.08
52.78
NA
52.58
52.08
52.51
54.06
54.42
51.92
52.42
NA
50.61
53.91
53.71
54.81
52.51
51.81
55.01
51.3
51.3
55.39
53.11
54.51
54.51
53.21
NA
52.31
53.49
51.86
51.2
53.68
52.4
51.61
52.71
52.21
54.51
54.11
52.71
52.61
53.31
52.91
54.67
51.59
52.91
50.71
51.56
52.37
55.1
54.06
52.53
53.62
NA
51.3
51.59
NA
52.5
52.3
52.43
49.7
53.52
NA
NA
52.66
NA
50.93
52.5
NA
NA
52.17
51.67
52.24
51.84
52.24
53.31
52.93
52.89
52.96
54.4
50.06
51.96
53.96
50.06
53.66
52.96
53.19
53.19
55.46
52.95
52.98
52.46
52.46
52.86
52.96
50.16
NA
54.59
NA
53.39
52.77
52.15
NA
54.98
52.08
54.88
50.3
55.53
54.49
54.18
52.84
53.7
53.5
52.12
54.95
52.62
52.72
52.22
53.6
52.24
53.2
52.69
54.59
52.49
52.37
52.5
54.02
53.07
54.37
53.31
53.99
52.49
52.1
51.81
52.44
51.23
52.7
54.71
52.96
52.26
53.6
51.79
51.89
52.17
52.16
50.5
53.59
51.86
53.31
53.16
52.32
52.24
52.09
57.73
54.64
49.82
53.74
53.47
50.66
50.66
52.59
54.79
53.14
52.04
53.09
53.49
54.59
53.0
52.84
50.87
52.96
52.46
52.86
52.53
52.59
51.75
50.45
51.8
54.66
50.02
52.89
52.36
NA
51.72
54.8
53.0
52.95
52.48
53.04
52.65
52.92
52.72
54.12
52.69
55.02
NA
54.42
53.89
53.32
52.1
51.5
52.19
52.52
53.12
52.46
52.47
53.05
53.05
NA
51.4
55.44
53.96
50.32
52.13
NA
51.76
54.34
50.41
51.15
52.26
51.95
52.41
52.34
53.33
51.68
52.24
52.64
52.94
52.84
53.14
53.14
52.14
50.4
53.69
52.45
51.23
53.04
53.21
52.51
52.71
53.11
55.71
53.21
52.41
52.51
NA
53.15
50.42
55.61
50.69
55.14
51.85
52.95
52.69
52.52
51.74
53.66
50.87
54.07
55.24
53.79
53.75
52.96
51.55
53.07
54.79
52.9
49.9
NA
NA
51.05
50.16
52.64
52.54
NA
NA
53.64
51.14
NA
NA
NA
50.64
53.04
48.89
52.11
50.12
51.53
52.13
52.83
53.13
53.21
52.16
52.45
52.07
52.8
52.4
51.4
50.8
NA
52.32
48.43
52.63
51.71
52.6
54.77
52.12
53.82
50.82
55.52
51.12
53.72
50.79
52.85
52.25
52.85
51.12
52.64
51.86
53.76
50.86
55.56
49.96
53.76
52.0
50.63
50.54
52.57
52.65
53.04
52.01
52.83
53.08
52.8
52.67
53.77
50.68
54.58
53.98
54.88
52.33
54.13
52.43
55.13
54.73
53.43
51.51
53.49
53.94
51.55
53.01
53.11
NA
54.81
53.02
52.52
51.84
NA
50.5
52.09
53.33
50.73
53.53
52.23
NA
53.58
54.7
52.93
50.14
51.84
50.64
55.12
52.22
51.55
52.45
49.08
52.58
52.98
50.89
51.39
51.79
50.79
53.14
52.04
50.24
52.19
52.37
51.52
53.47
52.55
52.55
52.75
52.35
52.06
55.23
54.2
52.86
52.61
54.18
52.08
53.07
52.37
52.11
53.0
52.8
51.6
51.6
53.1
55.7
50.7
54.6
54.0
53.9
51.6
52.2
52.7
52.1
49.68
53.21
53.52
52.03
52.38
53.92
52.02
52.36
53.91
52.07
52.93
52.23
52.35
52.68
NA
50.49
53.49
53.32
52.67
52.49
54.71
54.64
NA
51.46
52.43
50.72
54.03
53.04
51.03
51.46
50.92
51.02
NA
51.98
54.91
52.75
50.07
NA
52.46
53.79
54.56
52.94
52.56
52.48
53.38
53.05
52.72
54.42
51.02
53.27
53.44
53.2
53.1
52.89
52.52
52.58
53.14
52.41
54.14
50.7
53.88
50.78
51.6
NA
52.03
NA
NA
49.36
NA
NA
51.61
54.0
NA
50.7
NA
NA
50.87
54.99
54.09
52.69
52.49
52.76
52.16
52.53
51.37
52.39
52.63
NA
52.69
52.8
52.43
52.42
52.46
53.0
55.42
53.95
52.54
51.81
53.76
54.19
54.17
52.21
52.56
50.24
52.51
52.28
52.35
56.82
56.49
49.93
56.65
51.65
52.2
53.61
55.03
53.23
52.47
52.24
54.94
53.12
50.42
NA
NA
52.57
54.11
53.98
52.95
52.35
53.15
52.14
48.14
50.64
NA
54.46
53.97
51.1
51.53
51.87
NA
51.4
51.83
53.41
NA
51.84
52.37
53.88
51.37
51.62
NA
54.1
NA
53.45
54.28
NA
52.97
54.28
52.86
52.3
55.17
52.75
52.91
52.55
NA
NA
51.97
49.77
50.27
52.67
51.41
52.62
50.97
NA
NA
52.11
52.11
52.11
45.22
54.3
52.33
55.33
52.17
52.09
52.6
52.6
52.17
52.17
NA
51.47
52.15
52.97
50.74
55.36
54.29
50.96
53.66
50.88
53.04
53.64
52.64
52.14
52.93
53.83
54.43
56.36
54.62
54.79
55.18
56.18
50.53
51.29
52.22
52.57
50.39
52.67
54.94
53.97
49.6
49.9
52.8
53.32
50.94
53.95
54.24
55.56
51.2
52.18
53.54
55.72
55.1
53.0
51.79
54.69
52.79
52.68
51.39
NA
NA
NA
53.72
54.02
52.22
52.22
54.32
52.72
NA
55.53
49.93
51.65
52.17
51.08
52.64
52.12
53.19
51.52
50.52
53.14
51.82
51.61
51.78
52.55
52.72
52.1
50.43
52.56
52.23
51.51
54.37
53.65
52.48
55.38
52.48
NA
NA
NA
52.57
54.12
53.53
50.68
52.9
50.7
53.21
52.58
NA
55.1
51.52
52.58
53.48
53.24
53.05
51.09
51.78
50.51
55.47
51.76
50.38
54.98
51.79
53.84
52.28
52.06
54.88
54.98
50.55
55.27
NA
52.57
53.12
51.94
52.9
53.28
55.59
53.97
51.45
52.65
54.84
57.8
49.64
53.93
52.74
NA
54.33
52.15
NA
52.52
52.55
54.52
53.18
54.6
52.9
52.61
52.53
50.26
52.19
52.24
51.98
52.46
55.68
NA
51.82
52.87
52.96
51.7
55.68
55.45
NA
50.73
52.08
53.19
50.77
51.52
52.69
52.5
52.42
52.68
50.03
NA
51.95
52.04
51.67
52.1
52.95
52.63
53.94
49.66
52.68
50.63
52.28
52.87
51.56
52.33
52.31
52.12
50.26
53.43
52.68
52.43
53.99
52.09
52.18
51.81
52.24
NA
NA
NA
51.23
52.65
54.31
52.35
51.66
52.75
52.71
52.71
51.45
52.92
51.86
55.34
54.15
56.14
52.95
53.51
55.34
52.14
54.32
52.48
52.51
55.42
55.33
54.74
53.68
51.99
52.54
53.68
54.07
52.12
52.16
54.08
52.77
52.53
52.12
51.83
52.71
50.54
52.12
NA
NA
NA
52.24
53.04
52.54
50.94
51.01
50.96
54.66
55.33
51.39
51.43
53.1
53.05
51.45
49.96
53.56
49.76
53.06
52.16
52.26
52.26
52.68
51.62
51.96
NA
52.8
52.82
51.84
52.46
54.85
50.02
NA
52.04
52.95
50.87
52.59
NA
53.26
53.2
54.9
53.55
54.96
52.42
NA
53.5
52.7
52.46
55.6
51.23
53.8
52.21
49.4
51.99
52.99
54.56
51.46
53.49
51.04
52.47
52.06
NA
52.97
54.24
53.75
49.83
NA
NA
52.45
54.55
56.11
53.82
53.89
49.67
52.3
50.85
52.48
53.58
54.09
54.37
52.46
54.46
52.92
50.72
52.71
52.61
52.72
51.58
51.08
54.27
52.34
52.36
51.35
52.89
52.92
NA
NA
52.59
51.68
49.48
51.28
50.38
55.18
53.98
54.58
55.18
55.12
51.93
54.03
53.03
50.63
52.63
52.93
52.43
52.23
52.29
NA
52.46
52.29
52.27
52.92
52.21
51.39
53.36
52.9
52.63
52.98
52.18
52.05
52.82
53.08
54.87
50.19
53.2
52.71
52.19
54.44
51.54
52.87
52.87
51.35
49.97
54.6
52.67
53.29
52.01
52.71
53.78
53.69
53.42
52.27
52.17
51.37
52.07
53.07
55.87
51.67
52.67
49.47
52.13
52.8
51.89
53.1
52.31
52.34
52.87
53.1
53.9
54.9
52.7
52.39
52.39
50.57
52.94
54.04
52.4
54.04
52.24
52.84
54.34
53.54
52.64
53.94
50.44
52.83
50.22
55.38
51.47
51.14
52.15
54.54
52.46
52.75
52.2
51.62
53.51
51.24
50.63
52.04
53.88
NA
54.91
53.18
NA
NA
55.53
52.94
50.17
54.18
53.79
50.4
52.06
53.55
52.48
53.46
52.48
53.55
52.44
56.83
54.66
52.74
52.72
52.72
55.12
54.24
54.33
54.33
52.32
52.24
52.24
52.24
50.16
52.28
52.24
52.58
50.34
50.07
51.72
50.2
51.74
52.71
50.68
53.38
51.94
51.16
50.57
50.02
NA
NA
NA
53.15
52.87
52.39
52.49
54.38
53.89
52.45
54.72
51.41
53.11
51.01
52.71
54.41
53.21
50.9
52.78
54.8
51.9
51.66
52.6
52.79
53.91
NA
NA
53.86
52.56
56.22
NA
52.59
50.89
NA
52.69
52.69
55.31
50.06
52.39
52.43
52.09
52.88
49.77
52.37
52.42
52.08
52.89
52.59
52.71
NA
52.0
53.3
52.0
51.0
54.3
51.9
53.5
54.2
52.15
51.66
52.24
52.64
53.74
53.04
NA
NA
55.13
49.83
52.17
51.87
51.97
51.65
56.17
55.07
NA
52.47
52.47
52.35
53.81
52.5
52.46
50.15
52.21
52.21
52.21
52.22
52.25
50.61
52.91
52.73
50.63
53.59
52.49
52.49
52.19
52.94
NA
NA
NA
NA
NA
49.58
53.12
51.26
52.87
52.86
55.55
52.25
52.09
53.13
49.45
53.05
52.69
52.46
NA
53.91
51.6
NA
NA
51.3
52.3
52.0
52.4
52.6
53.8
NA
55.16
53.25
53.17
NA
52.39
54.11
54.5
51.16
NA
55.07
53.23
53.25
50.17
52.33
54.02
54.49
51.17
56.22
53.06
49.01
51.24
52.08
NA
53.63
53.03
51.24
51.1
54.95
55.11
54.66
51.81
53.44
53.14
51.19
51.06
54.91
54.81
54.62
51.77
51.71
50.38
49.86
NA
55.77
51.97
52.44
53.3
52.63
52.37
52.41
52.55
51.07
52.14
NA
52.28
54.39
52.1
NA
52.77
51.37
51.4
52.75
51.42
51.42
52.72
53.83
52.17
NA
NA
51.79
53.76
54.66
53.66
NA
51.24
NA
52.72
NA
50.97