177.6
177.69
177.59
176.63
176.43
177.93
177.58
177.08
176.97
177.02
177.16
177.38
177.42
177.18
NA
NA
NA
NA
NA
178.63
177.32
177.27
178.25
180.11
177.14
173.96
176.72
177.15
176.27
174.98
177.22
176.98
178.93
180.11
175.76
174.89
177.3
NA
175.04
177.72
174.69
177.24
177.45
176.67
175.73
177.41
177.45
176.8
177.3
178.06
177.26
175.38
177.19
179.03
177.03
177.71
177.2
177.19
177.45
176.34
177.56
177.15
176.37
174.95
177.79
176.3
175.57
175.47
178.6
178.12
176.96
177.06
174.97
NA
177.82
176.8
176.54
176.93
177.11
176.17
175.71
178.77
177.9
177.73
177.5
177.96
177.5
176.84
176.62
NA
174.4
172.65
179.35
176.97
177.51
178.14
178.31
177.32
179.29
176.47
175.66
179.15
177.26
178.2
178.21
177.07
177.15
178.03
177.62
NA
NA
NA
178.63
178.92
178.74
177.75
177.07
NA
179.17
178.73
176.99
176.24
177.53
NA
177.1
177.66
178.65
177.64
178.8
176.52
177.22
177.27
178.31
177.29
178.26
176.17
176.95
177.91
175.95
NA
177.38
178.24
176.69
176.9
NA
177.08
178.03
176.1
177.62
178.15
175.46
177.91
177.98
172.78
177.44
176.91
176.41
177.46
177.67
178.96
175.34
177.81
176.89
178.96
NA
177.48
177.88
175.48
NA
174.71
177.23
174.18
178.3
176.23
176.65
177.41
175.35
178.38
178.35
177.21
176.38
NA
178.73
178.25
180.25
179.02
179.58
178.82
176.72
176.97
177.95
177.47
176.2
NA
177.15
178.72
NA
177.05
177.73
177.92
175.1
180.48
NA
177.29
177.56
177.95
176.52
NA
177.28
177.35
NA
NA
179.16
177.84
177.44
175.42
177.68
177.63
180.52
181.04
175.95
176.74
177.93
177.24
177.67
NA
178.16
178.35
177.23
177.45
177.84
177.89
176.8
NA
NA
NA
177.57
178.88
173.98
175.23
176.64
177.84
NA
178.36
177.61
NA
175.92
177.81
177.84
177.26
178.21
177.53
177.57
176.82
178.88
175.33
175.81
175.31
178.16
177.79
177.63
174.67
176.17
178.08
176.53
177.3
178.26
175.61
177.0
178.46
177.94
178.66
176.45
177.06
176.72
177.49
177.98
178.23
177.95
178.03
178.33
178.15
177.21
NA
NA
177.48
177.02
NA
NA
NA
NA
NA
NA
NA
NA
NA
177.39
176.85
177.66
178.05
177.43
177.0
177.65
177.71
NA
NA
NA
176.39
176.62
176.1
175.95
175.99
177.28
179.7
177.08
177.57
177.65
177.07
177.47
NA
177.21
177.33
177.59
177.74
177.39
177.87
178.43
178.95
177.27
177.32
NA
176.05
177.55
NA
176.44
177.5
177.03
176.71
176.93
176.33
177.31
177.24
175.91
175.32
177.66
178.78
176.82
177.39
177.22
177.27
176.87
176.91
178.22
176.89
174.89
NA
178.22
177.71
178.08
176.36
177.16
176.73
177.04
179.52
177.4
179.97
176.33
177.71
178.06
176.64
177.86
176.47
179.76
178.38
NA
176.04
176.49
174.5
178.46
NA
177.03
176.92
177.36
174.56
174.58
177.84
NA
177.81
177.75
174.94
NA
NA
177.9
177.56
177.07
177.81
NA
177.6
177.96
177.79
NA
175.14
NA
177.38
176.0
177.66
177.44
174.99
176.64
174.56
176.55
176.57
176.25
176.66
175.11
178.41
174.53
176.1
177.46
177.01
178.55
178.92
178.09
178.09
179.1
176.67
177.96
174.57
177.82
177.59
174.85
176.26
176.64
177.94
177.63
174.31
177.14
NA
174.91
177.79
178.56
175.87
176.48
176.01
176.86
NA
177.97
175.64
177.73
NA
NA
NA
NA
NA
NA
177.52
176.92
178.46
176.9
176.54
176.87
178.13
174.58
178.54
177.25
177.79
178.51
176.79
180.91
176.85
178.17
177.02
173.93
177.53
177.67
177.87
178.06
177.55
178.42
177.78
178.01
177.38
177.63
176.54
176.8
178.71
NA
176.07
175.81
176.62
175.94
178.11
177.54
177.02
178.92
NA
178.17
177.73
177.57
176.76
175.2
NA
176.34
177.43
177.68
NA
179.54
176.53
NA
177.34
175.35
179.41
NA
175.39
178.26
178.27
177.4
175.42
179.4
177.27
175.25
176.48
177.35
177.67
178.23
177.81
178.56
175.94
NA
NA
178.56
177.56
176.88
177.9
NA
NA
NA
177.41
NA
NA
NA
179.59
178.59
177.64
176.52
177.34
178.73
NA
178.09
177.82
NA
176.97
177.99
178.61
173.56
175.65
180.43
176.78
178.21
178.34
176.9
177.94
178.54
173.5
175.58
180.32
176.97
177.58
NA
177.96
179.06
177.76
178.56
177.89
179.09
177.69
178.59
177.99
179.19
177.79
178.59
177.45
176.12
176.48
176.07
NA
NA
177.6
177.3
177.1
NA
NA
177.42
176.49
176.67
NA
178.27
177.69
177.86
178.43
178.22
NA
NA
NA
NA
NA
NA
NA
NA
NA
NA
173.26
NA
NA
NA
NA
NA
NA
NA
NA
NA
NA
174.17
NA
175.77
176.18
177.62
178.85
NA
NA
NA
NA
179.79
175.51
176.07
175.56
177.78
178.42
178.9
178.93
NA
NA
NA
179.26
NA
178.03
178.32
180.37
176.87
178.27
NA
NA
NA
NA
NA
175.96
178.26
177.73
178.52
177.02
NA
178.14
NA
NA
NA
NA
177.4
177.28
177.33
177.71
177.28
178.61
176.71
179.72
175.81
174.47
178.1
NA
NA
176.33
NA
177.53
179.11
175.77
NA
NA
177.42
176.91
178.22
180.38
174.55
177.28
175.64
177.87
NA
NA
177.83
176.88
177.29
177.44
176.63
176.79
175.48
175.76
176.56
179.76
177.66
NA
NA
177.46
178.24
177.49
175.69
177.32
177.85
177.47
177.36
177.64
177.77
177.22
177.79
177.73
175.08
176.58
175.68
175.93
NA
NA
NA
NA
179.66
178.01
174.73
178.65
174.57
177.06
NA
177.08
175.16
NA
NA
177.2
NA
176.25
176.37
177.91
176.9
NA
173.17
176.44
177.26
179.16
NA
178.6
NA
178.25
177.33
NA
NA
NA
NA
NA
NA
178.13
174.53
NA
176.73
178.13
174.53
NA
176.73
178.12
174.52
NA
176.72
178.12
174.42
NA
176.72
178.12
174.32
NA
176.82
NA
179.65
179.95
178.06
176.19
176.84
178.96
178.6
175.11
NA
NA
177.82
178.09
178.25
177.95
176.15
NA
176.62
177.02
179.51
179.0
179.76
175.34
NA
176.31
NA
NA
178.62
176.62
173.42
177.95
NA
NA
175.06
NA
176.75
179.36
177.74
176.47
177.37
NA
176.49
177.83
176.73
175.82
175.39
178.87
176.43
NA
NA
NA
177.96
NA
NA
NA
180.76
175.01
177.79
177.93
177.59
NA
NA
NA
NA
NA
178.65
176.65
NA
177.03
176.93
176.78
NA
NA
NA
NA
NA
177.93
177.59
177.12
177.21
NA
175.42
NA
177.84
178.04
177.34
NA
NA
NA
NA
NA
NA
NA
NA
NA
NA
NA
NA
NA
171.89
175.12
173.67
177.26
177.49
176.42
177.53
177.76
176.69
NA
NA
177.93
176.15
NA
174.55
NA
NA
177.0
174.61
176.91
NA
176.71
178.29
NA
175.81
177.3
NA
NA
NA
NA
NA
NA
NA
179.06
177.7
NA
175.06
NA
NA
176.06
178.82
NA
NA
NA
NA
NA
NA
NA
NA
NA
NA
NA
NA
176.81
178.95
179.09
NA
176.58
172.99
173.07
177.21
172.44
179.88
NA
177.02
NA
178.45
178.72
177.09
179.2
176.47
174.35
176.8
NA
NA
NA
NA
NA
NA
NA
NA
NA
NA
NA
NA
NA
176.62
173.02
173.31
177.98
173.03
179.98
NA
NA
176.76
178.44
178.91
177.42
179.15
178.56
179.7
177.95
179.56
177.5
178.06
177.78
NA
178.93
NA
NA
NA
NA
NA
NA
NA
NA
NA
NA
NA
NA
NA
NA
NA
NA
NA
NA
NA
NA
178.12
179.62
181.92
NA
NA
NA
NA
178.33
NA
NA
NA
NA
NA
NA
NA
178.13
NA
NA
175.75
177.94
NA
NA
NA
NA
NA
173.45
177.37
180.28
178.28
176.32
176.86
176.45
NA
NA
NA
NA
NA
NA
NA
NA
NA
NA
178.32
173.87
177.59
178.48
NA
NA
NA
NA
NA
NA
176.61
178.25
173.66
NA
NA
NA
NA
NA
NA
NA
NA
175.96
173.24
NA
NA
173.62
NA
173.3
170.69
171.57
NA
170.7
NA
177.84
179.54
NA
NA
176.87
175.33
NA
NA
NA
NA
NA
NA
NA
NA
NA
NA
NA
NA
178.78
176.08
177.28
175.98
175.08
176.18
179.88
177.88
173.98
177.58
177.48
177.04
176.78
178.39
177.13
NA
177.19
177.19
177.17
178.1
179.65
177.36
177.92
178.14
177.64
176.64
178.74
179.94
176.54
NA
178.16
174.84
176.65
NA
NA
NA
NA
NA
NA
NA
NA
176.7
176.7
176.61
NA
177.34
NA
NA
NA
176.54
NA
NA
NA
NA
NA
NA
177.78
178.38
178.96
NA
177.79
178.4
180.68
NA
177.88
178.5
178.54
178.84
177.84
175.68
177.68
177.38
NA
NA
NA
NA
NA
NA
NA
NA
NA
177.54
175.34
172.24
176.64
178.74
176.24
172.94
178.74
177.87
177.47
177.23
177.53
NA
NA
NA
NA
NA
180.63
NA
NA
NA
NA
177.8
175.6
177.7
175.86
179.46
178.46
177.94
177.49
178.2
178.92
177.78
175.85
177.25
174.1
NA
NA
NA
NA
NA
NA
NA
NA
NA
NA
NA
NA
NA
NA
NA
NA
NA
NA
NA
NA
NA
NA
NA
NA
176.69
175.39
177.9
177.6
177.8
176.8
178.55
176.45
178.35
176.15
180.75
177.35
177.45
177.45
NA
NA
NA
NA
NA
NA
NA
NA
NA
NA
175.54
174.44
NA
NA
NA
176.65
175.65
NA
171.37
NA
NA
NA
NA
NA
177.65
176.5
177.65
177.65
176.5
177.65
NA
NA
175.85
177.45
NA
177.95
178.05
177.55
176.15
NA
NA
NA
NA
173.93
177.13
NA
177.14
177.74
176.85
177.95
176.45
178.65
NA
NA
NA
NA
NA
NA
175.77
178.45
NA
176.38
177.28
NA
174.15
177.15
176.73
178.9
179.03
NA
NA
NA
NA
NA
NA
NA
NA
178.82
176.42
176.52
NA
NA
NA
NA
NA
NA
NA
NA
NA
NA
177.98
NA
NA
NA
NA
NA
NA
NA
177.89
179.19
177.99
177.49
NA
177.67
178.07
177.37
175.88
180.21
176.26
178.64
178.38
177.19
177.59
NA
NA
NA
NA
176.87
NA
NA
NA
NA
177.8
177.35
177.8
178.14
177.64
175.25
175.7
NA
NA
NA
NA
179.35
180.65
178.15
180.85
177.24
179.11
177.03
176.24
177.72
177.08
178.85
178.01
179.14
178.46
NA
NA
NA
NA
NA
NA
177.25
177.25
177.75
178.15
178.25
178.75
178.48
177.38
178.98
179.31
178.01
178.91
NA
NA
NA
NA
NA
NA
NA
NA
NA
NA
NA
NA
NA
177.85
176.35
177.55
177.75
NA
NA
NA
173.24
175.14
178.34
177.64
178.84
178.14
NA
NA
NA
NA
NA
176.16
178.58
NA
177.51
178.6
177.86
171.95
176.03
177.29
NA
NA
178.25
176.64
176.23
178.98
180.12
175.86
176.41
177.16
179.4
176.73
178.09
NA
178.61
NA
176.21
NA
NA
NA
NA
NA
176.42
178.57
177.87
179.47
175.77
NA
NA
NA
177.82
NA
174.95
178.35
176.75
NA
NA
177.45
NA
NA
NA
178.54
179.75
178.22
176.34
178.39
178.07
NA
NA
176.82
177.92
177.28
178.8
174.25
NA
NA
NA
NA
176.11
175.63
176.11
177.44
177.27
176.07
175.35
177.25
178.91
177.37
177.35
179.64
178.52
177.37
177.04
177.78
175.44
177.06
176.78
177.13
177.6
175.82
175.32
175.12
178.93
NA
NA
NA
NA
NA
NA
NA
NA
180.69
178.82
178.27
178.79
NA
NA
NA
NA
NA
NA
NA
NA
NA
NA
NA
NA
NA
NA
NA
178.44
NA
NA
NA
NA
177.42
176.73
177.82
177.81
177.73
175.44
NA
177.12
177.71
177.15
NA
NA
NA
175.71
177.31
176.91
177.51
NA
171.3
178.2
NA
NA
NA
NA
NA
NA
NA
NA
NA
NA
NA
NA
177.4
178.04
178.2
177.75
NA
172.26
174.76
177.29
176.13
177.53
179.86
180.81
NA
NA
NA
NA
NA
NA
NA
NA
NA
NA
NA
NA
NA
NA
NA
NA
NA
NA
NA
176.16
176.32
NA
178.78
174.82
176.88
178.5
NA
178.4
178.0
177.9
177.4
177.95
177.66
175.81
176.38
174.86
173.25
178.22
180.4
178.55
NA
NA
NA
177.29
176.13
177.53
179.86
180.81
NA
NA
NA
NA
173.27
174.17
176.67
NA
NA
NA
NA
NA
NA
NA
NA
NA
NA
NA
176.1
NA
176.23
176.98
NA
NA
NA
NA
NA
NA
174.78
175.96
178.95
177.45
176.23
179.33
178.5
NA
NA
178.0
177.23
177.5
NA
177.55
NA
178.38
177.18
NA
NA
NA
NA
177.18
177.49
NA
NA
NA
NA
NA
NA
NA
NA
NA
NA
NA
NA
NA
NA
NA
NA
NA
NA
NA
NA
NA
NA
NA
NA
NA
NA
NA
179.13
175.15
NA
NA
NA
NA
NA
NA
NA
NA
NA
176.46
NA
177.98
NA
NA
NA
NA
NA
175.57
NA
177.84
NA
NA
177.28
178.99
178.56
NA
176.35
NA
178.08
177.58
174.14
176.52
NA
NA
NA
177.26
178.06
175.36
177.19
175.72
177.36
177.13
177.36
175.86
177.26
177.36
177.85
178.78
NA
174.74
174.24
NA
NA
178.05
175.75
177.15
NA
176.94
NA
NA
NA
NA
180.59
177.94
NA
176.76
NA
176.77
NA
NA
NA
NA
NA
NA
NA
NA
NA
NA
178.43
178.72
177.6
NA
178.0
180.69
173.48
176.08
172.88
176.38
NA
NA
NA
177.52
NA
177.9
180.36
177.85
NA
NA
NA
175.66
NA
NA
NA
NA
NA
NA
NA
NA
NA
NA
178.87
NA
NA
NA
NA
NA
NA
NA
NA
NA
174.0
177.0
174.9
NA
NA
NA
NA
NA
NA
NA
NA
176.4
178.3
179.33
178.31
179.53
181.41
176.75
179.33
NA
NA
NA
NA
NA
NA
NA
176.14
170.49
176.95
NA
NA
NA
NA
NA
NA
NA
NA
NA
177.69
179.15
177.3
178.18
177.11
177.09
182.22
177.24
174.13
176.13
NA
174.17
176.27
175.32
173.37
172.48
174.82
176.97
178.46
176.14
178.42
NA
NA
178.65
176.72
174.64
175.69
177.69
176.86
177.87
176.9
NA
NA
NA
NA
NA
NA
NA
NA
NA
NA
NA
NA
NA
NA
177.76
178.6
177.9
176.77
175.79
176.49
177.34
175.93
178.46
176.76
NA
NA
NA
177.74
177.55
173.88
174.28
178.98
175.18
174.78
178.27
176.37
178.37
178.07
178.57
179.17
178.07
176.37
178.37
178.07
NA
NA
NA
178.03
NA
NA
NA
NA
178.34
178.74
175.63
178.27
180.75
178.11
175.47
175.27
177.36
175.68
175.34
176.72
NA
175.14
NA
176.45
178.28
178.55
177.06
178.45
177.88
NA
173.78
176.64
NA
NA
NA
NA
NA
NA
NA
176.87
177.67
177.37
NA
NA
NA
NA
NA
NA
NA
177.26
NA
175.05
178.63
179.02
177.05
177.44
NA
179.33
177.87
176.4
NA
NA
NA
NA
NA
NA
NA
NA
NA
NA
177.73
176.33
177.13
180.13
NA
NA
177.4
177.34
177.55
NA
NA
NA
NA
NA
NA
177.42
177.71
NA
NA
NA
NA
NA
177.73
NA
NA
177.2
173.27
178.05
179.15
176.77
178.99
178.18
173.5
177.2
NA
176.6
176.31
177.93
NA
NA
177.03
180.23
NA
NA
NA
NA
NA
NA
NA
179.46
177.0
175.06
NA
NA
NA
NA
179.55
178.16
NA
NA
NA
NA
178.7
178.64
176.69
175.93
177.57
NA
177.22
175.16
NA
NA
NA
177.55
177.75
NA
177.51
179.91
176.31
178.81
177.61
178.1
174.43
174.21
176.65
174.09
178.12
180.14
178.07
177.47
174.09
175.52
177.18
177.42
177.4
177.83
176.73
178.03
177.83
NA
NA
NA
NA
NA
174.22
176.21
NA
NA
173.96
176.34
NA
176.91
179.11
178.1
177.1
176.0
176.95
174.21
178.8
178.94
177.89
NA
NA
177.86
177.46
173.66
178.53
177.49
NA
177.34
NA
NA
177.65
177.6
NA
NA
178.85
NA
176.43
175.41
176.93
178.66
177.16
178.55
NA
NA
NA
NA
NA
NA
NA
NA
NA
177.01
176.56
177.23
175.93
177.83
178.23
175.63
177.53
176.87
176.87
176.68
NA
NA
NA
NA
176.26
174.86
177.89
177.49
178.45
176.95
177.77
177.18
177.6
177.52
177.7
177.34
177.77
177.23
177.49
NA
178.29
179.39
179.09
177.34
177.94
177.94
179.84
178.74
177.14
NA
NA
NA
NA
176.95
NA
NA
177.24
176.53
173.67
177.5
177.21
175.13
177.41
178.86
177.06
176.68
176.68
177.51
NA
175.34
175.31
176.7
NA
179.33
177.93
180.13
NA
179.48
178.08
180.18
NA
175.29
175.63
174.67
176.97
175.87
NA
176.47
NA
177.64
NA
179.35
178.55
177.25
NA
176.38
177.95
178.56
176.66
NA
175.18
177.03
178.6
NA
176.55
NA
179.35
176.75
NA
NA
NA
176.95
NA
NA
175.88
178.18
180.78
173.72
176.61
176.73
177.83
179.23
179.33
176.33
178.59
NA
NA
176.22
NA
NA
177.21
177.63
178.36
175.01
178.37
178.74
176.34
177.54
179.24
175.94
179.74
177.94
173.44
NA
NA
NA
178.5
NA
NA
178.0
177.23
177.5
NA
179.39
177.09
176.13
NA
NA
NA
NA
NA
NA
176.24
175.03
NA
174.27
174.49
178.47
176.59
177.25
175.55
176.55
177.26
175.65
175.33
177.8
178.03
176.11
179.15
177.42
177.91
178.51
179.11
177.01
177.41
NA
177.66
NA
178.2
177.1
NA
NA
177.8
177.1
175.46
176.23
NA
NA
NA
NA
NA
NA
NA
NA
NA
NA
177.95
178.65
179.15
177.05
177.45
174.78
NA
NA
NA
177.67
178.8
177.41
NA
177.97
177.84
NA
176.78
177.5
178.71
177.62
177.41
178.05
177.13
176.45
175.86
177.94
NA
176.5
177.36
NA
177.34
176.24
178.44
177.94
177.64
176.14
176.94
178.19
NA
176.79
175.29
177.14
NA
174.31
NA
177.1
178.35
176.59
NA
177.98
177.48
178.88
178.58
174.15
173.64
173.42
176.03
176.78
175.79
NA
NA
NA
NA
NA
179.35
178.55
177.25
NA
NA
176.36
179.76
176.76
176.56
179.07
176.45
174.54
176.91
173.33
177.37
NA
NA
NA
177.06
NA
178.13
176.41
NA
179.95
175.63
173.21
173.54
178.91
NA
NA
176.85
179.35
179.45
NA
NA
177.1
NA
179.2
NA
173.4
NA
NA
178.65
175.15
178.55
175.15
175.55
178.41
175.31
178.5
175.44
178.55
174.85
174.63
178.57
174.65
175.89
177.24
NA
NA
NA
NA
NA
NA
NA
NA
NA
NA
NA
NA
NA
182.07
176.24
176.58
178.27
177.49
NA
NA
NA
NA
NA
NA
178.11
178.75
177.18
NA
NA
NA
NA
NA
NA
178.28
178.43
NA
179.43
174.11
NA
NA
NA
NA
NA
NA
NA
173.9
179.5
178.27
176.73
179.26
173.7
NA
NA
NA
177.7
177.38
177.97
177.42
179.11
NA
NA
NA
NA
NA
NA
NA
NA
177.8
177.5
179.78
175.89
178.39
177.63
177.6
NA
NA
NA
NA
NA
NA
NA
NA
177.09
175.58
180.02
NA
NA
NA
NA
NA
NA
NA
173.83
174.2
174.52
171.66
172.11
175.22
172.81
179.29
175.75
NA
177.74
177.44
170.54
176.14
177.94
179.24
177.24
177.24
176.94
NA
NA
177.48
177.56
176.93
NA
176.79
177.35
178.04
175.6
175.84
NA
175.86
176.09
180.25
174.48
177.0
NA
177.47
177.52
179.29
179.48
NA
177.74
NA
178.27
177.84
174.99
178.81
179.51
180.31
177.01
179.01
177.08
179.18
175.19
174.25
173.32
174.7
NA
NA
NA
NA
173.29
171.25
NA
NA
NA
176.9
177.59
175.37
177.38
178.07
177.22
178.1
178.12
176.51
177.71
NA
NA
173.8
179.8
178.87
177.64
179.72
177.33
178.21
NA
178.19
177.65
177.94
NA
NA
177.48
NA
176.68
NA
NA
NA
NA
NA
NA
NA
NA
NA
NA
NA
NA
NA
NA
NA
NA
NA
NA
NA
NA
NA
NA
NA
NA
NA
NA
176.96
177.32
NA
177.25
178.02
178.03
NA
178.19
173.53
177.09
177.03
176.22
177.77
177.72
175.65
178.53
177.65
176.95
177.35
176.38
180.7
171.79
NA
174.98
NA
172.27
174.83
173.25
NA
178.24
NA
178.23
178.73
178.27
NA
179.05
NA
NA
175.64
178.41
176.4
178.81
176.11
179.21
177.63
175.49
175.89
178.49
NA
176.29
NA
175.0
177.1
177.6
NA
NA
176.6
176.6
177.52
177.93
177.5
176.7
177.9
NA
178.36
176.46
178.86
179.56
176.16
176.96
175.36
NA
NA
NA
176.99
179.19
179.19
177.79
NA
177.39
172.13
NA
NA
NA
NA
173.76
176.66
176.76
178.66
174.66
177.86
177.36
178.16
175.97
175.64
176.5
177.41
177.85
178.3
NA
178.45
178.77
172.86
173.86
NA
NA
175.61
NA
NA
NA
NA
NA
177.78
NA
NA
178.47
NA
176.62
175.39
NA
NA
177.3
177.8
178.28
177.58
177.88
176.91
178.62
177.18
178.25
177.02
174.97
176.57
178.17
175.57
177.97
177.87
178.11
178.57
179.58
177.87
177.92
177.31
177.01
177.01
178.21
175.31
NA
178.69
NA
177.19
177.8
177.47
NA
171.32
177.89
178.92
177.45
178.88
179.83
178.07
177.56
178.13
NA
177.12
NA
NA
NA
NA
NA
NA
NA
176.87
177.47
178.87
177.88
175.81
NA
NA
NA
NA
NA
NA
NA
177.96
181.09
NA
NA
NA
NA
NA
NA
NA
NA
NA
NA
NA
178.95
176.78
175.86
177.72
175.57
175.37
171.17
NA
173.07
173.87
169.87
NA
NA
176.22
177.09
178.86
176.92
175.2
178.02
178.52
177.52
177.57
NA
175.48
NA
NA
NA
177.63
177.45
178.59
177.72
176.28
177.31
177.9
176.64
175.71
NA
178.01
177.64
178.1
179.1
177.1
179.94
178.83
178.86
178.58
164.15
177.38
178.86
NA
NA
NA
NA
NA
NA
177.67
177.65
NA
176.89
176.28
NA
NA
NA
177.45
179.22
178.51
NA
NA
NA
178.01
179.41
176.13
NA
178.96
NA
NA
NA
NA
NA
NA
NA
NA
NA
NA
NA
NA
175.51
178.28
179.0
175.23
NA
177.71
177.71
177.91
178.21
179.51
177.61
176.91
176.91
NA
177.67
177.47
181.37
175.67
179.67
177.17
177.78
178.14
177.72
177.74
178.43
174.44
178.3
176.35
NA
178.62
NA
175.67
178.06
180.18
178.95
174.55
NA
NA
174.94
176.7
177.67
177.37
NA
NA
176.67
175.07
176.27
NA
NA
174.57
175.67
173.99
176.24
176.89
176.94
176.84
177.24
181.14
176.59
176.0
176.41
176.28
177.97
176.37
175.47
176.27
NA
NA
NA
NA
NA
NA
NA
177.29
177.19
177.29
180.09
NA
NA
177.12
178.17
177.66
177.96
175.46
NA
177.29
177.09
177.19
180.09
176.39
176.09
176.72
NA
176.11
177.53
NA
NA
NA
177.8
176.45
178.05
177.9
177.33
NA
NA
176.45
NA
177.44
178.04
178.04
179.14
180.34
178.14
180.6
178.73
174.73
175.6
177.1
177.5
NA
176.5
178.26
176.29
NA
NA
NA
178.79
177.66
NA
177.86
175.06
NA
NA
NA
NA
NA
NA
NA
NA
NA
173.08
177.08
NA
NA
NA
NA
NA
NA
NA
175.97
177.37
175.17
175.38
177.35
176.13
175.96
177.84
177.72
NA
NA
NA
179.75
178.8
175.42
177.77
NA
NA
NA
NA
NA
172.78
173.58
172.38
173.78
175.78
NA
173.88
177.88
173.28
177.28
175.08
175.98
175.68
173.58
176.53
176.81
180.5
179.54
178.56
178.26
176.34
178.56
178.33
176.41
NA
NA
178.34
176.95
NA
174.38
177.89
177.95
NA
177.28
176.85
178.24
NA
177.02
176.91
177.34
178.81
177.03
176.59
178.44
176.09
178.31
NA
177.07
179.08
174.75
176.57
NA
178.11
179.27
177.43
NA
NA
NA
NA
NA
177.21
177.41
175.71
177.59
178.02
177.65
177.69
177.53
176.87
177.64
177.28
176.87
179.3
NA
178.78
175.6
175.4
NA
175.69
NA
NA
NA
NA
NA
NA
NA
NA
NA
NA
NA
175.74
NA
NA
NA
NA
176.96
176.69
177.02
175.55
176.92
177.31
NA
176.15
178.41
NA
177.42
177.58
176.48
180.09
178.51
177.1
177.54
NA
178.46
177.17
177.65
NA
176.87
178.75
177.14
177.44
178.32
178.85
176.53
NA
NA
177.21
179.03
177.18
177.9
177.52
178.59
179.74
178.88
176.82
NA
NA
177.82
178.04
178.04
177.68
NA
177.67
176.83
NA
179.03
NA
NA
NA
NA
NA
NA
NA
NA
NA
NA
NA
173.33
177.1
179.44
NA
NA
NA
171.47
NA
176.56
NA
NA
177.82
178.54
176.55
NA
NA
NA
NA
NA
NA
NA
NA
NA
NA
NA
NA
NA
NA
NA
NA
176.96
171.67
178.04
173.21
NA
NA
NA
177.01
176.75
177.61
177.65
176.98
177.29
NA
174.14
177.72
178.25
175.44
180.09
178.58
NA
177.74
176.57
177.31
177.41
177.61
177.11
177.9
177.6
179.5
NA
180.02
180.06
179.14
176.53
176.04
175.44
NA
NA
NA
NA
NA
NA
174.99
175.19
NA
178.2
178.33
178.01
173.37
180.43
176.95
177.16
179.01
177.36
NA
NA
NA
NA
NA
177.71
175.5
NA
NA
NA
NA
NA
NA
NA
NA
NA
NA
180.48
175.81
NA
176.91
177.17
NA
NA
NA
176.53
175.84
177.69
NA
NA
179.86
177.12
177.63
176.52
NA
177.37
178.81
177.07
174.41
NA
176.84
178.94
175.04
NA
NA
NA
178.47
179.27
177.57
176.87
177.77
174.87
177.57
176.27
NA
177.91
177.77
176.56
NA
NA
NA
176.86
175.32
175.46
179.85
177.78
174.15
178.33
177.71
179.16
177.65
176.24
178.72
177.81
177.43
180.63
NA
NA
175.15
178.66
176.03
174.77
179.68
178.37
175.86
NA
NA
176.08
176.21
177.82
NA
NA
179.09
178.03
NA
NA
177.39
NA
176.92
178.3
177.46
178.1
177.2
NA
176.45
NA
176.23
177.23
NA
NA
177.22
178.41
176.84
176.67
179.85
181.25
NA
NA
NA
NA
NA
NA
NA
NA
NA
NA
NA
NA
NA
NA
NA
NA
NA
NA
NA
NA
NA
NA
NA
NA
NA
NA
NA
NA
NA
NA
NA
NA
NA
NA
NA
NA
NA
NA
NA
NA
NA
178.83
178.43
NA
NA
NA
NA
178.1
175.26
177.91
173.58
179.92
179.27
175.3
175.5
175.29
179.08
176.01
176.05
177.19
177.35
178.43
180.14
NA
NA
176.36
177.12
NA
NA
NA
NA
NA
NA
174.11
NA
NA
176.93
NA
176.99
NA
NA
NA
177.26
178.76
NA
176.66
175.52
175.61
NA
NA
NA
NA
NA
174.83
NA
174.82
177.32
174.52
177.72
177.02
177.42
177.02
NA
NA
173.45
177.57
177.51
NA
177.1
173.06
172.41
177.7
NA
177.93
177.5
NA
180.44
NA
178.52
177.28
NA
177.62
175.99
177.6
NA
177.89
176.59
177.95
180.43
176.95
NA
NA
NA
NA
NA
NA
NA
178.15
174.52
NA
NA
NA
NA
180.05
178.23
172.68
NA
NA
177.63
176.63
180.96
NA
NA
NA
NA
NA
NA
NA
178.08
178.93
176.97
NA
NA
NA
NA
NA
NA
NA
175.6
NA
177.71
176.96
177.04
177.28
176.04
NA
NA
NA
174.74
169.71
171.24
171.64
NA
178.84
171.44
NA
174.44
174.16
178.46
177.26
174.96
177.46
177.96
177.66
176.96
176.79
NA
177.39
NA
NA
NA
NA
176.85
177.23
176.9
177.05
177.2
176.73
177.66
177.6
177.91
176.05
NA
178.27
178.22
177.72
177.66
176.16
177.44
177.7
175.73
176.34
178.6
178.37
176.55
176.99
177.2
179.16
NA
178.88
177.6
175.4
176.9
175.6
177.6
178.1
176.0
177.5
NA
176.39
177.38
177.26
177.92
177.32
177.29
177.13
177.69
178.16
180.76
174.46
177.67
178.03
NA
175.21
177.21
177.5
177.5
176.6
177.3
177.42
179.12
178.32
178.42
176.52
177.47
NA
178.14
179.21
177.11
174.5
178.32
177.46
177.87
176.29
176.79
176.32
175.52
NA
176.26
177.44
NA
NA
174.76
NA
NA
179.18
177.37
176.99
178.49
179.24
177.22
175.41
177.59
NA
NA
NA
NA
176.28
NA
179.26
175.26
177.98
178.49
179.9
NA
NA
NA
177.14
176.89
176.98
177.28
NA
177.74
177.34
178.01
175.23
174.9
176.46
175.0
173.74
178.54
175.49
179.03
175.49
NA
NA
176.41
NA
NA
NA
NA
NA
NA
NA
NA
176.57
NA
NA
177.01
178.21
NA
NA
177.51
177.71
176.86
NA
176.87
177.92
174.1
177.31
177.85
174.89
NA
NA
177.4
174.53
NA
NA
NA
NA
NA
NA
NA
NA
NA
NA
NA
NA
NA
NA
NA
NA
NA
NA
177.29
177.21
NA
NA
177.79
177.59
NA
NA
177.49
176.29
179.09
177.67
176.53
173.67
176.87
178.07
177.27
NA
NA
NA
NA
NA
NA
NA
175.62
173.37
172.36
NA
NA
NA
NA
178.58
NA
177.15
175.27
175.37
NA
NA
174.79
175.93
176.11
175.36
NA
NA
NA
NA
NA
NA
NA
NA
176.54
178.36
NA
NA
NA
NA
NA
NA
177.29
179.12
NA
NA
NA
NA
177.84
176.15
177.54
NA
177.33
NA
NA
NA
NA
NA
NA
NA
NA
NA
NA
176.34
178.72
179.57
NA
178.14
179.03
175.91
178.53
NA
NA
NA
NA
NA
NA
NA
NA
NA
178.32
NA
171.7
176.42
176.82
177.06
NA
NA
NA
NA
NA
NA
NA
NA
NA
NA
NA
NA
NA
NA
NA
NA
175.87
174.27
174.54
NA
NA
176.4
NA
176.38
177.74
176.47
177.37
NA
176.49
NA
NA
NA
NA
NA
NA
NA
NA
NA
NA
NA
NA
NA
NA
NA
NA
NA
NA
177.98
176.97
178.65
NA
176.62
NA
176.5
NA
177.05