55.02
55.11
55.84
55.39
54.61
55.37
55.35
54.55
53.11
53.3
55.15
54.18
54.62
54.67
54.33
55.84
55.58
54.33
54.72
54.72
55.12
54.72
55.02
54.72
55.02
54.72
54.72
55.12
55.12
55.31
57.74
54.85
54.09
55.15
54.64
55.54
54.1
55.26
54.48
55.54
55.0
54.9
55.56
51.65
54.84
54.04
55.01
55.75
55.05
55.61
56.97
54.59
53.41
54.37
54.63
54.86
55.18
55.1
55.06
51.35
53.86
53.65
56.06
55.11
54.81
57.4
54.93
54.89
55.23
54.8
55.72
54.05
51.59
54.89
55.37
54.98
51.37
53.37
55.15
55.54
54.5
54.92
55.54
54.58
54.91
54.94
54.65
55.04
55.01
54.81
54.41
54.67
54.86
54.41
54.89
56.05
55.25
54.81
55.43
56.3
54.89
53.48
56.79
52.41
54.44
55.96
52.96
55.64
54.94
52.47
55.44
55.12
55.99
54.91
55.96
55.38
55.82
56.19
52.38
53.48
53.89
54.97
55.88
55.12
55.68
54.81
55.26
54.84
55.8
54.83
55.21
55.16
53.31
55.71
53.21
56.96
54.71
55.31
54.78
55.2
53.79
55.44
55.44
55.1
55.29
54.25
55.55
54.35
55.09
55.37
54.9
55.16
55.19
54.72
54.7
54.58
54.01
54.76
54.83
54.25
55.19
54.73
54.65
54.02
53.97
55.46
54.54
54.31
55.67
55.0
55.05
54.84
54.4
55.81
52.79
55.19
54.1
54.82
54.59
54.84
55.11
56.17
55.82
55.7
56.18
53.87
56.15
55.7
55.15
54.79
55.7
52.78
54.53
56.78
55.68
54.77
54.58
55.18
55.43
55.62
55.39
51.65
54.2
54.72
54.99
55.79
54.86
54.18
55.73
56.08
54.5
55.9
54.92
54.82
55.08
54.82
55.21
54.9
54.9
54.95
54.84
56.18
55.26
55.79
54.79
54.96
54.35
50.59
56.58
52.85
54.56
55.01
55.21
55.71
55.59
55.03
54.7
54.74
56.07
54.77
53.98
54.94
51.8
54.41
55.52
55.54
52.86
54.68
55.86
55.38
55.84
55.02
54.85
53.28
54.81
54.92
55.76
52.66
55.14
53.73
55.05
53.75
55.11
53.8
55.0
53.75
54.09
55.21
54.26
55.09
52.3
56.7
54.92
54.76
54.16
54.82
55.63
55.21
52.94
55.29
55.31
55.18
56.27
55.17
55.75
55.06
54.99
54.32
54.84
54.3
54.78
55.28
54.68
55.78
54.67
55.15
54.44
56.08
55.08
54.71
54.75
55.04
54.16
54.68
55.35
55.12
54.47
54.55
53.86
NA
54.8
54.45
54.92
54.84
55.04
55.59
53.45
55.14
54.77
55.44
55.15
55.58
55.28
54.84
53.57
55.66
55.01
55.19
55.3
55.04
54.81
55.6
55.16
55.1
55.02
56.43
55.58
55.07
54.22
53.68
55.05
53.68
54.76
52.89
54.77
54.94
55.94
53.83
55.45
55.43
55.14
54.92
55.98
55.17
54.77
55.28
53.11
55.76
52.85
54.73
NA
56.19
54.36
55.1
55.45
55.75
54.75
53.75
53.13
55.16
55.02
54.98
55.05
54.07
55.36
54.99
53.93
55.3
54.84
54.65
51.08
55.34
56.1
54.89
55.54
NA
54.81
54.07
55.91
55.76
54.55
54.95
55.02
55.06
54.01
56.04
NA
56.06
55.04
56.02
55.14
54.81
53.84
55.98
56.16
52.97
54.71
54.89
53.83
52.79
55.0
53.96
56.25
54.79
54.34
54.99
54.34
55.08
54.91
54.74
54.5
53.69
53.4
54.36
54.32
55.18
55.01
55.02
55.0
54.89
54.28
54.49
54.84
54.78
52.45
54.95
NA
54.87
54.01
55.21
54.46
55.04
54.87
54.56
55.49
54.2
57.35
54.58
55.26
54.69
53.7
55.4
54.83
55.77
55.68
55.49
55.93
55.2
55.27
54.42
52.31
55.13
53.89
55.09
55.41
54.88
54.95
55.06
53.04
55.2
53.33
54.57
54.52
54.8
54.84
54.98
55.16
54.41
55.07
57.2
55.36
53.52
50.91
55.45
55.52
52.67
50.83
57.09
54.73
54.99
55.18
57.18
55.03
55.14
57.5
52.76
55.22
55.68
54.91
54.25
55.8
57.27
53.75
54.28
55.38
54.18
57.04
54.77
54.69
55.38
54.69
55.01
54.65
54.66
54.66
53.69
55.37
54.39
54.85
54.7
53.8
55.58
54.36
54.88
54.72
53.8
55.49
54.46
54.97
54.78
53.65
55.44
54.31
54.88
54.67
53.76
55.53
54.37
54.85
55.16
54.94
55.75
53.89
53.22
54.56
54.67
55.11
54.71
54.41
54.95
54.18
55.29
54.8
53.29
54.63
54.94
53.77
52.93
55.02
55.55
55.03
55.94
55.05
52.26
54.72
55.73
55.26
55.59
53.68
54.54
NA
NA
NA
NA
NA
NA
NA
NA
NA
NA
NA
NA
55.89
55.74
54.46
54.01
55.57
53.24
54.76
55.89
54.9
54.52
58.03
54.93
54.66
54.58
55.87
NA
55.28
51.14
55.14
55.37
54.84
55.59
55.31
NA
NA
55.85
52.6
54.73
55.88
54.76
54.39
58.28
54.67
54.47
54.56
55.57
55.4
51.03
55.14
55.34
54.56
56.1
55.51
53.89
55.09
NA
53.02
54.53
55.88
54.8
54.45
58.17
54.87
54.56
54.74
56.13
NA
51.05
55.22
55.24
55.26
55.7
54.85
54.81
54.22
54.6
55.85
54.97
55.11
54.53
54.57
55.84
54.96
55.1
NA
NA
51.15
54.96
53.03
55.33
55.33
55.92
54.54
54.12
53.35
55.1
54.32
54.77
55.78
51.33
54.93
55.8
NA
55.36
55.52
54.6
55.63
55.12
54.6
54.53
55.33
53.95
55.35
55.05
NA
NA
NA
55.23
55.3
53.75
52.72
54.99
55.09
52.43
55.69
54.74
55.03
55.64
55.46
54.24
NA
54.16
55.0
56.48
55.18
54.71
54.7
55.18
56.23
54.65
53.27
55.15
53.02
52.79
54.52
54.52
54.62
53.22
54.12
54.12
55.02
54.42
51.82
55.07
55.12
NA
54.29
54.86
55.54
55.5
54.59
55.55
55.48
53.37
NA
NA
NA
NA
55.39
NA
NA
NA
NA
NA
NA
NA
NA
NA
NA
NA
NA
NA
NA
NA
53.84
52.24
54.94
52.88
55.04
55.9
55.95
55.49
53.21
55.11
55.45
55.15
55.16
54.86
55.11
55.22
55.21
55.57
53.73
55.38
55.79
54.65
54.98
55.02
55.15
54.5
55.67
55.02
53.6
54.37
56.0
56.1
56.2
56.0
54.9
55.4
55.3
55.1
55.4
52.49
54.26
55.05
55.24
54.62
55.25
54.59
54.81
54.78
55.91
55.3
NA
55.48
54.07
54.26
55.35
55.48
54.71
55.01
56.04
54.94
53.34
54.94
55.44
55.14
54.44
55.04
54.68
55.04
54.23
55.37
55.15
55.35
57.55
53.75
55.15
55.25
54.65
55.78
54.91
54.61
57.09
54.67
54.62
55.04
55.69
55.5
55.48
55.11
56.02
54.78
55.18
55.47
52.61
55.04
54.68
55.06
NA
NA
NA
NA
55.0
55.12
54.59
55.49
52.07
55.36
56.38
54.94
55.19
56.0
56.28
55.6
54.7
55.25
55.08
55.47
55.44
55.65
55.5
54.11
53.44
55.38
55.18
55.18
55.08
56.48
55.18
54.78
55.08
55.08
55.38
55.18
55.18
55.08
56.38
55.08
54.78
55.08
54.98
55.39
55.19
55.19
54.99
56.49
55.09
54.89
54.99
54.99
55.42
55.12
55.22
55.02
56.42
55.12
54.82
55.02
55.12
55.36
55.16
55.16
54.96
56.46
55.06
54.76
55.16
55.06
54.88
55.46
55.35
55.02
55.34
55.35
54.29
54.06
55.32
55.35
55.5
55.47
54.8
52.9
55.43
55.5
54.9
53.6
54.5
55.74
55.15
54.07
55.18
56.3
53.47
55.09
54.81
54.69
55.31
55.23
55.25
55.25
55.31
55.4
55.1
55.08
54.81
54.06
53.47
52.75
55.16
53.1
54.17
56.1
54.28
52.28
55.8
54.6
53.1
55.6
55.2
55.3
NA
53.85
55.34
55.39
54.97
54.96
55.18
55.94
55.16
51.32
54.77
54.76
56.0
55.26
54.97
54.07
53.74
52.26
55.72
54.6
55.1
54.99
54.97
55.56
54.28
55.48
55.36
55.09
54.85
54.7
53.68
55.1
51.53
54.97
NA
54.91
55.82
54.57
54.49
54.58
55.75
53.17
55.18
55.48
54.88
54.58
55.38
55.44
54.79
54.01
53.63
55.39
55.21
54.88
54.72
55.35
55.84
55.11
51.23
54.74
54.16
51.81
53.37
55.5
55.35
NA
NA
55.18
54.31
53.76
53.59
56.09
55.17
55.17
55.02
54.87
55.03
55.11
53.89
53.89
54.01
54.25
54.44
52.92
52.89
52.95
53.2
53.05
54.8
55.3
54.73
55.23
54.65
55.18
54.66
55.28
54.66
55.28
53.71
53.71
55.31
54.98
56.09
54.5
55.38
55.41
NA
51.81
NA
51.8
54.35
53.87
55.0
54.38
55.07
54.28
55.19
55.35
NA
51.77
NA
51.78
55.24
54.27
54.99
54.28
55.08
54.3
55.19
55.39
54.85
NA
55.14
54.93
54.62
55.94
55.64
53.77
54.63
53.45
53.5
53.4
53.53
53.58
53.66
53.53
53.66
53.29
53.34
53.16
53.26
53.32
53.69
53.42
53.29
53.45
55.17
55.04
54.88
55.36
54.66
53.94
53.97
55.36
55.3
54.64
55.3
55.54
54.21
55.04
54.34
54.26
54.81
53.04
54.7
53.61
54.68
55.2
54.99
54.78
55.16
54.91
54.64
55.13
51.76
54.6
55.07
NA
54.56
54.99
54.28
55.24
NA
NA
55.94
54.74
54.77
54.65
54.96
55.47
55.07
52.93
53.51
55.44
55.54
54.94
52.14
55.54
55.84
55.04
51.34
55.13
54.86
55.45
54.25
55.02
55.63
55.43
54.86
55.27
54.62
52.14
54.44
NA
55.53
55.87
54.97
55.08
55.97
54.91
54.56
50.89
53.91
53.03
54.87
54.33
54.78
55.87
55.89
53.1
54.77
55.73
54.65
54.93
55.41
54.89
55.08
55.66
53.01
54.45
NA
55.46
55.86
54.96
55.01
55.9
54.9
54.55
50.81
53.7
53.02
54.86
NA
54.79
55.79
55.87
53.11
54.79
55.75
54.67
54.74
55.32
54.89
55.01
55.55
53.0
54.43
52.67
55.54
55.88
54.96
55.01
55.95
54.9
54.56
50.05
54.99
53.25
54.3
54.58
54.78
55.53
56.11
53.32
54.86
55.99
54.67
54.76
55.21
54.86
55.31
55.68
53.1
55.6
53.58
53.71
53.7
54.4
54.14
53.56
53.25
53.44
53.63
53.7
54.33
54.04
53.55
53.74
53.31
53.36
53.4
53.69
55.62
55.06
55.29
56.11
55.13
55.34
55.08
55.06
55.29
55.76
55.54
56.07
55.32
55.29
54.75
55.73
54.87
55.29
54.92
54.67
55.11
55.18
55.4
54.83
55.69
54.65
55.21
55.15
54.83
55.69
54.65
55.21
55.15
54.9
55.75
54.71
55.32
55.2
54.82
55.71
54.62
55.15
55.13
54.74
55.63
54.56
55.34
55.31
55.09
54.88
55.16
55.3
54.73
55.08
55.04
55.9
54.46
55.66
NA
NA
NA
NA
NA
NA
NA
54.7
NA
NA
55.09
54.49
54.49
52.99
54.69
54.49
55.29
54.69
54.49
54.49
55.78
55.07
55.42
54.98
55.66
NA
NA
55.5
NA
NA
55.28
55.74
55.48
55.58
55.51
54.96
55.73
54.36
NA
NA
NA
NA
NA
NA
54.88
55.4
55.02
54.18
55.46
NA
52.51
55.13
54.75
55.31
56.45
54.96
NA
54.65
55.96
55.4
56.12
54.05
54.66
55.05
53.9
NA
NA
NA
NA
55.32
NA
54.49
NA
55.98
54.54
55.12
NA
55.61
55.06
55.73
53.92
53.86
NA
NA
NA
NA
54.88
54.91
54.97
53.36
53.08
53.38
53.32
53.45
53.22
53.37
53.01
53.0
52.82
53.15
53.53
53.41
53.19
53.05
53.17
54.35
54.37
54.37
55.52
55.95
55.81
56.57
55.2
52.45
54.2
55.07
54.92
NA
55.5
54.63
55.13
55.84
55.3
55.7
55.41
55.57
55.08
51.94
54.49
52.49
56.33
56.18
55.01
55.33
56.14
54.76
52.08
53.9
54.92
NA
55.3
54.92
54.61
54.68
55.55
54.92
55.13
54.92
55.12
54.67
51.47
54.3
52.08
55.96
55.57
54.53
55.17
54.44
54.92
54.69
54.58
54.57
55.37
55.5
NA
NA
53.71
53.85
54.38
55.74
55.24
NA
51.69
55.79
55.07
54.34
54.86
54.32
55.1
54.32
NA
52.35
53.99
55.07
55.53
55.13
54.79
55.08
55.11
54.43
54.93
55.07
55.01
54.4
55.68
55.37
55.3
NA
55.49
49.01
55.77
54.65
53.79
55.39
54.48
56.12
53.32
52.42
55.12
55.42
55.72
55.62
51.02
54.32
55.02
55.62
55.42
55.03
NA
54.77
54.84
55.03
54.82
55.31
51.91
54.68
55.43
54.66
54.69
54.43
54.86
51.3
55.19
54.96
54.8
56.05
55.43
55.75
54.95
55.25
54.85
NA
56.07
54.37
54.97
55.42
55.22
55.52
53.82
53.72
NA
NA
NA
53.43
54.53
54.33
55.63
53.23
52.53
54.53
55.72
55.52
55.22
55.52
54.12
55.68
55.17
55.88
55.56
56.23
55.27
55.3
55.0
55.1
53.01
55.16
56.16
55.16
55.16
55.26
54.96
54.26
55.78
56.88
55.78
54.98
55.28
54.88
55.68
55.58
54.88
55.18
54.88
55.58
55.1
55.5
54.7
55.07
55.27
55.57
55.97
56.77
54.67
55.31
55.51
50.11
55.71
54.61
54.31
53.65
54.54
56.29
54.99
54.69
55.99
54.91
55.13
55.1
54.5
54.63
NA
NA
NA
NA
NA
NA
NA
NA
NA
NA
54.67
55.87
55.67
55.47
55.2
55.4
51.3
54.75
55.05
55.91
55.61
55.21
55.21
54.81
55.41
55.81
55.91
55.11
51.81
55.01
55.81
56.0
53.35
54.42
54.68
55.4
55.38
55.92
54.54
54.46
55.33
55.73
55.03
54.13
55.94
54.24
52.14
54.84
55.84
55.94
53.84
56.04
55.24
54.84
54.64
54.84
54.84
56.44
54.44
55.25
55.55
55.25
54.05
55.02
54.66
55.0
54.9
54.43
55.31
55.48
55.66
54.55
54.87
55.7
54.62
55.54
54.83
53.87
56.28
55.31
54.97
54.77
54.87
54.93
55.77
54.84
55.55
54.95
54.99
NA
55.42
52.06
55.31
55.11
55.26
55.16
54.81
54.64
53.6
54.86
54.87
53.66
54.88
53.48
53.99
53.16
55.04
54.84
55.54
55.17
55.27
54.77
54.67
55.07
55.56
55.99
54.91
54.01
55.51
54.58
55.04
54.78
55.51
55.98
55.98
56.6
55.1
55.0
55.8
55.0
55.2
NA
54.72
55.02
55.43
54.33
54.73
54.93
51.73
55.13
55.23
NA
51.53
NA
54.13
52.13
54.93
54.63
54.78
54.58
55.68
54.58
55.68
52.98
52.82
55.22
55.52
55.12
53.89
55.02
54.69
54.98
55.54
54.41
NA
NA
NA
51.88
55.75
54.91
54.71
54.61
53.71
51.71
55.11
51.71
55.11
54.61
56.11
54.21
52.21
54.61
54.81
54.54
54.34
54.64
53.94
54.04
54.44
54.94
55.44
54.7
55.04
54.53
52.09
54.37
53.77
54.37
54.17
54.77
55.77
55.47
54.77
55.64
55.54
52.91
55.64
55.07
54.53
55.62
54.76
54.75
54.58
54.88
54.88
54.88
54.28
54.88
54.88
55.0
54.9
54.9
53.6
54.3
54.9
54.9
55.61
55.16
55.44
54.38
52.03
52.48
54.82
55.94
55.49
51.41
54.82
54.94
55.61
NA
55.1
54.72
54.39
53.91
53.68
55.21
55.08
54.19
54.77
53.84
53.7
55.08
54.99
54.23
60.53
55.53
54.9
54.0
52.11
54.04
54.97
51.21
54.49
53.48
54.81
52.21
54.91
54.21
NA
54.26
55.22
55.38
55.65
52.76
53.61
54.2
53.9
53.91
53.9
54.72
54.83
54.88
55.23
54.83
53.83
55.44
53.84
54.84
55.74
55.14
54.34
54.54
55.54
55.24
NA
NA
54.94
NA
NA
54.88
55.94
55.14
55.24
54.44
55.04
55.44
54.74
54.14
54.44
57.07
55.02
55.27
54.56
54.78
55.44
55.79
54.91
53.59
55.28
54.55
55.0
54.6
55.03
53.75
55.45
54.95
54.65
55.15
54.55
53.95
55.05
55.44
52.29
55.67
54.97
54.87
54.67
54.37
54.87
54.47
53.97
53.97
54.47
54.67
53.07
54.47
54.27
55.47
56.85
54.75
54.95
54.4
52.74
54.85
56.26
54.15
55.09
55.8
55.56
54.16
54.86
55.8
56.03
52.64
55.65
54.71
54.33
53.98
53.95
55.37
55.59
55.03
55.17
54.79
55.3
55.15
55.48
54.66
54.93
55.42
55.29
54.79
54.19
55.29
54.79
54.79
53.69
55.79
54.19
54.59
55.08
56.07
54.4
52.11
51.67
56.08
54.62
55.16
51.52
54.02
56.11
55.4
NA
55.87
55.17
55.37
55.07
54.87
55.24
55.21
56.14
55.63
55.28
55.91
54.43
54.39
55.77
55.69
55.19
54.6
54.6
54.05
54.75
54.85
55.75
54.75
55.75
54.85
55.05
52.45
55.15
56.45
55.45
55.55
54.95
54.85
54.95
55.05
54.65
55.25
55.12
56.22
55.32
55.62
54.82
55.66
55.67
56.27
55.17
56.37
55.57
56.02
55.32
56.32
55.32
54.87
55.37
54.27
54.67
54.87
55.77
55.47
55.97
55.97
54.97
55.07
55.25
55.12
54.41
54.88
53.76
55.28
54.47
52.32
55.54
53.98
55.77
55.45
54.79
55.05
NA
55.45
55.31
54.06
55.88
55.24
54.47
54.68
54.94
55.51
54.03
55.59
54.87
55.32
54.69
54.59
55.72
54.95
54.94
56.05
53.4
54.47
54.92
57.52
53.22
55.02
NA
53.03
53.84
55.83
54.71
54.71
54.56
55.09
55.51
54.96
52.88
53.71
53.88
51.48
55.63
54.85
55.01
56.15
55.14
54.97
55.46
55.2
53.4
54.23
53.8
55.09
55.65
55.86
54.84
54.71
54.9
54.77
51.39
52.21
55.21
55.21
55.21
55.41
55.31
55.15
55.1
55.1
56.43
54.03
55.59
54.09
55.09
55.19
NA
55.09
53.34
52.94
52.74
52.64
55.54
56.0
55.67
55.12
54.85
53.65
54.85
54.05
55.6
55.99
52.56
54.76
55.51
54.97
55.52
54.9
NA
54.08
55.67
55.83
55.06
55.0
53.74
53.84
54.35
54.95
NA
55.45
54.86
54.83
56.12
54.35
55.32
55.22
NA
55.11
54.71
51.01
56.11
56.41
55.71
54.31
53.71
55.16
52.39
55.43
54.82
54.98
55.98
52.78
56.13
54.68
54.77
NA
52.88
53.22
54.91
54.85
54.91
54.26
55.1
54.88
53.83
54.38
55.35
55.71
54.81
55.11
55.31
55.21
54.85
54.95
55.15
55.9
55.6
55.2
55.2
54.8
55.4
55.8
55.9
55.1
51.8
55.0
55.8
54.76
55.06
51.66
54.96
55.26
54.46
54.76
54.36
54.96
NA
55.46
54.96
54.76
54.95
55.05
51.75
55.05
55.25
54.55
NA
55.05
55.35
NA
55.55
55.05
55.05
54.14
54.14
55.24
55.34
55.06
55.08
55.48
54.97
53.77
55.54
55.28
55.08
55.21
55.12
54.72
55.75
55.2
55.1
55.53
55.53
54.01
55.71
55.52
53.9
54.82
54.89
53.75
55.57
54.73
55.44
54.41
55.54
55.57
55.52
54.88
54.75
54.12
53.43
54.2
53.81
53.82
53.84
52.9
52.89
55.26
53.79
54.29
54.71
55.26
54.78
54.33
55.57
54.17
55.57
55.37
52.79
52.87
56.16
54.33
54.97
54.6
51.72
56.94
54.7
55.12
55.02
54.92
54.17
55.33
53.82
54.72
55.72
55.66
55.41
NA
NA
54.82
52.05
55.0
54.92
54.95
54.86
54.2
54.87
54.85
55.45
55.15
56.38
54.58
54.54
52.96
54.84
54.75
54.64
54.14
55.34
53.89
54.83
54.06
54.86
56.26
55.7
55.3
55.23
56.42
55.61
55.23
53.32
54.63
54.31
53.97
51.72
55.27
54.57
54.57
55.37
54.77
55.27
55.17
54.77
55.2
55.02
54.69
55.43
55.14
54.75
52.01
54.31
56.02
54.39
54.97
54.89
54.39
54.94
54.31
55.88
54.57
55.16
53.88
55.26
54.87
55.63
55.73
55.27
56.6
54.73
55.31
55.21
54.4
55.12
53.62
54.62
55.62
52.02
55.12
54.62
55.62
55.12
54.12
55.12
56.12
55.12
55.62
55.62
55.62
55.12
56.04
55.14
55.04
55.14
52.14
54.84
56.14
56.24
55.24
55.24
56.04
NA
54.95
54.89
54.14
53.14
54.74
55.34
56.14
54.64
51.96
55.36
56.16
53.76
54.49
54.39
55.29
54.49
55.27
55.37
56.35
55.69
51.89
53.73
55.37
56.14
55.33
54.27
54.03
53.06
55.16
53.66
54.68
55.02
55.56
54.83
55.65
55.33
55.29
54.64
54.59
54.81
54.5
55.11
55.07
55.96
55.65
54.86
54.95
55.54
55.14
54.74
54.74
54.04
55.54
54.64
56.44
54.74
54.74
54.24
54.7
54.85
54.35
54.99
54.85
55.56
55.3
54.76
55.65
55.45
54.95
55.46
55.74
54.9
56.1
55.04
54.57
55.02
54.74
55.27
55.05
54.95
53.31
54.2
53.58
55.37
54.85
55.79
NA
55.9
55.01
55.85
55.15
55.33
55.78
55.48
55.03
56.01
55.43
55.43
55.42
55.82
55.37
52.99
53.89
56.94
54.85
54.88
55.33
55.2
55.24
54.94
56.19
55.09
55.09
53.93
54.54
54.39
55.47
55.7
55.1
55.1
55.5
54.9
54.0
55.8
55.6
53.7
54.9
54.9
56.13
55.83
55.53
55.33
55.43
57.33
55.13
55.03
54.63
54.97
55.07
55.14
54.66
55.92
55.1
54.64
54.98
55.28
55.03
51.4
53.3
54.62
53.85
55.27
55.18
57.01
54.99
53.79
55.99
51.89
56.09
55.39
55.29
54.89
55.36
54.67
55.2
55.33
54.72
NA
55.27
54.97
50.82
53.49
54.67
53.63
55.12
55.04
57.07
53.22
55.04
52.3
55.0
54.32
54.62
54.83
53.47
55.63
55.23
55.33
54.53
55.03
54.78
53.58
54.88
55.58
54.54
54.77
NA
55.57
NA
NA
55.62
54.92
55.12
55.42
54.52
NA
55.05
55.08
56.0
56.21
55.25
55.45
55.93
55.08
54.2
54.9
57.6
55.0
55.4
53.8
55.46
55.56
53.66
54.66
55.46
54.96
54.76
57.26
55.3
55.2
54.83
55.53
55.62
54.44
55.11
54.1
55.13
NA
54.67
54.62
54.61
54.35
54.59
55.34
52.39
51.15
54.79
55.05
54.49
54.94
55.02
55.27
54.56
54.78
51.98
54.63
54.43
54.45
51.81
54.04
53.35
53.36
54.79
55.05
54.49
54.94
55.26
53.86
55.04
55.54
55.84
55.94
56.84
55.43
55.23
54.37
55.51
55.27
54.95
54.55
55.46
54.45
54.45
54.03
55.23
53.73
55.63
55.23
55.13
54.63
55.23
55.03
54.33
51.63
55.37
53.55
55.96
54.46
55.67
54.15
55.5
54.98
55.54
55.31
55.05
55.22
55.07
56.46
55.56
54.76
53.86
54.41
54.89
54.66
54.1
55.43
55.56
54.76
54.81
55.26
55.4
55.53
54.7
54.57
52.68
55.74
55.39
54.42
55.82
54.92
54.72
51.42
50.12
55.82
54.12
55.32
55.02
55.22
54.92
54.42
55.31
55.21
53.21
54.41
54.91
53.41
55.31
54.51
52.31
55.61
53.91
55.81
55.51
54.91
55.11
52.41
55.51
55.41
53.91
55.71
55.31
54.41
54.71
54.91
55.61
54.11
55.61
54.91
55.31
55.29
55.19
54.49
54.89
54.29
55.29
54.49
52.29
55.59
54.49
55.89
55.49
54.89
55.09
52.59
55.49
55.29
54.29
55.99
55.39
54.79
55.49
55.19
55.59
54.09
55.79
54.89
55.39
54.98
55.46
52.25
55.08
54.98
54.37
55.47
56.02
54.92
55.19
55.06
55.06
55.16
54.76
55.96
55.65
53.92
55.48
53.93
51.13
55.26
55.06
54.96
55.44
55.22
55.49
55.39
54.4
55.09
55.49
54.59
55.29
54.39
51.79
55.38
54.08
55.27
54.93
55.02
55.56
55.15
56.15
54.85
55.55
54.85
51.85
55.06
54.66
55.06
50.06
55.16
54.6
54.4
55.0
54.5
54.9
54.8
55.62
54.82
53.72
NA
54.27
NA
54.7
56.02
54.92
55.22
55.86
53.81
55.79
55.22
55.0
55.41
54.74
54.04
55.66
56.06
54.66
54.66
55.16
51.96
54.46
54.99
55.2
54.72
55.74
55.48
55.48
54.98
55.28
54.98
54.98
54.78
54.08
55.28
54.98
55.28
54.08
53.58
55.28
55.68
55.68
55.71
51.75
56.32
55.99
55.08
54.23
56.94
55.58
55.51
56.04
55.21
NA
54.63
55.32
53.79
52.72
55.02
56.53
56.04
55.14
54.49
57.05
55.72
55.43
56.08
55.2
53.87
53.87
54.32
55.21
51.82
55.31
54.51
54.31
55.11
54.71
54.51
54.51
53.81
53.81
55.41
54.11
54.51
54.61
54.41
54.81
54.81
54.69
53.87
54.56
54.24
55.43
54.77
55.45
55.94
55.74
54.33
54.54
55.66
53.57
55.04
56.04
54.84
55.63
55.45
55.65
55.29
56.76
55.35
55.12
55.29
55.24
54.19
55.74
55.31
54.16
55.17
54.99
54.77
55.13
54.83
54.65
52.58
54.71
54.78
55.51
55.12
55.09
54.88
55.35
54.85
54.48
55.04
55.02
55.4
54.32
54.65
52.33
55.1
55.39
55.67
54.26
52.74
54.62
55.62
55.22
56.52
53.92
55.0
55.3
55.34
55.73
54.99
NA
55.38
55.37
55.06
55.42
54.99
53.12
55.29
54.03
55.61
55.57
55.85
56.51
54.45
55.05
54.47
54.77
54.43
53.35
54.54
53.18
55.11
54.99
55.89
55.43
54.81
54.93
55.46
55.44
55.42
55.14
54.19
53.11
54.83
54.75
55.4
54.88
54.88
54.65
50.67
54.96
55.0
55.07
54.66
55.48
54.73
55.64
55.91
54.75
54.77
55.11
55.19
55.41
55.43
55.13
55.01
55.2
55.41
54.86
54.86
55.3
55.79
55.08
51.25
55.66
54.71
54.85
51.45
54.96
55.02
54.44
NA
54.53
55.08
55.1
55.28
54.89
54.76
54.42
54.43
52.77
53.96
56.25
53.69
55.18
50.74
55.32
54.75
54.88
54.16
55.76
54.56
53.09
52.44
52.51
55.33
55.85
54.61
56.45
55.46
55.46
55.56
55.46
55.46
55.66
54.36
53.56
54.16
55.76
54.06
55.03
55.63
54.93
55.05
55.55
55.65
56.25
55.29
55.34
56.08
NA
55.65
55.27
53.66
54.72
54.33
53.99
51.71
55.31
56.29
55.34
55.57
55.87
55.45
55.76
55.41
54.5
53.94
56.71
54.8
52.86
54.95
54.87
55.7
NA
54.9
55.32
54.82
54.83
55.06
51.74
54.61
54.59
52.45
54.94
55.22
55.29
56.04
NA
55.93
55.89
53.3
55.28
55.98
54.48
56.48
56.35
54.98
55.44
55.1
55.34
55.31
55.28
55.15
54.71
54.76
55.35
55.51
54.73
55.79
55.59
55.48
55.25
54.46
54.35
51.63
54.62
55.47
54.76
55.61
54.88
54.82
55.01
55.33
54.79
55.16
52.59
53.23
55.03
55.48
55.58
54.93
55.36
53.94
55.47
54.41
55.03
54.9
55.19
52.79
55.99
55.99
55.49
55.76
55.06
55.06
55.86
54.66
55.46
55.26
54.86
55.26
54.96
55.96
55.76
55.26
52.96
55.26
54.16
54.06
54.76
54.96
55.66
55.46
55.26
55.16
54.56
54.66
55.06
55.56
55.16
55.79
55.05
55.15
54.65
55.85
NA
53.29
55.44
55.24
55.04
54.34
55.04
55.94
55.14
52.14
54.91
54.79
55.59
55.15
55.81
55.37
54.48
55.04
54.91
54.21
55.31
54.91
54.61
55.91
55.91
54.91
55.31
54.01
55.53
55.17
56.48
55.08
55.8
54.37
54.95
54.87
55.71
54.5
54.4
54.37
54.35
NA
53.35
NA
61.67
54.03
53.35
NA
NA
55.02
54.8
54.9
55.0
54.98
54.87
54.88
54.95
54.8
54.38
54.83
56.35
55.5
54.64
55.35
55.85
54.95
51.45
55.35
54.95
52.65
54.95
52.35
55.33
55.03
54.34
55.24
55.44
52.4
55.06
55.08
55.15
55.8
52.9
NA
56.27
55.04
55.47
55.77
54.67
51.57
55.27
55.07
52.57
54.77
52.47
54.51
54.91
54.91
54.99
54.39
55.29
55.29
55.99
54.89
53.81
55.58
54.04
54.12
54.84
54.99
54.04
54.26
55.84
55.34
54.22
54.87
55.15
55.36
55.18
55.12
54.41
55.17
54.49
54.44
55.55
55.06
55.96
54.57
54.78
56.31
54.78
52.23
56.31
54.78
54.78
55.22
55.3
54.68
54.92
54.52
56.22
54.92
54.72
56.02
55.42
54.86
54.98
55.16
54.86
55.84
55.13
55.24
51.7
54.72
55.31
54.64
54.47
54.45
55.21
55.23
56.26
57.06
53.86
55.46
54.76
56.16
55.06
53.06
56.06
55.66
55.26
54.96
55.36
55.36
54.14
54.05
54.14
54.99
54.34
54.11
54.24
55.27
54.97
52.85
53.25
55.95
55.58
55.25
54.46
54.35
51.63
54.62
55.47
54.76
55.61
54.88
54.82
55.01
55.33
55.16
54.86
54.99
54.91
55.18
55.9
54.7
55.06
55.08
55.48
55.43
55.01
57.47
55.67
54.89
54.48
56.16
54.66
55.34
54.53
55.13
55.7
55.42
54.25
55.3
55.59
54.85
54.05
55.25
54.7
55.0
56.31
55.12
55.04
55.13
55.08
52.37
55.36
55.26
54.86
54.84
56.17
53.79
54.7
54.68
55.24
55.04
52.18
55.39
55.26
55.48
53.44
54.58
53.58
56.36
54.59
54.8
55.17
55.78
55.02
56.2
55.04
54.74
54.5
52.72
53.61
53.38
54.98
54.28
53.92
55.08
53.88
55.68
55.28
54.88
55.48
56.68
55.28
56.88
55.58
52.38
55.78
55.48
54.08
55.88
55.68
55.28
55.78
55.08
52.85
55.15
55.16
NA
55.23
55.13
55.54
55.17
53.75
55.28
55.04
55.51
55.29
53.71
55.93
54.36
54.05
53.43
55.3
NA
54.98
54.84
54.78
55.34
54.83
54.2
54.29
55.37
55.63
54.73
55.22
55.51
53.98
54.84
54.29
54.02
53.14
53.58
54.63
54.95
54.5
54.93
53.96
54.38
55.17
55.27
54.77
54.37
52.77
55.42
54.39
54.95
54.98
55.16
54.28
54.45
55.42
54.59
56.12
55.63
54.85
54.64
55.07
55.84
55.21
56.09
55.33
54.41
55.06
55.84
54.77
56.02
55.49
55.43
52.15
51.54
55.02
54.82
54.62
53.12
55.2
54.74
51.04
54.84
54.22
55.03
54.92
54.58
55.89
55.28
55.22
54.91
54.59
55.22
54.28
NA
54.91
54.59
54.82
54.83
54.54
56.57
53.69
55.32
52.64
54.68
51.67
55.96
NA
51.5
55.8
54.3
57.6
56.5
55.9
55.7
54.6
54.9
56.5
55.51
54.41
NA
55.21
54.81
55.61
NA
NA
NA
NA
54.3
54.82
55.32
55.12
55.21
55.31
54.94
55.0
54.92
55.01
55.56
54.62
55.35
55.41
54.86
55.17
54.67
55.23
55.58
NA
55.43
55.65
51.49
54.91
54.99
NA
50.84
53.47
53.47
55.61
53.8
54.83
53.34
55.25
54.84
52.63
54.78
54.57
54.63
55.15
55.37
56.04
54.73
52.35
53.71
55.97
55.17
55.11
54.6
54.33
53.46
52.64
55.05
53.75
55.45
54.45
55.01
54.38
51.12
55.01
55.57
55.02
55.37
55.37
55.19
55.05
53.55
54.75
55.75
55.45
52.85
54.65
55.15
52.35
54.65
55.05
54.55
56.15
55.55
54.65
55.45
54.75
54.55
55.15
55.2
54.94
54.8
55.51
55.61
54.49
55.45
54.85
55.76
54.67
55.48
55.77
54.53
54.68
55.29
54.59
55.05
55.3
54.59
53.18
54.82
55.06
54.6
55.06
54.82
54.35
56.12
53.69
54.73
55.9
55.02
54.75
55.48
54.87
55.63
56.07
54.84
54.76
55.19
55.27
55.44
55.4
54.88
55.38
53.88
54.38
56.38
54.68
57.08
54.68
55.56
54.76
54.86
54.26
53.21
55.61
55.21
56.21
55.19
54.88
55.88
51.78
56.18
54.83
55.8
54.95
53.75
54.65
54.15
55.52
53.97
56.2
55.82
53.83
55.42
53.74
54.5
55.11
55.74
55.14
55.13
55.23
52.7
55.82
51.32
55.47
55.31
55.43
55.38
55.06
55.71
55.97
54.25
54.84
55.23
54.94
54.9
55.13
54.66
54.5
54.1
55.84
55.01
53.4
51.39
55.68
55.05
55.81
55.91
55.44
54.73
54.61
53.6
54.63
56.92
55.55
54.97
54.74
55.21
57.84
54.64
54.53
56.17
66.17
54.73
54.56
55.76
55.29
54.69
55.05
55.43
54.96
54.42
56.02
54.72
55.72
54.98
54.81
54.99
54.9
53.49
54.51
54.81
54.91
54.11
54.01
56.05
55.45
56.95
54.45
54.95
54.65
54.95
54.95
55.25
55.95
54.95
55.22
54.93
55.42
52.35
55.12
55.19
55.01
54.3
55.36
55.17
53.06
55.18
55.25
54.94
52.25
55.46
55.0
55.1
54.51
55.65
56.05
54.64
55.61
54.86
55.98
55.06
55.44
55.44
55.15
55.15
55.05
53.15
56.25
54.85
54.35
54.75
54.4
55.2
54.88
54.67
54.83
55.14
55.6
53.51
56.01
55.61
55.11
55.01
55.21
54.71
54.61
55.41
NA
55.39
55.39
53.05
54.81
55.39
54.22
53.05
54.11
55.31
55.29
55.19
54.49
54.39
55.29
NA
54.62
55.01
54.71
55.21
54.91
55.01
55.1
55.14
55.65
55.06
55.19
54.93
55.59
55.86
55.32
55.31
57.14
54.78
53.98
55.03
55.23
55.18
54.01
55.23
54.95
55.27
55.06
54.75
55.16
56.35
55.14
55.14
55.14
55.42
53.92
52.66
NA
54.02
54.1
52.68
55.24
54.37
55.14
54.83
56.47
55.67
55.07
54.27
NA
NA
NA
54.43
54.87
54.12
54.86
54.72
54.05
55.85
55.41
55.43
54.92
54.74
54.74
56.04
53.84
55.04
55.14
55.14
54.94
55.54
54.98
55.13
54.8
53.99
55.55
54.91
54.52
53.92
55.56
54.26
55.63
55.72
55.03
57.08
55.06
53.94
53.92
56.49
54.69
55.19
54.99
54.59
54.8
53.71
55.12
54.96
54.65
54.8
54.65
55.12
55.58
55.12
55.34
55.74
54.64
54.82
54.64
54.62
55.14
55.79
50.7
56.3
55.37
54.89
54.48
52.32
55.11
54.84
54.65
55.17
51.34
53.44
55.87
49.61
55.02
53.54
55.8
56.5
55.3
54.31
55.08
55.32
54.92
51.59
54.06
54.98
54.54
54.53
54.8
54.6
55.25
55.48
54.73
55.03
56.06
55.06
54.99
54.9
55.73
54.7
55.01
55.21
54.71
54.41
54.58
55.4
NA
55.33
55.28
54.87
55.95
54.72
54.66
53.99
55.39
55.94
55.08
54.67
54.87
54.5
54.31
54.73
55.11
54.42
54.37
54.53
55.2
54.35
55.39
55.06
54.8
54.66
56.1
55.8
54.31
54.68
55.25
54.86
54.7
52.59
54.79
54.79
54.79
54.52
55.16
54.45
55.02
54.14
55.39
55.62
55.38
54.33
50.55
56.04
52.4
55.9
54.1
54.86
54.56
55.06
55.42
55.42
54.05
56.0
54.96
56.46
55.06
55.07
54.39
54.7
55.72
56.46
55.63
54.4
52.35
56.02
55.92
54.52
55.82
53.98
54.62
54.55
55.0
54.49
54.08
54.54
53.89
53.65
53.4
54.3
55.13
54.91
55.48
52.11
54.94
52.11
54.85
54.35
56.28
55.8
53.42
54.95
55.53
54.98
54.56
54.67
55.01
52.2
55.01
55.01
NA
NA
54.9
53.12
55.08
55.06
54.8
53.6
54.5
55.4
54.83
55.32
54.77
55.78
55.22
55.41
55.23
53.13
53.4
54.54
NA
54.89
55.2
54.51
54.5
54.67
54.54
54.98
54.9
54.74
55.5
54.53
NA
55.5
54.71
55.28
52.29
55.61
54.73
53.42
55.53
53.41
54.3
55.7
53.22
53.54
55.64
54.97
54.56
52.17
52.0
55.81
53.64
55.46
55.57
54.19
52.74
54.81
54.61
55.61
55.21
54.91
55.21
55.31
55.21
55.11
55.31
54.81
54.11
54.81
55.11
55.71
55.01
55.51
54.61
54.51
54.66
54.18
54.74
54.74
55.64
54.94
54.82
54.93
54.76
54.8
55.16
54.25
55.78
55.72
56.63
54.87
55.33
55.09
55.27
52.0
53.96
55.26
54.14
57.36
54.9
54.78
49.99
55.58
53.82
55.24
55.04
55.17
55.08
55.04
55.15
55.21
53.98
52.11
54.83
55.93
55.63
54.63
55.83
55.23
55.23
55.0
54.04
54.36
55.62
54.3
55.64
55.76
54.2
57.1
54.3
53.7
55.0
NA
54.77
55.02
54.83
52.43
52.34
54.73
53.43
54.47
55.82
54.82
55.02
53.72
54.82
55.72
54.54
54.6
53.35
54.65
53.25
54.35
54.55
54.75
55.15
55.29
55.42
55.21
54.61
54.55
56.27
55.24
55.66
54.66
54.96
54.66
54.96
55.86
54.85
56.03
54.94
54.35
55.85
55.16
50.67
54.88
52.18
55.18
54.88
54.33
55.33
55.33
55.09
55.01
55.5
55.47
53.41
54.81
55.7
54.9
55.04
55.42
53.29
55.18
55.19
54.85
52.13
55.36
54.95
55.04
54.53
55.56
55.96
54.57
55.57
54.77
51.61
55.85
55.0
55.43
54.53
54.83
55.21
54.7
55.68
55.73
55.3
54.46
56.03
53.38
54.97
54.96
54.84
55.24
53.34
55.04
55.32
55.12
55.32
55.12
54.72
53.92
54.75
56.05
54.75
55.15
56.28
54.78
54.98
54.29
53.59
55.89
55.42
54.01
54.24
54.71
54.25
54.06
55.42
56.05
55.35
50.7
54.97
55.54
54.59
55.74
59.58
53.87
53.91
55.55
55.46
55.9
55.52
54.86
55.03
55.05
55.03
54.2
54.83
55.07
55.07
55.12
54.29
55.07
56.38
55.32
55.85
55.12
55.42
55.27
55.35
52.42
56.13
55.52
56.88
56.2
56.21
56.16
56.24
55.68
55.24
56.05
55.42
55.43
55.52
54.55
55.18
55.26
55.94
55.24
55.34
55.76
53.63
55.07
54.9
56.24
55.51
55.4
55.1
53.28
52.72
55.51
55.09
55.53
56.63
55.44
55.19
52.33
55.86
54.87
55.37
55.34
56.28
54.15
53.2
55.73
55.23
52.1
55.55
55.76
55.77
55.46
NA
55.08
54.58
51.06
55.67
56.07
55.34
54.44
54.63
50.31
54.39
55.2
54.56
54.79
54.98
54.56
52.87
53.84
53.39
55.22
55.82
54.72
54.12
55.62
55.02
52.02
NA
55.32
55.22
55.02
55.42
55.12
54.72
55.32
56.08
56.79
54.06
55.34
55.32
55.49
55.34
55.08
55.09
54.91
NA
NA
54.77
NA
NA
NA
NA
NA
55.47
55.17
54.87
NA
55.17
NA
55.47
55.28
54.92
51.68
55.41
55.11
54.69
55.7
55.29
56.19
55.29
50.39
54.79
55.49
54.29
55.69
55.81
55.72
56.64
55.36
54.55
55.04
55.55
55.71
55.04
54.97
55.44
55.45
55.98
55.59
55.27
52.85
54.79
54.96
55.39
54.89
55.42
54.46
55.34
55.84
55.52
55.19
55.11
55.36
54.68
54.94
55.01
53.99
55.03
53.84
54.78
53.85
53.12
55.15
54.95
55.24
55.75
55.08
54.7
54.22
55.15
53.27
55.18
55.08
54.98
55.08
55.08
53.88
52.28
53.92
54.32
52.92
53.59
53.99
52.69
53.59
NA
NA
54.87
55.64
55.46
56.94
55.59
56.04
54.51
54.7
54.46
54.1
55.97
57.55
55.85
55.54
55.24
55.04
54.24
55.84
51.34
55.0
54.5
54.62
55.9
54.89
54.74
NA
55.48
54.72
55.55
55.95
53.03
54.81
56.54
55.15
54.87
53.82
55.5
55.2
52.59
55.25
55.47
55.29
55.04
54.51
55.1
56.0
55.16
52.11
55.3
54.92
51.29
56.12
55.14
51.39
55.37
53.96
55.87
55.21
52.56
54.27
51.27
54.77
55.67
55.87
53.87
54.45
55.32
55.32
54.89
54.71
54.8
54.54
55.06
55.32
55.24
54.89
54.28
55.24
52.45
NA
NA
56.38
52.1
55.43
54.69
53.38
55.83
55.23
55.13
54.73
55.73
54.43
54.73
54.73
55.23
54.75
55.04
54.81
54.71
54.79
54.96
54.89
55.15
55.16
54.63
56.77
54.21
55.23
54.06
54.62
54.77
54.68
56.13
55.01
54.73
54.98
55.57
55.28
56.08
56.69
55.57
55.1
55.27
55.82
56.84
54.27
54.27
54.04
55.01
55.34
55.04
51.44
55.66
54.02
57.57
55.66
56.05
55.84
55.2
55.02
53.17
54.29
54.92
54.72
55.1
54.47
54.77
55.31
54.57
53.93
54.37
53.12
52.88
54.51
54.78
53.08
54.28
54.48
54.98
55.28
54.48
54.68
55.08
54.58
53.78
54.62
54.62
55.27
55.6
54.7
53.69
55.38
55.61
56.09
54.32
54.29
52.77
55.69
54.76
55.16
52.9
54.96
55.3
55.5
55.1
54.8
55.84
55.05
55.21
55.46
55.38
NA
56.48
53.91
54.71
55.61
55.71
55.71
55.11
55.31
55.71
56.21
56.11
56.01
54.31
56.51
54.91
54.51
54.72
54.92
54.31
54.48
54.44
53.48
55.18
54.23
54.23
55.4
55.02
55.33
53.77
55.11
54.45
55.99
55.48
54.62
54.75
54.77
55.4
54.9
52.25
54.71
54.77
55.42
53.92
54.8
54.43
54.32
54.49
56.02
54.13
54.19
53.5
53.12
55.33
52.85
54.48
54.64
54.8
54.96
54.56
57.66
54.68
54.66
55.65
55.54
55.1
54.65
55.83
54.49
53.92
52.67
56.0
54.54
53.67
55.55
54.81
54.81
55.27
55.99
55.49
55.49
55.69
53.19
53.49
54.43
54.39
55.82
51.58
54.9
56.0
54.66
55.19
54.45
51.07
55.45
55.04
53.35
53.21
54.94
54.27
54.79
54.74
54.74
55.1
54.79
53.97
55.1
54.77
53.65
55.37
55.1
NA
56.34
55.84
53.48
55.01
55.55
54.99
54.84
55.45
55.95
56.55
55.04
55.04
54.75
55.43
55.93
56.13
54.49
54.31
55.64
55.98
56.06
54.73
54.19
56.69
55.18
55.18
54.89
54.39
55.72
56.12
57.39
54.45
50.89
55.09
53.06
54.55
55.05
56.17
55.49
55.22
52.37
54.99
54.91
55.07
55.47
54.17
55.17
54.15
52.23
54.98
53.82
55.53
54.67
54.68
55.0
52.0
55.2
55.09
53.94
54.0
55.22
55.45
55.15
53.45
54.54
55.34
55.04
54.74
55.04
55.64
54.94
53.84
54.64
54.92
54.34
55.11
55.11
55.71
55.31
55.41
54.31
55.46
55.36
55.56
55.36
55.36
54.26
55.24
54.85
53.38
54.45
54.88
53.69
55.24
54.39
52.27
56.35
55.51
53.88
55.74
55.28
54.59
54.9
NA
55.35
55.29
54.02
55.86
55.16
54.42
54.64
54.88
55.51
53.95
55.54
54.87
55.24
55.79
54.48
55.66
54.96
55.46
55.56
55.46
52.36
55.86
55.79
55.42
55.0
56.07
54.84
54.83
53.5
57.45
55.88
55.01
56.06
54.05
54.85
55.74
54.4
55.09
54.14
54.81
52.88
55.61
52.68
53.97
54.82
55.34
54.64
55.19
55.23
54.61
55.2
55.06
54.87
55.22
53.42
54.99
55.32
54.92
55.7
56.4
55.08
55.14
52.59
54.79
53.02
52.2
55.73
54.95
55.2
52.94
54.88
54.98
55.33
53.53
51.79
54.69
55.18
55.22
54.71
NA
54.83
54.66
55.48
55.15
54.81
54.89
54.72
55.71
54.33
55.13
54.73
55.65
55.05
55.65
54.95
55.85
55.95
55.65
56.05
55.05
56.25
55.35
55.05
54.35
53.45
52.65
53.36
54.91
54.32
54.91
54.47
55.13
57.68
54.68
55.28
53.18
55.19
55.32
55.51
55.19
55.86
52.12
56.29
55.12
57.04
55.29
54.87
55.47
NA
NA
NA
53.49
54.79
54.68
57.08
55.78
54.58
54.88
53.38
55.1
54.28
51.73
57.04
54.01
55.51
52.13
54.09
54.04
54.53
55.43
55.03
54.63
55.03
54.93
55.56
54.04
54.79
54.93
NA
53.87
55.0
56.07
54.84
54.83
53.5
54.97
55.21
54.5
53.96
54.47
54.6
55.24
55.9
54.62
54.88
54.88
55.18
NA
55.43
55.38
54.71
54.19
55.46
54.73
54.72
54.79
52.08
51.76
55.79
55.08
56.01
55.53
54.73
54.73
55.0
56.0
53.77
54.7
52.69
50.47
55.33
55.78
NA
56.37
54.03
55.21
55.04
54.78
55.02
54.61
54.71
54.85
54.85
55.34
55.39
51.55
54.96
55.18
55.2
54.77
53.98
54.84
54.85
54.82
55.07
55.57
54.6
55.35
55.36
55.19
54.36
55.38
55.44
54.73
55.23
55.56
55.29
55.4
53.92
53.43
54.7
54.6
55.2
54.8
52.3
54.75
55.01
54.04
54.74
55.54
54.24
54.74
53.84
55.25
54.63
56.54
55.34
55.34
55.34
54.74
54.04
54.04
54.14
54.94
54.94
54.84
51.84
55.14
56.14
55.44
54.35
54.87
55.59
55.33
55.11
55.31
55.28
54.45
55.28
55.04
54.04
53.7
55.14
55.46
55.54
54.09
54.78
54.48
53.88
55.38
54.88
55.38
54.88
54.88
55.08
54.88
56.09
55.74
54.54
55.4
54.62
54.15
54.27
53.58
54.69
54.09
55.03
55.76
54.77
54.47
54.76
53.04
54.47
55.49
54.94
55.86
55.94
55.6
55.92
55.3
55.45
54.63
52.41
55.3
54.09
55.52
51.88
55.04
54.8
52.94
54.69
52.8
55.07
55.43
55.26
55.48
55.15
54.77
54.85
54.79
55.36
54.66
54.32
54.51
54.67
54.61
55.2
54.84
54.51
54.71
54.65
54.27
56.47
54.67
53.89
54.86
54.98
55.77
55.4
NA
55.66
55.59
NA
NA
NA
NA
NA
54.45
55.67
55.75
54.98
55.2
54.99
54.82
53.9
56.11
54.51
56.11
54.91
54.31
54.21
54.31
53.21
55.38
54.92
55.18
54.95
55.22
54.8
55.47
54.4
54.88
57.58
55.79
54.01
54.88
57.74
55.87
54.08
53.86
54.81
54.81
54.82
55.7
55.09
53.34
55.03
54.54
55.03
54.97
54.69
54.71
55.46
54.22
55.0
55.11
55.59
54.18
54.99
55.19
55.96
55.23
54.84
53.59
54.46
55.05
NA
NA
NA
53.77
54.0
54.97
55.17
52.21
55.2
54.79
54.58
55.18
54.38
51.78
54.88
54.28
53.68
55.1
54.9
56.2
54.0
54.6
54.9
55.3
55.5
55.17
55.86
51.43
54.73
55.13
54.83
53.77
55.23
51.48
55.41
55.05
53.99
54.92
54.84
52.92
55.4
55.01
55.71
54.91
55.52
54.36
52.31
55.06
55.15
55.33
54.09
55.55
53.45
55.29
55.0
55.42
56.23
54.63
54.69
54.49
55.44
55.64
54.84
51.74
53.34
54.45
55.1
54.97
55.13
55.3
56.1
NA
NA
NA
NA
NA
NA
NA
NA
NA
NA
NA
NA
NA
NA
NA
54.94
54.71
54.96
54.22
52.25
55.01
55.81
55.45
55.7
54.71
55.95
54.71
54.71
54.49
54.67
55.91
54.06
54.96
55.53
54.77
55.35
55.01
55.48
54.77
55.34
54.56
54.23
55.47
54.95
55.57
55.11
52.75
52.55
52.35
52.45
54.95
54.15
55.55
55.45
54.7
54.19
54.19
55.61
55.11
55.82
55.82
54.05
53.01
54.81
55.12
54.82
55.02
55.82
54.33
55.47
51.81
56.12
55.02
54.85
55.68
55.39
55.52
54.79
54.11
55.06
55.08
55.28
54.83
56.27
54.41
55.38
53.88
53.05
55.64
55.03
54.46
55.98
55.11
56.09
54.94
55.54
54.71
54.21
54.8
54.63
54.31
55.5
51.81
56.09
55.02
54.86
55.67
55.43
55.53
54.78
53.96
55.06
55.06
55.28
54.83
56.27
54.42
55.36
53.89
53.0
55.63
55.01
54.44
55.98
55.1
56.08
54.92
55.55
54.69
54.2
54.78
54.63
55.14
52.05
51.76
54.96
54.86
55.16
55.15
52.82
54.54
54.77
55.29
54.03
56.41
54.01
55.25
55.13
54.85
56.48
54.68
52.08
55.78
54.98
54.78
57.18
56.38
54.58
51.88
55.68
54.88
54.88
57.18
54.69
54.91
54.66
54.14
56.6
55.59
55.24
55.02
55.15
55.32
56.44
54.65
54.86
54.62
54.1
56.37
55.55
55.06
54.97
54.84
55.28
56.4
55.6
55.09
55.3
55.42
55.3
54.89
54.43
55.84
53.47
52.22
55.45
55.24
54.92
54.76
54.61
54.97
NA
54.99
54.89
53.31
53.64
53.26
55.03
54.83
55.51
54.97
54.98
55.62
54.83
54.11
53.92
55.46
55.07
54.87
55.59
55.03
55.01
55.63
54.89
54.13
53.95
55.49
55.19
54.79
54.99
56.61
55.55
55.38
55.46
54.09
53.24
53.98
54.56
55.4
55.98
53.33
55.07
55.96
55.41
53.4
55.12
NA
53.95
54.86
55.59
55.01
55.58
55.82
55.19
55.03
55.42
55.28
54.27
55.51
55.73
55.0
51.12
54.02
54.93
55.54
NA
55.52
55.64
54.89