55.64
56.21
53.41
54.66
53.41
56.99
56.06
57.89
57.6
58.14
57.02
54.96
58.07
56.94
55.75
58.21
59.97
51.75
59.23
57.42
57.67
57.37
56.7
56.7
56.73
NA
62.1
59.55
56.96
56.81
59.04
57.03
57.34
57.21
57.43
57.18
57.98
58.49
58.0
56.46
57.08
56.55
56.32
58.23
57.7
57.22
57.56
58.86
56.83
54.75
56.6
58.28
56.46
55.53
57.44
56.32
59.81
57.82
56.97
57.43
57.53
56.37
58.47
59.81
58.86
57.78
60.26
55.07
57.48
57.83
60.01
55.72
57.26
55.17
58.86
54.38
54.79
57.61
57.18
57.11
54.85
57.14
56.44
56.95
59.02
58.65
59.34
60.28
56.46
54.79
60.96
59.9
58.17
56.65
59.65
58.92
57.24
57.43
57.32
57.74
61.06
59.3
57.95
60.12
59.61
57.2
57.44
55.76
56.47
56.73
60.03
58.08
56.53
57.28
55.22
57.54
57.79
60.66
57.36
58.12
58.02
58.48
56.6
57.29
56.02
55.14
57.99
56.43
57.84
56.52
56.27
58.35
56.47
57.19
56.37
56.44
57.69
56.7
57.92
56.66
59.91
56.93
56.02
60.49
59.76
56.04
57.38
56.68
58.32
57.13
57.02
57.98
58.84
57.5
57.76
58.19
56.94
57.27
NA
55.88
60.34
54.55
55.56
61.79
53.96
54.46
54.26
54.56
55.86
51.86
53.76
59.93
56.09
55.83
54.6
54.35
55.17
54.77
56.5
54.78
54.34
58.68
57.89
NA
NA
58.06
56.21
56.45
56.44
56.9
57.58
54.81
57.56
56.37
55.67
56.92
58.72
57.92
55.43
51.7
53.33
51.92
52.44
56.24
54.66
54.93
57.68
55.65
56.25
59.07
58.42
NA
55.39
55.44
58.94
57.42
56.39
57.39
55.85
54.96
54.4
54.54
NA
55.93
55.99
57.68
56.68
57.98
59.47
56.78
61.45
58.51
57.72
52.69
56.6
55.82
55.44
53.9
55.15
53.38
56.3
57.93
55.86
54.88
54.02
61.26
54.01
52.88
52.87
NA
56.28
55.99
55.14
54.48
55.56
56.56
54.68
54.52
55.39
60.48
51.68
56.08
54.88
56.31
54.52
53.53
54.9
55.54
54.89
55.11
57.73
57.77
60.0
56.82
56.38
56.02
56.34
58.41
57.08
56.3
55.73
55.94
56.09
51.62
53.52
52.23
52.01
59.7
54.68
NA
59.33
54.61
56.01
57.37
55.24
55.79
54.31
56.91
55.67
55.57
55.63
60.89
57.2
61.15
57.29
60.95
57.14
60.89
57.22
60.89
57.22
51.44
53.04
52.74
53.64
54.54
57.39
55.88
56.3
56.3
57.4
57.31
58.73
57.82
56.33
58.3
53.23
53.21
55.16
54.61
53.51
54.91
57.26
56.5
60.86
54.53
53.95
58.5
57.95
NA
56.06
55.99
56.06
56.61
57.3
NA
NA
58.39
58.79
NA
53.47
56.07
51.77
58.72
58.8
57.87
57.91
58.05
55.95
55.41
58.72
59.13
57.32
53.57
51.97
53.8
52.82
53.31
52.97
58.61
55.94
57.85
56.66
57.33
55.04
57.29
57.62
56.16
61.44
61.43
57.66
NA
61.96
58.72
56.07
57.77
61.57
55.47
55.66
NA
NA
NA
62.63
51.82
54.12
56.22
59.01
56.2
57.0
53.8
NA
NA
NA
NA
NA
NA
NA
NA
NA
57.94
55.99
59.27
58.07
59.5
57.6
56.1
57.61
57.81
58.24
56.85
56.83
58.9
55.88
57.27
56.67
55.99
54.9
57.1
58.1
57.82
53.35
52.39
58.01
55.58
55.28
56.08
60.54
55.17
54.16
56.76
59.64
55.37
55.83
61.43
54.0
55.2
59.97
55.84
55.05
58.23
57.23
51.84
55.04
55.14
55.44
56.47
56.36
57.34
56.99
53.07
56.26
NA
57.49
NA
55.47
56.79
57.06
55.8
59.55
57.36
58.9
57.42
52.18
56.84
52.61
56.32
55.06
54.86
NA
NA
NA
NA
57.27
55.87
55.93
NA
55.68
52.88
54.48
54.88
55.98
52.08
57.28
53.98
56.95
57.43
57.92
58.41
58.98
55.53
56.31
54.7
53.3
56.09
56.66
56.65
55.24
53.1
57.54
60.66
59.22
55.3
57.7
57.95
61.01
56.91
56.89
59.24
54.6
54.02
57.64
NA
58.57
56.36
56.69
57.88
56.58
52.58
61.18
53.78
53.58
52.98
57.58
NA
NA
54.78
57.22
51.16
57.0
55.85
57.39
58.17
53.31
60.33
54.81
52.49
52.9
56.75
56.79
54.23
54.43
NA
52.85
60.54
59.19
57.47
53.63
54.66
53.11
56.06
58.95
55.27
55.34
55.48
56.78
56.47
61.32
60.08
57.23
58.01
55.97
56.37
56.78
56.98
51.72
51.78
51.74
55.99
54.84
55.1
57.7
54.09
53.28
52.98
57.18
53.98
54.09
56.8
53.06
53.78
55.12
NA
55.86
56.73
57.98
57.85
58.25
56.05
54.04
51.88
54.73
53.83
54.96
55.17
56.76
57.03
54.47
52.14
57.22
NA
NA
54.4
53.5
52.47
54.66
53.33
52.74
58.68
53.98
54.48
59.68
55.68
56.98
55.05
52.89
56.12
NA
NA
NA
52.67
56.0
57.19
53.92
55.92
55.12
55.72
54.24
57.54
55.68
55.8
57.18
54.48
54.13
57.21
55.44
55.62
56.74
54.31
54.06
56.55
56.32
56.42
56.59
53.93
56.17
53.28
57.15
57.05
57.1
55.01
54.45
54.01
54.08
53.88
58.58
56.82
58.64
56.6
57.19
54.42
54.32
57.9
56.94
57.54
57.82
57.71
59.16
54.09
55.99
54.79
54.63
54.46
59.02
NA
59.81
56.21
57.91
55.54
NA
NA
NA
55.03
53.33
NA
NA
59.05
57.45
58.35
58.53
56.23
57.13
55.63
56.25
55.59
54.64
54.64
54.6
54.6
56.37
54.15
56.11
NA
54.36
55.17
59.07
57.57
58.77
57.91
55.61
55.51
55.79
57.04
56.64
58.79
54.87
53.62
57.25
54.97
56.29
56.4
57.47
59.07
60.28
51.55
52.75
52.75
56.15
53.85
54.55
58.35
58.06
54.25
51.05
55.05
54.45
59.08
59.08
55.98
NA
NA
NA
NA
NA
NA
NA
NA
NA
NA
NA
NA
NA
NA
NA
NA
NA
NA
NA
NA
NA
NA
NA
NA
54.94
54.98
56.79
55.57
57.27
56.27
58.86
57.02
60.02
60.06
NA
57.02
56.99
56.87
54.78
55.32
58.23
56.75
58.26
58.25
58.15
57.55
56.89
57.17
59.74
56.01
54.35
55.65
56.64
56.35
55.32
52.85
61.06
53.96
54.48
53.1
57.6
NA
NA
55.0
52.82
61.16
53.97
53.82
53.11
57.6
NA
NA
54.93
58.09
56.29
58.19
57.92
59.07
57.39
56.55
57.68
58.15
54.52
56.82
NA
NA
NA
NA
NA
NA
59.15
NA
56.8
55.58
NA
55.09
55.0
57.9
53.54
54.96
56.97
52.9
52.57
NA
54.07
52.24
56.9
59.0
57.8
55.28
57.38
58.68
55.62
54.22
59.31
57.81
54.03
59.74
56.72
57.87
57.77
57.01
58.0
56.87
59.17
54.32
55.45
57.24
55.37
55.89
57.76
59.48
57.12
57.02
56.17
54.81
54.45
54.18
54.83
54.43
54.2
54.09
55.91
54.53
55.56
57.81
56.31
59.26
54.39
51.19
55.19
54.39
54.18
50.98
54.98
54.38
59.19
57.63
58.4
58.42
56.32
58.34
62.2
61.16
56.89
55.78
54.03
56.64
56.7
55.58
55.58
56.35
57.01
57.41
52.7
55.03
55.92
51.32
55.8
57.92
56.7
54.49
53.22
54.97
52.94
58.25
57.35
59.65
54.2
54.9
56.04
55.97
57.5
55.62
58.22
58.39
55.56
58.26
57.47
60.26
55.68
57.09
58.98
56.11
54.25
55.35
54.75
58.91
56.76
57.14
57.59
57.14
59.05
50.67
50.77
54.54
52.64
55.23
58.21
55.73
59.12
56.79
58.69
54.12
53.79
58.83
57.78
57.72
58.22
57.39
57.69
56.96
56.95
57.05
57.44
58.53
54.18
53.58
59.23
57.42
58.24
59.22
57.59
NA
55.74
57.8
57.19
55.27
54.94
55.95
57.74
58.1
58.9
56.8
57.3
56.83
58.25
56.29
57.88
NA
57.26
57.64
55.46
56.92
53.02
57.12
61.56
60.22
61.5
57.9
58.53
56.59
55.45
58.18
55.11
56.85
60.17
58.15
56.75
55.1
60.6
53.58
55.26
53.77
57.52
57.59
57.2
56.77
54.82
55.82
59.51
58.04
56.76
57.1
56.41
56.97
54.75
NA
56.9
57.3
56.47
55.05
57.16
54.16
56.86
54.46
55.54
52.81
58.34
54.1
57.2
52.7
56.35
56.36
55.84
53.32
57.37
55.95
57.76
57.82
60.04
58.89
54.28
53.73
55.83
56.56
56.28
56.18
61.69
57.79
NA
56.99
56.13
57.03
56.7
59.8
60.57
56.28
NA
58.65
56.43
57.23
58.4
56.67
59.58
56.72
58.19
58.37
56.81
55.84
57.34
55.64
56.04
55.56
57.67
55.34
55.28
54.44
54.77
55.73
NA
59.06
57.95
59.2
60.1
59.3
53.77
55.92
56.51
57.81
56.9
58.41
55.41
56.44
55.34
55.2
57.26
57.95
53.81
53.91
56.01
54.41
57.21
56.21
56.48
60.29
56.29
55.29
56.1
60.1
57.8
60.33
56.1
60.37
51.09
55.7
54.54
54.84
57.84
55.99
55.95
57.16
52.31
53.7
52.42
53.67
60.17
57.02
59.83
56.03
54.57
60.32
57.36