NA
40.29
40.14
30.89
30.97
30.7
NA
34.05
29.72
29.44
NA
27.7
28.24
26.57
28.12
28.96
44.83
27.66
26.6
32.78
32.64
32.92
29.06
29.77
30.75
28.16
27.58
28.53
28.86
26.69
28.01
30.31
31.1
25.06
33.03
30.01
30.14
27.39
26.85
30.75
28.96
27.13
28.57
28.28
31.51
31.77
NA
27.77
28.57
30.94
31.52
29.08
29.39
26.61
28.13
30.42
NA
30.9
27.06
NA
27.08
28.31
32.49
32.49
31.16
28.04
29.76
33.34
29.28
31.5
30.72
NA
29.15
27.5
31.19
32.67
NA
26.41
28.31
28.18
27.57
NA
NA
28.04
28.02
26.33
28.65
24.34
28.26
25.62
45.6
30.76
28.32
28.52
NA
28.98
27.45
28.36
NA
30.44
29.14
28.36
30.42
NA
29.17
NA
29.9
29.27
29.43
29.69
30.05
NA
28.1
32.0
28.84
30.32
30.42
27.59
NA
NA
30.06
32.05
41.46
36.96
36.76
39.46
33.63
31.42
NA
43.44
36.92
36.27
NA
NA
27.58
32.2
29.66
29.45
32.12
32.13
30.82
25.39
32.42
NA
31.12
32.42
25.52
29.94
NA
NA
NA
27.75
NA
NA
28.64
27.94
49.81
NA
26.88
29.8
28.4
43.62
32.26
28.42
30.46
26.34
28.58
27.48
31.43
31.43
NA
31.78
31.78
30.08
32.08
25.58
27.93
31.88
27.82
30.52
30.98
40.7
NA
37.6
38.5
27.99
28.12
NA
NA
NA
NA
NA
NA
NA
NA
NA
NA
NA
26.23
NA
NA
42.23
NA
NA
29.48
28.41
42.38
40.98
38.3
NA
NA
NA
40.99
41.4
41.27
41.21
45.14
37.74
45.24
40.14
39.52
44.7
40.14
39.53
44.7
36.81
26.57
35.46
18.03
44.18
26.83
NA
28.88
NA
28.12
25.43
31.53
31.55
31.49
30.33
27.89
28.73
35.07
41.18
45.0
38.52
30.68
31.02
NA
29.99
30.27
28.39
NA
NA
46.27
28.46
28.29
28.47
28.46
29.05
29.42
27.19
28.09
29.96
27.7
29.67
NA
30.96
31.49
31.88
NA
NA
NA
NA
NA
NA
NA
NA
NA
NA
NA
NA
36.32
NA
NA
NA
NA
NA
NA
40.6
26.41
NA
NA
NA
41.0
40.3
32.99
NA
36.39
42.59
38.99
NA
41.63
40.73
NA
47.33
41.73
43.54
40.14
47.44
NA
30.78
26.81
27.67
NA
30.62
29.92
28.22
30.42
27.63
NA
NA
39.81
43.11
37.41
28.21
28.13
25.47
NA
31.97
40.89
36.46
NA
29.2
32.74
30.59
30.43
26.79
NA
NA
29.17
29.43
40.24
36.94
29.97
27.14
NA
NA
41.75
38.71
38.12
37.74
NA
41.06
NA
27.04
NA
33.98
32.35
28.81
32.08
41.6
38.34
38.85
46.1
NA
NA
NA
NA
NA
41.22
39.96
39.15
42.18
37.08
37.58
36.48
28.1
28.63
28.39
NA
NA
NA
NA
38.0
36.3
39.8
40.0
26.8
28.53
28.5
NA
39.93
45.32
34.75
32.99
32.45
31.62
31.09
30.58
39.43
45.09
40.19
NA
NA
28.85
29.25
31.99
NA
34.14
31.78
31.82
31.68
31.77
28.84
NA
27.94
NA
41.7
NA
NA
NA
30.3
NA
26.88
39.58
NA
NA
40.68
37.58
46.98
47.08
30.18
30.76
30.85
NA
27.27
NA
NA
NA
40.98
36.62
38.87
39.8
45.3
34.5
33.93
39.01
43.46
27.33
NA
27.4
42.53
NA
NA
NA
NA
NA
NA
NA
26.05
NA
40.17
45.84
34.87
31.6
31.61
31.0
NA
NA
29.28
40.93
38.34
45.28
40.11
27.65
27.14
NA
NA
NA
31.08
30.8
31.64
30.41
30.22
30.74
27.65
28.13
30.66
27.12
28.5
NA
NA
NA
NA
43.08
44.01
NA
NA
NA
NA
NA
37.31
40.77
24.82
NA
NA
NA
27.93
33.86
39.06
43.46
51.82
33.41
27.6
28.54
37.39
43.15
43.42
43.61
NA
28.16
NA
41.68
NA
NA
NA
34.07
NA
31.9
NA
NA
NA
40.0
37.9
44.34
39.0
38.38
NA
NA
NA
NA
37.61
28.52
44.07
35.07
NA
NA
NA
44.15
35.06
27.45
26.71
40.62
40.42
NA
39.52
43.56
45.06
NA
NA
30.02
32.62
39.36
35.94
38.81
39.58
46.11
41.85
42.56
29.3
26.29
28.95
28.85
28.96
32.45
NA
NA
NA
NA
NA
NA
37.51
NA
28.92
30.45
32.05
31.95
31.05
30.35
37.46
32.56
32.56
NA
28.16
26.3
31.87
NA
NA
NA
NA
NA
46.12
45.02
41.3
31.19
28.75
27.76
26.77
27.67
33.6
40.46
30.57
30.92
32.88
31.1
31.41
37.71
45.67
34.64
39.76
37.84
36.28
38.15
37.72
28.8
NA
NA
28.51
NA
NA
NA
NA
NA
NA
NA
NA
NA
NA
NA
26.23
NA
NA
NA
28.22
NA
29.61
NA
40.35
NA
NA
41.28
36.64
NA
40.99
28.31
27.82
29.99
29.97
29.16
42.03
NA
27.24
30.88
32.45
31.19
28.75
27.76
26.77
32.07
32.47
28.29
38.4
44.07
38.15
45.45
30.35
32.41
30.51
38.05
38.75
27.02
27.48
27.88
29.78
29.88
NA
NA
NA
NA
NA
NA
NA
NA
NA
NA
NA
NA
NA
29.68
NA
26.81
26.95
41.37
NA
NA
39.67
NA
29.38
28.07
30.14
NA
NA
NA
42.19
39.69
40.59
45.19
44.39
30.71
28.47
28.4
30.9
31.7
29.81
NA
29.72
30.44
30.32
33.12
31.63
31.9
40.9
28.78
28.14
28.15
29.65
NA
NA
NA
30.21
28.1
42.48
27.19
40.49
NA
46.86
41.12
38.02
46.9
27.39
32.09
28.1
29.9
27.98
NA
39.49
37.39
33.79
NA
NA
NA
28.03
28.95
27.89
29.62
NA
NA
42.29
NA
NA
35.87
39.15
NA
41.27
41.14
37.35
40.09
38.76
32.7
30.58
NA
28.11
26.81
28.79
32.13
28.06
29.06
27.62
NA
39.95
NA
29.47
26.07
27.79
30.23
31.4
30.36
32.9
34.67
44.82
NA
43.13
43.4
34.45
41.08
42.28
NA
NA
NA
41.51
37.89
38.99
37.98
38.68
30.34
28.61
28.7
NA
27.59
NA
28.26
27.36
41.5
31.43
30.47
31.76
31.87
29.14
29.94
30.31
29.89
29.84
31.02
28.69
31.49
37.76
27.51
27.76
27.0
41.41
38.03
43.76
NA
38.45
26.98
29.62
31.24
NA
38.63
32.31
NA
30.9
31.6
NA
29.57
29.78
25.58
NA
30.98
29.48
29.31
27.27
29.46
37.75
NA
30.15
29.05
31.18
32.39
31.33
27.85
27.95
NA
27.95
50.87
41.17
40.65
42.16
45.13
45.25
44.61
28.13
27.94
30.78
NA
28.41
41.13
39.53
31.84
27.36
NA
28.08
30.4
31.13
27.14
40.54
NA
NA
NA
28.15
39.8
39.5
27.71
28.34
NA
NA
NA
39.55
38.32
52.54
27.69
27.92
27.69
31.82
29.41
NA
27.07
NA
29.0
31.05
28.03
26.95
NA
31.3
NA
NA
NA
32.5
27.8
27.84
NA
28.06
31.98
29.93
NA
42.05
27.51
NA
40.8
40.43
NA
44.7
31.5
30.42
31.32
30.98
30.98
30.68
39.79
28.13
26.73
28.01
28.69
45.88
38.51
48.26
NA
28.7
28.76
29.5
27.2
46.56
39.39
NA
NA
47.82
NA
38.5
NA
NA
NA
31.79
27.55
32.66
31.04
32.43
29.39
31.57
32.57
32.03
40.07
NA
34.68
43.86
NA
43.79
35.7
45.76
42.65
NA
41.96
NA
27.63
24.27
27.49
NA
NA
40.79
40.11
36.97
NA
39.2
27.23
31.59
30.49
28.39
48.19
27.84
27.84
31.53
31.23
27.76
33.24
28.61
NA
31.65
32.23
31.67
NA
25.44
28.11
32.24
NA
45.33
28.35
27.7
26.59
37.83
37.93
30.21
29.24
31.09
29.69
30.62
NA
31.31
32.47
32.01
32.03
40.07
NA
NA
26.98
NA
NA
NA
NA
28.87
27.74
46.13
34.7
40.04
27.79
30.27
30.98
30.65
30.36
29.7
35.93
35.59
28.94
39.94
NA
39.84
44.16
27.35
29.82
26.8
25.58
NA
28.2
26.22
NA
38.3
NA
41.7
41.5
41.4
45.06
44.98
30.98
34.08
40.57
NA
35.97
NA
NA
27.76
NA
28.41