171.73
NA
NA
176.6
174.87
176.07
NA
NA
176.06
177.04
175.17
174.44
174.46
175.12
173.15
173.66
173.65
172.43
174.87
175.57
175.69
175.53
177.62
NA
NA
173.89
171.83
173.48
173.08
175.72
174.5
NA
NA
NA
176.48
NA
176.03
175.69
173.94
174.18
175.77
173.29
175.71
175.48
175.24
175.73
NA
172.99
171.7
174.94
174.68
177.08
174.25
174.82
175.3
173.01
170.79
173.7
173.24
174.04
174.39
NA
176.02
176.01
172.88
173.88
172.44
NA
174.99
176.29
173.54
175.35
175.9
NA
172.56
176.05
174.98
NA
173.86
NA
173.57
NA
NA
176.19
174.75
NA
173.29
172.7
173.25
174.65
174.33
172.4
174.18
174.4
174.23
173.09
172.38
174.09
NA
NA
172.61
173.15
176.49
175.76
177.66
177.75
177.82
174.29
177.95
175.31
178.18
174.58
NA
175.72
174.2
175.71
174.84
174.61
NA
176.37
178.36
175.48
173.58
175.16
NA
175.03
175.68
175.29
174.13
173.4
173.97
173.01
NA
NA
174.86
NA
NA
173.52
177.3
175.32
175.36
NA
175.97
176.77
NA
175.37
NA
174.37
NA
NA
NA
175.1
NA
NA
171.66
174.15
174.1
NA
178.92
172.98
174.61
175.18
NA
178.05
175.83
NA
172.81
172.73
175.41
175.75
NA
NA
176.48
174.58
175.08
174.78
NA
NA
174.27
NA
176.63
175.81
NA
175.91
176.23
174.26
173.03
NA
175.83
175.93
175.83
175.93
175.82
175.82
175.82
175.82
175.92
175.92
NA
174.29
175.81
176.89
NA
178.69
171.57
173.61
174.16
NA
NA
NA
NA
NA
173.54
174.84
NA
NA
174.61
171.11
174.21
173.36
173.95
173.62
173.63
174.21
173.89
NA
174.8
174.56
NA
NA
172.76
NA
NA
NA
173.74
172.46
177.26
NA
177.94
173.02
NA
176.65
173.71
173.78
174.93
175.15
NA
NA
NA
NA
NA
173.26
NA
NA
173.98
175.25
175.19
174.98
174.66
173.47
176.39
173.27
176.03
173.12
174.34
176.23
NA
177.01
174.86
174.61
NA
177.57
NA
NA
NA
172.76
NA
NA
173.7
NA
NA
173.77
174.28
NA
NA
NA
NA
NA
NA
NA
NA
NA
NA
NA
NA
NA
176.0
179.3
170.7
174.3
179.8
NA
174.3
175.8
174.7
170.6
174.3
175.45
173.45
174.95
NA
NA
NA
NA
NA
175.75
175.05
175.25
174.55
NA
NA
NA
NA
NA
NA
176.58
173.42
172.39
176.64
NA
NA
NA
NA
NA
177.1
174.62
174.46
176.17
NA
NA
NA
175.35
NA
NA
178.25
NA
NA
NA
NA
175.69
175.55
174.96
NA
174.45
NA
175.59
NA
176.51
175.88
174.73
172.39
NA
NA
NA
NA
NA
NA
NA
NA
NA
NA
NA
NA
173.94
NA
175.34
174.74
174.02
175.41
NA
NA
NA
NA
NA
NA
NA
177.3
NA
NA
173.79
NA
175.17
NA
NA
NA
177.59
177.14
177.16
173.92
175.59
NA
NA
NA
NA
NA
NA
NA
173.38
NA
172.96
178.13
178.01
177.73
177.77
NA
NA
176.91
NA
174.78
NA
NA
NA
NA
NA
NA
175.05
NA
180.57
173.16
174.56
173.76
174.96
176.67
NA
NA
NA
174.58
NA
NA
NA
175.58
175.49
NA
173.01
175.11
174.41
175.69
NA
NA
174.1
NA
174.01
NA
NA
176.58
175.42
NA
176.58
175.22
NA
NA
NA
NA
NA
NA
NA
NA
NA
NA
NA
NA
175.69
175.39
176.97
172.27
NA
NA
NA
NA
NA
177.51
175.92
176.73
NA
175.63
173.09
NA
NA
172.25
NA
175.31
NA
NA
NA
NA
NA
174.24
NA
NA
NA
NA
NA
174.62
NA
174.78
NA
NA
NA
NA
175.64
NA
NA
172.44
NA
174.67
175.02
177.75
NA
172.87
170.47
NA
NA
NA
173.66
NA
173.89
NA
173.84
NA
176.19
NA
NA
NA
NA
NA
NA
NA
NA
176.72
175.79
176.05
175.7
174.87
NA
NA
NA
173.74
NA
173.91
173.5
175.55
NA
NA
NA
NA
175.73
175.79
174.61
174.46
174.91
NA
175.83
NA
NA
NA
NA
NA
NA
NA
NA
NA
NA
174.7
172.0
173.08
174.42
NA
NA
NA
174.06
NA
NA
174.96
NA
172.59
177.73
176.93
174.83
177.63
176.43
NA
NA
NA
174.53
173.91
174.16
173.45
NA
175.28
173.65
175.13
173.53
171.68
173.48
NA
178.15
177.55
175.55
174.05
173.91
177.48
NA
176.85
175.63
175.79
176.19
175.74
176.85
174.18
176.0
175.36
NA
176.34
174.79
NA
174.72
178.04
NA
173.19
NA
NA
NA
NA
176.63
175.31
NA
176.61
175.29
NA
175.91
172.46
172.47
173.19
172.43
NA
175.55
NA
172.4
173.6
NA
NA
176.15
173.5
NA
175.13
173.29
NA
NA
NA
174.88
172.82
175.88
NA
178.91
175.37
178.15
177.55
175.55
174.05
176.32
177.02
NA
176.88
175.18
NA
174.08
NA
NA
NA
176.25
175.75
172.87
174.45
174.4
NA
NA
175.2
175.45
172.75
175.35
NA
175.51
NA
175.4
NA
175.45
NA
175.37
NA
NA
NA
177.03
176.33
NA
NA
NA
NA
NA
174.43
173.41
NA
NA
NA
175.86
NA
NA
NA
NA
NA
NA
171.78
172.81
NA
172.61
175.5
NA
176.79
NA
NA
NA
NA
NA
175.1
173.32
173.94
174.44
176.54
175.81
171.22
NA
174.99
NA
NA
174.38
172.93
NA
NA
172.96
175.87
173.91
173.13
174.6
NA
NA
NA
NA
NA
NA
NA
NA
NA
NA
173.8
175.23
174.29
NA
NA
NA
176.44
NA
175.53
175.77
173.02
174.53
176.59
173.31
173.22
176.49
NA
176.79
175.3
173.16
175.96
172.66
NA
NA
NA
173.11
172.64
NA
NA
174.0
172.1
174.8
175.23
174.58
NA
174.34
NA
178.11
174.53
NA
NA
NA
175.58
NA
174.47
NA
NA
NA
NA
176.34
175.64
176.25
175.75
172.81
176.19
NA
NA
NA
NA
NA
NA
174.66
175.76
175.23
174.67
174.51
NA
NA
NA
NA
NA
NA
174.13
177.07
174.74
173.82
171.79
NA
173.7
175.11
NA
175.07
NA
175.58
173.68
173.07
175.37
177.64
NA
NA
175.47
173.57
176.59
NA
181.73
NA
NA
177.18
NA
171.9
176.07
NA
NA
175.15
NA
173.77
177.72
NA
NA
174.78
NA
NA
173.68
173.65
173.89
NA
173.39
175.7
172.64
176.76
NA
NA
177.23
NA
173.19
NA
NA
175.14
173.45
NA
NA
NA
173.75
174.71
172.9
NA
NA
NA
173.47
NA
173.73
173.94
175.03
NA
NA
179.71
NA
173.71
NA
177.28
173.87
NA
NA
NA
NA
NA
NA
176.61
176.6
NA
NA
176.31
178.09
176.89
176.09
177.19
174.79
NA
173.26
NA
175.56
173.92
177.01
NA
NA
174.55
NA
NA
NA
NA
178.12
176.07
174.3
NA
175.12
174.95
173.94
176.17
173.95
170.93
174.57
174.36
175.71
175.57
NA
178.08
175.93
NA
NA
175.8
NA
174.36
NA
NA
NA
NA
NA
NA
NA
NA
174.19
174.53
176.9
177.6
176.42
NA
176.69
176.22
176.16
NA
NA
177.83
NA
NA
173.83
NA
NA
171.9
NA
NA
NA
NA
NA
NA
NA
NA
NA
NA
174.89
NA
NA
NA
176.22
174.42
NA
NA
174.24
174.01
171.06
174.56
173.99
175.99
NA
NA
NA
NA
NA
NA
173.6
NA
176.2
177.02
173.8
174.43
173.59
176.8
175.74
NA
175.36
NA
175.45
NA
172.21
NA
NA
177.16
NA
NA
NA
NA
NA
175.02
NA
NA
173.24
175.22
174.61
NA
176.59
175.73
178.37
NA
174.82
175.65
176.36
NA
177.91
172.36
173.5
NA
NA
NA
173.94
NA
NA
NA
NA
175.56
NA
NA
178.24
NA
NA
NA
NA
NA
NA
174.74
NA
NA
176.22
NA
NA
NA
NA
NA
174.45
175.29
173.61