175.22
176.48
176.18
175.85
174.95
174.53
177.09
175.26
172.59
176.11
175.29
172.48
NA
176.11
NA
176.56
174.95
175.39
176.07
176.48
173.23
174.02
175.63
174.16
175.48
176.24
173.67
174.51
175.16
172.01
175.6
176.08
177.72
175.66
176.31
173.38
177.28
175.3
NA
173.01
178.5
173.44
175.82
NA
174.41
175.74
175.86
175.55
174.53
175.57
176.09
175.34
174.3
173.46
174.12
174.5
173.07
175.65
176.73
173.29
176.0
174.27
175.51
175.53
176.65
174.74
175.28
174.74
173.4
174.79
174.35
174.82
175.03
177.23
175.3
173.85
176.51
175.41
173.73
174.95
172.53
173.0
176.96
175.4
172.31
NA
NA
175.33
174.3
175.42
178.53
175.16
176.17
174.22
173.79
173.13
174.78
175.85
174.59
175.54
176.53
177.91
175.85
174.44
NA
NA
NA
178.51
174.23
173.16
175.12
175.06
NA
175.21
174.53
175.91
175.36
175.46
174.96
175.38
178.56
174.89
176.62
176.71
173.86
176.6
173.5
173.55
173.29
176.06
NA
NA
NA
NA
NA
NA
NA
174.57
NA
175.64
175.97
176.74
174.86
172.63
174.2
176.59
174.76
173.8
174.24
172.15
177.83
NA
NA
172.23
171.82
175.83
175.48
174.84
177.1
176.45
176.02
175.77
174.76
175.78
173.65
172.36
172.85
176.21
174.31
NA
174.87
175.14
175.32
174.77
174.02
175.13
173.67
175.12
171.15
NA
175.11
172.95
175.02
176.59
177.23
NA
175.18
174.05
176.16
174.51
174.79
175.51
176.11
176.77
175.09
174.83
176.54
176.04
175.15
175.07
174.33
173.9
175.41
175.99
175.93
175.42
176.28
176.59
175.1
175.67
176.96
174.4
176.8
175.85
173.36
175.82
174.85
173.72
178.27
175.3
177.55
175.51
175.99
176.29
177.27
NA
NA
NA
174.28
175.64
176.76
177.22
174.83
176.01
175.67
175.45
174.88
174.75
176.84
175.54
175.35
176.92
175.27
177.0
173.44
175.55
175.35
176.89
175.48
176.51
NA
176.27
177.92
177.62
175.18
172.58
177.32
172.59
172.58
177.23
172.6
176.4
172.45
177.16
176.96
174.29
176.69
175.07
175.32
173.71
175.11
176.61
NA
176.03
176.08
NA
174.81
174.06
175.63
173.68
174.98
177.07
175.25
174.76
176.5
NA
NA
NA
NA
176.0
NA
NA
NA
174.8
174.9
NA
NA
NA
175.27
173.17
175.06
173.05
176.57
175.21
NA
NA
NA
NA
175.29
174.67
177.9
175.3
174.59
176.0
NA
NA
176.08
174.72
176.71
NA
176.28
175.67
176.97
NA
NA
NA
175.05
174.86
176.66
174.56
173.92
177.05
174.75
NA
175.25
175.14
175.88
174.71
NA
NA
NA
175.24
176.41
175.34
177.78
176.87
176.82
173.68
175.99
175.0
176.81
174.08
172.68
NA
176.29
175.89
175.45
176.24
177.9
177.43
175.03
175.33
177.13
176.23
174.13
177.43
175.03
175.43
177.03
176.23
174.13
177.42
175.02
175.32
177.12
176.22
174.12
177.42
175.02
175.32
177.12
176.22
174.22
177.42
175.12
175.22
175.52
176.32
174.22
175.62
175.74
177.11
174.84
174.52
178.46
178.35
NA
175.86
173.78
175.12
NA
NA
175.84
NA
176.75
176.48
175.34
176.95
NA
176.74
177.56
175.67
175.47
176.31
176.21
177.27
176.23
174.75
175.14
NA
NA
NA
NA
174.56
176.46
NA
175.56
NA
NA
NA
172.54
173.8
176.31
173.21
176.53
175.06
176.75
NA
NA
NA
176.15
174.81
175.13
175.31
NA
173.8
176.31
173.21
176.53
175.06
176.75
NA
177.19
NA
175.59
174.54
175.04
175.14
173.94
NA
NA
NA
NA
NA
NA
NA
NA
174.5
NA
NA
NA
NA
NA
NA
NA
NA
NA
NA
177.19
176.26
176.03
176.36
176.08
176.75
172.15
174.93
174.58
177.34
172.02
175.12
174.43
NA
NA
NA
NA
NA
NA
NA
176.25
175.54
176.02
NA
NA
NA
NA
NA
NA
175.22
174.67
176.22
176.88
NA
176.02
174.79
NA
176.85
177.45
NA
173.4
NA
174.8
173.9
174.7
NA
NA
NA
NA
NA
NA
NA
NA
NA
NA
NA
NA
174.61
176.34
178.26
176.2
176.16
175.13
175.07
176.85
177.6
176.48
175.12
177.22
NA
176.28
NA
NA
NA
174.53
173.45
NA
NA
NA
NA
NA
178.95
175.94
176.51
173.46
176.99
178.72
176.85
NA
NA
NA
176.18
174.58
175.08
174.47
175.29
174.18
175.05
175.28
177.25
175.04
175.74
NA
176.54
NA
175.77
NA
NA
177.24
172.84
NA
175.14
176.44
174.64
177.14
174.98
174.38
175.78
NA
NA
174.54
176.34
173.77
176.37
173.17
176.47
174.87
176.67
173.73
176.33
173.23
175.63
175.63
176.63
NA
174.7
NA
176.4
NA
177.36
173.86
179.36
NA
174.48
177.3
176.33
176.45
NA
NA
NA
NA
NA
NA
NA
NA
NA
NA
172.19
177.5
175.4
174.85
NA
NA
NA
NA
NA
175.85
174.75
NA
175.29
NA
NA
174.95
174.95
175.35
175.75
NA
NA
NA
NA
177.93
174.84
173.45
174.45
NA
NA
NA
NA
NA
NA
NA
NA
NA
NA
NA
NA
NA
NA
NA
NA
175.19
NA
176.5
NA
174.55
175.28
176.48
175.78
175.78
176.28
NA
NA
NA
179.42
176.72
NA
NA
NA
NA
NA
NA
NA
175.74
NA
NA
167.45
177.15
173.0
173.95
174.95
176.45
176.59
NA
NA
NA
NA
NA
174.95
175.45
174.35
176.18
NA
NA
NA
NA
NA
NA
NA
NA
177.65
174.95
NA
178.04
175.94
175.44
NA
178.13
176.9
174.98
175.13
176.0
NA
174.01
NA
176.25
176.25
176.75
176.07
NA
175.35
175.65
173.01
175.94
175.15
NA
175.18
173.86
174.94
175.45
175.31
172.64
175.61
NA
NA
NA
174.81
173.99
175.5
175.69
176.66
179.93
NA
174.28
174.48
NA
NA
172.86
175.53
NA
175.66
NA
NA
NA
NA
NA
175.94
NA
NA
179.12
176.6
176.47
176.15
176.05
NA
174.75
177.37
172.99
NA
NA
178.2
NA
NA
NA
176.04
NA
174.95
174.36
176.92
177.19
NA
NA
NA
NA
NA
NA
NA
NA
NA
NA
NA
NA
NA
173.88
176.27
175.74
174.07
176.4
NA
175.51
177.75
175.98
174.45
174.05
NA
174.95
174.36
176.92
177.19
NA
NA
NA
NA
175.76
NA
NA
NA
176.49
173.13
174.57
177.77
175.55
176.03
176.14
NA
NA
177.63
173.49
179.4
179.7
NA
NA
NA
NA
NA
NA
NA
NA
NA
NA
172.01
176.4
NA
174.12
NA
NA
176.46
175.79
176.19
NA
NA
NA
177.45
173.4
172.88
174.78
177.28
173.3
177.83
174.67
176.96
174.87
NA
179.52
174.49
175.38
174.78
176.83
178.2
174.95
176.87
174.17
177.58
175.01
173.33
174.65
175.76
175.5
NA
176.26
174.96
NA
176.8
NA
NA
175.78
173.85
173.27
175.13
175.94
175.43
175.5
175.91
NA
NA
NA
176.23
176.79
NA
175.61
177.47
177.08
NA
174.81
NA
177.39
176.96
NA
NA
NA
NA
NA
NA
175.4
175.13
175.08
174.06
177.33
175.19
NA
NA
NA
NA
NA
175.87
172.82
NA
NA
NA
NA
NA
NA
174.46
NA
174.37
174.87
175.17
173.57
173.17
174.57
NA
176.23
174.03
175.26
176.16
178.16
NA
NA
178.43
172.27
174.3
175.92
176.59
174.28
174.58
176.98
173.88
175.67
175.57
172.97
NA
176.14
173.15
174.45
172.75
174.33
175.48
176.76
173.69
173.98
175.97
175.83
NA
NA
NA
174.87
176.17
NA
NA
175.51
NA
NA
NA
NA
176.54
175.94
NA
NA
NA
NA
NA
NA
NA
NA
175.3
175.19
174.89
175.8
NA
173.83
174.7
178.22
176.21
175.81
174.83
NA
175.09
173.83
174.53
NA
176.23
176.83
NA
NA
176.38
174.53
175.56
175.39
175.44
175.94
174.18
174.68
174.08
175.52
174.37
NA
173.35
173.65
173.71
175.91
176.31
175.82
175.03
175.33
176.28
174.11
175.3
175.0
174.1
175.31
173.9
175.33
175.51
NA
175.71
NA
NA
NA
NA
NA
NA
NA
NA
179.51
179.11
173.9
177.0
173.83
175.75
174.9
NA
NA
177.04
NA
176.03
178.07
NA
174.49
NA
180.18
174.66
175.11
175.41
176.14
175.97
176.2
NA
NA
NA
NA
NA
NA
NA
NA
174.21
177.97
174.96
174.26
177.19
175.42
175.56
175.63
174.3
177.19
176.5
176.85
177.24
NA
173.75
174.87
177.58
176.15
176.98
176.77
174.65
NA
NA
NA
174.88
174.13
177.63
176.13
174.93
NA
176.49
174.6
174.54
NA
NA
176.03
176.14
NA
177.09
178.13
175.43
175.03
NA
NA
NA
NA
NA
NA
174.47
174.27
175.36
175.67
173.91
175.01
176.61
176.96
NA
178.36
176.3
176.79
174.9
173.36
174.05
175.15
176.55
176.28
174.38
176.28
174.78
174.88
177.73
176.61
175.94
178.69
176.89
174.14
NA
174.36
178.62
174.68
176.21
176.54
NA
NA
173.64
172.8
NA
178.57
174.89
174.03
176.12
174.06
176.66
177.36
172.56
174.17
174.56
NA
173.34
174.93
174.35
177.14
NA
NA
177.15
177.55
174.85
175.6
175.2
173.7
175.7
176.2
175.0
175.85
175.95
176.01
175.95
175.67
175.63
175.23
177.64
NA
NA
NA
NA
NA
NA
NA
NA
NA
174.77
175.01
NA
175.31
NA
NA
175.37
173.57
NA
175.83
NA
NA
NA
NA
176.79
173.72
176.17
174.07
175.67
175.71
174.87
176.13
NA
NA
172.98
NA
175.35
173.05
173.89
179.0
172.4
173.7
173.97
176.59
177.59
176.42
NA
NA
176.4
176.44
173.79
176.17
174.36
177.99
NA
174.88
NA
NA
177.13
175.63
NA
NA
NA
174.78
176.12
172.94
174.92
176.38
176.38
176.01
174.4
175.65
175.89
178.4
177.47
176.74
176.72
175.57
175.61
178.21
175.51
175.81
175.01
177.01
NA
175.78
174.08
NA
173.94
173.75
177.7
174.95
172.83
175.2
NA
174.78
175.83
175.03
175.78
176.34
174.26
NA
NA
NA
NA
176.35
174.1
178.78
175.38
173.78
NA
NA
NA
NA
NA
NA
NA
NA
NA
175.46
174.35
175.75
175.15
174.66
175.37
175.72
174.1
173.47
177.1
176.29
178.46
175.16
177.9
174.2
174.24
NA
174.83
174.5
176.19
176.83
172.81
NA
175.98
173.56
175.74
175.89
NA
175.0
173.93
175.7
NA
174.69
174.99
176.23
NA
NA
176.16
175.36
175.14
176.49
174.43
177.86
173.9
NA
NA
NA
NA
175.06
175.29
175.55
173.98
176.28
174.28
176.37
174.97
177.11
175.19
175.99
176.09
175.69
172.72
173.62
173.42
175.39
176.98
NA
NA
175.16
NA
177.81
NA
NA
NA
NA
175.54
NA
NA
173.35
174.87
NA
NA
NA
174.86
174.56
175.36
175.06
173.66
178.11
NA
NA
NA
NA
175.88
NA
174.87
171.17
175.59
174.72
175.15
174.25
172.82
178.52
176.52
NA
174.69
174.99
NA
NA
NA
NA
175.47
173.53
177.58
174.34
NA
176.44
175.14
175.16
NA
NA
NA
176.66
177.09
174.51
175.74
173.9
175.01
175.37
174.17
173.17
173.98
176.88
173.51
176.32
176.69
177.16
174.21
173.47
174.39
NA
NA
175.77
177.75
174.95
176.23
175.17
175.97
177.57
174.85
175.1
176.25
174.27
177.97
174.57
NA
NA
NA
176.1
176.66
174.86
174.33
175.99
174.85
176.9
174.24
175.18
173.32
178.16
NA
175.61
NA
173.4
174.43
NA
178.2
174.24
174.04
176.54
178.74
173.54
174.34
175.9
174.99
178.35
176.53
173.8
175.2
177.8
174.15
174.15
176.73
173.18
176.85
NA
175.06
176.85
NA
NA
NA
NA
NA
NA
NA
NA
NA
NA
NA
NA
NA
NA
174.87
175.07
173.87
175.81
176.99
174.94
177.61
174.73
174.24
176.44
175.19
173.72
175.46
NA
174.08
175.98
175.08
171.98
173.58
173.88
174.08
174.48
174.18
174.68
174.08
171.78
175.48
172.18
177.05
173.6
179.64
176.67
173.74
176.36
173.81
174.13
177.43
173.22
174.52
175.14
173.64
174.98
175.17
174.34
176.2
NA
175.0
178.0
175.2
NA
NA
NA
NA
NA
NA
NA
NA
NA
NA
176.8
175.84
176.18
174.7
174.77
175.16
175.44
175.93
176.88
174.21
NA
176.53
175.71
175.77
173.77
175.67
173.81
173.67
NA
174.98
174.98
175.94
172.51
174.93
174.9
173.73
175.39
173.39
175.66
174.26
175.2
174.24
174.95
175.39
175.27
174.33
175.44
177.16
175.43
NA
174.25
174.59
NA
NA
175.93
174.37
NA
174.43
176.27
NA
NA
NA
NA
173.04
173.88
174.5
172.89
175.83
177.41
175.5
175.7
175.5
NA
NA
NA
NA
NA
175.17
175.62
178.34
178.14
174.68
174.88
NA
NA
NA
NA
176.74
174.0
NA
NA
175.49
175.54
NA
NA
NA
176.27
175.24
NA
NA
NA
174.84
NA
NA
NA
179.93
174.87
176.07
175.8
175.04
177.94
175.69
173.65
176.02
175.98
175.08
177.04
NA
NA
NA
NA
NA
NA
173.86
175.87
176.06
NA
NA
NA
NA
NA
NA
NA
NA
NA
176.92
NA
NA
NA
178.44
173.52
NA
176.7
176.16
175.04
177.97
177.97
174.09
NA
176.14
NA
NA
NA
NA
175.91
175.84
177.37
174.53
174.85
NA
NA
174.43
176.73
NA
NA
NA
176.43
170.83
177.12
174.72
175.12
174.52
175.42
174.82
177.12
175.39
175.63
175.61
174.5
177.47
176.93
171.52
177.92
174.38
176.99
NA
176.49
174.69
178.34
178.14
NA
NA
NA
NA
NA
174.73
172.38
176.57
174.91
176.8
NA
173.29
177.43
176.12
174.57
175.37
175.95
176.73
NA
NA
NA
172.64
173.74
170.44
173.14
NA
174.36
175.58
178.9
175.39
175.63
175.77
NA
NA
174.75
176.98
173.46
175.87
176.96
175.02
176.56
177.02
177.01
NA
NA
175.25
174.19
177.2
174.6
175.52
176.34
177.06
174.5
NA
174.14
175.96
176.36
173.76
175.16
174.06
176.36
176.41
NA
174.01
173.37
175.12
176.52
171.9
174.82
NA
176.62
174.92
173.83
176.63
173.49
173.96
174.32
NA
NA
174.87
174.35
178.28
176.51
174.41
176.08
NA
NA
NA
NA
175.21
175.61
174.33
176.48
176.35
177.26
NA
175.7
NA
176.0
177.01
NA
NA
NA
174.47
NA
174.39
NA
177.41
NA
175.61
174.11
175.01
NA
175.67
173.91
173.81
173.79
173.79
NA
NA
NA
NA
NA
NA
NA
NA
NA
176.39
176.77
175.47
178.07
175.17
NA
176.98
173.36
175.44
174.7
177.0
176.15
175.44
NA
NA
176.85
172.71
NA
NA
177.47
176.08
175.64
176.44
171.81
176.04
176.29
NA
NA
NA
NA
NA
NA
NA
NA
176.01
177.18
174.15
175.47
NA
NA
NA
NA
NA
NA
NA
NA
NA
NA
NA
175.17
175.2
NA
NA
NA