42.0
41.73
42.93
41.65
42.59
42.09
39.4
42.95
40.03
43.19
40.12
45.49
39.74
40.54
41.05
43.18
44.07
39.88
45.59
42.64
42.83
41.06
43.35
45.68
NA
NA
43.2
42.19
42.74
41.89
40.66
42.14
42.83
44.01
42.42
45.22
40.92
43.16
42.61
43.83
40.77
44.77
43.05
39.77
40.59
41.54
40.86
42.01
40.88
43.3
NA
41.26
41.54
45.81
42.04
42.07
42.3
44.45
42.86
45.37
44.99
41.32
43.33
45.42
40.51
NA
40.8
41.11
43.7
42.94
41.01
42.31
41.38
43.88
41.62
42.38
42.44
41.15
44.9
39.22
41.28
40.73
41.41
42.54
41.7
42.5
39.09
42.39
40.79
41.01
42.31
41.01
NA
41.7
42.84
47.72
39.89
41.64
41.72
41.97
41.85
41.27
43.41
43.74
NA
NA
NA
42.88
40.61
45.01
41.66
40.81
43.48
42.79
41.15
41.36
43.69
41.26
43.87
42.91
41.01
42.63
NA
42.32
41.17
40.8
43.31
43.64
43.48
40.5
NA
40.44
NA
NA
NA
NA
NA
41.75
40.98
41.5
42.49
41.88
42.2
41.36
41.52
40.09
41.63
41.32
41.31
42.98
40.8
42.93
NA
43.08
41.83
NA
40.84
40.42
44.38
43.5
NA
42.91
43.05
41.65
41.62
43.8
42.94
41.53
38.41
NA
43.46
41.74
41.11
41.55
42.42
43.69
NA
41.88
43.8
44.33
43.74
42.8
45.0
41.1
40.49
42.73
46.08
41.86
43.28
42.07
45.46
41.56
41.32
41.24
41.88
43.77
41.9
41.37
43.1
41.76
42.55
43.86
42.93
42.63
41.94
42.44
41.7
41.23
41.92
40.9
40.85
43.47
41.13
40.98
45.37
42.51
44.89
44.71
42.67
45.85
42.69
41.76
40.78
NA
40.98
NA
42.03
42.97
43.71
41.75
40.42
41.43
41.3
41.44
42.56
41.34
43.13
41.65
40.75
38.32
40.6
40.21
41.57
39.37
41.97
41.92
42.58
38.93
42.61
42.58
41.26
42.12
39.55
38.68
41.35
43.61
42.5
43.56
43.51
42.03
43.59
41.89
43.68
42.55
43.05
41.3
41.0
40.2
41.65
NA
42.91
41.41
38.42
41.49
41.86
38.91
41.49
45.6
42.17
45.31
45.29
45.15
43.96
43.18
39.66
NA
41.63
41.62
41.33
NA
46.68
41.89
41.94
41.36
41.64
47.19
NA
43.49
42.02
45.12
42.73
45.6
41.17
41.07
41.05
NA
NA
NA
42.05
40.94
NA
41.45
41.15
40.65
42.85
41.39
41.16
48.46
NA
NA
41.17
41.92
40.52
NA
NA
41.72
42.84
42.96
44.14
43.24
43.89
42.14
42.54
42.05
42.37
43.14
44.02
41.33
40.67
42.48
41.96
42.64
42.65
41.42
41.83
42.44
42.23
43.75
41.2
41.56
42.11
43.98
43.68
NA
40.21
41.2
41.56
43.19
44.12
NA
NA
NA
NA
NA
NA
NA
NA
NA
NA
NA
NA
NA
NA
NA
NA
NA
NA
NA
NA
NA
NA
NA
NA
NA
NA
NA
NA
NA
NA
41.9
40.81
43.99
41.93
43.08
43.61
41.2
41.62
40.64
NA
40.92
45.17
NA
NA
43.47
41.16
41.15
41.98
43.17
40.87
45.99
44.1
43.43
44.23
41.46
42.34
44.09
41.42
40.73
43.05
43.83
41.52
41.59
41.67
45.28
43.78
45.48
45.28
43.26
41.41
41.56
40.87
45.03
41.24
42.55
42.61
41.42
40.89
42.77
45.52
42.79
41.09
41.24
41.84
42.33
NA
45.04
41.25
42.57
42.62
41.43
40.9
41.66
41.32
NA
43.19
42.09
38.78
39.07
38.7
38.78
38.89
38.76
41.49
41.42
41.59
41.56
41.56
43.86
42.31
42.31
NA
41.11
41.8
42.7
NA
42.59
41.9
NA
40.28
43.66
42.51
40.94
43.6
41.29
44.58
44.76
44.13
41.06
44.6
42.47
44.1
40.68
42.49
41.6
41.32
41.67
41.6
41.83
40.39
41.75
NA
41.73
43.1
42.94
45.62
41.7
38.65
40.73
43.32
45.08
44.12
NA
43.85
41.0
NA
NA
40.93
NA
42.12
NA
42.85
41.25
NA
40.82
43.41
45.09
44.19
NA
44.06
NA
NA
NA
40.56
NA
NA
43.47
44.96
45.09
38.49
44.06
41.13
39.34
43.54
40.82
41.92
42.59
43.37
NA
43.79
NA
NA
NA
41.74
42.97
41.36
NA
42.24
42.29
42.67
44.03
43.43
41.06
44.28
42.2
43.96
43.37
44.34
NA
NA
40.57
42.27
43.17
46.06
43.31
45.89
43.26
42.28
43.43
45.22
43.42
42.98
40.5
42.17
42.79
NA
NA
NA
NA
42.34
42.33
42.03
44.03
40.43
40.12
43.72
41.02
NA
43.8
NA
NA
44.52
41.18
42.62
42.41
41.01
40.77
44.46
41.1
42.57
43.14
42.82
40.61
42.48
NA
43.58
40.78
NA
41.37
40.17
40.27
41.65
43.75
44.85
43.25
42.54
41.21
41.31
41.81
42.21
44.27
42.67
42.17
44.3
42.9
NA
40.51
39.93
41.43
41.44
40.25
42.4
41.1
41.66
40.17
43.48
45.38
42.0
41.31
41.14
40.74
42.09
42.09
42.22
43.22
NA
43.93
43.83
NA
41.48
39.92
45.03
44.58
NA
NA
NA
NA
NA
NA
NA
NA
NA
NA
NA
NA
NA
NA
NA
NA
40.35
41.41
39.98
41.73
44.61
40.7
41.81
43.71
42.51
39.41
43.07
46.22
41.07
41.94
42.24
40.5
42.48
42.36
43.96
45.36
41.46
42.26
41.34
41.61
NA
NA
NA
43.82
45.31
41.91
41.61
42.21
44.09
42.47
44.21
41.61
43.51
43.33
NA
41.53
NA
NA
NA
NA
NA
NA
NA
44.74
48.24
38.67
41.37
40.77
NA
NA
NA
NA
45.09
44.94
45.71
43.43
NA
NA
NA
41.22
39.76
43.86
40.36
45.97
45.17
43.12
43.78
40.99
NA
42.45
45.51
43.67
42.67
40.19
43.79
42.74
43.69
43.32
NA
40.48
41.14
40.55
41.01
42.17
41.62
42.52
42.53
42.45
43.74
43.44
NA
NA
41.14
41.12
42.34
42.87
42.68
40.56
40.58
NA
NA
41.08
41.35
43.25
44.1
40.25
40.57
NA
40.82
38.13
41.01
42.08
43.87
NA
42.68
39.98
41.61
41.71
40.96
42.24
42.33
40.9
44.95
41.19
41.6
41.15
40.75
44.36
42.66
42.46
NA
NA
43.15
NA
45.15
41.14
44.44
39.64
38.49
42.33
42.44
40.19
41.1
41.78
44.02
40.83
42.71
NA
44.27
42.06
40.9
44.95
41.19
41.6
42.26
41.21
42.1
40.3
42.19
NA
41.23
40.97
44.88
44.19
42.53
43.45
40.57
42.83
41.58
42.17
41.43
41.19
40.19
40.97
40.9
41.37
42.25
43.55
44.85
42.35
43.65
45.15
41.41
40.8
40.29
40.4
40.97
42.06
39.96
42.62
42.53
41.69
41.12
43.5
42.97
NA
42.1
41.83
44.27
46.59
40.71
43.55
42.44
42.19
40.78
42.35
41.79
NA
44.76
40.8
41.68
43.58
42.22
43.71
41.94
41.44
39.84
41.94
44.16
47.2
41.33
NA
NA
NA
42.85
41.25
40.25
40.79
41.26
44.91
41.75
42.48
41.59
40.42
43.77
38.13
38.25
42.0
NA
43.93
39.93
41.97
41.26
40.72
43.3
41.19
40.6
41.25
40.77
43.12
42.56
40.81
43.93
42.33
44.38
40.67
40.67
41.07
42.16
40.26
39.08
42.68
43.33
42.67
NA
41.71
40.99
42.29
41.67
42.67
40.57
43.61
42.16
40.73
42.16
40.46
40.77
41.0
40.46
42.65
41.25
41.45
43.75
47.75
41.55
46.35
42.3
40.33
42.36
40.36
41.96
41.36
42.36
41.6
39.55
41.69
42.47
40.78
41.63
40.25
44.12
41.52
43.91
43.79
40.89
41.11
42.06
42.36
42.66
NA
38.93
43.24
42.82
45.09
42.91
41.78
41.93
42.81
44.1
44.78
40.95
40.63
43.66
41.66
43.08
43.82
41.22
40.82
NA
40.07
42.42
42.32
40.81
38.67
40.3
41.51
41.78
42.03
42.06
40.98
43.99
44.54
NA
40.87
41.08
42.83
43.51
44.95
42.17
41.17
40.66
43.18
44.12
41.02
41.04
41.94
40.56
42.23
41.98
41.29
40.73
NA
41.97
41.59
45.79
42.24
44.11
44.4
41.95
42.17
41.04
40.34
47.84
43.03
41.13
44.63
43.03
43.98
42.73
41.24
40.71
40.89
NA
NA
45.91
42.51
44.04
43.02
41.22
40.45
41.87
40.3
42.16
42.15
43.17
NA
41.05
40.5
40.42
40.64
39.25
40.75
41.71
42.36
43.63
NA
NA
42.76
43.96
40.02
NA
42.72
41.37
41.37
43.73
41.64
41.47
41.31
NA
42.07
39.58
42.0
NA
39.4
42.9
44.25
42.65
44.55
44.3
40.29
41.85
45.77
NA
NA
41.5
40.04
42.99
45.47
44.11
43.19
46.75
NA
NA
40.89
45.88
41.82
41.12
41.79
NA
43.09
41.96
NA
42.86
40.16
41.55
41.75
39.35
41.55
NA
NA
41.99
40.71
NA
44.5
42.81
41.56
NA
43.51
42.57
41.08
42.57
NA
NA
NA
NA
NA
NA
42.83
40.53
42.12
41.46
43.15
42.95
NA
41.63
42.93
43.83
42.84
NA
NA
44.44
43.07
42.97
NA
43.81
42.51
41.21
43.29
44.79
41.05
40.86
42.55
43.93
43.33
41.27
45.52
44.09
41.77
44.76
40.86
40.95
41.25
41.55
44.36
44.31
39.8
40.13
40.81
39.63
40.57
43.78
43.81
43.23
46.07
41.35
40.45
NA
44.18
42.83
44.19
43.2
43.92
41.85
41.58
45.48
43.58
42.78
42.88
43.58
43.78
40.88
39.98
NA
NA
NA
NA
NA
41.1
41.5
40.82
38.67
42.15
42.37
38.59
42.16
42.41
NA
46.86
44.36
40.99
39.57
45.67
42.87
44.87
42.1
40.99
44.69
NA
41.68
NA
44.17
42.76
43.46
40.42
42.23
41.52
44.72
38.72
42.94
45.26
44.22
40.53
NA
43.63
42.07
43.01
44.05
43.71
42.41
44.21
47.1
39.78
41.64
41.72
NA
45.6
42.55
41.1
43.42
43.65
40.87
41.35
42.47
45.34
41.1
46.75
45.55
41.81
40.36
NA
43.62
44.41
41.19
43.09
43.62
NA
NA
NA
NA
43.64
40.76
42.04
43.55
41.21
42.64
40.84
NA
NA
42.26
43.76
NA
NA
NA
NA
NA
NA
NA
41.15
40.81
42.67
43.54
42.4
45.63
41.22
44.84
43.19
41.89
45.67
41.71
46.21
43.04
41.74
43.94
43.33
42.93
44.67
41.69
45.19
41.59
40.19
44.99
44.02
40.52
47.62
NA
NA
NA
NA
42.23
43.11
43.51
42.61
44.73
42.17
40.64
40.2
40.77
44.67
41.57
44.67
43.69
42.31
43.7
44.5
NA
43.36
42.46
40.09
42.83
44.86
NA
40.52
39.08
41.24
NA
41.18
42.78
42.54
43.22
40.21
38.51
41.81
44.49
41.35
40.9
40.01
42.01
42.56
40.07
39.15
42.36
44.2
NA
NA
41.31
40.68
41.75
41.8
41.75
38.84
42.54
45.24
NA
40.36
44.96
41.39
40.59
40.29
43.19
NA
42.18
41.78
41.56
41.04
40.8
43.4
42.42
42.27
40.13
43.22
40.92
37.56
38.26
41.68
37.58
38.28
44.81
40.89
NA
NA
40.88
39.71
NA
43.01
44.91
44.15
41.94
43.75
40.75
NA
40.89
42.05
NA
42.11
42.7
41.91
41.76
43.63
44.33
42.59
43.09
43.89
44.07
45.3
41.2
40.86
41.06
40.26
40.92
41.06
45.81
44.41
43.59
41.6
42.1
44.82
44.18
NA
NA
40.78
45.33
41.21
42.23
40.59
45.88
39.73
39.75
42.36
42.29
40.96
40.86
44.85
40.85
42.73
39.76
44.39
41.29
41.62
45.16
42.02
41.85
41.1
41.7
41.25
43.24
NA
41.04
37.88
NA
43.04
38.6
41.9
47.4
40.51
40.58
42.18
41.98
40.94
42.07
44.1
42.27
42.2
42.27
45.55
44.44
44.63
43.03
41.34
43.85
42.24
43.82
42.84
42.19
41.51
44.08
44.63
39.33
40.93
45.33
43.43
41.41
43.45
43.12
41.39
43.71
43.41
44.11
43.46
44.39
44.75
46.21
42.84
NA
44.63
40.35
43.21
43.43
41.0
43.71
41.34
40.44
41.94
42.64
44.54
44.68
41.88
42.88
40.09
43.79
41.14
40.74
46.84
45.08
NA
40.95
40.18
43.23
45.81
42.67
43.75
43.97
43.76
39.46
44.9
45.5
43.4
39.3
44.3
43.1
45.2
43.7
41.3
44.0
42.2
41.1
41.1
39.6
41.41
39.61
40.15
44.09
40.71
44.37
40.8
40.11
41.06
44.64
40.33
41.91
44.73
46.58
44.13
41.82
43.22
42.05
39.29
40.39
46.95
42.13
41.13
39.54
NA
40.9
41.7
NA
41.0
42.8
41.6
42.62
42.24
42.19
42.65
40.83
41.56
42.89
43.45
43.17
42.83
NA
41.64
41.51
41.28
43.98
42.68
42.19
43.99
42.05
45.44
44.18
41.47
44.72
41.6
40.82
41.4
41.44
43.44
NA
44.49
44.48
42.4
42.58
41.95
NA
43.53
41.19
40.22
41.54
41.18
40.54
40.07
40.35
NA
41.64
43.43
NA
41.1
42.02
47.92
43.16
41.37
43.07
43.14
41.25
42.74
43.88
NA
40.74
41.63
42.63
41.33
41.6
41.61
44.86
39.66
42.47
41.29
41.35
41.15
41.61
45.44
44.14
43.0
44.9
41.3
42.09
44.37
43.1
NA
NA
41.03
41.57
NA
NA
NA
42.05
41.25
42.62
40.42
41.62
NA
NA
40.61
39.72
42.84
43.92
42.6
41.67
41.69
NA
42.25
46.5
43.73
41.55
42.66
42.39
40.14
41.2
41.0
41.14
NA
40.13
41.35
40.46
42.48
41.08
42.01
41.82
41.31
41.87
42.15
41.64
NA
NA
NA
44.22
38.68
NA
41.76
44.25
41.76
46.35
40.04
41.58
NA
NA
41.59
40.76
NA
NA
42.59
40.42
41.42
40.4
41.38
41.86
41.86
45.08
43.99
40.99
45.45
40.5
NA
40.2
NA
42.89
NA
43.06
41.76
40.66
42.76
41.76
44.96
42.16
41.99
41.58
41.06
47.11
42.81
41.93
44.82
42.45
44.53
41.0
39.7
42.0
42.2
41.18
41.45
38.45
41.47
42.06
43.23
41.07
43.15
NA
45.19
43.83
41.91
NA
45.33
44.8
41.28
42.78
41.6
42.37
40.64
NA
41.49
44.89
39.88
44.28
39.88
40.73
40.34
39.43
42.0
43.95
41.99
41.59
41.84
40.36
41.77
40.74
41.21
44.17
41.7
42.77
40.92
43.22
43.33
42.99
NA
44.64
43.52
40.82
42.87
40.97
45.9
40.71
41.23
42.18
40.35
42.5
43.28
41.3
41.0
43.7
46.3
43.0
39.74
44.44
41.64
43.82
42.65
42.56
41.54
41.84
41.24
41.54
42.94
45.0
42.5
44.1
41.47
45.52
NA
NA
42.09
44.08
41.65
46.45
44.04
40.73
41.82
NA
41.59
NA
41.78
40.06
41.19
40.16
41.61
41.3
NA
45.07
NA
45.47
41.64
NA
NA
NA
39.96
41.26
39.99
41.62
43.11
42.21
40.81
40.91
43.51
45.08
42.27
40.06
40.21
42.99
39.43
NA
40.79
43.99
42.08
40.6
42.08
42.69
43.47
42.7
41.9
40.93
46.54
42.74
41.44
40.73
42.38
40.33
41.87
42.06
42.15
41.25
42.06
41.69
41.14
NA
NA
40.84
40.91
45.55
42.83
42.07
40.66
46.57
45.31
42.6
NA
42.82
42.06
40.65
46.64
45.35
42.61
41.67
42.23
42.75
41.66
44.23
46.32
41.81
41.11
46.68
32.89
41.61
46.62
41.56
41.82
44.99
NA
45.96
42.02
NA
NA
NA