54.36
55.48
53.02
55.41
53.62
53.4
50.87
52.77
54.68
55.7
55.63
53.44
57.29
55.63
53.49
56.34
53.21
52.98
53.19
54.18
52.49
54.91
53.59
54.22
53.49
55.9
51.59
55.3
53.26
55.7
55.26
54.24
54.11
53.27
52.81
53.66
54.06
53.48
54.56
53.19
52.28
53.78
52.68
52.37
55.5
53.29
56.37
53.27
54.99
52.96
54.19
51.46
54.83
54.4
52.67
52.38
51.27
53.05
53.81
53.91
53.79
53.73
53.05
51.86
54.94
55.78
54.43
56.35
53.78
52.75
53.71
55.58
55.72
55.98
54.86
53.27
53.8
52.75
53.02
55.36
55.22
53.35
53.62
51.42
56.09
54.86
53.92
52.99
55.71
54.05
54.95
55.65
55.5
50.82
53.92
53.94
55.36
53.64
53.49
54.83
51.73
54.2
51.92
53.01
NA
NA
NA
54.15
54.58
54.03
56.05
55.62
52.69
54.89
56.13
53.98
53.75
55.79
51.3
52.16
53.15
52.26
54.27
52.59
55.56
52.44
53.69
53.8
53.22
53.88
NA
53.8
53.67
52.8
54.01
53.18
51.55
53.81
55.35
53.09
52.68
53.16
53.72
51.71
55.69
53.96
56.33
54.44
54.12
52.63
53.85
53.1
NA
52.47
52.73
52.32
54.46
55.82
52.27
52.2
50.94
53.5
53.5
55.61
53.06
52.79
53.97
55.05
52.14
58.26
53.76
55.83
54.85
56.15
52.9
51.9
53.89
57.64
52.46
NA
52.92
52.04
53.47
54.9
52.39
53.56
52.99
50.58
52.86
53.83
52.28
53.23
52.95
54.04
54.39
53.06
53.83
52.72
52.4
53.86
54.53
53.79
52.79
53.54
49.91
55.32
53.23
52.89
52.96
52.17
53.22
52.16
54.25
53.65
53.25
53.23
52.91
53.54
53.46
52.88
52.18
54.25
55.05
53.77
54.85
56.32
49.55
54.56
54.48
51.87
52.08
51.18
55.76
55.12
58.35
55.76
53.83
55.18
58.48
52.21
55.48
51.44
52.58
51.49
52.94
54.46
53.63
52.37
54.22
54.65
52.15
53.21
51.37
51.81
54.79
53.5
53.55
53.65
53.54
53.64
53.49
53.55
53.56
53.59
55.7
55.4
54.08
53.92
54.1
52.81
52.61
53.81
52.55
53.69
54.4
50.99
55.09
51.82
55.33
53.25
53.75
53.25
52.84
53.25
56.35
52.63
53.24
53.23
52.92
52.6
55.26
53.4
55.37
54.13
54.18
53.51
NA
54.52
53.42
52.52
52.26
52.19
54.69
55.68
59.05
NA
NA
NA
55.85
54.02
53.77
54.85
55.61
55.35
51.35
54.88
54.81
54.7
54.54
NA
54.87
53.82
52.92
NA
NA
53.21
56.82
52.41
52.74
51.74
53.74
54.44
53.84
52.36
54.05
57.05
55.02
52.79
53.85
53.72
52.69
52.26
51.07
52.43
55.28
53.56
57.44
54.07
54.3
53.84
55.24
52.78
51.78
52.93
53.85
54.3
53.84
51.86
56.21
55.08
55.98
52.68
55.28
53.18
52.08
55.08
56.08
52.68
55.38
53.18
51.98
55.09
56.09
52.69
55.29
53.09
51.99
55.12
56.02
52.72
55.32
53.12
52.02
54.96
56.26
52.76
55.26
53.06
52.06
54.6
54.97
53.45
55.1
54.65
51.63
54.2
51.43
54.28
56.21
55.31
55.4
51.29
NA
49.66
53.97
54.73
55.7
54.44
52.04
55.19
56.62
56.9
53.23
54.52
57.69
54.48
57.46
52.82
56.16
52.41
55.62
54.32
55.4
54.08
55.08
51.98
57.28
53.64
53.32
55.25
52.99
52.87
51.49
51.4
52.14
54.15
54.14
52.39
52.59
55.63
51.98
54.16
53.58
53.19
NA
52.88
51.5
51.41
52.16
54.16
54.15
53.79
51.92
NA
54.5
55.18
53.74
53.89
53.13
53.46
53.44
53.1
54.13
54.06
54.14
54.08
54.08
53.97
51.5
51.5
52.91
52.17
55.36
52.68
NA
53.61
52.96
54.06
56.2
56.71
53.95
55.29
54.67
49.69
55.63
52.99
55.68
NA
55.77
54.01
55.98
54.0
53.74
52.63
54.16
54.47
54.01
53.4
55.76
51.68
52.04
53.27
53.92
52.23
56.56
52.72
52.83
51.91
54.34
55.24
52.81
NA
57.51
53.0
NA
54.0
58.74
NA
52.34
NA
53.34
53.16
53.21
51.91
54.32
55.23
52.79
NA
57.51
NA
NA
53.88
58.71
NA
NA
54.42
55.33
52.56
54.87
57.33
52.81
NA
53.99
58.94
55.29
56.03
53.09
54.49
53.41
NA
NA
NA
53.37
53.85
52.39
52.4
52.63
52.63
52.73
53.22
52.81
56.44
55.06
53.69
55.14
52.85
51.39
NA
NA
56.47
54.07
55.47
52.52
55.35
52.38
55.36
55.85
52.88
53.02
52.62
49.77
54.14
52.62
58.06
NA
NA
54.87
52.87
53.95
52.43
52.53
53.43
56.23
53.62
54.02
56.42
53.23
52.4
52.27
53.27
52.89
51.49
51.58
52.1
54.22
54.28
52.82
51.43
51.48
51.98
53.97
54.24
52.68
51.58
53.28
51.88
54.38
58.67
56.07
54.17
55.15
54.95
52.25
53.05
52.64
NA
NA
NA
NA
53.27
53.57
52.97
54.2
52.1
54.95
53.31
52.83
55.03
56.04
52.75
52.58
56.26
55.99
52.83
52.48
52.78
54.46
55.69
54.94
55.74
52.82
52.82
53.82
52.92
52.63
56.53
54.43
52.83
54.58
53.52
53.0
53.21
52.88
51.44
51.53
51.92
54.26
54.26
52.91
51.49
51.53
52.02
54.23
54.27
51.89
53.69
54.99
52.89
51.56
51.3
54.34
49.91
51.96
55.43
52.21
56.71
54.41
52.91
52.9
53.7
53.17
51.94
52.44
55.05
56.83
55.36
52.16
51.66
53.46
54.26
54.49
54.69
54.7
51.73
52.73
53.66
54.41
55.61
54.41
52.52
52.78
50.25
53.84
55.21
53.31
52.43
54.73
53.13
55.29
54.82
52.52
52.3
54.79
52.49
52.27
52.44
52.14
51.77
54.77
53.14
54.75
54.95
52.75
55.45
52.99
52.61
51.99
56.15
58.36
52.07
53.17
55.62
54.76
53.96
54.16
54.37
53.57
53.52
58.35
53.4
52.93
57.76
51.9
53.82
52.16
53.96
54.07
51.44
51.95
54.05
54.11
NA
NA
52.77
54.89
56.48
51.5
53.06
54.02
54.15
54.84
53.44
NA
NA
52.5
53.08
54.14
54.13
49.58
54.77
54.81
48.0
NA
54.68
53.55
56.25
54.51
54.73
55.27
56.22
53.52
57.42
51.91
53.21
52.52
53.64
53.18
56.58
56.21
56.11
52.63
52.4
52.61
53.9
52.87
52.47
52.87
54.65
55.85
54.86
56.66
54.76
57.56
55.55
56.65
NA
52.75
52.74
53.34
55.64
53.5
52.18
53.29
53.64
54.47
52.19
55.38
55.32
52.94
55.27
52.87
50.56
53.9
52.87
52.47
52.87
53.16
52.51
55.1
56.1
55.19
NA
55.24
55.59
52.42
54.37
54.66
52.52
53.54
56.59
52.28
50.13
55.11
58.61
55.99
53.89
53.39
52.18
53.55
54.85
54.45
53.66
54.92
54.55
53.36
56.61
55.86
53.75
53.5
50.46
53.56
53.39
49.28
54.18
54.21
55.02
53.47
52.1
55.67
51.85
52.36
53.02
54.77
55.9
53.23
52.19
53.91
53.98
52.54
56.73
53.66
54.05
55.18
54.98
54.47
53.66
53.92
51.64
52.64
53.37
54.75
54.81
52.76
55.49
52.81
51.65
56.05
52.75
52.25
55.27
57.27
53.04
52.45
52.78
58.22
53.58
53.18
54.93
54.93
52.4
53.13
56.33
54.23
54.38
54.42
53.79
52.92
54.68
54.98
54.29
53.84
53.49
54.87
54.84
53.53
52.83
53.31
54.47
55.37
54.47
54.46
57.54
52.96
52.42
53.48
54.7
NA
55.73
52.11
55.96
54.09
53.31
54.18
53.61
53.57
54.05
53.57
53.3
53.14
51.99
53.3
53.25
54.45
54.45
54.15
54.25
54.45
53.94
56.47
53.47
55.26
55.26
54.26
54.98
52.46
52.2
55.73
56.35
54.55
54.7
57.33
57.7
53.12
52.72
58.31
58.39
53.39
53.28
54.26
52.26
51.96
52.26
54.02
53.09
53.17
53.36
54.52
51.52
56.34
53.61
52.34
51.81
53.59
53.44
57.06
53.46
52.07
56.92
53.92
52.62
NA
52.67
52.81
55.37
55.0
57.48
54.86
53.43
54.84
52.27
52.45
54.11
54.11
53.29
53.19
53.06
53.68
53.33
54.9
55.12
53.28
55.84
53.26
56.39
52.62
55.22
54.54
53.7
54.3
55.9
52.07
NA
NA
NA
52.0
52.09
54.89
54.34
52.27
53.81
53.16
53.27
54.54
52.54
54.44
54.63
56.83
53.63
55.19
56.35
52.9
53.46
52.42
54.49
53.55
54.15
53.11
51.88
51.92
53.95
54.22
52.91
54.23
53.66
54.3
53.46
51.99
54.53
59.39
55.24
53.72
53.07
52.75
52.95
52.28
53.78
52.84
55.0
NA
53.64
54.19
56.31
54.71
52.18
53.19
51.42
52.01
53.67
53.57
53.15
54.68
52.02
56.13
55.3
52.6
56.0
53.6
54.75
56.66
53.7
52.66
51.82
52.31
53.63
52.26
56.71
55.31
51.28
54.8
54.67
55.3
54.04
52.7
54.54
53.38
53.57
53.78
53.95
55.32
55.39
51.66
54.09
53.66
53.96
56.66
53.36
51.85
54.25
51.95
52.95
NA
52.24
53.37
52.71
52.61
50.33
56.57
52.26
53.14
52.81
54.5
55.81
53.38
53.43
53.38
53.45
NA
NA
NA
52.83
53.43
52.05
54.1
52.65
56.75
51.95
53.53
52.03
54.73
51.94
52.45
53.4
53.34
52.67
56.67
51.87
52.51
53.51
53.21
51.89
53.69
51.94
53.34
52.74
55.11
52.71
55.17
53.02
52.87
52.08
53.16
54.57
53.96
55.25
53.95
52.65
53.48
52.43
54.01
54.24
54.16
54.57
52.98
55.55
55.08
53.22
55.57
55.45
NA
53.95
52.97
53.59
54.53
53.84
54.95
54.28
52.48
55.18
54.08
52.68
54.98
53.48
54.68
52.28
NA
NA
NA
NA
NA
54.9
56.0
52.24
53.51
52.52
53.37
53.64
53.95
53.1
NA
53.43
NA
51.85
51.27
53.07
52.67
52.47
55.48
55.39
52.99
53.26
56.38
NA
55.61
52.8
53.35
51.97
52.84
54.42
52.62
53.52
54.41
52.6
52.87
53.1
NA
NA
49.58
54.59
52.0
55.41
54.61
52.61
54.08
52.27
52.0
54.22
52.07
51.72
57.21
55.27
54.63
53.39
53.65
53.53
55.23
49.31
55.14
52.95
52.75
55.12
52.69
55.55
56.46
52.65
55.68
54.19
54.37
54.83
52.24
53.65
52.71
53.34
53.63
53.97
51.53
52.97
51.48
57.08
NA
NA
52.26
50.96
56.01
52.91
55.41
54.28
56.08
52.18
53.48
55.7
52.87
53.84
52.49
56.21
53.26
52.09
54.43
56.69
55.79
52.84
55.64
50.69
52.57
57.15
53.31
53.86
53.56
54.72
52.09
52.49
54.39
54.19
53.79
52.72
52.62
54.52
NA
NA
NA
NA
55.02
53.01
54.91
51.81
52.21
52.85
58.04
55.94
54.69
52.96
51.9
52.45
53.16
54.52
52.63
54.67
NA
54.23
54.3
51.98
55.43
53.03
NA
52.46
55.7
54.46
55.5
53.18
53.78
55.24
55.02
54.22
53.11
56.21
52.49
54.42
55.52
52.11
53.61
52.64
54.72
50.87
52.67
53.85
54.49
55.8
NA
55.53
52.48
52.44
52.19
53.24
52.94
54.34
53.26
56.26
53.16
54.49
52.29
54.29
52.89
54.98
53.48
55.48
55.64
53.23
57.7
51.9
53.53
51.41
51.82
54.22
55.22
53.61
55.56
51.28
53.63
55.59
52.79
54.19
NA
NA
55.06
51.21
53.01
52.71
52.11
53.76
51.32
53.03
54.29
NA
54.04
55.5
NA
51.07
53.54
55.56
55.91
53.48
54.24
56.39
50.69
56.99
55.13
56.3
55.9
53.76
54.96
53.96
53.52
54.82
51.75
52.07
54.2
54.3
53.73
51.74
55.74
53.18
51.29
51.1
56.82
52.36
54.32
58.59
52.88
52.97
52.4
56.76
53.94
56.09
52.71
52.56
55.05
54.63
54.86
53.98
54.78
56.22
44.98
55.38
54.65
53.7
55.3
54.85
52.84
52.94
52.14
55.04
53.64
54.33
51.0
52.1
53.9
53.42
53.44
55.08
54.24
52.75
55.09
54.71
52.49
56.28
52.39
54.54
52.78
54.09
55.43
54.2
52.2
53.12
52.86
53.94
52.63
54.35
53.7
53.03
54.53
52.13
53.43
52.13
53.01
52.95
56.0
51.46
54.61
57.11
55.51
53.06
53.9
54.27
53.37
55.32
52.82
53.23
54.33
53.44
54.03
53.8
52.91
55.34
55.34
52.84
54.74
53.24
53.48
52.98
53.28
55.49
54.99
57.94
54.94
53.24
56.07
57.34
55.67
59.08
52.14
51.9
54.63
53.15
51.87
53.36
52.16
54.5
54.2
51.6
53.9
53.7
52.2
53.1
53.7
53.7
53.9
53.7
53.4
57.2
52.5
57.9
56.56
54.06
53.21
54.84
53.13
54.81
54.09
52.5
53.81
53.21
52.23
54.3
54.92
56.54
52.97
52.59
54.29
50.5
52.14
54.33
52.23
57.59
56.09
NA
54.1
52.9
NA
56.1
53.3
54.6
54.16
53.96
52.15
53.04
56.0
55.38
53.66
56.43
53.31
53.03
NA
54.29
55.32
54.98
54.08
53.38
53.11
57.06
54.75
52.23
52.88
54.28
52.55
54.95
55.74
54.26
54.24
52.74
55.86
54.04
52.37
54.18
53.04
53.6
53.49
53.08
52.59
54.29
54.04
54.98
54.03
51.34
53.33
NA
55.19
52.05
NA
54.25
52.25
52.87
53.38
54.77
52.07
52.22
52.2
54.03
52.2
53.72
55.14
54.73
54.73
55.73
52.61
54.94
54.94
52.67
53.33
55.03
55.26
53.7
52.98
52.19
52.64
54.3
52.6
53.1
54.08
53.37
55.45
NA
NA
55.92
56.07
53.09
NA
NA
56.45
54.53
54.02
54.62
52.12
53.81
53.34
53.45
52.59
51.41
52.59
53.52
52.23
54.03
55.26
55.07
53.34
51.6
50.6
57.63
55.24
54.06
54.59
54.26
53.59
52.85
52.33
55.43
54.27
53.97
53.38
55.53
54.49
53.43
54.54
55.67
52.05
NA
NA
57.85
52.37
50.77
NA
51.48
54.36
52.3
52.83
52.94
53.84
51.97
56.17
55.5
54.48
54.0
NA
54.0
54.65
52.1
54.78
54.38
56.87
55.76
54.0
58.45
53.32
54.74
52.31
NA
52.88
NA
54.29
52.04
55.46
52.86
53.76
55.26
54.76
56.96
55.46
51.9
52.73
NA
54.6
NA
53.23
52.36
58.32
53.43
55.0
54.4
53.6
53.1
53.7
53.01
52.24
54.6
53.98
55.13
53.66
54.55
52.89
52.01
53.62
56.41
52.64
51.43
54.39
55.78
53.68
53.82
51.75
55.02
NA
53.49
53.29
52.98
52.88
52.08
52.88
52.56
55.13
52.31
55.09
51.9
52.73
54.16
55.15
52.56
54.88
56.81
53.52
54.61
52.64
55.53
57.2
58.2
57.0
52.13
53.13
53.62
54.46
54.87
51.97
53.26
54.12
49.71
53.0
57.16
53.58
50.78
54.0
55.5
55.7
54.2
53.6
52.14
52.94
53.74
53.63
54.64
54.48
54.74
55.14
51.34
53.34
55.24
52.99
52.34
54.04
53.4
54.35
NA
NA
55.31
54.93
52.77
53.44
54.33
57.37
54.65
54.08
54.75
54.51
55.38
53.94
54.88
52.89
54.23
51.88
NA
55.67
52.97
55.67
58.01
NA
NA
56.02
52.52
55.5
54.4
52.85
53.11
54.71
53.71
56.81
53.81
54.52
52.6
52.14
52.22
53.23
51.29
NA
54.49
55.19
56.0
55.23
54.53
54.29
52.74
54.33
55.5
52.65
55.64
52.74
54.54
57.63
52.14
52.83
54.89
52.89
53.42
54.59
52.19
56.09
55.24
NA
NA
53.48
56.19
54.73
53.64
50.27
53.82
54.04
55.03
53.88
NA
53.59
50.24
53.88
54.18
55.0
53.85
53.04
55.47
52.87
52.76
53.23
55.24
52.73
55.17
55.26
53.24
55.26
55.26
53.26
55.26
56.59
NA
59.75
56.26
NA
NA
NA