57.37
56.12
57.57
57.35
54.73
56.06
58.02
54.44
57.28
57.01
57.26
NA
57.52
57.23
56.1
56.11
57.51
56.65
57.18
56.84
56.68
57.17
57.6
57.5
57.88
55.44
57.64
57.17
57.53
57.33
55.18
57.91
57.4
58.0
57.56
57.96
57.5
55.74
54.23
58.8
59.26
57.39
57.34
58.82
56.41
56.91
55.77
57.5
57.3
58.6
58.3
56.83
57.23
58.05
NA
57.99
57.2
57.44
57.74
57.68
55.15
57.35
57.3
57.77
58.3
57.14
56.53
57.41
56.55
57.86
56.31
56.59
55.04
57.35
57.89
57.64
56.78
57.42
57.01
57.86
57.87
57.33
57.1
57.36
56.9
57.26
56.78
57.32
57.02
56.18
56.52
57.09
58.24
57.67
57.88
52.4
57.49
55.72
52.2
57.1
57.71
56.07
NA
57.24
57.52
57.57
57.33
57.03
57.98
56.69
56.54
57.64
56.86
54.13
57.21
57.06
57.78
57.6
57.37
56.53
57.01
55.01
57.28
55.38
57.73
57.21
57.62
56.84
56.7
NA
57.3
57.13
57.13
57.55
57.78
55.12
56.13
NA
57.23
57.05
57.3
56.43
57.09
57.15
55.03
54.89
56.76
54.44
57.14
57.82
57.56
57.8
56.47
56.33
57.0
57.63
57.48
57.83
57.5
57.67
57.24
57.6
57.36
57.54
57.29
56.89
57.91
57.21
55.9
57.14
57.93
57.31
56.73
58.99
56.63
57.51
58.07
57.34
57.02
58.49
57.36
58.06
56.39
54.8
57.49
57.45
55.8
57.19
57.62
57.92
55.33
56.92
57.7
56.89
57.3
58.25
56.79
57.55
54.51
56.43
57.5
56.88
57.21
57.89
57.1
56.91
56.08
55.64
57.38
56.75
56.98
56.98
56.62
57.3
56.61
56.81
57.63
57.94
58.18
57.66
57.89
57.37
57.55
57.77
56.47
56.87
57.33
57.62
57.22
57.83
56.65
58.17
57.52
57.01
57.46
56.62
58.0
54.09
56.43
57.36
57.41
58.54
53.7
57.19
56.58
57.36
56.73
57.33
56.77
57.24
56.52
57.3
56.76
57.55
56.81
56.68
53.67
56.55
57.51
54.51
56.81
58.11
57.24
57.24
57.2
58.8
56.57
57.66
57.24
NA
NA
NA
NA
NA
NA
57.29
57.12
58.1
56.92
57.18
57.07
52.09
NA
57.61
58.11
57.28
57.29
57.55
57.11
58.06
57.18
57.23
56.97
52.1
57.46
NA
58.12
57.49
57.22
NA
57.18
58.04
56.68
57.45
56.94
52.03
57.28
57.44
58.08
NA
57.49
56.71
57.94
56.2
56.92
56.86
57.85
56.17
57.07
56.85
57.68
56.4
57.06
56.86
56.71
57.2
56.49
56.82
56.99
57.53
57.65
55.74
56.35
NA
NA
NA
56.87
57.44
56.24
56.07
54.01
57.85
56.99
58.02
54.44
55.27
54.81
NA
54.77
56.42
55.52
NA
56.8
57.28
56.37
57.54
58.11
53.98
54.97
NA
NA
54.42
54.38
56.84
NA
NA
NA
NA
NA
55.01
56.73
56.97
56.83
57.19
57.34
54.51
57.37
56.54
57.68
56.52
57.7
57.69
54.37
57.87
51.6
57.0
55.76
52.98
51.11
57.22
55.13
57.53
56.62
56.73
57.2
57.1
54.8
54.2
57.1
57.9
NA
NA
56.89
54.31
57.59
53.14
58.44
56.44
57.64
57.54
56.24
57.64
56.3
57.41
57.45
57.85
57.35
57.55
57.81
57.32
57.71
56.96
57.64
57.15
57.48
57.79
56.8
55.96
56.98
57.67
56.48
57.35
51.94
54.14
54.22
56.97
57.65
57.16
57.48
57.79
56.8
NA
NA
NA
NA
NA
NA
57.75
57.32
52.4
57.66
57.36
57.43
57.61
57.65
57.18
NA
56.78
57.48
57.18
57.28
56.88
57.48
57.09
57.29
56.89
57.49
57.12
57.32
56.82
57.52
57.06
57.26
56.86
57.46
57.76
55.74
58.67
57.56
56.23
57.48
56.69
57.57
57.0
57.3
57.32
51.9
53.4
57.49
57.35
57.6
56.18
57.3
53.33
57.38
NA
57.7
57.6
58.0
56.9
NA
NA
NA
55.8
52.42
57.53
53.99
51.88
58.0
57.65
54.31
57.51
57.44
56.27
55.04
57.1
57.18
57.29
56.2
59.06
NA
51.11
56.54
52.04
57.57
56.79
52.54
57.6
54.09
52.04
58.04
57.55
54.42
56.51
55.04
56.83
57.07
56.96
57.17
58.09
56.55
57.48
54.62
54.85
53.51
58.54
58.47
58.51
58.38
58.38
58.14
57.61
56.86
56.77
57.55
58.46
54.08
56.47
57.35
56.75
56.58
56.29
57.31
56.79
56.68
57.56
54.55
58.0
56.72
56.72
56.67
57.38
55.83
57.08
NA
57.5
NA
55.9
56.89
57.41
57.2
57.2
NA
57.24
NA
NA
NA
55.22
52.45
57.86
51.49
57.88
58.15
57.95
57.54
55.74
54.44
51.74
58.04
57.64
57.69
57.46
58.64
56.93
57.35
57.61
NA
53.1
59.52
NA
56.96
58.27
57.98
NA
53.1
59.49
NA
56.88
58.19
57.96
NA
52.67
59.52
58.42
56.89
58.16
57.94
58.4
55.13
55.25
57.23
54.47
54.19
54.41
54.27
54.02
54.25
57.53
57.3
56.97
57.48
57.31
57.07
55.06
57.23
57.38
57.14
56.34
55.69
57.58
56.51
55.32
57.45
55.71
56.34
55.69
57.58
56.51
55.32
57.45
55.71
56.6
55.71
57.5
56.39
55.39
57.34
55.7
56.42
55.73
57.31
56.35
55.17
57.33
55.65
56.54
55.68
57.52
56.47
55.38
57.51
55.6
57.36
57.75
57.04
NA
NA
NA
NA
NA
NA
NA
NA
NA
NA
56.09
58.39
57.09
NA
NA
NA
NA
NA
NA
NA
NA
NA
NA
NA
57.7
57.3
58.77
58.86
57.65
NA
53.1
57.91
58.27
57.44
NA
NA
NA
57.55
57.53
57.74
57.76
57.32
57.36
NA
NA
56.28
56.37
56.44
54.55
57.2
55.52
57.24
57.52
53.2
57.71
54.17
57.67
57.43
53.99
58.34
57.25
56.02
57.34
56.79
57.15
58.21
57.09
54.07
57.18
56.96
53.55
57.97
56.75
56.15
56.79
57.52
56.44
57.04
57.77
57.02
57.21
56.65
56.95
56.05
54.8
NA
56.94
56.99
54.67
54.95
54.96
56.31
56.94
57.32
57.55
57.01
NA
NA
58.05
NA
58.12
55.71
57.3
56.52
57.25
57.01
57.08
57.58
NA
NA
NA
NA
NA
56.83
57.12
57.61
57.61
57.47
55.97
57.07
57.2
55.8
57.3
56.6
54.51
57.36
57.36
57.66
56.56
57.37
58.27
58.57
57.37
57.37
58.31
57.91
57.61
58.51
57.05
56.34
56.19
56.69
57.99
56.69
57.42
57.18
NA
NA
NA
NA
NA
NA
NA
NA
NA
NA
NA
57.57
58.2
57.4
58.35
56.85
57.55
58.01
57.61
57.21
57.41
57.8
57.05
55.91
57.63
55.84
55.04
56.94
57.75
57.75
55.05
57.96
55.71
55.6
57.57
57.64
57.69
57.48
57.35
57.11
57.59
57.24
57.5
57.71
57.46
57.28
57.21
56.78
55.39
57.14
56.92
57.11
57.46
57.46
56.83
57.13
56.13
57.43
56.73
57.83
57.13
57.43
58.18
57.28
57.78
53.72
57.31
56.21
56.27
57.15
57.28
56.19
56.35
57.6
56.06
57.31
57.11
56.81
58.91
56.81
57.21
56.81
57.21
57.78
57.98
54.04
57.04
56.99
56.19
57.51
52.61
58.02
57.53
57.39
56.78
56.8
57.63
58.06
57.48
53.32
57.53
57.12
53.66
57.29
56.53
58.32
57.8
57.11
56.81
57.51
56.31
57.71
53.0
52.83
54.39
57.58
52.99
53.47
55.43
55.08
55.62
55.65
55.55
55.5
55.49
57.94
56.74
57.44
57.44
53.39
53.33
57.64
57.34
53.14
56.47
57.37
57.27
57.24
56.37
57.21
57.29
56.72
57.66
58.43
57.24
58.26
NA
56.45
56.55
57.11
55.6
53.4
57.25
55.77
58.05
56.85
51.35
57.75
56.15
57.22
56.53
56.98
57.21
58.4
57.69
58.39
58.16
58.14
58.87
57.45
57.21
57.49
57.65
57.64
57.41
56.78
57.69
55.65
57.38
57.32
57.39
58.39
56.48
55.08
53.52
58.56
NA
57.27
55.76
54.42
58.24
57.76
56.57
57.58
56.22
57.57
57.53
52.8
57.45
56.28
57.45
57.05
58.35
57.85
57.45
52.55
57.45
57.02
56.32
56.42
55.42
56.76
57.47
56.27
53.17
57.52
57.22
57.67
56.74
56.18
57.33
59.07
58.07
NA
58.45
50.65
57.69
57.3
55.53
57.4
55.16
52.5
57.84
51.65
56.26
58.22
57.93
57.68
58.48
57.28
58.08
54.78
55.41
57.52
57.31
57.18
57.53
57.56
57.96
56.7
56.84
57.51
58.81
56.71
57.41
57.33
57.59
57.49
57.79
54.79
57.59
56.09
56.25
57.25
57.25
57.64
NA
NA
57.25
57.3
56.98
52.15
57.25
57.75
58.45
57.45
57.95
57.1
57.28
56.76
58.23
56.37
58.68
57.23
55.84
56.88
57.78
56.78
57.7
55.32
57.39
57.77
56.28
53.6
52.1
57.64
58.44
57.14
58.04
58.85
56.65
55.11
57.02
57.71
57.35
57.64
57.48
57.98
57.48
57.43
57.63
55.2
56.69
54.87
56.26
57.48
58.08
53.22
57.32
51.71
58.51
57.28
56.95
58.0
57.6
57.2
NA
57.16
57.76
56.55
57.65
56.14
57.24
57.44
57.54
50.74
57.04
54.64
57.07
57.58
57.57
57.8
57.02
55.44
54.0
52.68
57.65
58.45
57.25
58.15
56.21
55.79
54.78
56.36
58.12
56.79
57.24
57.33
57.76
56.47
56.56
57.28
57.2
57.2
57.62
57.02
52.02
57.62
58.42
57.22
58.02
57.49
56.93
57.05
57.39
58.33
57.29
57.84
57.36
57.36
NA
57.72
57.17
56.96
57.45
57.82
55.07
57.77
55.27
52.27
57.07
56.77
56.57
57.4
56.21
56.37
57.9
53.86
56.83
57.96
58.82
56.53
57.22
57.72
56.72
57.22
57.94
57.64
57.64
57.34
57.34
57.54
53.06
57.06
57.46
56.46
57.69
56.29
58.07
57.27
52.83
58.43
57.73
58.53
57.23
58.13
56.87
54.54
56.85
56.78
57.06
57.76
57.41
58.04
53.64
57.14
56.34
58.14
56.84
56.12
57.44
55.35
57.55
57.39
57.82
54.58
55.51
58.28
NA
NA
NA
NA
NA
57.14
53.06
57.69
NA
57.16
57.22
57.57
57.85
57.49
53.99
58.22
57.37
57.29
54.3
52.6
56.93
57.63
57.03
57.13
57.13
56.73
57.53
57.24
53.16
58.13
57.42
58.21
57.79
57.49
57.49
57.04
57.49
56.92
54.24
57.46
57.51
58.27
57.29
52.14
55.45
58.14
57.03
57.28
56.48
57.4
56.72
57.52
56.31
58.97
55.75
57.77
54.87
57.5
57.4
56.66
58.86
56.36
58.36
NA
58.34
57.45
57.2
57.82
58.04
57.64
57.28
56.24
57.28
57.24
56.37
57.21
57.31
57.59
56.1
56.5
57.34
57.28
56.24
57.28
56.96
56.7
58.01
57.37
58.93
61.89
52.37
57.44
56.98
57.48
57.99
56.98
57.13
57.81
54.98
57.67
57.76
56.96
57.26
57.36
56.26
56.37
57.2
57.2
56.28
52.44
58.09
57.72
57.52
57.22
57.52
57.52
56.71
56.51
56.21
57.31
59.11
58.11
NA
58.61
56.11
57.71
57.31
56.39
56.19
57.39
59.09
58.09
NA
58.59
51.19
57.79
57.39
57.08
52.16
58.22
58.22
58.22
57.26
55.69
57.94
56.84
57.28
59.37
56.99
55.69
56.99
56.99
56.59
57.19
57.67
57.88
57.85
55.25
57.55
56.35
56.66
57.26
56.26
56.46
54.16
55.36
57.7
57.72
57.77
57.72
57.43
58.09
57.25
58.05
55.66
57.28
57.41
52.56
57.36
57.62
58.34
57.34
57.84
56.54
56.94
57.94
55.48
57.54
57.23
56.69
57.16
52.94
57.13
56.91
58.59
56.37
57.31
56.71
55.41
56.11
57.57
57.31
56.04
57.9
57.46
58.0
57.3
58.34
57.34
57.84
56.54
56.94
57.94
56.67
56.84
62.29
57.79
58.43
58.24
56.74
57.24
57.41
57.4
57.13
57.68
57.18
57.01
56.54
57.12
56.94
57.06
57.72
57.52
57.33
57.46
57.42
57.2
57.36
57.37
57.66
57.25
57.02
57.55
57.32
57.24
56.87
57.69
58.01
57.6
57.46
58.22
54.22
54.92
57.32
55.12
57.55
57.69
54.19
57.01
58.06
57.84
56.49
57.87
58.66
57.38
56.85
55.55
57.42
57.0
56.66
54.66
55.07
56.69
59.05
57.72
54.91
54.81
57.65
57.7
56.99
58.12
52.79
57.91
55.82
56.63
57.95
57.84
52.14
57.35
54.54
52.02
57.81
57.47
54.39
56.85
55.21
56.9
57.01
57.69
56.81
57.55
58.65
56.51
57.49
57.66
56.99
57.57
57.1
57.06
57.56
57.22
57.48
56.78
56.46
55.96
57.02
57.46
57.86
57.38
60.45
57.92
58.82
57.77
57.96
57.73
57.01
58.17
NA
57.82
56.72
57.99
56.05
57.62
57.46
56.94
57.14
57.22
57.42
57.6
57.44
57.5
58.3
57.0
57.9
57.18
56.96
57.08
57.22
57.58
57.47
57.76
57.24
56.5
56.03
57.51
57.37
57.03
57.29
57.37
57.28
57.49
57.18
56.68
58.12
56.83
56.29
56.03
57.11
57.99
53.79
57.39
56.69
58.26
58.26
57.56
58.06
57.36
54.96
57.26
57.56
57.46
57.56
57.46
57.33
57.95
56.46
56.34
56.81
57.23
57.54
54.44
54.64
52.24
58.34
57.64
57.55
57.76
58.82
56.29
56.63
56.49
57.31
56.7
56.27
57.72
56.55
53.44
53.72
53.56
53.35
54.83
58.25
56.75
56.95
57.45
57.65
56.95
57.25
57.13
57.64
54.65
57.74
58.04
56.62
54.84
56.59
55.17
57.34
57.84
57.34
56.77
56.97
57.47
57.87
56.97
57.17
57.59
54.49
57.49
57.09
56.7
56.72
57.05
57.32
57.86
57.48
54.8
57.29
57.46
55.64
56.53
57.25
57.22
54.78
57.44
57.3
57.68
57.65
55.26
55.22
57.72
55.02
57.61
51.7
55.21
57.16
58.26
57.56
56.76
57.32
56.69
54.75
57.45
57.42
57.75
58.28
56.81
57.59
57.21
56.03
57.51
57.37
57.03
54.41
57.71
55.8
56.79
57.71
57.73
56.84
56.54
58.74
57.07
57.03
57.16
57.21
56.27
57.01
57.23
57.38
56.78
57.47
56.6
57.37
57.51
57.6
57.42
57.86
57.21
57.15
57.15
57.06
57.64
57.42
57.8
57.28
56.91
57.15
57.38
55.47
57.44
55.45
57.16
57.25
56.06
57.08
58.08
57.62
58.32
57.32
57.82
57.38
57.58
55.08
58.28
57.68
NA
56.98
NA
NA
NA
NA
NA
NA
56.39
57.69
56.75
57.61
57.18
57.49
57.49
NA
57.29
57.53
57.32
57.73
56.87
54.63
56.03
58.16
57.29
56.65
52.29
56.85
57.31
57.25
57.16
57.09
57.67
56.02
57.52
56.72
53.12
57.62
57.17
57.24
58.14
53.84
56.46
56.48
57.41
NA
53.79
57.89
57.5
57.08
56.61
57.62
57.56
57.47
56.04
55.17
56.6
57.52
57.5
57.36
56.0
NA
56.82
57.6
57.9
58.0
56.8
57.01
NA
57.41
58.01
58.71
58.51
58.61
57.94
57.14
57.23
54.4
57.46
57.26
58.02
57.49
57.0
58.48
55.78
57.45
57.58
56.33
58.38
56.33
54.07
55.68
58.56
56.92
55.15
57.51
58.13
57.51
57.02
57.66
58.11
56.82
57.78
57.87
54.03
58.95
57.25
57.6
56.95
57.49
57.03
56.07
58.04
53.88
NA
56.12
57.97
55.19
57.86
58.08
56.93
57.16
56.93
56.94
55.99
57.04
53.09
57.83
55.92
56.74
57.87
57.98
57.38
57.08
53.88
57.16
52.26
56.11
58.71
57.41
58.19
52.41
58.07
56.81
57.58
58.18
56.98
57.58
57.23
56.55
56.65
54.95
55.7
57.17
57.35
57.52
57.02
57.73
57.21
57.19
57.67
57.18
56.35
54.65
57.77
57.34
58.52
58.05
51.36
57.88
57.99
57.89
58.63
57.19
57.49
57.19
56.94
56.99
57.33
57.0
56.82
55.82
57.32
57.68
57.52
57.62
57.5
57.58
56.81
57.58
57.11
58.31
57.41
58.15
56.95
57.75
56.75
56.25
58.15
58.44
58.13
57.51
57.47
NA
57.9
57.4
57.21
57.23
57.57
57.74
58.04
57.05
57.15
56.95
58.95
57.45
54.4
57.3
55.9
56.8
58.1
58.18
56.78
53.59
NA
57.41
56.56
52.47
57.14
57.14
51.3
55.97
55.97
57.41
54.69
56.39
56.17
NA
56.71
52.67
57.93
55.84
57.29
57.2
57.01
57.01
55.78
57.01
56.7
NA
NA
57.76
57.25
57.55
56.96
52.73
57.81
57.1
57.58
56.95
56.88
57.53
57.54
59.07
56.57
56.87
58.31
56.82
55.47
57.94
52.04
58.84
57.84
56.76
57.55
57.06
57.46
57.64
58.71
56.76
57.19
55.9
57.3
56.67
50.9
51.83
57.3
57.3
56.98
56.84
57.94
59.69
57.64
57.23
59.08
55.63
57.52
58.6
57.5
56.5
54.6
58.03
57.43
57.53
53.85
56.75
57.28
57.02
56.88
51.93
57.49
57.19
57.36
55.81
58.48
57.01
57.71
57.61
57.25
57.76
56.94
57.22
57.24
57.09
57.11
57.55
57.14
58.12
56.56
56.08
56.95
NA
54.73
53.02
56.72
57.27
57.25
57.8
57.8
56.4
57.46
56.76
57.36
52.62
57.51
57.05
57.6
56.16
56.46
55.96
56.76
58.05
57.32
58.02
59.72
56.82
NA
NA
57.55
54.89
55.47
52.34
55.19
55.46
57.86
NA
57.38
55.49
58.16
56.53
56.06
57.41
57.33
NA
56.98
56.76
56.97
57.18
53.59
54.55
56.34
57.04
57.24
57.43
52.73
59.1
57.14
57.81
57.81
57.51
56.41
57.21
57.21
56.74
57.44
57.94
56.66
57.71
54.78
57.39
57.86
53.1
57.85
58.43
57.51
57.63
55.73
56.73
57.53
52.33
55.82
57.1
57.2
56.97
54.39
57.49
56.72
NA
58.22
57.45
57.15
52.05
55.85
57.21
57.55
53.95
57.35
57.35
56.85
58.05
57.65
56.15
56.62
57.25
58.03
57.76
57.34
58.16
55.47
55.38
56.94
54.26
57.28
57.78
57.57
57.59
56.56
57.34
55.41
57.81
57.31
57.51
57.45
54.06
57.78
57.67
57.48
57.7
57.27
57.19
57.02
57.05
57.39
57.53
51.83
57.25
57.68
57.67
57.95
56.64
58.54
55.54
57.64
57.92
58.32
58.12
57.12
56.95
57.58
57.78
58.39
57.89
57.65
58.55
57.85
57.76
59.46
58.26
58.26
55.35
56.5
58.58
57.38
58.18
57.27
57.87
57.61
58.41
57.21
58.11
57.14
58.0
58.11
57.86
57.44
51.01
57.65
58.06
57.77
57.24
56.92
57.8
56.91
57.33
57.84
54.93
56.95
57.72
56.99
57.22
57.77
55.17
56.93
57.73
57.43
57.17
57.04
56.53
55.86
57.96
58.2
54.35
58.49
58.16
59.41
57.55
51.66
56.47
57.37
57.05
57.43
58.04
57.87
57.62
58.09
58.07
55.03
57.62
57.32
57.02
57.52
57.42
56.79
57.61
55.13
NA
57.8
57.94
NA
57.31
NA
57.47
57.07
57.87
57.57
55.09
NA
57.18
57.78
57.46
57.46
57.98
57.41
57.44
56.27
57.4
57.12
57.15
55.84
58.66
57.28
52.0
58.43
57.66
57.32
54.47
57.39
55.59
NA
56.66
57.45
57.75
57.45
57.05
57.75
56.35
57.74
53.74
57.54
54.22
56.19
57.66
52.34
57.45
54.96
57.6
57.5
52.45
57.62
53.87
52.36
58.09
57.72
54.09
57.68
57.2
57.3
56.79
60.35
57.5
56.26
57.44
54.66
53.32
57.51
57.56
57.47
55.07
56.87
57.27
57.5
57.06
57.12
57.67
57.15
57.41
NA
NA
57.04
57.01
56.1
56.29
57.23
57.32
57.01
57.51
58.07
57.68
59.1
57.99
57.61
58.04
57.3
54.49
57.54
53.55
57.48
57.1
57.23
55.89
55.65
56.62
56.59
57.24
56.89
57.18
57.48
57.37
57.08
56.78
56.98
55.98
55.78
56.48
56.38
56.98
56.98
57.18
57.28
57.28
57.55
57.22
55.4
54.2
57.5
58.4
57.36
56.78
57.02
57.15
57.8
57.3
57.45
55.54
58.61
56.75
56.21
57.31
53.11
57.91
56.91
57.21
54.61
57.51
56.91
56.53
57.24
57.26
55.66
56.53
57.19
57.39
57.03
56.97
57.18
57.1
57.25
57.59
56.47
54.11
NA
57.89
58.1
53.86
58.3
57.79
57.15
57.94
52.16
57.91
57.28
57.19
52.59
54.39
57.0
57.51
57.06
57.9
57.76
57.49
57.53
56.91
56.88
56.88
56.81
57.86
56.8
57.42
55.8
57.33
57.36
55.58
57.91
56.63
57.95
57.45
56.45
56.99
57.66
57.13
57.43
52.85
55.61
57.82
57.84
53.46
54.21
56.27
57.98
56.67
57.03
56.91
56.34
56.07
54.13
56.61
57.3
NA
56.94
57.61
56.61
57.01
56.46
56.96
56.6
56.48
56.15
57.25
58.86
58.04
NA
58.39
56.16
57.69
57.24
55.48
57.26
56.66
57.46
58.08
57.14
52.21
53.44
57.67
57.99
54.76
56.92
57.29
57.42
56.93
56.79
57.57
57.1
56.73
56.59
NA
57.78
57.02
57.34
57.31
55.69
55.62
56.71
57.19
57.2
57.52
57.28
54.69
57.48
58.07
54.45
56.98
58.26
56.15
55.83
NA
57.32
57.28
56.46
57.92
53.7
57.78
57.31
55.94
55.0
56.22
57.28
57.48
57.19
57.29
55.32
57.16
56.38
57.41
56.22
56.93
57.43
57.63
57.05
57.65
57.09
57.15
52.21
53.44
57.72
56.0
57.62
57.11
58.4
51.86
57.49
59.15
57.52
57.39
56.93
57.3
54.06
58.35
55.18
NA
54.27
56.12
57.48
54.88
57.12
NA
58.06
57.17
58.63
58.81
57.25
57.34
58.73
54.19
57.31
58.44
56.91
58.1
57.04
57.25
57.44
57.21
59.1
56.67
54.8
56.65
55.55
56.45
58.18
57.86
57.87
57.45
55.4
57.48
52.12
55.07
54.74
58.0
57.1
56.3
58.0
57.33
55.57
57.58
52.34
57.44
57.46
57.23
57.12
59.06
56.94
57.93
58.6
NA
57.44
NA
NA
56.14
56.63
56.46
58.48
56.88
57.74
57.57
57.11
57.89
57.59
56.67
57.69
56.85
54.78
55.69
55.5
55.38
55.29
57.51
56.43
57.17
58.02
NA
NA
NA
56.44
57.18
57.07
58.45
55.55
57.08
57.22
58.45
57.54
57.59
57.22
57.41
NA
59.07
56.2
55.99
57.44
57.07
57.6
54.52
57.49
55.39
55.29
57.33
57.1
56.08
NA
NA
NA
55.95
57.48
57.8
55.6
52.2
58.5
57.1
56.79
56.8
56.62
NA
55.93
53.83
54.43
57.07
57.2
57.91
56.34
56.29
56.12
57.38
57.11
57.02
55.68
57.61
54.91
56.6
57.79
56.32
57.49
56.89
56.83
58.62
57.0
NA
NA
NA
NA
NA
56.7
57.34
56.77
57.18
56.85
57.07
53.98
58.25
58.15
57.25
57.75
56.86
57.05
58.13
57.03
57.19
57.15
57.42
57.23
57.35
57.68
56.92
57.82
57.55
57.3
57.3
56.61
NA
56.09
57.22
57.41
57.67
56.91
57.87
57.54
57.31
57.3
56.59
57.91
56.17
57.42
53.65
57.46
58.06
53.73
57.81
57.54
57.93
54.38
54.48
56.98
57.34
52.28
56.32
57.27
56.2
59.06
NA
57.26
57.42
57.19
57.21
57.62
56.88
56.58
57.57
57.77
57.49
56.91
57.17
57.34
57.34
56.66
57.6
57.87
57.56
56.83
57.18
57.36
56.69
57.09
56.69
57.49
56.99
58.23
56.24
56.86
50.95
NA
55.34
52.05
57.86
57.51
52.89
58.17
NA
52.15
57.93
57.43
54.31
51.43
60.07
NA
51.94
57.64
57.24