29.68
33.7
33.55
29.84
29.19
31.15
31.46
32.76
33.34
30.21
30.29
33.54
33.48
31.08
NA
33.68
33.59
35.17
33.33
32.96
34.47
34.4
35.05
35.02
NA
NA
NA
31.25
NA
33.44
33.76
33.33
33.62
30.96
32.63
33.07
30.74
33.87
30.6
31.71
33.11
31.41
32.16
31.88
35.43
33.36
32.39
NA
29.09
NA
32.48
30.82
31.31
NA
35.16
30.95
32.32
34.51
32.58
34.08
32.82
32.12
33.79
32.48
34.49
33.24
31.52
32.44
32.48
33.03
30.54
27.89
29.26
29.96
33.44
31.69
32.82
31.08
31.58
NA
33.65
35.98
30.75
33.52
30.91
NA
31.52
33.69
33.17
31.47
NA
33.26
34.96
33.02
34.43
33.99
35.2
NA
34.43
31.02
35.35
30.8
32.76
29.41
33.03
35.12
33.68
31.58
34.21
29.41
31.46
31.55
32.08
31.41
32.07
28.74
30.87
28.94
30.79
31.2
30.69
31.09
35.38
31.73
32.38
29.8
32.38
31.21
30.4
NA
34.46
33.1
31.18
29.76
35.37
28.97
NA
NA
29.86
33.76
NA
33.37
32.3
34.11
31.55
30.2
32.64
31.65
33.79
NA
32.25
34.45
32.99
30.24
34.46
32.39
31.15
32.98
32.23
35.31
33.95
30.98
32.45
35.07
30.54
30.84
33.05
32.19
31.21
33.28
32.67
30.17
30.56
33.83
33.91
33.8
34.01
33.58
33.83
29.44
32.31
34.13
NA
32.97
NA
31.72
NA
NA
33.75
29.66
30.61
33.42
34.89
31.29
31.36
34.97
30.19
32.37
31.35
29.86
33.12
32.1
30.54
32.74
34.37
29.52
30.18
34.47
32.22
29.93
30.61
33.4
30.27
31.35
31.62
32.3
NA
31.47
31.71
32.46
NA
NA
NA
NA
NA
NA
NA
NA
31.66
NA
33.53
29.51
30.25
32.06
33.74
34.29
32.34
33.37
32.92
33.0
NA
29.75
NA
29.31
NA
32.45
NA
NA
30.03
31.33
30.33
34.95
32.8
34.26
31.79
32.0
34.67
31.42
32.0
33.26
33.74
31.7
33.18
29.89
30.06
33.36
32.87
32.62
33.32
29.62
31.75
33.8
31.5
30.96
33.19
NA
30.71
31.1
31.13
30.94
33.46
31.97
30.86
31.35
NA
NA
34.87
30.59
32.33
35.25
32.59
32.33
32.25
30.61
30.07
32.66
34.11
30.25
34.24
29.85
NA
30.36
32.78
NA
31.18
33.55
34.52
NA
29.66
NA
32.55
34.43
34.12
32.68
31.82
33.42
30.41
34.02
33.13
34.55
29.08
27.52
31.96
31.41
30.72
34.21
31.41
33.45
32.51
32.17
31.06
33.37
30.26
35.15
32.71
32.33
32.93
33.93
33.51
29.79
30.01
32.04
32.29
30.43
31.6
30.39
30.59
31.43
30.14
31.99
30.1
34.42
31.88
34.3
32.71
30.5
32.85
30.32
35.14
30.72
33.51
33.63
33.22
33.14
33.18
33.74
31.66
33.15
30.51
NA
34.09
35.07
30.52
32.32
32.95
31.7
32.64
31.07
30.71
29.82
33.5
NA
29.96
30.36
34.15
32.05
27.73
31.59
34.4
32.67
29.62
27.15
NA
31.59
30.07
28.97
29.39
30.67
34.13
33.71
32.42
31.47
NA
28.93
33.95
30.22
NA
31.78
29.9
31.45
33.27
36.41
27.33
31.81
25.68
33.16
NA
29.66
31.76
31.66
30.0
32.17
29.49
30.08
29.66
33.89
32.52
31.81
33.37
33.91
NA
NA
NA
34.01
29.22
34.17
34.78
31.32
31.88
34.62
30.92
32.81
30.85
35.12
30.22
29.44
29.54
33.82
33.66
30.85
33.07
30.1
NA
30.87
33.19
29.7
NA
29.32
29.35
29.44
31.69
NA
NA
NA
31.86
32.45
30.15
32.22
30.37
32.1
34.11
33.25
33.34
31.52
31.46
32.06
30.46
34.34
34.44
33.08
33.29
32.44
34.01
33.77
31.51
31.67
29.9
34.25
NA
NA
32.64
33.55
31.4
33.66
34.52
29.92
29.92
30.32
33.96
30.46
33.52
34.02
32.62
NA
NA
32.16
30.38
32.32
32.7
35.1
32.09
NA
NA
NA
29.98
30.55
31.15
33.95
30.65
33.66
34.32
30.72
31.64
33.47
29.92
32.82
31.22
33.22
32.82
30.62
31.42
29.22
33.0
32.21
29.63
NA
NA
30.26
NA
29.14
34.0
30.61
30.32
33.55
34.25
32.65
NA
34.84
33.54
32.94
30.54
32.44
31.44
31.12
31.21
34.41
33.41
31.55
33.11
31.41
33.71
30.18
30.95
31.99
30.13
32.67
34.12
31.89
33.68
32.65
29.54
34.59
31.05
33.27
31.32
29.83
34.28
31.93
32.87
35.27
33.45
30.63
29.53
34.13
35.55
32.83
33.23
32.83
32.62
33.89
32.8
32.2
31.24
29.98
31.24
32.36
33.34
33.95
31.07
NA
32.1
35.3
32.2
34.65
31.62
29.6
30.6
31.73
30.64
31.27
31.63
34.33
NA
NA
NA
NA
30.16
32.89
33.32
31.28
30.07
32.52
30.05
31.94
32.93
34.22
33.85
34.25
30.4
NA
33.0
NA
29.87
33.08
31.22
32.23
29.28
32.09
30.56
31.73
30.56
30.34
30.97
32.43
33.7
32.98
30.74
NA
33.0
30.58
32.52
31.74
30.99
32.2
32.9
34.74
32.48
34.26
30.47
30.62
31.8
32.95
30.91
30.32
31.05
32.13
33.35
30.32
31.57
33.03
33.59
35.01
34.36
31.18
33.25
33.52
31.96
30.9
29.66
33.84
33.83
30.7
31.86
31.84
30.1
34.2
33.62
33.03
32.43
NA
33.31
30.96
32.27
33.99
33.69
31.59
29.78
33.6
35.02
34.37
31.19
33.27
29.43
33.99
33.14
34.08
34.44
34.38
33.99
29.83
33.63
34.3
34.31
32.62
34.7
32.13
29.39
29.53
29.52
29.68
32.91
30.89
33.46
33.91
NA
33.58
32.97
30.88
33.39
33.91
34.78
33.51
33.08
31.04
33.68
34.04
34.84
33.61
33.17
31.03
33.63
33.97
34.83
33.6
33.17
31.03
33.63
33.97
34.83
33.6
30.94
32.24
32.26
30.82
32.12
32.1
31.8
29.92
29.24
30.16
NA
31.09
32.07
33.15
33.11
33.44
33.63
33.7
29.46
30.38
30.26
30.25
29.53
30.35
30.03
30.15
29.55
32.05
31.64
33.36
33.7
32.66
29.56
34.23
31.35
31.9
30.19
34.08
34.61
33.05
33.86
30.88
32.09
30.52
38.67
34.14
33.21
34.07
NA
36.46
26.31
28.78
33.37
NA
33.03
32.54
29.86
32.02
31.53
30.36
27.9
29.28
31.12
NA
NA
NA
NA
NA
31.05
NA
31.24
32.6
30.74
34.05
NA
NA
NA
NA
NA
NA
NA
NA
33.18
31.06
29.57
36.43
35.83
26.48
29.03
33.72
27.6
30.91
28.67
31.69
32.73
28.83
31.08
31.99
32.39
31.75
32.84
33.75
32.48
32.86
33.73
32.46
32.83
33.73
32.53
32.29
30.02
30.89
31.69
29.94
31.85
NA
30.54
30.57
32.7
33.1
29.87
30.66
33.25
30.95
30.78
33.2
28.63
NA
NA
NA
33.47
32.59
32.33
29.73
32.73
32.1
31.19
29.9
32.76
30.91
30.35
34.03
30.32
33.32
33.02
30.45
31.99
33.32
NA
29.67
29.69
NA
31.84
NA
32.62
NA
NA
NA
NA
NA
NA
NA
NA
NA
NA
NA
NA
33.63
30.83
36.03
30.13
26.33
31.52
35.52
28.97
34.1
33.5
NA
NA
33.42
34.88
34.09
30.7
33.21
33.42
34.8
34.02
30.57
33.14
30.21
34.41
31.11
33.66
31.16
30.46
30.86
NA
30.08
33.18
NA
NA
35.68
33.08
NA
NA
35.88
31.67
27.77
30.75
NA
35.05
33.35
34.95
34.05
31.95
32.55
NA
30.45
34.15
NA
30.85
32.84
33.87
32.54
31.4
NA
29.5
30.0
32.31
34.35
29.5
29.72
NA
34.44
32.08
34.04
29.88
29.99
31.18
NA
33.14
30.54
NA
33.64
NA
32.87
NA
34.51
34.51
NA
32.4
31.32
NA
30.83
30.63
30.08
33.92
29.52
31.62
30.81
34.91
NA
NA
NA
NA
NA
NA
NA
NA
NA
NA
NA
NA
29.71
32.01
39.78
33.08
NA
31.08
31.58
29.38
31.28
34.58
NA
33.87
34.63
33.2
28.01
30.4
34.18
32.58
30.88
32.67
31.98
34.95
31.11
31.01
30.11
29.79
32.61
32.46
29.84
30.07
34.05
35.44
32.74
34.64
30.34
33.34
33.74
29.93
30.87
32.58
30.98
31.16
33.76
33.36
30.56
33.04
33.68
28.93
NA
NA
NA
NA
NA
30.86
30.27
32.93
32.42
34.49
31.02
33.97
33.42
NA
NA
32.21
30.43
30.23
29.93
29.63
34.13
35.03
32.23
31.49
29.63
29.6
35.34
25.77
29.42
NA
31.32
32.27
35.0
30.16
33.52
36.1
29.23
31.92
29.08
31.14
31.98
NA
NA
NA
32.55
33.75
30.22
31.22
32.42
NA
34.42
33.42
30.56
32.46
31.96
31.96
32.56
32.86
33.16
29.43
33.17
30.48
32.9
32.1
30.67
30.33
32.09
30.53
35.32
33.22
32.02
33.16
30.39
34.31
34.78
32.24
34.78
32.7
32.33
29.77
30.48
31.48
30.14
30.33
30.58
34.13
30.33
29.34
29.91
30.74
31.18
31.18
32.13
33.35
27.97
32.47
32.9
33.15
33.44
33.64
NA
NA
33.32
30.07
32.18
30.58
33.21
31.51
31.26
31.03
NA
30.89
32.97
33.13
31.24
31.12
30.89
NA
30.89
32.9
31.68
28.9
32.5
31.38
34.68
29.68
31.88
32.78
32.98
33.75
30.77
33.31
31.61
32.96
33.22
33.92
33.02
34.67
34.92
28.77
30.08
29.88
32.35
35.18
31.94
30.05
32.11
34.61
33.53
30.82
31.88
31.18
33.5
33.96
33.86
29.92
30.48
32.39
31.97
33.85
33.37
31.38
34.69
33.15
30.55
28.75
33.65
28.84
32.84
32.49
34.86
35.07
33.56
32.38
NA
33.63
34.22
32.22
33.67
NA
30.57
30.55
31.97
33.85
33.37
31.38
34.69
30.55
34.6
34.26
29.46
31.56
29.46
32.96
29.86
34.26
31.0
29.9
32.2
33.93
34.11
30.08
33.42
30.68
28.9
32.24
31.58
30.32
31.52
30.59
32.86
33.99
32.82
35.17
34.0
32.84
33.54
33.88
33.48
31.65
33.12
32.9
30.8
30.15
36.26
30.54
31.73
27.04
32.05
31.75
32.35
31.89
29.03
30.08
29.29
32.63
30.51
33.17
33.09
32.32
33.57
32.86
33.76
31.49
32.87
34.38
30.65
NA
29.76
33.66
29.93
31.92
31.62
30.68
35.78
35.08
33.08
34.68
33.78
31.68
30.48
31.01
32.26
30.56
29.76
29.57
29.76
29.52
NA
30.78
32.98
30.18
33.28
32.51
29.22
36.34
29.36
NA
NA
NA
NA
30.55
29.65
35.55
30.95
31.38
30.55
30.32
26.48
NA
32.93
32.42
32.42
30.62
33.55
29.45
29.5
30.93
NA
30.9
29.93
31.65
30.86
30.72
31.31
NA
30.91
29.87
31.89
31.05
30.61
31.13
30.53
34.43
33.38
31.48
29.87
30.87
29.36
32.16
32.56
30.22
33.54
33.32
33.28
33.33
29.68
34.14
31.19
30.49
29.87
29.15
30.74
30.74
33.6
30.27
29.95
29.42
33.96
29.95
32.84
33.54
30.54
32.65
30.65
32.85
29.85
34.15
33.19
35.22
33.53
35.96
31.69
31.17
32.99
30.41
33.46
NA
33.15
34.7
32.48
32.23
35.23
31.28
30.41
NA
33.24
29.9
31.22
33.21
29.51
34.01
30.51
32.61
33.19
29.39
33.19
30.49
33.59
32.24
33.19
NA
NA
33.66
31.36
30.66
32.52
33.04
29.65
34.49
30.26
31.99
31.95
30.47
29.01
31.65
32.42
29.53
31.17
34.32
32.99
33.57
31.82
NA
30.7
34.29
32.33
32.9
NA
30.16
30.19
36.19
31.12
33.32
31.07
33.37
33.57
32.57
32.97
30.07
NA
30.96
NA
NA
30.45
28.67
33.12
35.96
29.26
29.93
31.2
33.88
29.91
29.94
39.08
32.11
30.19
32.86
30.26
31.53
NA
NA
NA
30.12
33.12
30.72
34.32
30.54
30.57
30.45
30.23
36.18
31.93
29.8
NA
30.54
NA
NA
29.81
31.51
30.35
32.69
30.09
33.49
34.04
32.21
33.46
31.94
30.03
34.18
30.54
29.04
33.44
33.24
33.24
34.03
30.33
35.03
30.93
32.03
33.33
29.48
32.81
34.03
33.84
30.89
34.62
NA
NA
33.99
33.89
31.09
NA
31.26
NA
NA
33.07
33.3
29.34
31.22
29.12
31.42
31.62
29.92
34.2
30.91
30.94
30.34
32.08
33.61
34.28
31.78
32.74
33.32
33.04
32.94
25.89
32.95
29.46
33.95
NA
31.14
27.7
32.5
32.5
NA
31.88
NA
NA
29.64
NA
NA
32.95
25.43
32.44
32.23
NA
33.82
30.68
33.82
32.4
29.1
32.5
32.1
36.7
33.7
33.47
31.96
30.96
29.95
NA
NA
32.65
32.24
34.2
35.28
31.62
30.29
32.54
33.89
30.8
31.53
NA
33.08
32.93
32.46
33.23
33.78
33.17
29.22
NA
31.2
33.07
31.27
32.29
29.06
31.04
29.84
30.61
30.24
29.37
30.95
31.85
NA
32.85
32.96
34.17
NA
33.06
33.15
NA
NA
NA
NA
29.89
28.04
32.82
33.52
33.86
31.63
33.1
30.31
32.61
NA
NA
NA
NA
NA
NA
NA
NA
NA
NA
NA
NA
NA
NA
NA
NA
30.53
31.03
31.03
30.03
33.53
33.68
29.78
36.0
34.43
29.4
30.25
31.85
30.25
NA
29.63
29.74
33.24
30.04
33.84
31.74
30.14
NA
NA
NA
NA
31.8
NA
32.27
33.48
32.15
33.48
31.02
31.76
32.24
32.44
32.74
33.44
30.27
32.37
30.17
32.71
31.51
30.71
30.61
31.41
32.31
33.61
29.29
31.49
29.79
30.29
31.99
31.19
31.29
NA
35.82
32.0
31.84
33.24
32.36
30.77
33.34
30.88
30.78
32.97
34.07
32.72
30.62
33.88
32.45
29.56
31.06
34.25
31.82
27.92
31.07
31.87
30.87
31.87
31.02
30.12
29.01
32.35
31.05
33.15
33.37
34.63
31.78
33.74
33.35
32.74
32.02
32.72
30.56
31.54
32.18
31.48
33.98
32.08
NA
NA
NA
NA
NA
NA
32.2
30.9
32.4
NA
NA
30.4
32.44
32.9
32.54
34.99
34.62
33.59
32.74
32.55
34.99
34.59
33.59
29.99
30.61
30.07
33.07
31.67
NA
33.8
30.97
33.06
30.08
31.84
NA
33.39
34.29
31.29
NA
31.58
30.41
NA
33.35
29.27
30.91
31.98
33.36
34.52
32.17
30.25
33.22
33.82
30.07
32.75
31.93
33.52
34.11
31.27
30.04
32.74
NA
31.82
32.36
32.99
31.73
NA
31.11
34.32
33.75
33.27
30.3
33.04
33.63
31.71
29.99
33.32
33.22
33.13
30.69
32.66
32.08
NA
32.58
35.48
33.08
36.48
34.58
34.06
30.64
30.84
30.62
33.55
31.75
33.08
30.22
32.3
33.56
32.93
34.15
30.5
32.52
31.47
NA
NA
NA
31.46
31.59
NA
NA
NA
NA
NA
NA
NA
NA
NA
28.86
NA
NA
NA
NA
NA
NA
NA
NA
33.5
30.89
33.96
33.55
32.05
NA
29.97
31.07
33.44
32.31
32.91
34.18
30.95
33.0
30.15
32.49
29.85
33.09
30.33
32.48
29.8
33.11
NA
32.99
NA
NA
32.01
30.99
31.86
30.38
30.21
32.0
33.63
33.4
32.39
32.49
33.09
30.09
31.79
30.39
30.95
30.68
30.95
33.0
30.51
29.59
32.19
35.59
NA
32.72
33.62
33.12
33.72
NA
NA
33.81
34.01
30.61
31.04
33.99
31.03
27.4
33.73
32.96
NA
33.29
35.1
32.51
30.76
NA
32.47
33.03
NA
31.03
34.84
NA
32.53
33.27
32.91
32.79
34.09
33.4
31.71
27.85
34.35
NA
28.97
30.88
NA
30.3
33.1
32.9
32.2
NA
30.78
31.58
33.5
31.54
30.94
31.44
30.44
33.34
32.72
32.12
31.42
33.11
31.41
32.51
29.11
29.91
31.51
33.31
33.61
32.51
NA
30.91
32.31
29.51
29.94
NA
30.44
NA
31.81
32.31
32.19
30.03
29.54
32.43
NA
NA
NA
NA
NA
30.64
NA
35.92
29.73
33.27
33.54
32.54
32.74
33.74
34.51
31.45
33.24
32.56
31.26
35.06
30.76
31.36
31.17
31.69
35.16
31.35
30.54
31.73
35.3
31.54
31.59
32.59
28.39
NA
30.58
32.48
30.58
32.48
33.98
33.58
32.58
32.29
30.9
32.35
31.35
31.33
33.2
33.9
36.8
29.3
31.5
31.1
33.2
31.2
33.15
33.5
30.92
33.02
32.44
34.14
30.48
33.71
31.32
32.48
31.02
33.66
31.34
32.57
32.62
30.49
32.29
30.59
32.39
33.56
29.41
33.11
31.61
33.11
NA
33.07
32.92
30.47
NA
30.3
33.5
34.5
31.96
31.29
34.17
34.15
30.29
32.49
31.39
NA
31.59
29.39
34.34
32.09
34.1
31.0
33.29
33.86
NA
30.92
34.5
30.35
33.96
33.16
33.07
NA
29.7
30.1
36.2
34.6
33.98
35.12
30.7
32.96
35.02
34.33
NA
32.21
31.64
31.0
33.78
31.77
31.18
31.47
29.65
31.9
33.56
31.54
32.08
34.16
33.8
30.55
32.45
31.75
34.05
36.9
NA
32.2
28.42
32.12
29.96
29.7
NA
33.64
29.24
30.64
31.0
32.24
32.97
34.62
31.02
32.52
32.06
32.43
30.1
33.13
32.96
33.07
31.14
32.57
34.76
31.66
32.46
33.21
35.37
33.77
NA
32.35
33.62
30.47
33.44
29.95
33.32
34.71
33.34
30.02
32.03
31.58
33.53
34.13
32.03
31.23
36.01
36.01
32.21
33.91
33.11
32.31
32.21
31.21
32.91
32.26
33.06
30.1
33.65
29.71
31.31
34.01
33.79
33.23
33.51
30.26
33.69
34.32
33.91
31.99
32.53
NA
30.54
NA
32.95
32.04
33.24
33.64
30.54
34.84
32.34
31.55
32.75
30.18
30.28
33.48
33.89
28.99
31.09
32.34
29.84
NA
33.06
NA
31.98
30.81
32.07
30.31
32.0
29.98
34.45
30.49
30.2
29.9
32.9
34.0
26.18
33.63
30.94
32.27
33.38
26.88
32.08
33.97
29.05
33.13
33.36
31.07
35.56
30.9
35.42
30.49
30.0
33.13
34.03
NA
31.7
35.5
30.5
29.9
33.3
33.1
30.7
33.2
31.0
32.0
35.74
29.24
30.45
29.86
29.44
30.3
31.56
30.63
30.63
31.48
29.54
30.74
29.14
29.74
30.45
29.98
33.06
30.42
32.22
32.96
31.32
NA
30.15
28.25
30.18
31.52
29.31
31.21
33.33
34.04
29.94
34.14
NA
31.84
32.88
33.41
31.54
34.23
30.96
33.81
33.66
30.74
31.38
NA
NA
33.79
31.51
30.86
30.37
32.62
31.33
NA
NA
31.53
29.27
NA
34.77
33.57
32.01
29.64
29.14
30.52
31.31
30.04
32.95
32.02
34.13
30.13
33.93
36.21
34.44
29.7
29.8
34.7
34.66
31.33
30.8
31.67
30.54
34.4
32.61
31.87
NA
29.7
30.49
29.97
33.72
NA
NA
32.45
NA
29.39
32.33
31.61
33.86
32.4
32.29
NA
32.4
30.21
35.57
NA
34.26
NA
NA
NA
NA
NA
NA
NA
30.66
32.31
30.66
28.43
30.15
35.38
33.98
28.82
29.13
33.33
31.53
34.48
NA
30.03
33.0
33.71
32.24
NA
NA
32.43
30.5
29.61
31.91
33.84
33.72
30.72
29.57
30.68
33.52
31.2
30.61
32.04
33.68
32.56
30.38
30.31
31.97
34.0
32.95
33.62
30.55
31.45
34.24
30.76
34.85
29.43
33.86
33.81
32.98
30.93
34.65
32.88
NA
31.2
32.13
31.57
31.76
NA
35.35
32.96
32.45
31.31
32.51
NA
NA
NA
30.37
33.0
32.33
34.56
34.19
34.1
33.42
30.77
30.24
33.17
33.2
32.25
33.01
32.92
30.95
26.54
32.59
33.35
29.57
33.32
30.44
32.96
31.95
30.87
35.64
33.51
33.15
34.68
28.92
30.76
34.05
31.22
32.55
32.26
30.3
30.68
31.6
28.71
NA
33.19
29.8
32.5
31.8
30.82
30.56
32.9
31.9
32.9
40.4
31.4
29.74
29.64
32.31
32.72
NA
30.61
31.64
33.13
33.16
28.85
30.18
33.56
33.79
29.45
33.65
32.11
34.26
32.85
33.55
30.35
30.55
NA
NA
NA
31.36
31.62
33.62
33.7
30.84
32.48
33.93
31.84
34.69
NA
33.73
34.47
34.28
33.12
32.97
32.7
30.29
33.98
29.6
30.79
NA
NA
NA
NA
29.59
31.99
32.49
30.29
34.29
30.09
31.69
35.59
31.57
31.93
33.79
28.74
30.97
30.97
31.23
35.6
30.46
NA
32.8
34.37
NA
33.27
NA
30.51
33.2
31.36
30.82
30.56
30.03
35.34
NA
29.99
29.83
34.01
28.11
36.43
33.74
32.42
30.41
31.01
30.44
30.2
35.1
31.64
33.91
30.23
34.21
33.12
31.54
33.24
31.54
29.44
35.04
32.04
34.44
29.74
29.77
33.41
32.56
29.98
30.8
29.85
34.21
35.3
33.25
34.32
NA
32.77
33.01
30.8
38.86
31.74
NA
31.71
33.08
30.77
30.06
30.94
31.98
32.15
33.22
34.27
31.68
32.01
32.88
34.75
29.97
32.18
31.68
30.22
29.27
33.41
33.61
32.06
32.68
34.36
30.07
31.67
30.47
34.17
31.57
31.77
NA
NA
NA
29.38
30.62
NA
NA
29.85
31.16
33.75
NA
NA
34.01
29.01
36.01
35.11
34.21
34.17
31.94
28.7
33.6
33.73
32.6
33.1
33.25
33.32
29.9
30.8
32.6
33.84
32.21
34.14
NA
33.79
34.01
34.7
30.3
32.99
29.69
36.85
34.66
33.27
30.2
NA
34.92
NA
33.02
34.6
33.34
30.22
30.6
29.9
35.41
30.35
31.17
32.84
34.74
34.53
29.63
33.27
32.34
32.01
32.67
32.16
32.87
29.76
33.85
28.2
31.99
32.23
29.01
30.38
34.03
31.53
31.79
31.49
NA
31.34
30.24
32.54
34.14
35.04
31.8
34.05
31.6
32.37
34.84
NA
30.42
35.21
NA
NA
NA
NA
33.52
35.02
30.32
33.51
32.28
32.32
34.42
34.33
NA
33.8
33.62
NA
31.09
31.75
29.84
31.02
31.03
33.58
33.96
33.97
33.32
NA
28.2
31.52
31.2
31.48
31.52
31.04
NA
32.92
33.0
30.58
32.52
31.74
30.99
32.2
32.9
32.24
31.18
31.82
30.17
31.83
34.31
32.81
32.89
32.42
30.66
32.35
30.7
32.57
34.39
33.38
33.81
NA
32.2
30.78
32.26
30.41
32.14
34.23
33.19
33.37
30.87
30.85
31.26
32.59
28.99
29.49
29.09
28.94