177.79
174.55
173.88
NA
176.83
175.72
176.02
174.71
175.75
176.84
174.05
NA
176.34
174.26
175.57
175.34
177.34
175.36
175.06
176.67
175.48
173.22
174.06
173.23
175.34
175.74
175.05
174.82
173.57
176.59
172.74
175.24
174.62
176.52
175.05
173.32
174.79
173.75
175.94
173.68
174.66
173.34
175.8
174.22
173.54
172.98
174.94
175.46
174.04
175.57
175.91
174.51
176.09
NA
174.49
176.44
174.08
174.63
174.59
174.99
173.85
172.61
173.34
175.15
174.51
174.91
175.01
174.92
174.38
175.15
174.71
174.94
176.59
175.92
174.57
174.67
175.37
175.66
173.99
175.57
174.79
175.04
177.26
174.2
175.66
175.26
176.08
174.62
174.53
175.27
177.2
173.99
174.11
172.89
173.87
174.54
172.26
174.38
175.22
176.02
174.12
175.58
175.42
176.85
174.82
175.43
173.76
176.34
175.5
176.64
174.82
NA
174.42
175.64
174.78
175.73
174.2
175.6
174.94
176.04
175.68
176.04
173.35
174.44
172.36
175.92
178.08
175.95
175.19
174.13
175.17
174.64
NA
NA
175.21
177.78
173.97
NA
176.06
NA
176.58
174.94
175.7
175.43
175.7
176.04
174.61
174.54
172.98
NA
173.71
174.22
174.26
177.38
174.6
175.33
176.01
175.4
175.25
174.83
174.36
176.38
176.01
175.26
176.14
174.63
177.93
175.46
177.39
173.4
175.31
176.55
175.07
173.81
173.87
175.67
175.73
173.7
173.26
176.32
174.48
177.12
174.27
174.17
NA
174.93
173.59
174.35
174.31
174.89
175.34
174.41
175.88
175.67
174.19
175.0
175.81
175.35
174.8
176.67
174.97
175.16
175.37
174.46
174.71
177.5
176.14
174.13
175.96
176.38
172.84
174.1
176.94
176.99
175.95
174.54
176.66
176.79
176.04
174.69
174.75
176.37
NA
NA
NA
NA
NA
NA
174.42
176.32
175.24
176.11
173.82
173.86
174.05
175.89
175.36
175.88
175.53
175.27
175.29
175.97
177.41
177.38
176.19
174.77
175.71
176.47
175.72
175.78
175.1
173.58
174.48
174.83
172.83
174.21
175.15
175.76
176.1
NA
175.82
175.36
173.98
176.09
176.16
175.47
174.6
173.93
174.4
177.8
174.81
176.13
175.39
175.68
175.43
173.97
175.39
177.34
177.3
177.24
174.08
176.03
175.67
175.32
NA
175.33
174.27
175.94
175.89
174.22
173.99
175.69
175.39
NA
174.83
175.64
175.07
173.89
174.45
177.29
176.96
174.07
174.84
175.63
175.54
176.33
175.85
172.53
176.46
175.59
175.93
174.14
175.7
174.5
175.8
174.48
175.22
174.98
175.39
175.71
177.22
176.16
174.37
174.54
176.2
175.3
174.11
176.58
174.99
174.25
174.95
175.85
175.06
175.24
175.98
172.39
174.93
174.46
174.25
174.22
175.18
174.64
174.34
175.38
176.57
176.27
175.44
174.29
175.25
175.78
174.33
176.68
175.67
173.68
175.08
176.81
175.29
176.9
176.03
175.57
175.68
175.08
173.65
175.13
175.28
174.13
175.43
174.13
176.71
NA
173.36
174.48
175.06
NA
NA
NA
NA
NA
174.94
176.27
175.03
175.07
173.31
176.3
174.67
173.79
173.6
173.84
173.01
174.78
175.72
174.34
175.87
175.61
174.27
173.92
174.59
174.43
174.41
172.27
175.33
174.89
176.35
174.39
173.47
173.77
175.59
172.97
177.74
175.39
175.22
175.21
173.39
176.01
173.97
175.74
173.07
174.55
174.94
NA
175.81
174.52
174.34
175.32
175.81
176.34
175.57
173.05
172.45
174.51
NA
NA
NA
173.31
NA
174.53
174.26
175.28
176.32
174.28
175.79
175.75
176.55
173.58
175.3
177.11
NA
174.28
174.28
172.91
176.08
173.9
NA
172.6
NA
174.98
NA
177.76
177.79
177.69
174.73
NA
NA
NA
174.64
NA
NA
NA
NA
NA
NA
NA
NA
NA
175.7
176.1
174.8
175.0
173.6
173.5
174.3
174.98
175.11
173.92
175.95
176.1
174.98
NA
NA
NA
NA
NA
173.88
174.85
173.61
174.57
175.17
173.37
175.17
175.36
176.44
175.83
175.48
NA
NA
176.04
177.04
173.7
176.41
174.49
175.23
NA
NA
NA
NA
174.6
175.8
174.2
174.1
NA
173.67
175.46
177.5
180.06
175.67
173.67
175.07
175.07
173.97
173.87
175.27
176.27
NA
NA
NA
NA
NA
NA
NA
176.81
174.96
175.23
NA
173.47
174.84
NA
176.35
173.15
173.85
174.25
175.75
175.15
173.35
175.99
NA
NA
NA
NA
NA
NA
NA
NA
NA
172.13
NA
175.55
174.23
175.89
NA
NA
NA
NA
176.83
172.74
175.31
175.75
173.24
173.04
174.34
173.29
179.88
176.57
174.07
174.97
175.57
175.68
174.14
174.86
171.99
173.89
173.52
174.59
176.64
175.38
NA
NA
175.6
NA
176.22
176.09
175.52
174.4
174.49
176.87
177.02
175.43
NA
175.24
177.19
NA
176.19
174.66
175.58
NA
NA
175.15
176.68
176.25
174.61
176.83
175.45
176.24
176.68
175.72
175.62
NA
172.93
175.17
177.15
175.43
176.48
174.0
NA
176.45
176.61
NA
174.03
174.77
176.12
175.61
176.46
NA
175.03
174.64
172.26
174.44
177.31
NA
175.22
176.06
172.83
176.3
174.68
174.25
176.76
173.1
176.45
173.71
NA
NA
NA
NA
NA
NA
NA
NA
NA
176.27
175.84
175.61
177.4
174.87
174.7
175.13
173.78
NA
NA
NA
NA
NA
NA
NA
176.63
175.96
174.85
NA
173.66
173.52
174.29
NA
NA
NA
NA
NA
173.11
NA
NA
177.4
174.87
174.7
175.13
173.78
NA
174.04
175.55
174.83
176.42
173.85
173.5
175.18
175.64
175.5
173.99
175.87
173.78
NA
175.94
175.74
NA
NA
NA
NA
NA
NA
NA
NA
NA
NA
NA
NA
NA
NA
NA
NA
NA
NA
NA
NA
NA
NA
NA
NA
NA
NA
NA
NA
NA
NA
NA
NA
175.31
NA
NA
176.76
NA
NA
NA
NA
NA
NA
NA
176.9
174.39
176.02
176.91
175.38
175.91
174.64
173.58
175.56
176.66
173.98
173.34
175.5
176.58
173.7
175.51
177.84
175.09
175.16
NA
NA
NA
NA
NA
NA
NA
NA
NA
NA
NA
NA
NA
NA
NA
NA
NA
NA
NA
174.77
NA
NA
NA
NA
NA
NA
NA
NA
NA
NA
NA
174.23
176.81
176.32
NA
175.8
NA
NA
NA
NA
177.0
173.77
177.42
176.42
NA
NA
NA
NA
NA
NA
NA
NA
173.32
176.26
176.86
175.06
175.6
179.39
175.69
175.51
174.84
NA
NA
NA
NA
173.33
174.32
174.29
175.55
172.86
NA
NA
NA
NA
NA
NA
NA
NA
NA
177.29
173.76
175.94
175.37
177.61
174.63
172.85
NA
173.33
175.01
174.84
176.37
177.9
174.09
176.36
174.45
NA
NA
NA
NA
NA
174.98
174.39
174.25
175.83
175.11
175.15
174.07
175.52
174.89
175.66
177.65
176.18
176.34
174.64
174.24
174.89
175.16
174.24
NA
NA
NA
NA
NA
NA
173.02
NA
NA
NA
NA
NA
174.64
176.24
174.94
NA
NA
NA
NA
171.54
177.94
172.94
175.84
177.34
177.58
175.78
NA
NA
NA
175.04
175.44
177.27
174.77
174.67
175.07
173.77
177.53
174.83
174.83
175.03
173.93
NA
NA
NA
173.43
175.73
175.63
175.33
NA
NA
NA
176.5
175.0
175.5
NA
175.9
175.1
175.6
175.56
178.16
174.99
176.37
173.41
174.38
174.48
173.74
175.16
174.28
176.25
176.45
173.22
177.62
176.2
175.95
175.05
NA
NA
NA
NA
NA
175.29
NA
NA
NA
NA
NA
NA
171.94
176.45
NA
175.02
174.38
NA
NA
NA
NA
175.0
171.6
NA
174.96
174.96
NA
NA
175.55
NA
NA
NA
176.23
174.84
176.24
175.05
173.75
174.35
NA
NA
NA
NA
NA
NA
NA
NA
NA
NA
NA
NA
NA
NA
NA
174.52
NA
175.02
175.52
174.02
175.02
172.92
174.42
174.16
173.96
174.72
174.65
175.33
175.09
174.56
NA
174.7
175.25
NA
175.08
176.08
177.98
NA
NA
NA
NA
NA
NA
175.72
174.72
174.72
175.42
174.22
175.12
175.06
174.37
174.89
174.79
NA
NA
NA
176.72
NA
NA
174.43
NA
NA
170.15
177.95
168.55
176.77
172.83
175.73
175.82
177.79
173.47
175.7
174.41
NA
NA
NA
176.45
176.65
175.15
176.25
175.05
174.45
175.55
175.88
NA
NA
NA
173.95
NA
NA
175.28
176.22
177.36
174.86
177.18
176.69
173.56
176.1
175.55
175.94
176.96
178.15
176.71
173.61
176.87
174.97
NA
NA
NA
NA
NA
175.72
175.65
177.05
176.05
175.65
174.15
175.15
173.55
176.76
173.87
175.77
176.69
176.35
174.57
175.82
176.32
175.27
175.05
174.84
175.62
NA
175.59
174.6
175.94
175.76
174.86
174.25
177.33
174.96
177.25
174.55
176.09
175.92
176.35
174.19
NA
177.15
176.43
175.93
176.23
177.15
175.27
174.92
NA
NA
NA
NA
175.88
175.28
NA
NA
NA
175.4
NA
NA
NA
NA
NA
NA
NA
NA
NA
NA
NA
NA
NA
NA
NA
NA
NA
NA
NA
173.14
174.04
174.94
NA
NA
175.24
NA
175.9
176.44
174.63
173.93
175.05
175.85
173.05
NA
NA
NA
176.23
175.58
174.75
173.17
175.98
174.57
174.88
173.22
175.33
NA
NA
NA
174.2
NA
NA
NA
NA
NA
177.5
175.38
175.08
176.5
175.92
NA
NA
NA
NA
NA
173.32
175.76
173.88
174.56
176.21
174.2
179.2
173.1
175.46
175.96
178.15
NA
176.15
177.13
177.5
175.38
175.08
176.5
175.92
NA
NA
NA
NA
NA
NA
NA
NA
NA
NA
NA
NA
175.2
175.86
173.66
175.96
NA
NA
NA
NA
NA
NA
172.69
175.78
175.34
173.81
173.58
173.94
175.43
174.47
174.53
174.48
175.63
NA
NA
176.17
176.95
NA
NA
NA
177.69
NA
NA
NA
NA
NA
NA
NA
NA
NA
NA
NA
175.67
175.06
174.38
175.56
175.78
NA
NA
174.99
NA
176.24
174.3
NA
NA
175.86
174.98
176.38
174.58
174.38
174.58
173.28
175.08
176.08
175.76
179.21
177.07
174.77
173.29
174.83
176.82
177.67
175.46
175.76
175.46
173.66
175.61
174.42
175.2
175.87
178.21
175.63
175.38
177.03
178.36
175.46
176.16
177.06
174.75
176.55
176.68
173.35
NA
176.49
175.33
176.03
175.34
176.13
176.86
176.87
NA
NA
175.35
176.49
174.78
174.8
174.28
181.04
NA
175.25
176.4
174.64
174.45
174.13
181.1
NA
NA
NA
NA
NA
NA
178.7
NA
NA
174.93
175.53
176.62
175.15
175.3
176.24
NA
NA
NA
NA
170.97
NA
NA
NA
NA
NA
NA
173.38
NA
175.87
174.57
174.97
174.27
175.37
NA
174.87
173.27
NA
172.01
174.14
174.66
176.08
174.48
NA
173.26
174.53
175.23
174.71
175.43
176.48
175.18
175.48
175.48
NA
174.98
176.88
174.28
174.38
173.57
176.87
173.37
175.67
176.67
173.67
176.27
174.37
175.77
176.37
NA
NA
NA
NA
174.2
174.85
175.55
173.74
NA
175.91
NA
176.56
175.8
173.33
174.93
177.92
NA
NA
NA
NA
NA
NA
174.67
173.47
175.07
175.57
175.07
174.07
174.87
NA
NA
176.34
174.45
NA
NA
174.54
173.94
175.64
173.44
175.44
175.94
NA
174.05
NA
NA
NA
NA
NA
NA
NA
NA
174.88
173.83
176.46
NA
175.43
175.5
174.3
175.4
175.8
NA
175.53
175.87
176.89
174.43
176.23
173.53
173.53
NA
175.83
175.33
176.53
NA
NA
NA
175.74
174.33
NA
176.36
176.6
NA
NA
175.44
176.04
174.04
NA
174.6
177.34
175.28
175.27
174.14
NA
175.75
176.75
176.05
174.75
174.21
176.01
174.41
177.01
175.31
175.51
175.13
173.89
174.92
174.79
176.64
173.55
175.15
173.66
174.88
174.83
176.57
174.06
175.13
174.39
176.34
172.65
173.45
175.9
175.83
176.73
175.63
176.33
NA
175.33
NA
NA
NA
NA
NA
NA
176.85
175.34
175.31
173.62
175.0
175.61
173.24
175.7
174.21
173.92
174.49
175.05
177.85
175.48
175.1
177.85
NA
NA
177.08
175.96
NA
175.12
NA
174.29
175.51
NA
174.03
NA
174.23
NA
NA
NA
NA
NA
NA
173.75
NA
NA
174.54
175.51
177.24
173.63
173.86
175.32
175.38
174.36
176.1
NA
174.47
NA
176.28
174.17
174.34
NA
NA
174.85
173.54
174.2
174.73
174.67
174.97
175.45
174.44
175.75
174.68
174.84
176.26
176.47
176.29
175.45
175.83
174.73
NA
174.43
175.27
173.46
NA
175.04
175.46
NA
175.34
173.44
177.14
NA
NA
175.43
174.47
174.53
175.63
NA
175.89
174.73
NA
NA
NA
NA
NA
NA
NA
NA
NA
NA
NA
NA
NA
NA
NA
172.19
176.67
174.37
175.17
173.57
173.97
173.16
176.72
174.51
174.37
175.09
175.71
174.81
174.21
172.06
176.76
176.2
173.9
175.5
174.9
175.7
176.3
174.32
174.81
175.33
177.73
NA
NA
NA
NA
NA
NA
NA
NA
174.46
175.46
174.36
174.96
175.75
175.15
174.25
175.88
174.88
175.48
174.48
174.18
174.68
175.38
174.98
173.88
NA
175.68
175.18
175.88
NA
NA
174.57
177.08
NA
174.84
175.57
177.89
174.09
176.09
174.49
176.44
173.74
NA
NA
174.28
174.06
176.48
176.48
NA
176.15
176.52
175.12
NA
175.62
173.62
173.46
177.06
175.26
175.56
174.98
173.98
176.16
173.35
NA
173.64
172.92
NA
NA
NA
NA
NA
176.95
NA
174.7
176.1
173.95
173.95
174.01
173.8
173.85
173.97
175.23
175.13
176.93
175.35
175.4
NA
174.51
NA
NA
NA
NA
NA
NA
NA
NA
NA
NA
NA
NA
174.91
175.31
178.81
175.91
NA
NA
NA
NA
NA
NA
175.57
174.77
175.97
NA
NA
176.12
174.57
173.53
175.75
175.83
173.78
173.3
NA
NA
175.86
174.37
173.57
NA
175.85
175.2
174.19
176.68
176.03
176.33
178.6
NA
NA
175.77
179.38
174.17
176.09
175.72
174.12
173.83
174.26
175.94
175.41
NA
NA
178.69
172.49
174.69
175.78
176.3
174.72
NA
NA
NA
NA
NA
NA
NA
175.71
175.41
173.94
175.0
173.57
175.49
175.79
175.59
176.99
177.2
178.22
175.09
NA
175.16
174.01
175.58
174.12
174.99
175.91
174.33
173.49
174.31
176.58
NA
173.53
174.81
174.37
176.58
175.33
174.11
174.91
175.21
178.91
174.31
177.21
175.38
178.28
173.88
175.82
176.28
173.32
170.4
173.4
NA
175.57
NA
178.57
175.98
174.94
175.29
174.92
175.56
175.93
175.79
175.63
173.97
175.83
175.75
175.67
173.99
173.79
174.93
NA
174.13
176.09
175.88
NA
NA
NA
NA
174.34
173.83
175.78
175.68
174.48
176.78
174.38
175.68
NA
NA
NA
NA
NA
NA
NA
NA
NA
NA
NA
NA
NA
175.24
175.24
172.75
174.35
176.15
175.12
173.14
174.57
176.14
175.47
177.39
178.01
177.81
176.84
176.85
176.62
175.73
176.73
173.98
174.93
175.14
175.39
NA
NA
NA
NA
NA
175.07
174.54
174.94
178.48
173.61
NA
173.88
176.07
175.61
176.04
173.49
174.29
175.09
NA
175.6
173.4
174.68
174.63
177.13
NA
176.93
NA
175.0
175.5
NA
175.06
175.76
NA
NA
174.59
176.69
174.89
175.49
176.09
177.49
174.59
175.99
NA
NA
NA
NA
NA
173.86
174.56
174.57
176.03
NA
176.86
177.5
NA
NA
NA
NA
NA
NA
174.71
175.44
174.3
173.98
175.58
173.88
175.28
173.59
175.92
173.36
174.67
175.97
174.57
175.21
176.61
NA
NA
NA
NA
NA
175.08
174.15
175.56
175.99
174.49
175.69
177.79
172.82
171.12
173.12
173.52
175.12
175.52
173.32
174.92
175.4
175.39
174.43
175.12
NA
NA
NA
NA
NA
NA
NA
NA
173.5
175.91
175.46
173.19
174.32
174.85
NA
NA
NA
NA
NA
NA
NA
NA
NA
175.27
174.67
176.07
176.66
175.26
174.76
175.56
174.96
175.76
177.6
174.53
175.21
174.83
NA
NA
NA
176.06
175.55
NA
174.87
175.85
175.65
174.97
174.02
NA
175.52
NA
NA
NA
176.29
176.59
174.21
NA
173.01
174.41
174.69
175.7
173.63
174.83
NA
NA
NA
NA
NA
NA
173.71
174.55
176.4
NA
175.23
173.99
176.26
173.38
NA
174.77
174.5
174.47
176.77
174.35
174.75
175.74
175.34
174.25
175.1
175.13
NA
174.27
173.87
175.17
175.37
NA
175.95
175.35
175.65
173.97
176.13
177.61
NA
176.67
173.57
175.21
175.45
NA
NA
174.89
174.89
178.29
176.89
173.73
175.21
175.26
176.0
NA
NA
174.05
174.89
175.39
178.29
173.06
176.1
175.21
175.18
NA
173.66
176.23
174.3
177.26
172.67
174.24
175.45
176.24
174.82
NA
171.44
175.24
173.04
174.44
174.3
174.1
176.4
175.9
175.9
174.2
174.1
175.6
176.3
174.58
173.72
NA
NA
174.2
175.1
175.7
173.35
174.55
172.81
176.2
173.01
175.07
174.7
174.92
NA
177.9
NA
NA
NA
NA
NA
NA
NA
NA
NA
178.08
174.18
NA
NA
NA
NA
NA
NA
173.57
174.87
175.97
174.38
177.94
175.54
NA
175.62
176.13
173.84
173.13
174.58
175.66
173.58
175.18
174.28
173.58
175.1
173.99
177.0
176.75
175.31
177.83
175.58
172.37
NA
174.04
173.64
173.7
175.16
175.38
175.93
175.21
176.2
NA
176.39
NA
NA
NA
NA
NA
NA
NA
NA
NA
NA
NA
174.09
177.46
175.73
NA
175.59
175.89
175.6
176.41
174.61
177.28
175.6
NA
175.2
176.59
174.41
177.2
174.79
177.61
NA
175.84
176.22
176.45
NA
NA
176.71
174.29
176.03
176.33
175.0
173.99
176.79
174.49
176.79
175.99
174.59
175.34
175.33
NA
NA
173.8
176.0
NA
174.95
175.26
NA
174.05
175.46
175.7
175.6
175.76
NA
NA
NA
176.24
NA
NA
NA
NA
173.72
178.81
174.01
174.96
175.86
176.33
175.86
177.63
174.9
176.8
176.4
NA
173.84
176.69
173.19
174.59
NA
175.57
176.51
174.98
176.36
173.73
175.8
177.81
NA
176.5
177.59
172.58
175.24
174.38
NA
178.0
NA
174.08
180.93
178.12
NA
NA
NA
NA
NA
NA
NA
175.14
NA
175.98
176.02
NA
NA
NA
173.61
NA
175.97
NA
176.15
178.9
175.07
173.47
173.25
178.46
176.76
175.45
173.05
176.3
175.53
174.44
173.61
174.53
175.13
176.08
176.18
176.52
NA
175.78
NA
NA
NA
NA
NA
NA
NA
NA
NA
NA
NA
NA
NA
173.67
174.79
173.83
175.21
172.88
174.09
174.83
173.75
174.82
175.9
175.77
172.98
173.59
174.92
173.84
174.98
175.93
NA
NA
NA
NA
NA
NA
NA
NA
NA
NA
NA
NA
173.51
172.55
NA
173.94
175.17
NA
174.88
NA
174.61
176.32
175.69
175.3
174.78
175.54
175.36
NA
NA
173.46
174.55
NA
NA
NA
NA
NA
174.93
NA
171.83
174.63
NA
NA
177.43
173.62
173.51
174.86
175.27
175.08
NA
173.64
176.12
NA
174.64
174.11
NA
174.67
NA
174.83
176.09
173.69
175.39
175.89
175.79
NA
176.5
NA
NA
NA
NA
NA
NA
NA
174.01
175.65
NA
NA
NA
174.71
174.46
174.41
174.55
174.33
174.83
174.73
177.03
176.31
175.75
175.56
NA
NA
NA
NA
NA
175.46
174.9
173.92
173.44
174.45
174.16
174.09
173.29
177.28
173.24
NA
NA
173.02
177.14
176.42
NA
NA
NA
NA
NA
NA
NA
NA
NA
NA
NA
NA
175.09
175.09
174.01
NA
174.47
174.55
175.6
174.7
175.95
175.16
175.98
174.22
174.44
NA
NA
175.89
175.61
174.5
174.48
175.63
175.36
174.14
NA
177.32
175.85
176.0
174.23
175.8
176.35
175.34
176.54
175.24
175.0
178.36
175.16
NA
173.78
175.84
174.45
175.43
175.2
173.5
177.8
NA
174.22
173.82
175.22
174.52
174.76
175.2
174.6
177.17
175.92
176.64
174.09
174.96
174.4
176.45
NA
175.98
174.59
176.84
174.85
176.56
NA
NA
NA
NA
NA
NA
NA
NA
NA
NA
174.36
175.94
175.38
173.61
175.7
175.48
175.69
175.36
NA
175.46
175.05
174.54
174.8
176.49
176.2
178.1
NA
173.2
175.8
NA
NA
NA
NA
NA
NA
NA
173.77
175.66
NA
NA
174.03
NA
172.31
175.71
NA
174.31
174.81
174.27
180.47
177.87
175.97
174.97
175.97
175.97
174.72
174.74
175.82
176.42
174.72
174.01
176.49
174.53
173.33
174.07
174.39
174.67
174.65
NA
NA
NA
NA
NA
NA
NA
NA
NA
NA
NA
NA
NA
175.09
175.69
173.69
175.1
175.32
174.57
175.07
NA
NA
NA
175.35
175.28
175.32
175.57
174.72
176.5
174.88
175.69
NA
174.82
174.56
176.5
NA
NA
NA
NA
NA
NA
NA
NA
NA
173.45
175.79
NA
NA
NA
NA
NA
NA
NA
175.08
174.72
174.95
NA
NA
NA
NA
NA
NA
175.11
174.69
175.2
NA
174.41
173.32
NA
174.39
173.41
NA
NA
NA
174.37
174.79
176.94
173.27
174.42
174.36
NA
NA
NA
NA
178.36
NA
175.66
175.22
176.06
172.83
176.3
174.68
174.25
176.76
NA
NA
NA
NA
NA
NA
NA
NA
NA
NA
NA
NA
NA
NA
NA
NA
NA
NA
NA
NA
NA
NA
NA
NA
NA
NA
NA
NA
NA
NA
NA
176.83
176.5