176.6
175.52
176.43
177.32
176.2
177.3
178.45
173.68
176.69
176.12
173.73
177.17
176.03
176.37
174.73
177.61
176.11
173.96
174.47
173.85
175.74
176.52
176.58
176.85
NA
NA
NA
NA
176.25
177.23
176.39
175.94
175.99
174.55
175.96
176.84
NA
176.87
177.09
176.6
176.04
174.95
175.56
176.6
178.96
NA
176.48
175.92
177.94
176.43
175.93
176.15
176.78
176.52
176.63
175.42
177.53
173.69
174.38
173.32
172.17
175.88
176.48
176.14
176.08
175.44
174.78
177.44
176.25
176.97
176.19
176.03
175.58
177.49
175.89
NA
175.61
174.69
176.14
176.26
176.05
175.38
NA
175.74
175.46
175.74
NA
176.94
176.42
177.25
173.57
177.46
175.31
177.71
176.06
173.86
177.43
177.14
176.09
176.17
175.73
177.01
176.65
178.78
176.72
176.13
NA
174.63
177.51
176.39
175.07
176.82
171.01
175.51
174.66
173.88
178.17
176.82
176.09
175.46
175.9
179.09
177.9
175.22
176.27
175.7
175.73
NA
175.95
177.18
173.9
175.69
176.55
NA
175.52
177.29
176.67
177.44
NA
NA
176.12
NA
176.59
175.06
176.44
176.25
NA
176.98
176.06
176.35
NA
176.21
175.82
178.88
177.42
177.47
176.12
177.28
177.39
177.36
176.18
173.26
175.89
NA
177.09
177.19
176.47
175.19
175.3
176.75
179.46
176.98
176.55
175.54
174.75
175.06
174.68
175.85
173.35
175.55
176.11
176.27
175.9
175.46
174.98
176.99
176.69
176.84
176.87
178.5
175.55
176.84
177.83
178.53
178.53
176.88
176.54
176.78
174.86
173.91
176.53
176.2
176.72
174.83
175.95
NA
176.23
177.7
175.99
174.68
NA
175.82
176.91
175.35
172.94
176.16
176.83
176.75
176.21
175.89
NA
NA
176.77
175.65
175.21
175.12
177.78
175.15
174.99
174.36
177.1
173.62
177.42
176.95
175.53
NA
173.26
178.64
176.34
176.09
175.34
NA
176.98
176.18
177.61
NA
NA
175.98
176.01
175.74
177.13
175.28
174.9
175.33
174.52
176.02
178.63
179.22
176.55
176.68
177.89
176.5
174.54
178.3
NA
NA
176.37
NA
175.85
176.2
176.73
175.84
177.41
176.15
177.04
176.06
176.99
174.22
175.94
176.5
177.75
175.5
174.8
176.35
NA
NA
NA
NA
NA
NA
NA
176.49
175.95
177.29
175.02
176.53
176.61
178.3
175.99
176.91
176.63
175.33
177.53
176.48
174.82
177.44
174.49
176.34
176.29
176.08
175.56
176.69
176.4
176.43
NA
176.55
176.29
175.98
176.26
176.48
174.73
175.81
177.18
176.33
174.63
177.16
174.22
175.96
175.96
NA
175.99
176.68
NA
NA
176.33
176.08
176.66
178.53
175.62
177.35
176.71
177.28
175.7
177.35
NA
NA
NA
NA
NA
NA
NA
NA
NA
NA
176.85
177.04
173.98
174.27
176.94
175.87
177.01
175.54
176.53
175.95
175.79
175.37
177.05
176.46
174.03
175.68
176.33
177.17
176.39
177.14
NA
NA
173.65
NA
NA
176.61
176.07
175.64
173.48
176.95
175.04
175.92
176.01
175.9
175.11
174.59
174.16
NA
175.37
175.94
172.33
175.24
176.55
NA
175.41
176.79
NA
176.17
173.79
174.56
176.51
176.18
177.13
175.97
NA
NA
176.72
176.55
175.14
175.35
176.78
177.02
177.15
175.08
175.09
173.89
173.99
176.31
177.08
NA
175.7
176.54
176.08
175.99
174.33
174.59
174.04
174.65
175.54
175.02
175.45
175.98
175.85
176.27
177.25
176.14
175.84
177.85
177.22
175.56
176.68
NA
176.18
176.42
176.17
175.83
177.82
177.63
175.51
178.1
175.58
NA
176.04
174.25
179.35
176.31
176.08
176.91
NA
178.11
172.44
176.31
177.27
175.07
NA
174.63
NA
NA
174.79
176.19
NA
176.21
NA
NA
175.45
176.45
175.62
175.54
176.61
175.88
177.42
175.61
NA
176.54
173.22
176.15
175.91
177.82
176.19
175.75
176.5
176.27
175.64
NA
176.25
177.64
176.45
177.26
176.48
174.26
175.69
176.21
173.8
174.83
176.0
175.43
175.44
174.75
174.25
173.71
174.23
176.4
175.17
175.71
175.25
177.69
175.61
173.53
176.84
175.82
NA
174.96
173.84
176.19
176.53
176.23
174.79
175.19
174.1
176.45
176.71
173.74
176.66
176.45
176.3
173.24
176.64
177.69
174.16
177.14
176.47
178.97
178.19
175.98
176.43
176.51
175.61
177.25
175.99
175.58
175.28
176.5
175.77
175.82
174.6
178.25
176.89
177.14
178.84
175.96
NA
NA
NA
NA
NA
NA
NA
175.81
177.27
177.11
175.12
178.13
176.07
175.38
175.66
178.23
176.09
176.02
175.22
175.87
177.83
175.45
174.4
NA
NA
176.0
175.81
176.51
174.28
176.28
176.61
175.28
174.57
175.14
177.76
176.81
177.61
175.72
175.7
176.97
178.29
176.81
177.2
176.69
177.71
175.88
176.24
176.5
175.12
176.35
176.53
175.87
174.96
175.69
NA
NA
174.21
174.83
175.22
177.56
175.08
179.46
176.07
176.52
176.64
174.83
177.18
176.83
175.79
175.28
175.56
177.19
NA
175.79
177.41
175.39
178.49
178.85
175.94
176.09
176.51
175.07
NA
176.65
176.59
175.93
176.52
175.9
176.59
175.95
176.51
175.9
NA
175.53
177.59
177.63
177.31
173.42
177.6
175.57
175.96
176.85
175.38
177.49
175.27
174.1
174.04
176.8
176.57
178.61
176.26
178.11
NA
NA
NA
177.09
178.69
176.89
178.19
177.29
176.79
178.01
176.39
175.57
175.9
176.77
177.21
174.81
NA
175.6
175.64
176.72
175.87
NA
176.24
175.98
175.95
NA
176.56
175.16
178.59
176.49
175.09
178.79
176.69
175.19
176.34
176.1
176.3
176.32
NA
174.6
176.64
178.14
176.62
174.75
NA
NA
NA
NA
177.8
176.51
NA
NA
174.3
NA
NA
NA
NA
NA
NA
NA
176.59
174.84
174.67
176.23
176.26
174.21
178.67
176.59
176.05
NA
NA
NA
NA
NA
NA
NA
175.82
176.28
178.47
175.5
174.69
174.73
173.51
170.7
178.32
175.17
174.95
NA
NA
NA
NA
NA
NA
NA
175.3
174.8
177.3
178.7
NA
NA
NA
NA
NA
174.09
177.07
NA
NA
NA
NA
NA
NA
NA
NA
177.56
NA
177.13
175.89
175.89
174.04
174.98
175.59
175.65
NA
175.15
177.15
177.95
175.65
176.05
176.05
176.75
NA
NA
176.93
NA
NA
NA
NA
NA
NA
NA
NA
175.9
NA
NA
NA
NA
NA
NA
NA
NA
178.27
177.33
176.35
NA
NA
NA
178.86
176.96
177.66
174.53
176.37
176.97
175.87
176.87
176.17
NA
NA
177.68
NA
NA
174.5
177.6
176.19
176.73
177.51
NA
174.92
NA
NA
172.33
175.84
176.64
NA
175.61
175.34
175.87
175.08
177.08
175.88
176.04
176.1
NA
NA
NA
175.28
176.04
176.24
175.93
177.78
174.8
175.41
175.85
175.51
175.25
176.3
176.02
NA
NA
176.37
175.82
177.5
174.84
NA
178.28
177.7
175.46
178.57
NA
NA
NA
176.53
177.23
177.03
176.13
172.93
NA
176.53
NA
179.33
177.13
176.43
177.23
177.03
176.13
172.93
NA
176.53
NA
179.33
177.13
176.52
177.22
177.02
176.12
172.92
NA
176.52
NA
180.02
177.12
176.42
177.22
177.02
176.12
172.92
NA
176.52
NA
180.52
177.22
176.42
177.22
177.02
176.12
172.92
NA
176.62
NA
179.62
177.22
179.8
176.93
NA
177.44
177.12
NA
175.94
NA
175.19
175.19
176.41
176.29
NA
NA
NA
NA
176.51
177.16
NA
175.29
177.95
178.65
NA
NA
NA
NA
NA
NA
NA
173.27
176.24
176.62
174.74
176.72
178.28
177.28
175.27
175.74
177.94
174.79
175.43
178.68
NA
NA
178.62
174.42
176.57
175.45
177.31
179.28
176.1
176.53
174.12
173.61
NA
177.54
177.4
NA
NA
176.03
177.74
176.81
NA
NA
NA
NA
177.58
178.61
176.12
177.14
176.52
177.07
176.3
176.11
175.14
178.55
174.95
NA
178.28
NA
NA
NA
NA
NA
NA
177.69
NA
175.14
NA
NA
NA
176.11
175.14
176.6
175.87
NA
175.97
177.61
NA
174.93
177.72
NA
174.85
177.21
176.51
175.44
175.44
NA
NA
NA
NA
NA
NA
NA
NA
NA
NA
NA
NA
NA
NA
NA
NA
NA
175.81
173.16
177.58
176.4
176.49
NA
NA
NA
NA
NA
NA
NA
NA
176.21
173.07
174.97
176.1
178.19
178.15
177.53
176.09
178.12
177.06
177.47
177.61
174.9
NA
NA
NA
NA
NA
178.14
178.0
177.01
177.13
NA
177.67
178.11
174.89
NA
176.68
177.16
177.0
176.01
176.17
NA
176.64
177.12
173.93
NA
NA
NA
177.07
176.81
NA
174.34
176.66
179.99
NA
NA
175.94
178.13
176.27
175.97
177.12
175.32
174.76
NA
NA
NA
NA
NA
NA
NA
175.95
177.25
177.94
NA
176.46
179.18
176.69
NA
175.74
178.01
177.34
176.77
177.73
177.21
NA
NA
NA
176.38
NA
NA
NA
NA
NA
NA
NA
NA
NA
NA
NA
179.19
176.76
175.48
175.78
178.07
177.6
176.57
178.12
177.59
175.87
173.82
176.56
NA
NA
NA
NA
NA
174.22
177.62
179.12
178.32
175.22
178.82
177.02
179.32
NA
177.82
177.63
NA
NA
NA
NA
178.09
NA
NA
NA
NA
NA
NA
NA
NA
NA
NA
NA
176.79
175.94
176.18
174.71
NA
NA
177.59
NA
NA
NA
NA
NA
NA
NA
177.57
178.05
177.87
176.92
177.11
176.5
177.53
178.0
174.76
176.46
NA
NA
NA
NA
NA
NA
NA
NA
NA
178.2
174.58
NA
174.83
172.0
177.21
176.34
177.93
174.27
174.8
176.8
173.87
178.46
175.34
176.85
176.24
176.38
NA
NA
NA
NA
NA
NA
NA
NA
NA
178.01
175.98
175.88
175.24
175.84
177.36
178.0
175.01
175.72
176.71
177.68
177.3
176.74
177.18
176.66
178.44
176.39
176.93
174.31
177.64
179.18
178.42
175.31
178.95
177.05
178.58
175.07
175.92
176.04
175.74
176.84
NA
172.66
175.26
173.02
175.3
NA
NA
NA
NA
NA
NA
NA
NA
175.72
176.72
176.0
179.29
175.27
175.83
NA
NA
176.44
175.84
176.24
177.24
NA
NA
NA
NA
NA
NA
NA
174.36
174.39
174.62
177.24
176.04
176.84
176.34
176.44
176.68
174.58
NA
NA
NA
NA
NA
NA
NA
176.84
175.04
176.07
175.17
176.38
177.38
177.88
176.13
175.13
NA
NA
NA
NA
NA
NA
175.83
NA
NA
NA
177.9
176.2
NA
NA
NA
176.36
174.56
176.86
175.86
175.24
176.52
176.04
176.84
176.2
176.01
175.81
174.06
176.45
NA
175.8
174.9
176.3
173.0
NA
NA
NA
NA
177.44
NA
NA
NA
NA
NA
NA
NA
NA
NA
NA
NA
NA
NA
NA
175.29
176.09
174.99
175.39
177.09
176.59
176.4
176.9
177.0
175.7
177.35
NA
NA
NA
NA
NA
NA
NA
NA
NA
NA
NA
NA
NA
NA
NA
NA
NA
NA
NA
NA
NA
NA
NA
NA
NA
NA
NA
NA
177.05
177.15
175.05
174.72
176.81
175.67
NA
175.4
176.8
176.5
176.3
NA
NA
175.64
175.64
175.97
175.64
175.64
175.97
NA
NA
NA
NA
176.85
176.15
177.65
NA
NA
176.93
178.63
174.13
177.73
175.83
176.33
178.64
175.45
176.25
NA
NA
NA
NA
NA
NA
NA
NA
NA
NA
NA
174.98
NA
175.92
173.92
175.72
175.52
175.52
181.12
179.28
177.78
177.58
177.38
176.95
NA
177.41
177.9
175.77
NA
NA
NA
NA
175.92
177.12
178.62
176.32
NA
NA
176.86
177.73
176.84
NA
NA
NA
NA
NA
177.89
178.59
176.19
177.67
176.27
176.51
174.06
175.82
175.01
178.52
NA
177.69
176.19
176.49
176.09
NA
175.11
175.85
177.28
176.44
175.17
NA
175.32
178.03
176.49
NA
174.65
175.96
173.15
176.9
178.13
179.42
174.85
174.45
NA
NA
NA
NA
NA
NA
NA
NA
177.15
178.85
176.55
177.18
NA
NA
NA
NA
NA
NA
NA
NA
NA
NA
NA
NA
NA
175.75
177.45
175.45
178.45
179.05
NA
NA
NA
NA
NA
NA
NA
NA
NA
NA
176.5
NA
176.42
NA
176.31
176.14
178.64
179.9
176.17
177.62
NA
NA
175.4
NA
176.56
176.66
175.23
NA
NA
NA
NA
NA
178.04
177.14
177.17
NA
NA
NA
NA
NA
171.55
175.35
179.15
178.35
175.35
178.25
175.15
176.55
176.45
NA
177.55
176.15
NA
176.95
175.65
177.25
176.05
176.85
175.9
NA
NA
176.16
177.04
NA
NA
179.3
175.89
NA
NA
NA
NA
NA
NA
NA
NA
NA
NA
NA
NA
NA
NA
NA
175.55
176.54
176.37
177.19
177.79
175.72
177.44
176.37
NA
NA
176.5
175.07
176.8
177.26
175.92
178.2
176.21
176.01
NA
NA
175.91
175.09
178.12
176.69
175.63
175.92
176.88
175.17
176.6
176.16
175.97
176.02
176.58
174.22
176.34
NA
175.97
177.6
176.64
176.66
174.37
177.89
NA
NA
176.01
176.51
176.41
176.91
177.01
NA
NA
NA
NA
NA
NA
176.18
175.68
175.38
176.38
NA
NA
NA
NA
NA
NA
NA
NA
NA
178.44
176.65
NA
NA
NA
177.38
NA
NA
NA
NA
NA
NA
NA
NA
NA
NA
NA
NA
NA
NA
NA
NA
NA
NA
NA
175.64
175.74
175.64
NA
175.29
176.23
176.58
176.09
176.45
176.72
177.64
177.89
176.1
177.55
178.15
175.25
176.15
175.55
176.95
179.25
NA
NA
NA
NA
NA
NA
176.82
176.38
176.25
174.64
NA
NA
176.11
174.91
178.31
175.37
NA
175.5
NA
175.7
176.0
NA
NA
NA
NA
NA
178.13
NA
177.79
175.43
176.13
176.32
176.65
178.04
176.97
NA
174.26
175.26
176.01
177.35
177.82
178.97
179.34
178.41
174.31
NA
NA
NA
NA
NA
NA
NA
175.53
175.28
175.95
NA
176.25
176.46
176.1
177.4
NA
176.35
177.15
176.65
176.41
NA
176.92
179.17
NA
NA
176.01
177.35
177.82
178.97
179.34
178.41
174.31
NA
179.47
173.87
NA
NA
NA
NA
NA
NA
NA
174.4
175.13
NA
NA
NA
NA
NA
NA
NA
NA
177.16
NA
177.46
178.76
NA
174.66
176.36
175.86
176.16
NA
NA
NA
177.34
176.2
177.97
176.62
177.72
176.35
174.16
174.49
177.44
176.87
177.65
NA
175.73
175.97
176.12
173.67
175.54
NA
176.09
NA
177.42
175.12
NA
NA
174.97
NA
NA
NA
NA
NA
NA
NA
NA
NA
175.79
177.69
176.07
176.23
177.49
176.67
NA
NA
NA
NA
NA
NA
NA
176.43
176.08
176.58
176.18
178.18
177.08
NA
175.41
NA
NA
NA
NA
NA
177.72
175.59
176.37
175.34
NA
NA
NA
NA
176.03
NA
NA
175.96
179.21
175.38
176.48
176.08
176.98
176.08
174.76
174.33
176.52
174.51
175.01
177.57
176.66
175.56
176.16
176.86
175.86
175.66
NA
176.35
176.26
176.41
178.27
NA
176.07
175.68
175.75
176.79
176.23
175.24
NA
175.36
NA
176.04
175.16
173.88
175.82
175.39
176.97
173.89
175.82
175.46
177.0
NA
NA
175.31
NA
179.32
174.78
176.46
175.18
176.52
175.32
179.28
177.48
175.58
177.78
173.88
NA
NA
174.65
176.33
175.09
176.44
175.41
NA
NA
NA
NA
NA
NA
NA
NA
173.84
175.14
174.02
174.8
NA
177.03
178.43
NA
NA
NA
NA
NA
NA
NA
NA
NA
177.66
178.86
176.0
177.0
176.0
176.1
177.2
176.4
173.4
176.9
175.5
NA
NA
NA
NA
NA
NA
NA
NA
NA
NA
174.4
175.93
174.68
176.86
176.71
NA
177.09
NA
NA
NA
NA
NA
NA
180.87
NA
173.91
174.82
175.49
177.95
NA
NA
NA
NA
177.49
177.14
174.72
176.1
176.81
176.58
176.34
NA
175.27
NA
176.47
175.27
174.67
174.45
177.87
178.11
177.4
176.1
176.25
176.96
175.85
175.91
179.41
179.28
NA
NA
NA
NA
NA
NA
NA
174.93
176.98
176.04
174.33
176.49
176.21
175.79
NA
175.51
176.92
175.09
175.93
173.26
178.6
177.0
178.19
175.37
176.54
176.28
173.58
174.98
176.28
175.98
172.48
177.08
177.58
176.38
176.17
177.07
NA
NA
176.17
177.07
NA
NA
NA
NA
175.03
NA
NA
NA
179.24
175.23
177.63
NA
NA
NA
176.63
175.46
177.88
175.73
173.1
173.82
176.85
175.95
177.25
175.95
178.75
175.65
177.65
176.17
NA
NA
NA
175.0
NA
176.54
176.78
175.48
176.34
177.0
174.35
173.95
176.05
175.35
174.0
NA
NA
175.86
177.92
176.98
NA
NA
NA
NA
NA
NA
NA
NA
NA
NA
NA
NA
NA
NA
176.87
176.67
176.27
NA
175.97
176.47
176.57
176.37
176.27
177.17
176.57
175.97
NA
NA
NA
NA
176.06
175.74
176.37
176.74
NA
NA
175.15
NA
176.24
NA
NA
NA
NA
NA
NA
NA
NA
175.33
175.23
177.03
175.63
NA
NA
175.77
176.91
175.51
178.5
176.91
173.5
NA
NA
176.13
177.23
178.33
176.43
NA
176.3
175.79
175.8
176.2
176.7
175.32
NA
174.13
174.53
NA
NA
NA
175.03
178.13
177.13
175.33
170.88
NA
NA
NA
NA
NA
NA
NA
177.5
176.38
NA
NA
NA
NA
176.84
176.14
178.14
176.74
177.84
175.38
175.66
175.46
174.36
176.26
177.12
176.28
175.55
175.13
NA
NA
NA
177.22
NA
NA
NA
NA
NA
176.55
175.55
176.45
177.25
176.75
179.31
176.91
176.31
175.71
177.31
174.51
173.21
176.44
177.11
176.95
176.08
172.83
NA
176.48
174.78
179.17
177.08
176.32
175.73
176.17
176.52
175.61
NA
176.74
177.52
176.25
175.45
NA
175.97
176.03
177.3
176.32
177.51
NA
176.68
177.32
178.93
NA
175.53
176.03
NA
NA
NA
NA
NA
NA
NA
NA
NA
175.84
NA
NA
NA
NA
177.17
175.59
NA
NA
NA
175.29
NA
174.81
175.61
NA
176.31
178.6
175.2
176.3
178.4
176.0
177.5
174.6
173.2
176.92
175.92
174.9
173.79
176.72
177.58
176.09
176.61
NA
NA
NA
NA
NA
176.96
175.96
177.91
NA
176.82
NA
176.12
176.79
175.53
NA
176.36
178.42
177.99
174.17
176.22
177.03
NA
NA
178.56
176.76
177.04
174.71
NA
NA
NA
176.9
175.93
NA
NA
NA
NA
NA
NA
NA
NA
NA
NA
NA
175.26
175.51
NA
176.23
175.63
NA
176.03
NA
NA
NA
NA
NA
NA
NA
NA
176.5
175.9
174.9
175.7
174.95
175.94
176.37
175.83
175.88
175.89
175.22
180.8
175.89
175.78
NA
177.69
176.19
177.09
177.79
177.29
175.94
NA
NA
176.26
176.31
175.98
176.37
178.42
177.09
176.69
176.07
176.68
175.14
174.71
176.23
176.14
176.14
176.14
174.56
175.52
NA
172.54
177.61
176.35
175.73
176.75
NA
176.7
174.73
NA
175.82
172.03
178.59
NA
NA
NA
NA
175.77
NA
175.97
175.87
175.47
175.97
175.97
175.27
NA
177.68
177.57
176.62
NA
174.65
175.55
175.15
171.65
176.15
176.29
179.01
176.44
176.36
177.06
175.75
176.7
175.88
179.44
175.78
174.82
175.89
178.12
173.85
176.48
176.23
177.27
175.28
175.52
175.95
NA
NA
NA
176.23
175.23
176.13
176.33
176.13
177.83
177.03
174.93
NA
175.66
175.61
177.59
175.59
173.55
175.16
174.24
175.31
178.57
177.76
179.45
178.07
NA
NA
NA
177.8
NA
176.28
175.31
175.84
175.94
175.94
174.14
174.74
174.24
176.14
NA
175.73
175.97
176.12
173.67
175.54
NA
NA
175.39
175.23
174.83
NA
NA
NA
NA
NA
NA
NA
NA
NA
NA
NA
NA
NA
NA
NA
NA
NA
176.67
NA
175.12
NA
175.47
176.06
175.78
176.26
178.56
176.31
177.61
175.11
NA
NA
176.9
175.5
NA
176.52
NA
NA
NA
NA
NA
NA
NA
NA
176.66
177.06
176.16
176.66
177.76
176.45
177.75
177.15
177.38
177.38
176.78
175.88
175.38
176.08
176.48
175.38
NA
NA
NA
NA
177.09
175.14
174.49
177.36
176.23
NA
176.66
176.85
176.69
176.24
175.63
177.68
175.3
175.16
175.1
176.21
175.75
175.74
NA
NA
NA
NA
NA
NA
175.81
NA
175.74
177.69
173.89
178.39
175.29
176.69
176.19
176.39
NA
175.54
176.74
175.54
175.74
NA
NA
178.76
NA
176.25
176.26
176.25
174.78
176.88
179.18
NA
177.8
177.47
174.96
180.75
NA
NA
NA
NA
NA
NA
175.09
175.39
178.52
176.1
NA
NA
NA
NA
NA
175.81
174.65
175.55
175.15
171.65
176.15
NA
177.34
174.42
176.22
176.16
174.76
175.96
174.06
175.36
NA
177.66
178.54
175.93
175.17
175.78
175.44
175.61
173.9
176.33
176.29
175.9
175.97
NA
NA
NA
176.65
173.88
175.65
175.45
175.55
174.34
173.84
176.77
175.38
NA
NA
NA
NA
176.25
176.25
NA
177.55
178.15
177.85
177.05
NA
NA
NA
175.8
178.3
176.8
176.55
177.05
NA
NA
176.85
NA
176.45
177.01
NA
NA
177.0
NA
NA
177.05
NA
NA
177.07
NA
176.23
176.53
177.45
NA
NA
NA
NA
NA
NA
NA
NA
NA
NA
NA
NA
NA
NA
NA
NA
NA
NA
NA
NA
NA
NA
NA
NA
NA
NA
NA
NA
NA
NA
NA
NA
177.5
180.29
176.06
175.58
175.97
176.01
175.61
177.41
NA
NA
NA
NA
175.27
NA
NA
NA
NA
175.83
NA
174.1
175.64
NA
175.13
NA
175.51
NA
NA
NA
178.61
177.02
177.7
177.43
176.52
175.36
177.03
175.65
NA
NA
NA
NA
NA
NA
NA
NA
NA
NA
NA
NA
NA
NA
NA
177.37
174.91
176.97
177.18
177.37
NA
176.07
173.07
175.5
NA
NA
177.29
NA
NA
NA
NA
175.5
175.5
172.9
NA
NA
NA
NA
NA
NA
NA
NA
NA
175.17
173.16
175.26
176.12
174.42
175.92
176.37
176.97
NA
NA
NA
175.69
174.45
NA
176.57
NA
NA
NA
174.81
NA
NA
NA
NA
NA
NA
176.4
NA
176.32
174.74
177.21
176.4
176.73
176.5
175.39
174.89
176.29
177.49
176.39
175.83
175.43
175.51
175.77
176.13
NA
NA
NA
NA
177.01
176.76
172.85
177.93
NA
NA
NA
NA
NA
NA
175.55
176.48
175.45
177.86
NA
NA
176.12
176.0
178.2
NA
NA
NA
NA
175.02
176.89
175.5
176.64
174.96
176.58
176.6
176.54
174.81
177.04
NA
NA
175.94
175.92
NA
175.8
177.23
NA
177.77
171.34
177.04
174.94
176.94
174.64
174.84
176.94
NA
NA
175.06
176.18
175.88
176.57
176.01
176.34
177.14
177.1
175.76
NA
176.08
176.12
176.55
177.3
176.03
178.59
176.51
177.23
174.88
176.38
NA
177.84
176.03
177.57
NA
NA
NA
177.45
177.23
176.58
176.36
176.2
175.85
177.31
175.59
174.88
NA
NA
176.39
176.19
176.21
177.01
175.21
178.09
177.87
177.49
179.29
NA
NA
NA
NA
175.68
176.44
175.19
NA
174.0
176.7
176.8
175.2
NA
NA
NA
NA
NA
176.45
177.09
NA
173.68
175.19
175.22
175.87
176.26
174.5
NA
176.19
171.94
173.51
174.03
NA
176.61
175.55
175.9
NA
177.02
175.71
176.23
NA
175.9
NA
176.93
175.68
176.19
177.0
175.9
175.75
176.47
176.87
177.58
175.46
176.83
NA
NA
175.83
176.09
177.0
176.04
179.2
177.3
177.65
177.7
176.48
177.12
176.48
176.28
174.48
176.08
174.28
NA
NA
NA
NA
NA
NA
NA
NA
NA
NA
NA
NA
NA
NA
NA
175.06
176.31
NA
NA
NA
NA
NA
NA
NA
NA
177.48
176.64
176.3
NA
175.45
178.64
174.43
177.14
175.65
176.51
174.54
176.47
NA
178.11
176.8
176.29
175.99
176.35
178.05
176.8
176.31
177.18
175.46
175.84
178.68
180.87
NA
177.42
177.69
NA
174.29
NA
175.89
176.99
175.84
176.08
178.6
175.15
172.79
175.05
175.83
177.74
176.51
176.09
177.01
176.31
176.56
175.58
176.52
171.61
173.63
176.26
171.34
NA
NA
175.69
175.89
175.69
NA
176.1
175.1
175.8
176.4
177.3
176.1
177.2
176.52
175.28
174.92
177.92
NA
NA
177.43
176.13
176.23
176.4
176.9
175.86
173.16
175.86
NA
NA
175.09
175.89
NA
177.39
175.99
175.09
178.49
174.43
NA
NA
174.73
NA
NA
NA
178.16
176.96
177.46
176.76
178.83
NA
NA
176.54
177.99
173.86
175.95
177.45
175.67
175.82
175.83
174.72
NA
NA
NA
NA
NA
NA
NA
176.31
177.83
177.4
NA
NA
176.07
NA
NA
NA
178.0
175.98
NA
NA
NA
177.16
NA
NA
NA
NA
176.72
176.0
175.5
NA
178.3
NA
175.78
176.43
176.87
177.15
175.87
176.57
NA
178.04
175.91
173.41
176.01
175.71
174.41
176.21
176.01
177.59
NA
172.89
176.26
176.48
176.04
176.04
175.82
174.22
172.32
172.72
NA
177.9
NA
175.58
178.21
176.45
NA
176.3
178.59
NA
NA
NA
NA
NA
NA
NA
NA
NA
175.76
175.98
177.49
178.34
NA
176.73
176.32
NA
NA
NA
NA
NA
NA
NA
NA
NA
176.29
177.42
174.64
NA
NA
NA
176.74
176.25
176.2
176.57
175.97
175.52
NA
NA
NA
NA
NA
NA
176.06
175.76
177.46
177.41
177.75
175.45
NA
NA
NA
NA
NA
NA
NA
NA
NA
NA
NA
NA
NA
NA
NA
NA
NA
175.24
176.89
175.93
NA
176.69
176.26
175.91
176.54
175.65
175.45
175.55
174.47
173.47
175.47
NA
175.97
173.17
176.34
175.87
NA
176.02
NA
174.42
175.92
175.42
175.82
NA
NA
176.78
176.29
NA
NA
176.56
179.11
177.66
178.49
173.99
177.19
NA
NA
NA
NA
NA
NA
NA
NA
NA
NA
175.82
175.97
177.51
NA
175.3
176.27
177.46
177.51
176.61
NA
173.08
174.61
176.32
175.47
175.54
175.73
176.15
172.43
176.47
176.02
176.56
175.35
176.13
175.28
177.66
173.41
175.13
176.01
176.57
179.22
NA
NA
NA
NA
NA
NA
176.93
NA
176.21
175.97
175.53
175.09
176.59
177.29
176.39
NA
176.19
NA
NA
NA
179.51
175.91
176.71
178.39
NA
NA
NA
NA
NA
NA
NA
178.87
174.65
176.95
178.15
NA
180.05
177.02
175.71
178.38
NA
NA
NA
176.51
176.21
176.51
175.51
178.98
175.47
175.77
173.87
176.97
178.27
176.83
172.93
175.98
175.05
175.98
173.86
172.68
176.66
177.35
176.29
175.5
NA
176.08
NA
177.41
NA
176.2
174.51
NA
175.27
174.97
NA
176.98
NA
176.95
174.07
176.57
176.27
178.27
176.07
175.47
176.47
174.67
177.87
177.77
NA
176.67
176.87
NA
173.63
177.38
176.14
175.54
177.44
173.94
176.44
178.44
NA
176.59
176.18
NA
176.17
177.47
177.97
177.07
176.17
NA
NA
NA
NA
NA
NA
NA
NA
NA
NA
NA
176.49
176.59
177.59
177.49
174.99
175.89
174.99
178.15
176.35
175.3
177.55
175.76
176.06
175.16
175.47
176.69
177.79
176.59
176.79
177.59
177.49
174.99
176.09
174.99
177.12
NA
173.64
177.21
175.63
179.89
176.72
175.49
176.14
176.88
176.01
176.59
176.54
176.59
179.01
NA
175.65
174.95
174.92
177.14
NA
179.98
NA
177.37
177.41
178.14
178.44
176.7
177.6
178.4
NA
177.4
177.5
176.1
175.1
175.1
176.5
180.5
NA
175.75
NA
175.79
177.41
175.12
172.76
174.99
NA
176.7
175.79
177.67
176.48
176.09
174.96
176.66
177.26
NA
173.74
177.0
176.71
176.18
NA
NA
NA
NA
NA
NA
NA
NA
NA
NA
NA
NA
NA
NA
NA
NA
NA
NA
NA
176.78
NA
NA
NA
NA
NA
NA
NA
NA
NA
NA
NA
NA
NA
NA
NA
175.67
176.27
176.07
175.37
176.37
176.17
177.47
173.55
174.27
173.83
175.51
177.38
176.28
176.18
NA
NA
NA
NA
175.41
175.67
177.36
175.18
NA
175.96
NA
NA
NA
NA
NA
NA
177.28
179.68
NA
178.58
174.28
177.18
176.79
176.62
175.73
174.53
176.57
175.79
174.51
176.2
NA
174.86
175.21
NA
174.28
176.45
175.49
177.66
176.25
NA
NA
NA
NA
NA
NA
NA
176.97
176.3
174.06
175.76
177.13
NA
NA
176.62
176.39
176.32
176.58
177.67
176.73
NA
176.17
174.61
177.49
176.19
NA
NA
NA
NA
NA
178.11
NA
176.01
176.34
176.49
176.04
177.86
176.97
176.2
177.3
NA
177.39
178.19
175.29
NA
NA
NA
NA
174.03
178.24
NA
176.14
174.6
175.03
NA
NA
NA
NA
NA
NA
NA
NA
NA
NA
NA
NA
174.98
175.41
174.01
177.83
NA
175.78
177.86
175.0
179.94
175.11
176.89
176.94
174.11
176.81
175.64
176.34
178.84
175.76
NA
176.62
172.92
177.72
177.22
179.22
175.52
178.05
177.55
179.95
175.45
176.57
176.62
176.09
177.24
176.77
178.03
175.56
177.46
177.2
176.42
176.4
175.01
177.18
176.67
175.56
176.96
NA
178.88
NA
176.09
NA
NA
176.05
177.03
175.33
174.93
173.03
NA
NA
NA
NA
NA
175.85
180.68
NA
176.15
NA
NA
NA
NA
NA
NA
173.96
172.77
NA
NA
NA
NA
NA
NA
NA
176.32
175.15
174.91
177.18
177.21
176.07
177.81
175.46
NA
NA
NA
NA
NA
NA
NA
NA
NA
NA
NA
NA
NA
NA
NA
NA
NA
NA
NA
176.37
176.47
NA
NA
NA
NA
NA
175.43
NA
178.24
NA
174.66
174.83
176.98
177.75
176.05
175.97
175.97
NA
NA
176.75
174.72
176.4
176.08
175.56
177.05
177.17
176.71
NA
177.29
176.46
174.52
176.02
176.71
NA
176.61
NA
173.31
176.01
174.11
175.9
175.6
173.6
175.9
175.0
175.5
NA
NA
177.33
179.39
178.98
179.34
178.77
178.22
178.99
178.44
173.53
178.03
179.43
179.03
178.83
178.63
NA
NA
176.44
NA
NA
NA
NA
176.49
177.21
177.55
176.29
176.37
NA
175.05
177.33
177.47
176.07
174.28
174.91
NA
176.43
175.11
175.08
NA
175.27
175.13
174.98
177.88
175.44
177.36
178.59
NA
NA
NA
NA
NA
NA
NA
NA
NA
NA
NA
176.21
177.99
176.35
NA
NA
NA
174.19
173.51
174.39
173.19
NA
NA
NA
NA
NA
NA
NA
NA
NA
NA
176.68
NA
177.01
176.9
177.38
NA
176.91
NA
NA
NA
NA
175.87
176.24
NA
NA
175.27
NA
NA
175.7
174.81
173.37
175.57
174.84
174.64
175.99
176.06
176.1
176.0
175.14
NA
NA
NA
NA
181.17
178.57
NA
177.07
176.19
175.36
175.65
175.68
175.65
NA
176.06
177.38
178.04
171.86
175.94
175.94
175.23
178.29
175.18
177.16
176.48
176.19
173.71
175.94
178.84
175.14
174.7
175.05
177.12
175.99
NA
174.48
175.08
176.88
174.02
NA
NA
176.41
NA
NA
NA
177.03
175.03
NA
NA
176.34
175.87
175.42
NA
175.78
NA
176.03
176.51
176.27
175.75
175.88
176.11
NA
NA
NA
176.43
175.3
176.11
175.24
177.61
173.38
175.08
175.04
175.47
175.66
175.75
175.47
176.06
178.92
NA
NA
NA
NA
NA
NA
NA
NA
NA
NA
NA
NA
NA
NA
NA
NA
NA
NA
NA
NA
NA
NA
NA
NA
NA
NA
NA
NA
NA
176.06
NA
176.75
177.18
175.81
NA
176.15
176.6
178.45
176.69
176.96
NA
178.3
176.53
175.79
178.51
NA
177.75
NA
NA
176.05
178.52
NA
176.33
176.5
NA
NA
NA
NA
NA
176.56
175.83
176.01
175.49
NA
NA
NA
NA
NA
176.43
176.53
173.93
NA
176.03
174.63
176.03
175.83
176.93
176.73
174.63
NA
173.43
177.12
175.42
174.12
177.12
174.82
175.42
175.82
176.12
NA
NA
NA
NA
NA
177.0
176.23
177.19
171.37
176.48
NA
173.17
172.72
173.27
177.03
NA
NA
NA
NA
NA
177.21
177.75
176.59
176.49
176.89
174.49
175.79
176.59
176.17
176.43
175.11
175.08
NA
175.27
175.13
174.98
NA
NA
NA
NA
NA
NA
NA
NA
NA
176.31
177.14
176.18
176.25
176.98
NA
NA
NA
NA
NA
175.75
176.29
NA
175.29
178.39
NA
179.09
174.33
NA
NA
175.33
177.73
177.53
NA
175.97
NA
NA
176.98
NA
NA
NA
173.42
177.54
175.65
175.91
NA
175.84
174.63
174.75
178.17
NA
NA
NA
NA
NA
NA
NA
NA
NA
NA
177.67
176.38
174.83
NA
176.9
176.38
NA
NA
NA
177.18
NA
176.99
NA
NA
174.92
173.52
NA
NA
NA
NA
NA
NA
NA
176.14
170.34
173.54
176.9
174.67
174.43
175.56
176.06
175.76
176.06
176.46
NA
176.46
178.92
NA
176.38
NA
NA
NA
NA
NA
176.1
175.42
175.48
175.31
176.52
175.76
177.07
176.48
176.7
176.01
NA
175.54
176.99
NA
NA
174.4
NA
175.73
176.41
177.03
NA
175.01
177.79
179.39
175.1
177.66
176.77
178.28
177.53
177.55
NA
177.09
176.85
176.51
176.27
177.44
177.02
173.95
176.07
178.87
NA
174.73
174.58
NA
176.09
177.77
177.72
174.78
NA
NA
NA
177.8
NA
177.13
174.88
176.42
176.71
176.44
175.72
176.41
176.2
NA
NA
176.91
NA
NA
176.34
NA
177.66
176.46
175.86
178.06
177.36
176.31
176.9
176.73
176.43
175.81
175.31
178.61
175.11
177.57
NA
178.12
176.01
NA
175.72
NA
177.72
177.0
174.71
175.53
175.38
174.49
177.47
175.64
175.79
174.97
176.66
178.25
176.88
177.99
178.88
176.31
173.28
NA
177.32
177.88
176.36
176.07
174.77
176.77
176.04
176.23
NA
174.66
177.75
175.77
NA
174.7
178.12
175.8
NA
NA
NA
NA
NA
NA
NA
176.36
171.26
175.66
175.76
NA
NA
175.1
178.37
176.11
NA
176.61
174.91
NA
NA
176.5
176.41
176.87
NA
NA
NA
NA
179.02
176.23
176.4
180.06
176.56
176.36
174.46
176.16
175.25
174.1
176.53
177.43
NA
NA
174.93
175.95
176.41
176.03
177.68
NA
175.0
177.78
NA
NA
NA
175.9
NA
NA
NA
NA
NA
NA
NA
NA
175.75
NA
NA
NA
NA
NA
NA
NA
NA
175.81
NA
177.32
175.24
177.51
177.18
176.37
176.37
NA
176.05
178.43
175.94
175.88
176.04
178.46
175.86
175.89
NA
NA
174.42
177.02
178.6
NA
176.29
177.17
NA
175.21
NA
177.48
177.03
NA
NA
NA
NA
NA
NA
NA
NA
NA
NA
NA
NA
NA
NA
NA
NA
NA
NA
NA
NA
NA
NA
180.12
176.92
175.89
175.49
175.49
175.49
178.29
177.99
178.19
177.99
176.29
175.69
NA
NA
173.33
177.6
178.04
175.74
177.31
176.77
177.37
173.07
175.77
NA
NA
NA
NA
NA
176.44
NA
176.27
174.86
174.55
176.48
174.83
174.85
176.22
NA
176.98
176.48
NA
175.67
174.46
173.94
176.36
175.7
177.3
175.64
172.55
NA
176.11
178.39
176.64
175.71
175.78
NA
NA
175.47
176.83
173.46
176.38
175.77
177.56
175.44
176.31
175.75
176.97
NA
NA
NA
NA
NA
NA
NA
NA
NA
176.64
175.54
NA
NA
NA
NA
NA
NA
NA
NA
175.1
172.78
175.65
175.77
177.67
176.45
176.11
NA
NA
NA
NA
NA
NA
NA
NA
NA
NA
NA
NA
NA
178.37
179.15
NA
178.34
NA
176.44
176.16
NA
NA
NA
176.09
174.55
NA
176.25
NA
NA
NA
NA
NA
NA
NA
NA
172.99
177.58
174.49
176.97
176.49
NA
NA
NA
NA
NA
174.06
175.86
175.47
174.69
176.29
175.59
173.88
NA
177.39
176.27
175.94
178.79
NA
174.21
175.58
178.22
177.06
175.0
180.18
176.92
NA
176.86
NA
NA
NA
NA
NA
NA
NA
NA
NA
NA
NA
173.67
176.1
176.53
174.12
173.61
NA
177.54
177.4
NA
NA
NA
NA
NA
NA
NA
NA
NA
NA
NA
NA
NA
NA
NA
NA
NA
NA
NA
NA
NA
NA
NA
NA
NA
NA
NA
NA
NA
NA
NA
NA
NA
NA
NA
176.88
NA
174.22
178.5
174.8
174.65