29.82
31.5
28.65
29.13
27.86
30.56
28.75
29.02
31.7
30.75
31.85
28.7
29.61
30.55
NA
29.72
31.2
29.33
30.45
27.82
30.73
29.74
NA
29.83
NA
NA
27.63
27.36
33.68
28.5
30.56
29.95
30.28
30.68
33.33
28.54
30.17
NA
32.15
27.53
28.97
30.14
29.74
28.97
31.06
29.29
29.73
30.63
29.5
28.96
31.6
30.5
29.79
30.5
29.88
30.15
31.38
30.83
29.48
30.76
30.67
29.96
30.14
30.19
30.06
30.43
30.09
NA
28.45
29.35
29.56
29.86
30.85
30.89
30.93
29.84
30.73
31.59
31.17
30.07
29.88
30.31
NA
30.33
30.31
30.15
NA
29.83
32.41
29.02
32.35
29.15
28.67
29.6
30.86
29.81
29.48
29.63
29.92
30.05
29.26
29.71
29.98
28.78
28.41
30.2
NA
30.15
29.94
32.25
29.5
28.96
31.13
30.69
30.17
28.76
28.48
29.27
30.72
29.59
30.16
28.84
30.73
26.64
30.31
30.28
32.47
30.3
30.41
28.72
30.54
30.51
31.93
NA
30.78
30.76
29.31
29.66
NA
27.99
28.87
NA
29.51
32.94
29.86
30.2
NA
NA
32.15
30.49
31.42
28.96
NA
30.39
29.83
29.45
29.98
30.14
29.21
27.32
30.96
29.93
30.67
NA
29.48
29.1
28.87
28.1
NA
29.73
29.89
28.65
30.29
NA
27.26
30.08
NA
30.43
32.91
27.38
30.86
29.29
26.91
29.54
30.77
NA
29.69
NA
28.33
31.35
30.26
28.61
29.11
28.76
28.92
29.08
28.92
28.78
30.96
34.01
29.91
29.56
29.5
29.88
NA
30.38
29.58
30.12
28.58
30.08
29.93
30.42
NA
30.0
34.72
30.64
29.13
NA
27.91
30.25
NA
NA
28.59
30.64
31.22
33.75
27.58
25.89
29.93
29.35
29.39
29.34
29.34
NA
30.42
28.47
31.07
29.25
30.17
30.0
30.5
29.51
30.94
28.53
30.13
NA
NA
32.15
NA
30.37
29.3
30.54
34.73
30.95
31.87
29.94
29.11
29.3
29.9
29.82
29.78
29.39
26.82
30.05
NA
NA
29.88
29.49
30.87
30.18
30.23
30.4
30.09
30.21
30.51
29.92
28.33
30.05
30.13
31.96
29.06
30.85
26.99
29.7
30.15
NA
NA
NA
NA
NA
NA
30.11
28.85
29.55
30.24
29.8
30.17
30.6
30.4
29.2
NA
30.62
29.38
30.11
30.77
28.71
27.97
31.37
30.56
30.3
30.29
29.98
29.82
29.67
NA
28.99
29.97
30.27
28.52
30.36
32.07
31.77
32.42
30.33
33.12
29.45
28.9
29.78
29.99
31.06
31.55
30.06
30.73
31.39
NA
NA
30.14
NA
30.41
NA
NA
30.37
31.71
NA
NA
NA
NA
NA
NA
NA
NA
NA
NA
NA
29.93
29.8
29.8
33.15
30.35
30.29
29.96
29.28
30.92
30.0
30.04
33.02
29.74
29.52
27.58
30.13
30.34
29.31
30.37
29.46
29.32
NA
33.82
29.38
30.48
30.31
NA
30.08
27.12
29.37
28.26
29.78
NA
29.49
29.86
31.79
25.99
29.57
33.03
30.56
33.11
30.68
29.45
NA
28.75
NA
NA
30.16
29.72
34.24
30.52
30.88
29.19
29.45
NA
NA
30.48
30.01
30.96
30.91
30.12
28.83
28.76
33.05
32.04
32.89
28.98
29.93
29.73
NA
30.75
29.39
31.0
31.63
31.47
31.85
29.21
31.68
32.05
29.64
29.94
29.52
30.1
30.35
NA
27.56
30.27
31.3
29.4
30.31
30.27
28.86
29.79
28.51
31.47
30.86
29.26
29.34
30.82
28.7
32.28
NA
30.2
29.53
28.69
30.16
30.07
NA
NA
29.56
30.8
29.96
29.6
NA
NA
29.45
NA
31.55
29.8
30.36
29.74
30.57
NA
NA
32.26
29.56
31.51
NA
26.74
NA
30.47
30.79
28.33
30.19
33.49
30.49
30.25
31.02
30.6
29.85
29.98
30.57
30.67
29.42
30.55
29.54
30.15
30.73
26.67
25.81
30.66
29.15
27.6
28.99
30.23
29.18
27.75
26.95
29.65
27.57
32.47
31.05
29.27
31.01
32.54
28.99
27.91
33.79
30.13
29.32
NA
31.62
33.52
30.19
30.41
30.16
31.24
27.96
31.31
30.41
30.21
33.98
30.18
31.03
29.88
33.08
30.93
31.94
30.23
30.09
30.1
29.59
30.56
28.45
30.78
29.42
32.97
31.0
32.41
NA
32.33
32.14
31.5
29.36
30.15
29.17
29.46
27.2
31.75
30.27
30.76
NA
NA
28.57
26.69
32.77
30.13
29.12
29.21
NA
31.57
29.93
26.6
31.04
NA
30.93
30.03
NA
29.68
29.89
29.56
NA
30.69
29.39
NA
30.49
31.37
30.32
31.37
30.12
30.59
29.89
32.43
30.97
29.89
30.51
32.5
31.59
28.57
30.23
29.71
27.78
29.94
28.91
29.58
32.89
30.97
26.86
30.46
30.24
28.9
26.64
30.16
31.35
NA
NA
31.73
28.36
31.29
29.12
NA
29.94
26.59
30.32
30.26
31.47
30.08
32.06
33.54
27.36
NA
29.94
29.87
29.31
30.15
31.17
29.8
30.3
29.96
NA
NA
30.88
NA
28.94
28.97
30.36
28.67
30.31
29.01
30.4
28.81
30.38
NA
29.85
28.91
30.03
NA
32.48
NA
30.04
28.86
NA
27.76
NA
NA
32.32
27.61
29.29
NA
30.04
28.27
29.58
NA
NA
29.81
30.01
30.11
29.71
NA
29.81
29.81
32.35
28.83
31.85
28.82
31.26
NA
29.08
NA
30.62
30.23
32.69
30.9
29.77
30.33
28.44
28.52
29.55
28.86
28.97
29.64
28.73
28.93
NA
28.9
29.04
30.31
29.87
29.9
30.0
29.33
31.43
30.52
30.55
30.43
30.7
NA
31.12
30.64
28.78
29.06
29.33
30.83
30.26
33.62
31.17
NA
30.24
29.84
NA
29.11
29.26
27.27
NA
30.32
29.65
26.18
30.27
29.4
30.33
30.6
32.55
29.35
30.25
NA
NA
NA
NA
30.16
30.02
29.94
30.84
NA
NA
29.57
30.07
NA
NA
29.54
NA
30.28
29.38
30.18
30.28
30.08
30.08
27.25
27.05
29.25
29.05
29.74
31.07
29.87
30.16
NA
29.31
30.02
30.32
NA
32.82
NA
NA
29.42
29.46
30.54
29.74
NA
30.87
32.17
29.94
32.5
27.54
29.94
30.54
30.44
29.34
NA
30.04
30.44
29.94
30.04
29.84
NA
30.36
30.15
31.36
29.81
29.41
29.61
29.81
29.51
NA
NA
33.16
29.09
29.14
29.97
NA
29.97
30.45
30.48
NA
29.93
27.78
31.19
29.41
30.06
29.63
30.1
29.1
29.2
32.85
29.73
29.13
28.53
27.03
30.43
32.0
27.4
29.77
29.74
30.04
29.79
29.29
29.99
29.18
NA
NA
32.23
NA
28.65
30.51
29.77
29.61
NA
31.35
29.11
30.11
30.08
29.28
29.58
28.74
30.4
NA
29.62
29.6
27.33
31.65
29.64
30.18
29.32
30.29
30.2
29.97
31.35
29.11
29.81
28.64
NA
NA
30.36
30.15
33.04
25.94
32.72
28.83
NA
30.22
28.69
29.27
29.91
30.1
NA
NA
NA
NA
NA
NA
NA
NA
NA
NA
NA
NA
NA
NA
NA
NA
NA
NA
NA
NA
NA
NA
NA
NA
NA
NA
NA
NA
NA
NA
NA
NA
NA
NA
NA
NA
NA
NA
NA
NA
NA
NA
NA
NA
NA
NA
NA
NA
NA
NA
29.31
29.22
29.18
29.53
28.88
28.72
NA
NA
32.01
30.29
29.93
31.39
29.76
NA
NA
NA
28.72
30.71
NA
29.76
29.5
32.8
30.57
NA
30.03
30.03
29.43
31.09
26.99
49.63
30.08
30.52
28.82
30.56
29.91
30.64
26.91
29.99
29.26
NA
30.9
29.5
NA
30.2
29.04
30.22
29.84
30.37
NA
28.9
30.38
30.65
32.34
35.18
34.1
29.64
29.77
NA
NA
29.27
29.52
NA
32.1
29.37
27.58
31.43
30.5
29.14
28.17
45.84
29.26
28.38
30.12
30.05
26.31
29.21
30.47
NA
28.59
NA
30.45
30.58
29.3
29.37
NA
29.22
31.64
32.2
NA
29.94
30.11
30.07
26.32
29.97
30.53
31.11
24.69
29.48
28.1
30.42
NA
31.31
32.46
28.34
29.85
29.7
29.71
29.63
29.83
28.65
30.44
31.23
28.78
30.37
31.48
28.69
30.49
31.36
28.51
30.51
31.16
28.51
30.51
31.16
31.04
32.39
27.71
29.66
30.82
33.22
30.31
28.25
28.88
28.24
29.7
32.11
28.91
29.88
33.54
33.77
33.76
28.75
29.08
28.31
33.73
28.75
29.01
28.34
33.14
25.78
29.47
29.51
29.57
30.14
NA
30.47
30.52
30.68
30.47
NA
NA
30.57
30.52
NA
NA
30.0
30.05
30.31
29.89
NA
NA
29.89
29.89
NA
29.15
NA
29.25
29.6
30.02
33.83
29.76
NA
NA
30.85
29.71
29.42
29.06
31.19
NA
NA
28.2
30.16
33.16
28.21
29.53
29.5
29.45
30.66
30.0
29.81
28.47
NA
NA
28.87
28.82
NA
34.75
29.54
31.69
29.86
29.56
28.32
NA
NA
NA
35.64
NA
28.85
28.92
NA
34.74
29.5
31.76
29.89
29.56
28.46
NA
29.04
28.79
27.05
34.87
NA
NA
28.72
29.5
27.95
27.08
33.2
27.46
28.31
28.31
28.55
28.48
28.41
29.84
29.18
29.35
28.87
30.74
29.99
30.34
NA
NA
30.41
NA
NA
NA
NA
NA
29.13
NA
NA
NA
NA
31.31
28.3
28.34
NA
NA
NA
NA
28.7
30.23
30.55
30.17
NA
NA
29.24
30.59
32.57
28.99
32.16
NA
NA
NA
30.73
30.79
31.06
30.99
30.5
31.21
30.75
30.69
30.78
30.75
29.74
31.0
29.77
31.21
29.8
31.08
30.51
30.0
29.17
31.52
29.59
29.38
31.84
29.22
29.35
28.96
30.1
27.34
26.55
31.87
27.34
30.01
NA
29.1
28.39
31.45
NA
30.92
31.14
31.43
NA
NA
NA
NA
NA
NA
32.57
30.17
32.67
31.71
30.43
29.86
32.52
31.55
30.37
29.84
30.45
30.58
30.29
30.7
29.83
30.92
NA
29.69
28.8
29.04
28.54
30.56
29.72
30.25
29.25
30.47
30.38
32.62
29.72
28.92
29.32
31.88
33.0
28.61
26.31
30.12
30.27
30.15
NA
29.42
30.27
33.2
25.89
30.13
29.09
29.46
29.89
NA
29.0
NA
NA
NA
NA
NA
NA
NA
NA
NA
NA
29.64
NA
NA
NA
NA
NA
30.83
29.73
30.13
30.33
29.53
31.82
33.32
NA
NA
NA
NA
30.7
31.0
32.2
NA
NA
30.12
26.18
27.1
29.4
29.0
29.93
26.09
30.21
30.51
29.21
31.31
29.41
30.21
31.16
29.58
NA
NA
28.98
NA
30.2
30.2
30.2
30.07
32.97
31.27
27.57
26.55
32.45
29.45
28.75
30.55
31.25
NA
28.25
29.74
31.04
31.09
29.69
29.29
29.69
29.67
30.7
NA
30.41
27.72
31.97
NA
29.6
29.9
30.0
28.75
NA
30.35
NA
NA
30.76
28.82
29.96
NA
29.81
29.61
31.11
28.81
30.11
30.11
30.03
29.53
28.83
29.73
NA
NA
30.25
29.95
31.15
30.85
31.56
30.18
28.68
29.4
29.84
26.72
29.42
29.46
NA
30.39
29.59
29.95
29.31
32.43
29.95
30.22
29.3
29.75
29.15
28.73
28.81
28.79
28.91
30.28
30.28
30.34
29.24
33.61
29.47
NA
NA
NA
NA
NA
NA
NA
29.46
30.73
29.66
29.46
30.73
29.66
29.9
30.9
30.0
30.2
29.22
29.92
29.32
29.43
NA
29.08
28.88
31.58
29.88
30.18
30.38
28.92
30.89
29.23
NA
NA
NA
NA
NA
NA
NA
NA
NA
NA
32.81
28.78
29.27
30.68
34.98
31.98
29.18
NA
31.28
28.71
29.51
29.31
29.61
29.44
30.26
29.71
28.57
30.41
29.12
30.67
29.47
30.04
29.84
31.54
29.54
29.44
NA
30.64
NA
29.03
29.55
NA
29.2
NA
30.26
31.93
30.98
28.88
30.18
31.0
30.3
29.04
30.34
29.44
30.43
NA
29.78
28.98
30.28
30.58
30.48
32.06
29.87
29.98
30.76
32.4
30.54
31.26
30.08
31.5
30.51
NA
NA
27.23
32.42
29.31
29.83
29.31
33.81
29.51
NA
NA
NA
NA
29.82
28.31
29.01
29.11
29.33
28.83
30.23
NA
NA
NA
30.53
29.05
35.6
30.31
26.69
NA
30.5
29.02
35.57
30.28
30.44
29.37
30.27
31.07
29.87
30.37
NA
NA
30.82
NA
29.71
31.37
30.81
29.36
28.61
29.97
25.55
NA
29.44
NA
29.06
28.91
29.17
27.28
30.69
29.41
29.69
NA
30.36
30.93
NA
NA
NA
NA
29.74
29.64
29.8
28.3
29.42
NA
30.55
NA
36.12
29.02
29.82
36.02
30.56
32.06
28.56
28.06
30.76
29.66
28.26
29.16
32.16
NA
28.76
28.76
29.47
30.22
30.62
NA
NA
27.52
NA
NA
NA
30.96
30.17
33.12
32.55
29.66
30.36
NA
29.46
NA
28.67
NA
NA
NA
NA
29.9
NA
NA
29.01
25.64
29.15
29.64
30.39
31.31
28.08
29.69
NA
30.39
29.46
29.66
30.57
29.46
30.24
30.16
NA
30.87
29.72
29.68
29.23
31.1
29.28
30.48
31.2
30.61
31.11
29.15
30.46
33.35
30.35
31.42
30.54
29.61
29.94
30.31
29.16
29.69
31.7
30.01
29.49
28.96
30.02
29.2
30.7
30.16
33.92
30.22
NA
NA
NA
NA
NA
NA
NA
NA
29.75
NA
31.85
30.44
31.64
31.84
30.74
NA
NA
NA
NA
NA
NA
NA
NA
30.5
29.71
31.55
29.05
30.75
28.8
NA
30.59
29.87
30.47
30.3
30.08
30.98
29.68
31.68
26.58
30.48
NA
NA
NA
NA
NA
NA
NA
28.74
30.74
27.38
31.78
31.38
NA
29.2
29.75
29.69
29.77
29.27
29.91
28.53
29.35
28.71
29.42
29.02
32.22
NA
NA
31.02
29.42
28.52
29.29
30.54
28.25
29.24
31.69
29.58
32.18
30.21
31.53
28.37
NA
29.64
29.24
28.94
32.52
30.78
31.18
32.98
29.28
29.08
28.21
28.19
29.8
29.1
30.21
30.13
30.73
30.04
29.26
30.25
30.07
30.1
29.06
30.82
26.04
30.21
30.81
29.75
36.16
29.67
28.95
28.98
28.89
31.99
NA
NA
31.76
32.05
29.54
NA
30.94
27.04
29.17
30.24
29.71
NA
31.39
29.85
29.74
30.75
29.45
NA
29.32
32.48
NA
30.65
29.36
29.64
31.8
29.75
36.16
29.67
28.95
28.98
28.89
31.99
NA
29.82
29.92
29.72
29.22
30.42
29.57
30.15
29.93
31.46
33.76
30.94
31.06
32.96
31.26
30.66
NA
NA
33.0
26.2
NA
29.41
NA
29.68
29.55
28.81
29.22
31.52
31.39
NA
29.77
29.37
29.53
29.87
29.77
31.94
28.48
29.19
30.21
33.84
29.04
27.35
29.32
31.23
30.51
30.39
29.76
34.94
30.76
29.57
NA
29.5
29.74
30.01
30.35
28.06
28.51
29.4
28.69
NA
NA
NA
31.08
31.29
33.4
29.34
31.19
30.61
29.38
34.02
33.12
44.1
30.04
30.14
NA
30.24
29.94
29.14
28.54
29.46
29.99
29.99
26.49
28.59
NA
31.45
NA
29.23
30.43
NA
NA
NA
28.98
30.5
30.07
30.4
31.14
29.26
26.37
NA
29.76
NA
26.05
30.46
29.66
26.58
32.38
29.48
28.78
30.68
28.33
29.77
31.0
30.07
30.07
29.54
30.68
30.48
30.48
28.28
30.58
30.28
28.94
NA
31.55
30.34
NA
NA
30.38
30.38
NA
29.66
30.22
NA
29.19
26.35
NA
30.08
32.33
31.79
31.92
29.72
30.18
31.88
32.06
29.71
30.25
29.3
30.06
28.9
30.33
29.97
28.63
30.41
30.89
29.26
32.65
30.19
29.19
29.79
29.59
27.29
33.06
29.64
29.41
30.2
30.89
29.19
NA
29.73
30.23
29.73
28.73
NA
29.58
29.88
29.48
NA
NA
NA
NA
NA
29.96
NA
29.47
30.47
29.67
29.47
30.07
31.07
30.47
30.27
29.87
29.6
31.1
27.36
32.86
30.36
30.46
29.36
29.76
30.76
31.66
29.26
29.46
31.64
30.32
28.1
32.7
27.63
30.74
31.86
NA
NA
28.3
29.55
29.05
30.13
29.6
32.6
29.34
28.31
26.6
31.11
29.87
NA
NA
29.58
NA
32.3
31.06
30.08
31.12
30.05
28.84
NA
NA
27.75
30.42
32.21
30.1
30.01
30.15
30.26
31.06
33.34
NA
30.14
28.95
32.02
29.61
29.14
30.15
30.15
27.47
31.52
29.36
30.32
30.12
28.9
29.55
28.8
28.65
NA
28.46
29.9
29.97
29.97
32.96
27.92
27.96
28.92
29.24
29.95
29.71
NA
30.88
32.99
29.24
31.59
32.99
29.01
30.77
29.79
30.38
30.34
28.23
29.57
NA
28.82
27.02
28.42
31.12
29.92
27.52
31.01
30.21
32.61
32.51
31.09
30.19
32.09
32.59
30.38
30.69
31.18
29.58
29.86
27.38
29.86
33.64
NA
NA
NA
NA
29.72
33.71
29.98
32.64
34.32
30.88
29.71
26.26
29.36
32.26
30.56
26.76
28.46
30.5
30.46
30.52
NA
30.65
29.23
29.55
29.6
31.77
33.06
28.79
26.09
32.09
30.69
29.46
30.21
30.11
30.14
30.82
28.65
31.81
29.35
NA
30.35
28.55
30.95
31.25
30.15
31.45
29.13
30.53
30.88
30.4
29.2
29.19
30.02
29.6
31.05
NA
29.82
29.73
30.05
NA
29.81
29.85
29.81
30.16
28.46
NA
29.8
30.3
30.01
30.01
29.41
29.03
NA
29.18
33.15
30.32
30.17
31.5
NA
NA
32.58
30.8
30.22
NA
NA
NA
32.12
29.02
NA
30.42
30.49
29.5
30.79
29.23
29.44
29.73
33.05
29.31
30.18
30.28
29.18
31.78
30.18
NA
28.38
29.86
30.56
30.66
NA
29.92
30.72
29.32
30.32
29.34
27.44
29.48
33.97
29.13
30.57
30.09
30.96
28.84
31.01
NA
33.08
29.48
28.54
29.96
28.86
NA
29.37
30.22
28.93
27.68
29.89
29.79
29.39
30.19
29.79
29.95
30.45
30.22
32.26
30.18
28.91
31.25
30.33
32.24
30.2
29.34
27.44
28.88
31.54
27.15
27.55
29.19
29.61
30.24
30.14
31.94
29.74
26.24
29.03
31.63
29.83
30.33
32.53
28.13
30.83
33.4
28.49
32.89
29.33
32.96
NA
30.47
32.41
29.02
31.48
28.69
30.2
29.39
28.69
30.09
NA
NA
29.72
NA
30.27
NA
NA
NA
NA
NA
NA
NA
30.56
28.67
NA
29.72
30.52
NA
29.82
29.72
29.82
29.62
30.22
31.22
30.22
30.52
34.74
30.27
30.55
31.58
31.68
29.99
29.46
29.55
28.75
NA
30.27
31.66
31.54
NA
29.83
28.83
28.92
32.55
32.75
29.05
NA
34.95
28.95
32.75
32.65
NA
29.8
30.88
30.42
33.91
29.85
30.44
27.81
NA
NA
NA
NA
NA
30.6
NA
29.45
30.06
29.02
29.79
NA
30.58
32.86
28.29
31.41
30.65
29.55
28.96
32.25
32.22
NA
NA
31.21
29.71
29.82
30.16
30.68
NA
28.08
29.16
30.68
NA
31.8
NA
29.0
29.0
28.5
29.6
30.5
NA
31.65
NA
30.95
32.93
29.85
29.95
29.05
30.05
30.05
30.95
29.16
30.06
29.66
30.46
30.96
29.96
29.46
29.88
29.9
29.98
30.81
30.05
29.83
30.58
30.54
30.46
30.54
30.76
30.89
29.48
28.26
NA
30.03
31.23
30.43
28.53
29.83
29.65
NA
NA
30.02
29.86
29.74
30.22
29.1
28.86
27.67
NA
NA
NA
26.46
29.94
30.29
30.05
29.97
30.21
27.51
30.16
29.26
28.05
30.54
29.2
28.19
NA
29.51
NA
29.62
30.12
30.12
29.65
28.24
NA
27.8
30.5
30.78
29.88
29.78
30.48
31.18
30.48
30.78
30.88
31.18
29.86
30.17
28.01
NA
31.0
33.49
31.8
30.94
31.32
30.05
29.21
29.98
30.07
28.87
29.18
29.15
29.64
29.23
30.23
32.69
NA
29.69
30.65
28.62
NA
NA
NA
NA
29.59
31.46
NA
29.06
29.65
33.85
27.15
28.25
30.05
29.75
29.65
28.25
NA
28.66
25.8
NA
NA
26.69
29.24
28.41
29.48
29.54
30.21
29.39
28.79
NA
NA
NA
29.58
NA
28.76
30.46
29.51
30.51
31.71
32.41
32.81
NA
NA
30.01
30.49
30.37
29.74
34.92
30.74
NA
29.21
32.61
30.27
31.58
NA
NA
NA
NA
NA
NA
NA
NA
NA
NA
NA
NA
NA
NA
NA
NA
NA
28.33
NA
NA
NA
NA
30.08
30.3
29.75
29.14
31.45
NA
30.05
28.03
NA
29.84
NA
NA
29.99
NA
NA
NA
NA
NA
NA
31.02
29.29
29.74
29.64
28.24
29.64
29.74
31.27
NA
29.57
31.31
30.81
31.31
27.21
30.89
33.49
NA
30.19
NA
31.48
27.69
31.02
NA
29.54
34.71
NA
30.25
29.54
30.05
29.35
29.95
30.97
30.44
29.84
30.38
28.32
29.01
28.61
29.91
30.18
NA
NA
NA
NA
NA
NA
29.7
28.74
31.86
29.42
NA
29.89
NA
29.09
28.43
31.44
NA
30.17
28.57
30.87
30.87
30.22
30.42
29.24
33.88
29.69
29.02
29.48
29.76
NA
30.16
NA
28.98
28.51
33.41
30.9
32.55
30.05
NA
31.05
29.48
32.57
29.91
30.29
NA
30.3
40.95
27.74
31.57
29.65
30.1
31.93
31.0
33.49
31.8
30.94
31.32
28.35
30.6
27.17
30.07
30.61
31.15
31.26
27.3
31.7
33.37
28.63
30.13
30.25
30.14
30.85
30.11
NA
NA
30.38
30.4
30.57
30.5
NA
28.31
26.27
29.72
33.77
29.15
30.85
29.65
30.17
32.13
29.47
31.07
28.45
NA
29.65
30.47
29.88
29.48
28.88
28.88
29.88
25.18
28.28
29.12
31.32
NA
33.38
29.48
28.98
NA
NA
NA
NA
NA
NA
NA
NA
NA
NA
NA
NA
NA
NA
NA
NA
NA
NA
30.3
31.5
29.3
NA
NA
NA
NA
NA
NA
NA
29.74
26.91
29.18
30.11
29.64
28.93
30.08
29.91
29.74
29.99
31.24
NA
NA
NA
31.55
30.4
30.4
30.48
30.72
30.2
30.79
30.41
30.51
30.33
30.35
29.37
29.44
30.06
32.84
29.87
29.17
NA
29.77
29.83
31.18
31.3
28.32
29.69
30.54
31.58
32.22
30.54
30.3
NA
32.32
30.36
NA
28.86
NA
30.35
30.76
NA
NA
29.08
NA
30.71
29.65
28.78
30.89
31.14
28.74
29.58
30.03
31.93
29.58
30.49
29.68
30.58
30.76
29.58
NA
29.81
29.4
NA
NA
NA
29.16
29.62
30.6
30.32
30.02
NA
30.82
32.12
30.14
35.89
29.73
30.28
28.94
32.04
29.34
28.24
30.35
30.65
29.39
30.15
NA
29.61
29.51
NA
28.53
NA
28.2
NA
30.79
27.04
33.93
NA
26.72
33.93
30.17
NA
28.87
31.33
30.04
30.16
33.67
NA
30.85
30.44
NA
NA
30.6
NA
NA
29.5
NA
NA
NA
26.61
NA
30.61
33.24
29.78
29.04
30.11
29.92
30.42
28.52
29.72
29.52
29.82
29.01
32.61
26.88
31.2
30.05
30.15
28.8
29.8
28.52
28.81
NA
31.8
27.82
35.48
31.18
36.48
NA
31.08
34.58
28.87
NA
29.97
29.28
31.33
29.44
30.34
30.48
29.18
NA
30.9
29.72
32.16
31.42
30.59
28.58
29.68
31.21
29.93
30.18
30.28
32.44
29.29
NA
28.75
26.4
30.83
35.2
30.28
30.28
31.18
30.75
26.45
29.45
28.35
31.85
29.05
26.15
30.25
29.76
29.25
30.83
29.99
30.17
30.13
33.24
29.53
28.54
29.16
32.7
29.13
29.86
33.25
29.35
29.22
32.52
29.17
NA
NA
NA
NA
NA
NA
NA
NA
NA
NA
NA
NA
NA
NA
NA
30.83
30.48
28.68
30.59
NA
28.5
NA
29.98
29.68
28.66
33.46
NA
29.63
28.99
29.41
29.61
NA
NA
NA
NA
NA
29.25
NA
NA
30.35
28.25
29.35
31.45
29.1
NA
NA
NA
NA
29.93
30.58
30.15
30.16
29.12
30.47
26.96
30.13
30.86
30.0
30.33
29.19
29.18
NA
29.87
29.37
29.08
29.15
29.57
31.3
30.35
30.32
28.4
30.44
30.07
30.52
30.48
30.23
28.07
30.43
30.25
NA
NA
NA
NA
27.89
NA
28.69
31.09
28.52
30.63
29.38
28.62
27.42
NA
29.53
29.45
29.09
30.31
30.39
33.19
30.49
29.89
30.14
NA
30.01
29.51
NA
30.06
NA
NA
30.19
29.39
31.59
29.79
32.19
29.79
31.09
29.4
29.8
29.12
30.02
29.22
29.62
31.62
29.52
26.22
29.32
30.86
29.63
29.73
30.34
29.33
28.17
29.06
30.76
30.27
29.18
32.51
29.18
29.18
29.69
29.18
30.97
30.97
29.71
32.61
28.81
29.61
28.08
32.66
29.65
31.15
31.11
30.96
NA
30.75
NA
NA
NA
31.47
31.56
29.85
NA
28.75
28.81
33.3
29.74
30.38
29.44
29.17
29.62
29.05
29.55
28.54
30.37
28.65
31.93
33.0
27.66
NA
32.3
31.1
29.2
31.2
27.3
NA
NA
30.88
NA
28.78
27.78
29.28
29.38
29.93
NA
27.32
29.02
30.26
NA
28.04
28.94
30.74
30.02
29.22
29.71
32.11
29.51
NA
29.11
32.31
28.81
31.11
29.11
30.01
28.81
NA
NA
NA
29.99
30.49
29.46
30.88
28.84
31.11
30.11
29.81
29.91
29.67
31.05
32.83
31.06
32.83
27.38
29.59
27.89
25.87
30.02
31.24
32.36
NA
35.57
27.48
28.42
30.5
30.7
NA
30.09
29.68
29.23
30.43
28.88
29.48
NA
NA
NA
30.11
29.63
NA
30.43
NA
NA
NA
NA
NA
NA
29.76
32.37
29.97
29.37
29.47
29.69
30.54
29.89
29.42
29.54
29.96
29.66
29.63
30.13
30.06
29.86
28.46
30.46
31.36
30.16
30.06
28.69
NA
27.89
29.98
29.98
30.22
29.98
30.37
NA
NA
NA
NA
28.75
NA
28.75
29.52
27.83
NA
29.5
29.56
28.89
NA
29.3
30.0
29.9
25.9
32.6
30.5
27.8
32.15
29.61
29.37
29.42
NA
30.14
29.41
30.42
29.52
NA
29.7
29.68
28.53
NA
NA
29.56
29.88
29.63
30.51
29.73
29.7
28.56
29.28
30.34
30.23
30.89
30.19
30.96
29.67
29.93
29.28
29.67
29.57
NA
29.41
30.91
29.81
29.11
28.71
26.54
29.47
29.44
NA
NA
NA
NA
NA
NA
NA
29.62
30.1
29.73
31.97
33.39
30.16
28.69
29.39
28.59
30.23
30.01
NA
30.18
NA
32.72
29.87
29.08
30.78
29.58
28.63
NA
30.98
30.66
NA
33.87
29.74
30.57
32.59
30.99
33.39
31.89
28.29
30.99
27.19
NA
28.88
29.81
29.12
29.62
NA
30.15
30.04
30.8
29.6
30.5
29.2
29.86
27.06
29.86
29.96
29.66
30.36
29.66
30.96
30.76
30.86
30.44
30.06
30.12
NA
26.65
30.84
29.48
29.64
30.2
30.57
30.52
27.56
30.14
30.27
30.0
30.27
29.96
29.58
30.15
30.17
29.13
31.39
30.74
28.01
28.81
29.29
28.65
30.4
28.89
28.68
30.82
31.39
30.26
28.01
30.26
30.26
30.59
NA
30.81
30.94
30.74
32.13
31.33
31.03
29.63
30.13
30.13
29.4
29.4
NA
30.09
30.21
31.74
28.32
NA
30.2
31.82
28.91
NA
30.65
28.84
29.06
33.32
30.15
29.73
30.34
29.2
29.2
33.06
28.74
27.84
32.54
30.84
30.11
30.11
30.11
30.11
29.22
28.39
28.9
NA
31.47
NA
30.05
29.71
30.04
30.02
30.61
32.65
34.12
30.73
29.54
29.36
31.17
31.28
30.83
30.13
29.78
NA
30.0
NA
33.15
29.05
29.25
30.92
29.69
NA
30.4
31.69
29.04
29.34
NA
27.64
29.24
29.74
30.34
NA
30.84
NA
29.94
29.54
NA
31.46
NA
NA
NA
28.93
30.83
29.93
29.63
30.43
30.2
27.18
33.2
30.2
31.2
29.7
31.2
NA
29.71
29.3
29.27
32.39
29.16
29.35
29.52
28.73
NA
NA
29.02
30.92
NA
31.22
30.12
30.12
30.12
36.12
29.79
30.61
31.4
29.61
29.12
29.55
29.95
30.65
30.41
29.06
31.06
33.16
31.26
30.36
30.16
29.86
35.96
30.12
29.15
33.2
27.54
27.68
NA
30.24
30.94
30.53
30.02
28.73
NA
29.66
29.75
29.1
NA
31.21
29.6
NA
NA
29.78
NA
NA
29.18
31.28
29.63
30.03
29.31
29.41
30.11
30.71
29.41
30.18
30.21
30.71
32.01
30.71
31.11
30.31
32.27
NA
30.41
29.47
28.87
33.55
29.87
NA
29.13
30.6
29.52
29.3
29.76
28.33
31.53
NA
NA
33.18
NA
NA
30.02
29.7
NA
29.95
31.24
29.14
NA
29.84
30.14
33.34
30.34
30.34
30.54
28.72
29.42
30.12
30.12
29.32
31.95
29.75
NA
31.28
28.88
31.28
29.88
30.28
29.88
29.68
33.49
31.29
32.79
28.49
29.39
30.29
30.89
29.99
29.74
30.24
29.74
30.34
29.64
29.64
28.94
29.52
29.91
34.32
30.29
30.04
29.92
30.3
29.75
30.25
30.56
29.46
31.54
24.83
28.64
27.88
NA
29.71
NA
30.58
29.17
29.67
30.47
30.41
26.7
29.9
30.2
29.3
29.9
30.0
31.39
33.37
29.6
31.53
33.51
29.57
31.54
29.61
NA
25.86
26.22
NA
30.37
30.16
30.27
29.09
30.32
30.27
32.92
29.28
30.34
28.83
28.83
29.23
29.98
33.26
30.53
30.52
32.06
NA
NA
28.16
29.36
27.02
30.05
30.09
28.23
NA
27.09
30.32
28.9
30.14
30.57
30.58
31.18
30.37
30.2
29.52
NA
30.12
30.14
NA
29.97
28.64
29.69
29.72
31.09
NA
29.13
29.33
34.13
NA
NA
28.6
29.6
29.99
NA
NA
30.27
27.5
30.43
NA
NA
29.81
NA
29.83
31.49
24.79
28.69
28.09
NA
29.69
NA
25.89
30.33
NA
NA
31.38
31.36
29.04
26.04
29.81
30.29
28.41
29.04
29.46
30.05
29.76
33.7
29.99
26.95
29.78
29.48
31.18
30.82
27.72
26.52
30.12
NA
NA
NA
NA
29.97
28.14
30.18
28.57
29.72
28.68
29.39
29.58
30.35
29.95
30.01
33.44
29.12
27.2
30.98
30.85
NA
29.76
NA
29.44
NA
NA
30.02
28.94
30.84
30.34
27.84
27.66
32.71
30.17
30.26
29.33
29.8
31.13
29.5
NA
29.48
NA
NA
NA
NA
NA
NA
NA
NA
NA
NA
NA
NA
31.77
NA
30.2
28.14
31.15
29.53
29.74
30.2
29.28
30.19
30.83
33.49
28.98
NA
NA
NA
29.51
NA
29.67
30.17
30.27
29.27
NA
29.49
29.05
29.31
28.88
29.05
NA
28.84
28.52
NA
29.23
28.53
29.63
30.43
29.77
NA
32.15
NA
33.23
31.81
31.1
29.13
29.58
30.28
30.28
NA
NA
29.08
29.79
29.59
29.76
29.73
29.7
28.95
29.53
29.66
29.1
29.11
29.15
31.35
31.14
NA
32.04
32.24
30.34
30.34
32.24
30.33
30.13
30.33
28.73
29.03
30.33
30.35
NA
NA
NA
NA
NA
NA
NA
NA
NA
NA
NA
NA
NA
NA
NA
NA
NA
NA
NA
30.14
30.55
31.2
30.1
NA
29.25
30.91
31.75
NA
32.91
29.19
29.15
28.91
30.95
31.08
NA
29.94
31.0
33.38
28.84
27.59
32.05
31.16
28.8
28.98
29.29
31.02
NA
NA
31.3
35.3
NA
29.09
NA
28.69
33.59
NA
30.56
NA
NA
29.32
NA
NA
NA
29.27
29.03
28.43
29.87
NA
33.28
31.11
NA
29.18
NA
NA
NA
29.96
NA
NA
NA
28.8
30.09
NA
NA
30.31
29.71
29.92
29.62
29.32
29.19
27.22
NA
NA
NA
NA
29.9
30.04
27.65
30.0
29.6
27.78
31.83
29.99
30.46
30.46
30.45
30.28
NA
NA
NA
NA
29.92
29.46
29.76
29.46
NA
30.68
29.92
29.98
30.69
NA
31.12
31.63
28.37
30.81
32.47
29.12
30.22
30.28
33.59
29.66
29.8
32.83
32.32
33.44
31.06
30.13
31.2
30.72
29.17
29.99
NA
NA
NA
NA
26.9
29.31
30.04
28.69
30.52
32.65
31.13
28.85
NA
NA
27.0
30.32
30.43
30.09
30.15
30.54
NA
28.28
28.01
29.91
30.19
29.86
29.82
NA
33.78
NA
29.45
NA
NA
28.03
28.46
NA
NA
29.82
28.91
30.33
29.7
30.95
30.2
29.95
29.25
NA
NA
29.88
29.88
NA
27.46
28.18
29.88
29.89
NA
31.18
29.15
30.13
NA
29.93
30.0
30.03
30.46
31.81
31.43
27.6
28.12
29.66
28.31
NA
NA
NA
29.6
30.18
NA
30.08
29.86
29.57
30.99
29.0
30.03
28.87
29.37
31.04
NA
29.13
29.57
37.25
36.69
30.38
29.71
29.95
29.64
28.83
29.96
NA
NA
30.5
NA
29.86
30.08
NA
28.26
29.04
30.38
25.55
25.75
30.82
30.44
24.79
33.26
NA
29.64
30.18
29.45
29.86
29.43
29.8
29.75
30.01
28.83
29.96
30.72
29.72
29.3
29.76
30.66
29.26
31.06
33.66
26.96
30.16
30.26
30.06
NA
29.1
30.62
30.19
32.13
30.03
29.56
27.67
29.08
NA
29.93
30.2
29.89
28.7
NA
27.52
28.64
33.25
29.61
33.03
30.3
29.4
30.3
30.5
29.4
31.8
30.1
29.51
29.97
30.95
33.45
28.87
27.62
31.97
30.97
30.25
29.9
29.97
30.24
30.98
28.49
30.18
30.49
32.38
29.09
28.31
28.87
30.53
30.92
29.43
NA
32.13
31.6
30.69
30.81
30.6
29.52
31.16
29.74
27.29
29.74
36.74
30.89
NA
30.25
30.25
NA
NA
NA
NA
NA
NA
29.7
30.91
29.46
29.04
30.44
36.54
29.32
28.71
30.44
36.88
29.51
30.78
30.85
30.39
29.89
NA
30.09
30.1
NA
30.08
30.45
30.5
30.38
29.38
31.98
30.88
28.88
29.88
29.53
34.15
27.87
29.96
29.94
28.3
NA
NA
27.79
30.29
29.69
NA
NA
30.19
28.79
29.39
31.69
31.08
26.78
29.98
33.87
26.6
29.2
29.73
30.83
30.33
30.33
30.23
29.67
29.46
29.18
30.19
30.16
NA
30.34
30.26
30.28
25.93
29.98
29.99
30.04
30.04
NA
29.95
NA
30.2
29.95
29.95
NA
NA
29.27
29.71
29.37
30.81
NA
30.56
29.31
32.24
30.56
30.43
28.83
29.44
32.15
28.83
29.85
29.96
29.22
30.87
31.06
28.97
NA
32.11
29.76
30.47
31.06
NA
30.18
30.76
31.19
30.84
30.14
29.98
29.87
29.85
27.95
NA
27.73
31.77
30.27
28.27
30.37
29.75
33.18
30.24
30.06
29.91
30.76
29.96
29.58
NA
NA
30.05
30.22
30.34
30.46
NA
29.7
31.1
31.8
29.4
28.5
29.57
29.89
29.75
29.92
28.84
27.34
29.04
26.94
28.63
28.62
30.04
30.12
NA
30.14
30.34
30.44
29.14
30.82
31.67
32.92
31.14
29.66
30.16
30.22
28.78
29.23
30.62
30.29
30.66
29.61
31.59
28.32
30.94
29.81
30.2
30.35
30.44
33.98
29.98
30.38
32.81
30.42
30.66
31.96
30.36
30.16
31.77
29.59
30.45
29.26
33.65
30.48
30.06
30.2
29.66
NA
29.48
33.58
31.58
30.58
NA
NA
30.12
29.71
31.8
NA
29.52
30.15
NA
29.59
29.64
29.34
30.18
29.01
30.48
28.91
30.34
30.7
32.63
27.96
29.53
31.36
29.7
33.4
29.63
29.48
26.74
29.74
29.79
NA
NA
35.69
28.31
35.6
24.62
29.4
28.04
30.35
NA
31.1
NA
NA
30.37
NA
NA
29.3
NA
29.09
30.99
NA
29.89
NA
29.62
NA
NA
28.17
31.53
NA
NA
33.21
34.21
28.61
30.38
29.36
30.48
29.84
31.02
31.2
NA
NA
30.97
32.18
31.58
NA
31.04
32.23
31.7
NA
NA
26.3
30.15
30.19
NA
29.41
30.44
29.63
30.89
NA
33.25
29.46
NA
30.39
30.29
30.29
32.59
NA
28.77
30.25
30.31
29.88
30.24
30.07
29.44
NA
30.56
30.31
30.36
29.95
30.3
30.08
29.45
NA
28.88
29.68
30.2
31.6
29.6
31.2
29.3
29.3
29.7
31.3
31.1
27.2
31.4
NA
26.32
30.51
30.7
27.19
30.03
29.54
30.64
30.44
30.14
29.83
30.63
28.63
31.63
NA
29.83
NA
30.04
30.43
28.99
26.9
29.43
29.63
30.22
29.98
29.91
29.81
30.09
30.42
29.94
31.77
NA
30.33
29.01
33.1
33.08
30.06
30.37
30.35
28.92
27.99
30.8
30.22
30.08
29.98
29.98
28.89
28.16
31.55
28.11
32.79
26.56
30.53
28.57
30.63
30.64
31.04
29.84
30.74
32.14
27.24
NA
30.34
30.99
30.91
NA
NA
NA
27.71
30.87
29.17
29.09
29.28
NA
NA
NA
NA
NA
NA
NA
33.9
29.98
31.46
34.72
29.04
29.69
30.71
27.51
31.05
29.96
29.91
30.61
30.42
29.32
28.86
30.78
29.65
29.55
30.25
29.78
NA
NA
29.06
30.6
27.73
33.23
NA
28.22
NA
NA
NA
NA
NA
NA
NA
31.51
NA
26.87
NA
NA
31.44
NA
26.81
NA
NA
27.38
30.97
30.48
27.56
30.76
27.16
29.91
30.17
28.16
30.09
30.13
33.43
26.14
29.76
30.11
29.96
33.96
31.15
31.19
NA
NA
27.4
NA
NA
31.93
28.7
28.84
NA
31.89
28.66
28.79
NA
30.97
32.25
30.38
30.65
32.34
35.18
34.1
29.64
29.77
NA
NA
30.07
30.75
30.28
28.38
31.13
30.45
28.73
31.22
30.34
28.64
NA
29.07
31.3
29.38
26.76
28.99
31.18
29.39
26.68
NA
29.36
30.66
31.06
29.66
29.56
29.86
29.86
29.86
30.63
29.52
NA
NA
NA
29.9
NA
30.08
29.09
30.36
NA