59.69
59.88
59.86
59.1
58.86
59.12
60.86
60.4
58.67
59.4
61.08
59.65
58.9
58.6
58.36
57.83
NA
59.02
58.4
58.95
58.96
57.86
59.04
59.02
59.08
60.21
59.93
58.63
59.98
59.27
58.9
59.69
59.18
59.69
60.32
59.46
59.15
59.05
60.78
59.66
59.36
59.89
58.87
60.28
58.87
60.47
58.73
58.56
60.55
60.55
58.95
60.4
58.82
58.8
58.86
59.31
59.1
60.23
59.96
59.9
58.61
58.71
57.86
59.5
59.42
58.42
60.0
58.69
59.51
59.51
59.15
59.63
58.45
60.42
58.87
58.85
60.21
59.88
58.59
59.15
58.55
59.84
60.02
60.79
59.56
59.1
59.82
59.31
59.4
58.89
59.33
58.44
59.8
59.27
NA
59.82
59.21
59.57
58.61
59.33
59.33
60.23
59.3
58.65
58.63
55.73
59.9
60.79
59.38
58.63
58.5
59.77
58.4
58.71
60.09
56.82
59.5
58.88
59.35
59.8
58.43
60.39
60.05
59.26
59.27
59.34
58.52
60.12
59.31
59.14
58.93
59.53
59.3
58.01
59.24
58.35
60.47
59.67
59.18
59.1
59.13
60.2
60.26
58.81
59.97
61.25
60.75
61.08
59.32
60.24
58.39
61.53
57.11
61.18
60.28
58.74
60.63
59.58
59.24
59.3
59.56
59.88
57.56
59.07
59.5
60.44
59.49
57.63
58.33
62.65
58.68
59.77
59.01
59.06
59.93
59.09
58.6
60.5
59.41
59.84
59.27
58.54
58.92
59.78
60.43
58.89
58.74
59.3
58.89
59.85
59.02
57.86
57.95
59.38
59.23
61.98
59.09
59.68
59.48
61.69
59.59
59.68
60.17
58.47
59.68
60.12
58.88
60.24
59.36
59.78
59.96
59.42
59.43
59.54
57.6
60.28
59.22
58.13
60.15
59.78
59.68
59.36
62.25
59.31
58.8
59.58
55.59
61.58
58.43
60.85
58.18
58.3
58.28
58.89
59.3
59.43
58.94
55.24
59.7
59.29
58.81
59.18
59.65
59.11
58.79
59.53
59.18
59.75
59.82
62.46
59.53
58.63
58.31
60.76
59.54
59.33
59.04
55.26
59.85
59.17
59.84
59.47
59.47
58.12
59.17
59.6
58.98
60.6
59.35
58.09
59.6
58.1
59.46
59.39
59.11
59.19
59.17
58.43
55.57
59.65
57.25
59.5
58.02
59.22
59.56
58.8
59.13
58.93
57.86
58.41
58.44
59.0
59.23
60.78
58.63
60.39
59.69
59.35
58.06
59.38
59.06
59.13
59.11
59.39
59.65
59.47
58.79
59.17
60.19
60.06
59.44
60.11
59.74
57.98
59.75
59.41
57.22
58.69
58.06
59.64
59.18
58.35
58.86
59.51
59.23
59.24
57.5
57.95
61.5
60.98
56.54
59.57
59.39
59.71
58.39
58.68
58.85
56.13
60.35
58.75
58.66
58.01
59.5
55.76
59.44
57.65
60.04
59.56
58.95
58.68
58.53
59.65
58.77
58.6
60.23
59.65
57.84
61.53
59.29
59.62
58.17
59.89
59.99
59.42
57.6
58.78
59.34
59.18
59.28
57.47
60.06
59.33
60.17
59.62
59.38
59.3
59.61
57.11
58.66
59.23
58.44
60.27
59.0
59.88
59.04
59.64
58.19
61.3
58.83
59.08
60.07
59.29
59.71
58.53
59.15
59.29
60.35
60.14
59.02
59.15
59.24
57.54
58.87
59.23
58.44
59.22
59.72
59.81
61.09
60.14
59.08
58.96
59.23
59.8
59.34
58.83
58.23
59.89
61.7
59.77
60.53
59.72
59.34
59.59
60.44
58.32
59.03
58.62
60.13
60.16
59.03
58.8
58.56
59.39
59.29
59.28
58.84
56.46
57.03
59.67
58.8
59.58
60.82
58.94
57.78
61.03
59.09
59.24
59.86
59.2
59.51
59.2
59.99
59.41
54.02
59.98
59.03
59.1
57.56
60.07
59.37
56.42
61.41
58.05
59.44
59.51
58.02
57.5
60.39
58.22
59.1
60.53
59.84
59.74
58.92
61.9
59.58
59.85
58.09
58.55
59.23
59.77
58.63
58.53
56.5
61.08
59.47
60.46
58.17
59.35
59.76
59.47
59.06
59.53
58.98
57.84
57.41
59.79
59.1
59.2
61.81
59.84
57.94
58.29
59.68
58.45
59.59
58.96
59.58
60.51
59.45
58.05
58.49
58.73
60.39
60.13
60.05
59.07
60.33
60.23
59.46
60.29
59.51
60.25
59.78
60.31
59.54
60.42
59.6
58.96
59.86
60.14
58.86
60.11
59.17
59.45
57.06
60.11
60.41
60.81
58.53
61.04
59.71
59.04
62.23
59.16
56.51
59.61
58.38
59.3
60.66
59.36
55.71
57.89
59.23
60.13
59.9
59.13
59.81
59.2
57.84
NA
NA
NA
NA
NA
NA
NA
NA
NA
NA
NA
NA
59.47
57.67
57.41
59.57
59.36
60.1
59.15
59.48
59.33
57.93
59.12
58.98
59.45
59.28
58.33
59.41
NA
NA
61.06
NA
NA
59.07
59.37
59.36
57.81
59.13
58.98
59.47
59.55
NA
59.52
58.95
NA
NA
58.88
60.4
59.18
59.74
59.54
57.93
59.16
59.1
59.6
NA
58.26
60.38
59.71
57.09
62.28
58.4
60.49
59.82
57.12
61.05
58.5
60.48
59.81
57.56
61.86
58.66
61.05
59.63
60.93
60.0
59.99
59.8
60.04
59.14
58.11
58.14
56.86
57.94
57.96
60.11
59.92
59.34
58.96
61.28
59.54
60.32
NA
61.09
56.03
59.3
59.08
58.9
59.09
59.23
59.45
NA
NA
NA
NA
60.14
59.3
59.9
58.54
59.5
59.33
60.33
59.1
59.22
57.89
60.16
59.2
60.24
56.77
61.83
59.7
58.18
61.24
NA
59.54
58.3
58.18
59.03
NA
NA
NA
58.75
59.88
59.07
59.25
59.53
57.91
58.98
60.02
61.22
58.42
60.02
NA
59.54
59.9
NA
NA
NA
56.97
59.13
60.15
59.21
59.18
59.23
59.13
59.26
59.36
59.61
60.34
59.32
59.21
59.25
59.97
NA
NA
NA
NA
NA
NA
NA
NA
NA
NA
NA
NA
58.56
57.25
59.81
58.65
59.03
57.37
60.28
59.56
59.56
60.31
57.16
59.08
57.74
56.73
60.65
58.98
58.51
58.64
59.28
59.16
59.28
57.6
54.76
59.29
59.42
58.9
59.1
59.0
58.7
58.7
58.9
57.9
59.9
58.1
58.1
58.8
59.9
58.1
60.5
58.6
58.1
60.24
58.61
56.9
59.3
59.21
59.48
58.23
60.93
59.3
59.4
59.1
58.9
59.8
61.4
59.9
60.3
NA
NA
NA
NA
60.17
59.93
59.46
53.77
58.53
56.42
57.82
58.29
56.76
59.94
60.24
59.44
57.94
60.54
58.74
57.24
59.84
59.03
57.12
60.06
55.16
59.45
59.05
NA
58.85
57.65
59.85
59.33
59.12
59.57
58.62
60.11
58.62
60.13
58.48
59.61
60.16
59.18
58.61
56.74
59.66
58.89
57.94
58.33
59.57
59.54
55.41
60.4
59.6
58.78
56.55
56.64
59.61
60.09
54.55
NA
NA
NA
NA
NA
NA
NA
NA
NA
NA
NA
NA
60.51
59.32
57.97
58.82
58.83
60.51
59.16
59.47
60.15
59.21
57.67
60.9
59.43
60.24
59.7
58.24
59.26
59.76
57.88
58.64
58.38
60.28
57.78
58.88
59.78
58.08
59.08
58.88
58.28
59.28
58.38
60.28
57.78
58.78
59.78
58.08
59.08
58.78
58.28
59.28
58.39
60.39
57.79
58.79
59.89
58.09
58.99
58.79
58.49
59.29
58.42
60.32
57.82
58.82
59.92
58.02
59.02
58.72
58.52
59.32
58.36
60.26
57.66
58.86
59.86
58.16
58.96
58.56
58.26
59.16
60.45
59.17
59.14
59.81
60.01
59.26
59.6
58.2
59.05
59.7
58.38
58.73
59.39
59.1
59.0
59.1
59.2
56.6
NA
58.85
58.07
59.28
58.67
57.49
55.15
59.84
58.67
59.92
57.81
59.09
59.89
59.02
55.67
58.15
58.01
58.83
59.34
NA
58.14
58.44
NA
59.92
NA
NA
NA
NA
NA
59.4
59.7
58.8
59.0
59.2
58.8
59.0
59.4
59.2
59.6
59.0
59.6
59.0
58.1
58.8
60.1
59.1
NA
57.2
NA
NA
NA
NA
NA
NA
NA
NA
57.3
60.08
59.89
59.41
59.41
59.45
59.8
58.91
58.94
58.86
59.09
59.39
58.78
59.15
59.87
59.1
59.35
58.78
60.17
58.54
58.74
58.94
59.28
59.92
58.85
56.51
59.63
60.34
59.12
59.21
58.49
NA
59.4
58.92
56.58
59.37
59.77
58.24
61.0
59.41
58.4
59.28
60.36
59.79
59.34
59.29
59.55
60.17
58.52
59.32
59.35
55.62
59.94
59.94
59.42
59.63
59.58
59.87
59.01
58.77
58.96
59.3
59.52
58.8
59.37
59.94
59.14
59.32
58.91
60.16
58.63
61.21
60.03
60.03
57.52
58.62
58.64
58.44
NA
61.01
59.41
59.48
58.94
58.96
58.94
57.47
57.87
59.5
54.66
55.63
60.7
59.93
57.02
62.23
58.7
58.94
59.23
59.7
58.26
60.43
59.06
59.06
55.95
59.44
59.27
59.44
59.45
59.45
60.29
59.3
59.19
59.15
59.84
59.07
59.06
59.07
59.07
59.0
57.47
58.61
59.4
60.09
58.31
59.84
56.82
59.61
59.43
59.35
59.26
58.6
NA
59.91
58.16
60.49
57.67
59.58
59.41
59.26
59.11
60.79
58.88
59.38
59.37
59.33
57.55
55.09
59.46
59.43
58.96
58.47
59.64
57.59
57.62
57.67
57.62
57.59
57.43
57.59
57.65
59.58
59.5
58.14
58.03
59.23
59.55
59.02
58.67
60.58
60.49
59.97
60.92
59.77
59.97
60.32
59.34
58.48
59.38
59.55
60.51
59.64
58.21
59.37
61.73
59.26
59.29
58.15
59.55
NA
NA
NA
NA
NA
NA
59.4
59.4
59.32
60.37
58.98
57.98
59.58
59.33
60.65
59.04
59.09
60.04
59.84
59.84
59.54
59.34
59.94
59.04
58.94
59.44
59.24
59.14
59.14
59.24
59.84
59.04
59.24
58.74
60.04
58.74
58.97
57.61
59.9
NA
59.61
60.05
NA
59.48
NA
57.02
59.21
57.67
59.58
60.49
NA
NA
NA
58.87
59.16
NA
59.4
58.41
59.06
58.17
59.81
59.51
59.5
56.95
59.61
59.42
59.41
59.81
56.18
59.84
56.36
59.09
60.4
57.52
55.05
55.85
58.84
59.09
NA
59.39
58.39
58.98
58.09
59.72
59.19
59.41
56.97
59.53
59.39
59.4
59.73
56.08
59.83
56.31
59.05
60.59
57.3
58.86
59.09
59.52
59.28
58.17
59.05
58.09
59.94
59.27
59.6
56.34
59.53
59.31
59.37
59.7
55.99
59.95
56.19
58.87
60.4
NA
57.61
57.57
56.83
57.03
57.08
57.86
57.48
57.3
57.49
57.46
56.72
56.88
56.98
57.72
57.35
57.19
56.45
56.34
56.86
56.85
59.55
59.66
60.17
59.14
59.19
59.09
59.4
59.26
59.09
58.75
58.32
56.63
60.48
58.71
59.83
59.35
58.6
59.89
58.43
60.48
58.71
59.83
59.35
58.6
59.89
58.43
60.57
58.71
59.81
59.44
58.71
59.87
58.46
60.41
58.53
59.77
59.43
58.62
59.81
58.3
60.45
58.75
59.75
59.39
58.6
59.96
58.34
59.73
60.37
58.45
58.07
60.04
58.97
58.82
57.24
59.3
57.85
NA
NA
NA
NA
NA
NA
NA
NA
NA
NA
NA
59.59
58.39
60.79
59.59
59.59
60.03
59.49
61.22
59.34
56.44
NA
NA
NA
NA
NA
NA
NA
NA
NA
NA
NA
NA
NA
NA
58.92
57.54
59.87
58.87
58.16
58.56
58.96
57.91
59.64
NA
NA
NA
59.3
59.56
59.54
58.19
60.26
58.81
NA
NA
NA
NA
NA
NA
NA
59.21
58.88
59.01
NA
58.53
58.74
60.18
57.34
57.39
57.17
57.34
57.43
57.17
57.22
57.39
60.88
58.45
60.23
57.92
59.79
57.9
59.39
60.45
60.11
58.17
60.07
59.2
59.23
60.28
59.57
58.92
59.6
57.77
59.59
59.09
58.86
59.42
59.16
59.52
59.69
60.28
58.81
59.24
58.98
57.23
60.26
58.46
NA
NA
NA
NA
58.48
57.7
NA
60.02
NA
59.36
58.47
59.54
58.92
59.28
60.15
57.57
59.06
NA
59.84
60.05
59.06
55.66
59.76
NA
NA
NA
NA
59.24
57.01
63.17
57.41
57.13
56.77
56.82
58.46
58.53
58.16
61.16
58.93
60.81
59.64
58.8
58.6
58.03
59.93
58.95
58.86
57.27
59.24
57.77
59.51
NA
62.63
59.75
58.78
60.24
59.77
59.62
58.92
56.92
56.82
59.32
59.12
59.32
60.42
59.22
58.3
59.75
59.82
59.5
59.2
57.98
59.6
58.3
58.26
60.56
60.46
NA
NA
56.45
59.62
55.13
56.22
59.5
59.59
59.73
60.38
59.53
60.0
NA
59.45
NA
NA
56.55
58.07
59.37
59.17
58.82
59.42
60.12
55.82
59.17
NA
NA
NA
58.53
58.23
59.93
60.52
58.97
55.7
59.6
59.7
57.3
58.9
59.7
58.1
59.7
57.4
55.64
59.71
59.31
59.16
59.26
58.66
59.88
59.28
59.48
61.18
59.38
56.58
60.78
59.48
61.18
59.28
56.48
60.5
59.4
59.0
59.0
58.8
60.47
58.17
NA
59.41
58.71
59.51
60.41
59.91
57.95
58.35
60.24
57.94
59.39
59.29
58.97
58.96
58.72
58.61
58.83
59.04
59.06
NA
NA
NA
NA
NA
NA
NA
NA
NA
NA
NA
NA
NA
NA
NA
NA
NA
NA
NA
NA
NA
NA
NA
59.27
59.77
60.3
58.0
60.4
59.3
59.95
57.95
58.75
58.91
58.91
59.01
59.61
56.61
59.11
59.11
59.84
59.66
60.46
58.61
59.13
59.53
59.83
59.83
59.23
59.33
59.04
59.04
59.74
59.94
59.34
59.65
59.65
58.75
59.35
54.95
59.35
59.35
58.75
58.35
59.04
59.56
59.67
58.38
59.29
59.16
60.14
59.43
59.41
59.27
59.73
59.19
59.46
58.55
59.72
58.67
59.04
59.63
58.98
59.03
59.07
59.6
59.17
57.61
59.41
59.44
60.23
59.02
60.31
59.63
60.06
60.01
59.01
NA
59.21
59.89
58.46
59.99
58.51
58.69
59.58
58.82
60.57
58.43
60.04
58.42
58.63
59.68
58.71
60.71
58.67
59.88
59.28
60.58
59.58
59.77
59.51
59.1
59.74
59.34
59.67
60.87
59.73
58.8
60.44
58.92
58.72
57.66
61.45
58.08
59.56
57.46
58.72
58.92
58.72
57.66
61.45
58.08
59.56
57.46
58.72
59.6
58.6
60.5
58.0
60.3
60.02
59.72
58.42
58.43
59.73
59.83
58.63
58.63
59.23
61.23
59.83
59.03
58.53
58.93
58.33
59.13
59.38
58.28
57.18
60.78
61.22
59.62
56.92
55.59
55.59
57.69
59.32
59.05
59.63
62.88
59.28
59.21
60.41
58.51
59.31
61.11
59.71
59.11
58.61
59.01
58.41
59.11
57.14
57.61
59.49
60.51
57.11
58.95
59.63
57.77
59.44
60.94
60.64
58.84
57.54
58.87
57.14
60.02
59.1
59.94
60.32
58.98
60.88
58.98
58.98
58.58
58.98
58.88
58.9
60.9
58.9
58.8
59.2
58.7
59.1
58.9
60.8
60.19
59.29
60.13
57.73
NA
59.88
59.66
59.54
57.3
58.97
60.41
59.28
59.09
58.44
57.62
59.04
57.2
59.28
59.68
59.19
56.74
59.26
60.53
60.25
58.64
58.32
59.36
57.8
59.88
59.36
59.01
56.51
NA
58.51
60.24
59.45
59.75
59.2
60.05
59.92
59.66
59.22
60.81
59.01
55.84
57.67
57.5
57.79
57.8
59.13
59.27
60.21
58.53
59.84
60.84
58.04
56.94
58.04
58.84
59.94
59.74
59.34
59.74
57.24
NA
59.57
57.74
60.45
58.78
NA
59.54
57.71
60.42
58.75
60.57
59.47
58.27
60.57
59.97
59.79
57.46
62.38
58.62
59.83
58.79
60.56
59.63
57.85
59.94
60.62
60.97
57.82
61.75
59.45
57.87
59.45
60.0
58.9
58.37
57.17
60.65
60.15
60.05
60.28
59.11
60.04
59.16
58.12
58.99
59.76
60.15
59.09
60.03
59.28
58.9
59.03
61.23
59.64
59.68
59.09
59.49
57.89
58.39
59.49
58.89
NA
61.4
58.94
59.43
60.02
59.86
59.43
59.97
59.07
60.24
57.89
58.53
59.37
58.96
58.41
56.19
59.08
57.95
58.83
60.51
58.87
60.55
57.55
59.15
59.85
58.35
60.55
59.85
60.45
59.75
58.55
58.55
58.75
58.85
58.12
57.92
60.02
59.12
58.92
59.32
59.42
59.82
59.92
58.26
59.76
60.87
59.87
59.97
59.77
59.37
59.97
59.27
60.17
60.42
60.12
60.82
59.12
57.57
58.67
60.87
58.87
59.27
59.85
59.22
57.2
56.69
61.81
57.22
59.28
59.01
59.99
59.71
59.58
59.33
59.48
58.04
59.28
57.91
59.94
58.85
58.84
59.74
59.85
59.7
59.18
58.99
NA
60.13
60.17
60.09
59.56
59.28
57.39
57.5
59.82
57.92
59.82
58.92
59.62
56.72
59.38
58.74
60.97
61.38
59.45
59.43
59.43
59.22
60.32
59.13
58.25
59.49
59.59
60.52
59.09
59.17
59.68
58.08
59.68
60.58
61.08
59.18
57.68
56.91
59.65
60.08
60.32
59.26
59.69
58.93
59.61
58.81
57.51
60.01
60.51
55.21
58.11
60.81
58.71
58.91
58.71
59.51
59.41
59.31
60.31
59.91
57.02
59.4
NA
59.08
60.09
59.19
59.49
59.29
58.79
57.59
59.49
60.39
60.09
59.39
60.19
58.89
58.09
60.19
59.59
59.69
58.39
59.59
59.09
59.65
56.95
60.05
59.74
NA
NA
59.97
59.91
58.06
58.81
60.38
59.14
59.17
58.77
58.9
57.86
59.75
58.05
59.65
60.55
61.05
59.35
57.85
58.85
59.95
59.03
55.2
60.65
58.35
58.92
59.13
59.05
59.14
62.58
60.18
60.38
55.67
58.79
59.43
56.0
59.07
59.43
59.12
56.4
NA
NA
54.3
59.74
58.04
59.64
60.54
61.14
59.14
57.74
58.65
60.15
59.35
58.25
59.85
57.37
60.19
58.92
59.82
58.32
59.02
60.12
59.42
58.83
59.81
59.21
58.81
NA
55.98
59.01
59.38
59.18
59.28
59.01
59.21
60.3
59.07
59.78
60.01
59.45
58.38
58.76
57.36
56.84
56.36
56.57
59.32
58.15
60.0
58.73
60.94
59.19
60.57
59.28
59.06
58.76
61.21
55.32
59.61
59.21
59.21
59.61
59.31
60.41
59.8
59.25
59.85
58.85
58.9
58.9
59.0
59.6
56.6
59.1
59.1
60.76
58.76
58.86
60.16
60.85
59.05
58.95
60.15
58.44
55.74
60.44
58.24
56.34
59.14
58.44
58.88
59.19
59.92
60.34
59.08
59.54
60.03
57.97
61.52
58.94
59.19
60.06
59.3
58.84
60.54
58.94
57.86
59.55
57.95
58.45
59.75
60.55
60.75
57.65
60.04
59.64
59.33
59.47
58.99
58.18
58.1
57.79
58.27
57.89
58.01
57.18
56.62
59.36
59.05
NA
57.7
59.47
58.57
59.97
58.97
59.27
58.47
56.27
61.07
58.97
56.35
57.17
60.51
59.22
58.67
59.8
59.25
60.2
58.52
59.02
56.22
59.62
60.41
59.08
59.21
58.92
59.17
59.82
58.02
59.62
60.52
61.02
59.32
57.62
59.28
60.77
53.39
61.4
59.86
59.05
58.63
60.77
59.64
59.09
58.9
58.7
59.25
58.24
58.34
59.44
58.74
59.71
57.83
60.65
61.04
59.55
57.89
59.17
60.3
59.56
59.56
59.56
58.66
59.46
58.26
56.26
58.82
59.42
59.57
59.23
59.57
58.37
59.37
59.27
NA
61.2
55.85
58.48
60.5
59.92
59.12
61.03
58.04
59.53
59.6
59.44
59.18
60.45
60.3
59.56
60.54
59.73
58.93
59.22
58.67
59.39
60.35
58.52
59.0
59.54
59.91
58.83
59.79
59.82
59.82
58.72
58.72
58.22
59.82
59.22
58.72
61.32
59.82
60.32
59.82
60.32
59.22
58.84
59.34
59.64
57.24
59.44
NA
57.84
58.04
57.84
58.44
59.24
58.54
60.14
60.84
58.54
58.64
58.94
60.06
61.56
58.96
59.66
59.56
60.19
59.89
57.99
58.69
59.89
59.39
59.09
59.89
59.57
58.77
57.67
59.76
59.73
58.13
60.03
60.73
61.23
59.03
57.43
60.07
59.27
58.97
56.58
57.06
57.16
57.63
59.0
59.23
60.79
60.32
55.28
59.14
59.5
59.5
NA
59.5
59.15
59.34
57.04
59.14
62.34
59.24
60.04
56.64
59.26
59.57
59.11
58.69
57.33
59.65
59.25
58.85
57.55
58.6
59.04
58.61
58.23
59.28
57.18
55.18
NA
NA
NA
NA
58.35
60.22
59.21
58.43
59.78
61.0
58.99
59.04
59.11
57.88
57.84
59.17
59.8
59.74
58.48
57.97
59.31
59.37
59.63
59.2
61.06
60.09
60.4
58.22
59.25
59.05
59.51
58.6
59.2
59.12
59.47
58.58
60.77
58.92
58.9
57.9
58.93
58.33
59.63
57.03
59.03
59.53
60.73
59.73
60.13
60.83
60.13
59.33
58.73
59.33
59.5
59.42
58.04
59.46
60.01
56.6
56.49
59.39
58.39
60.89
58.89
60.39
59.39
58.59
59.12
59.53
60.71
59.96
58.34
58.24
59.22
60.19
58.93
58.89
58.48
60.24
58.57
60.02
60.31
59.34
58.82
60.13
58.7
59.49
59.72
58.01
56.8
59.49
59.03
59.53
60.23
58.83
56.63
60.28
58.88
58.18
59.38
59.18
58.68
58.38
58.17
58.29
60.53
59.67
59.37
59.73
57.12
56.72
58.72
61.02
58.72
60.42
59.22
59.22
NA
58.05
59.25
59.46
57.53
60.54
59.9
59.33
59.11
60.72
57.33
58.95
59.94
58.62
58.97
58.77
60.1
59.5
59.4
54.9
59.66
59.76
59.06
59.06
58.76
57.66
59.28
58.34
59.28
55.53
58.2
59.28
59.75
60.34
58.93
59.06
58.61
61.74
59.5
59.81
60.26
60.26
59.78
57.67
63.3
58.77
60.57
59.97
59.79
57.46
62.38
58.62
59.19
58.96
58.57
59.24
60.26
60.26
59.78
57.67
63.3
58.77
60.26
59.36
59.96
59.76
59.76
56.14
58.34
59.64
59.34
59.84
59.64
58.84
57.24
59.4
60.2
58.75
59.38
59.95
60.23
58.31
59.0
58.5
59.0
57.48
59.0
60.02
61.03
59.03
58.43
59.43
57.23
57.03
59.76
59.94
58.98
59.2
58.63
59.93
58.88
58.37
58.85
57.37
56.33
NA
60.27
58.91
59.57
59.97
57.93
59.26
59.12
59.92
60.2
59.67
58.75
59.24
60.04
59.59
58.74
59.72
60.12
57.82
59.52
59.42
59.91
59.31
57.21
56.91
61.91
57.31
59.31
59.21
60.11
59.71
59.51
59.41
59.41
58.01
59.41
58.11
60.01
58.91
59.89
59.29
57.19
57.09
61.89
57.19
59.39
59.09
60.09
59.69
59.59
59.29
59.59
57.89
59.39
57.89
59.99
58.89
59.67
59.13
58.89
58.62
60.01
59.1
59.18
59.38
59.68
58.38
59.32
58.77
60.42
59.56
59.36
58.06
59.46
60.06
56.56
58.65
59.17
60.56
59.77
59.4
57.54
58.83
59.39
60.53
59.95
59.68
57.38
54.96
59.36
59.06
58.26
53.68
58.65
57.83
59.09
59.17
58.82
58.91
59.33
59.36
59.85
58.88
59.29
58.79
62.89
58.79
59.79
58.49
58.89
59.09
59.93
59.46
56.17
58.44
58.05
57.35
58.25
60.25
58.05
59.06
59.36
59.86
60.36
56.66
59.36
58.46
59.36
59.36
58.26
59.2
59.7
59.4
56.6
56.1
59.7
59.7
59.0
59.1
58.1
59.02
57.33
NA
59.98
59.45
59.45
58.2
58.02
58.07
56.57
58.67
57.1
59.02
59.82
58.52
59.72
60.6
59.69
59.48
59.51
59.11
59.59
60.92
60.34
59.65
58.58
58.47
58.99
56.99
58.79
61.92
59.36
58.16
59.36
58.96
NA
59.62
57.92
58.72
59.12
58.44
59.34
59.64
60.24
59.14
59.68
59.48
NA
NA
NA
59.38
59.31
58.23
58.94
59.42
59.77
58.99
59.48
58.91
57.7
59.62
59.09
NA
58.62
58.9
57.66
58.95
60.01
59.81
58.61
59.31
58.81
59.41
58.91
58.91
58.11
57.51
60.71
59.31
58.21
60.79
59.19
59.29
59.29
59.39
60.73
59.26
60.19
57.93
59.15
60.18
59.29
56.77
58.61
59.7
58.44
59.34
59.64
60.24
59.14
59.53
59.98
61.95
59.65
58.59
58.64
59.98
59.58
59.08
61.22
59.11
59.24
59.74
58.84
59.34
58.68
60.67
57.96
59.08
60.16
58.28
59.25
59.08
58.59
59.49
56.81
56.66
59.84
58.98
60.74
59.53
59.59
58.66
58.8
59.88
58.77
60.6
59.19
59.03
59.35
59.22
60.86
59.32
60.63
59.54
59.54
59.57
59.58
59.54
59.19
59.3
56.06
60.32
60.02
59.54
59.36
59.49
59.63
59.34
59.45
59.25
62.47
60.62
59.91
58.47
59.42
58.82
55.32
60.12
60.02
60.72
58.62
59.72
58.92
58.92
59.41
59.36
58.91
59.17
55.27
59.4
58.97
58.33
58.36
59.47
58.93
NA
59.28
59.14
58.66
60.19
59.54
58.57
58.49
59.75
58.75
59.75
59.15
59.85
60.68
58.46
59.0
58.92
58.77
59.19
NA
59.59
58.87
59.18
60.85
58.44
58.26
59.5
58.51
60.77
59.19
58.62
54.57
58.74
59.56
59.52
58.23
58.4
58.73
58.54
59.21
59.41
59.88
59.73
59.48
59.62
59.56
56.4
59.79
58.15
59.53
59.9
58.89
58.44
58.68
NA
NA
NA
56.21
59.95
59.86
59.28
59.29
59.28
59.73
59.05
58.73
59.71
59.06
59.84
58.94
59.25
59.73
59.15
59.26
58.35
60.05
58.48
58.98
62.38
56.18
60.52
NA
60.63
58.79
59.27
60.04
59.33
57.43
59.63
58.23
58.97
58.62
59.38
59.86
58.16
60.06
60.66
57.49
58.49
59.26
60.43
59.68
59.98
58.96
59.13
58.83
59.03
60.53
59.73
58.73
59.13
59.35
59.05
59.14
59.51
59.53
NA
59.68
60.64
60.46
59.74
59.74
58.57
59.15
59.4
58.61
58.41
60.71
59.24
60.39
58.34
57.94
59.35
NA
59.23
55.36
60.77
59.17
59.85
59.14
59.62
58.79
59.42
59.12
59.39
58.96
58.8
56.79
60.22
59.19
59.51
60.16
58.98
59.24
60.04
60.52
59.34
59.62
58.62
59.33
61.4
59.8
58.0
59.7
60.5
60.8
58.8
58.88
58.48
60.58
58.42
58.49
59.95
58.15
58.96
59.46
59.8
61.87
58.86
60.19
60.46
60.24
58.8
58.82
59.18
57.44
58.59
60.26
59.27
58.33
59.22
60.09
59.58
58.17
60.41
56.46
56.56
59.84
58.21
58.46
56.41
58.14
58.1
58.12
59.14
59.66
61.65
59.03
60.72
58.43
59.54
59.0
60.17
56.6
57.79
59.28
59.62
59.23
59.71
57.68
59.89
59.19
59.49
58.19
59.19
60.29
58.59
58.26
59.76
58.86
59.26
59.36
60.46
60.66
59.86
59.76
59.06
59.66
59.36
58.96
60.16
59.16
60.06
58.86
59.06
59.46
61.16
58.86
58.86
58.55
56.05
60.15
NA
60.25
59.45
59.85
59.65
NA
59.55
60.65
59.75
59.45
58.95
59.58
59.43
58.57
60.38
58.73
59.56
60.41
59.09
57.78
60.04
59.84
55.24
59.34
59.24
60.14
59.04
58.64
58.04
59.84
59.14
58.94
59.24
59.34
59.34
59.04
58.34
60.34
58.54
57.45
57.84
60.04
59.75
59.42
56.52
NA
NA
58.66
59.69
58.74
58.41
57.29
59.37
60.03
59.65
59.58
59.42
59.16
60.43
59.71
55.81
58.14
NA
58.82
58.59
NA
NA
NA
NA
59.17
59.18
58.42
60.02
59.2
60.48
59.55
60.9
58.63
59.65
58.18
59.75
59.95
58.65
59.75
56.25
61.35
59.55
60.13
59.73
59.23
59.54
59.34
55.94
56.58
56.53
60.89
59.68
56.76
58.49
57.25
59.64
58.14
59.74
58.74
59.14
59.04
57.34
59.87
59.07
58.57
59.87
56.37
61.37
59.57
60.61
59.01
60.49
59.19
59.79
59.39
59.39
59.19
59.39
59.19
59.39
60.29
58.59
60.01
58.23
60.16
60.25
59.74
59.76
60.3
60.79
59.71
59.08
59.02
58.75
59.37
60.79
58.46
58.77
60.61
58.92
59.16
59.81
60.21
59.96
59.92
NA
58.89
59.01
57.37
58.85
58.85
58.34
60.89
58.34
60.1
59.62
59.41
59.65
58.72
59.22
59.02
56.82
58.32
60.17
58.62
59.05
58.85
57.11
60.18
60.32
59.32
59.88
59.85
58.26
60.54
60.59
58.86
59.72
59.9
61.83
58.59
58.23
61.78
54.54
59.17
58.88
59.8
57.68
58.07
59.76
60.36
59.66
59.26
59.56
59.16
59.38
54.55
59.04
60.55
59.47
58.18
59.23
56.11
59.07
59.64
56.95
57.35
57.25
59.15
59.75
59.05
59.05
60.21
60.55
59.42
58.48
58.49
59.82
59.78
58.89
60.99
59.09
58.76
59.27
58.33
59.22
60.09
59.58
58.17
60.41
59.51
59.69
59.46
58.06
59.51
59.41
58.85
58.57
59.13
60.29
60.04
60.41
58.22
60.85
58.05
57.32
60.61
62.52
59.7
60.33
59.97
59.34
59.34
59.21
59.28
59.37
58.95
59.39
59.24
59.07
57.85
59.21
60.27
59.48
58.24
60.75
59.25
59.56
60.99
59.18
59.84
58.18
59.62
60.14
59.65
58.6
59.71
59.24
59.17
60.59
58.67
60.05
58.23
59.04
59.16
60.01
58.75
58.87
59.15
57.77
59.17
61.58
59.08
60.08
58.98
59.92
57.82
59.92
60.62
61.12
59.72
57.82
59.38
60.68
58.48
58.98
NA
58.48
58.88
57.58
58.48
NA
60.64
NA
59.03
59.12
60.05
58.94
59.18
60.06
59.05
55.61
NA
59.68
59.36
59.28
59.28
58.15
58.09
59.2
59.45
58.84
58.17
60.04
60.31
58.78
59.17
60.07
59.37
59.57
57.53
59.57
59.57
59.03
58.94
57.77
59.55
59.76
58.73
59.6
59.55
57.93
58.77
59.1
59.32
58.47
60.1
59.64
59.19
58.16
59.12
59.01
58.52
59.92
59.42
60.32
60.17
61.09
60.64
58.81
59.26
58.97
60.78
59.3
59.66
57.57
60.84
60.2
NA
NA
61.04
58.65
60.86
58.98
NA
60.23
NA
58.29
57.69
59.45
60.03
59.09
60.78
59.03
59.42
56.21
59.05
59.48
59.58
59.11
56.99
57.79
59.33
56.14
59.05
59.46
59.48
59.0
56.94
57.97
59.5
NA
NA
58.4
57.3
NA
NA
58.21
59.41
58.81
58.81
58.71
59.31
59.63
60.24
59.62
58.42
58.12
54.22
60.31
59.11
56.11
58.81
59.21
59.81
57.41
58.71
59.61
60.14
59.54
58.94
59.44
59.54
57.74
60.4
59.74
59.05
59.29
56.47
58.9
58.39
56.33
NA
60.06
59.57
59.99
59.79
56.57
58.29
59.73
59.6
58.41
59.4
58.72
59.13
59.82
62.85
59.92
58.58
58.88
58.58
58.88
58.94
59.78
59.92
57.84
58.88
59.46
60.22
57.95
59.25
59.36
59.36
60.0
58.73
58.73
59.36
58.73
59.5
58.92
59.75
59.66
58.59
59.12
54.84
59.3
59.03
58.59
58.5
60.25
59.75
59.35
59.85
60.05
59.35
60.15
58.95
56.05
58.95
61.55
59.35
56.15
55.09
58.91
59.43
58.91
59.07
60.3
57.98
58.76
60.72
59.99
57.12
56.3
60.31
59.12
60.35
59.19
57.36
58.98
58.8
59.14
59.73
59.17
58.39
59.21
60.37
59.18
57.49
59.92
59.2
59.06
58.99
59.02
59.74
58.57
59.97
58.8
NA
59.74
59.97
58.8
59.04
58.8
58.57
58.81
59.51
58.81
59.27
58.34
59.83
58.88
58.34
58.98
59.13
59.69
59.47
59.63
56.42
59.97
58.25
59.5
59.72
58.96
58.49
58.68
59.28
59.08
59.68
59.48
59.18
58.48
59.38
58.68
56.36
60.16
58.96
57.31
57.41
59.01
59.71
55.11
59.61
59.41
58.88
60.18
59.38
59.85
59.37
58.75
60.41
60.17
60.38
59.21
59.4
59.11
59.33
59.23
57.08
58.45
58.94
60.05
60.98
60.01
56.85
60.61
60.49
58.35
58.57
58.6
58.65
58.93
57.84
55.99
60.22
59.72
59.12
60.12
58.82
58.86
58.91
60.26
59.02
59.66
60.3
59.77
60.29
57.99
60.0
59.43
60.71
57.05
60.55
60.22
59.14
59.52
58.76
57.1
59.94
58.99
58.99
59.23
59.7
59.7
58.99
59.18
61.71
58.53
NA
60.71
59.46
56.91
58.49
60.15
58.7
60.02
62.97
59.63
57.28
59.69
59.49
59.29
60.92
60.82
58.02
59.22
58.74
58.9
59.69
59.36
58.48
58.82
59.54
59.33
58.09
59.12
58.6
58.81
59.81
59.21
59.75
59.05
59.25
59.65
58.85
59.95
58.35
59.75
57.75
59.35
58.25
59.05
59.05
59.05
58.45
58.93
NA
57.59
59.59
NA
58.6
60.85
58.79
58.33
57.06
60.68
59.58
58.86
59.61
59.04
58.94
59.24
58.44
60.65
60.65
58.95
56.6
59.6
59.4
56.6
59.58
58.88
61.28
NA
58.68
60.22
59.15
58.07
59.61
61.53
60.14
59.14
59.24
61.54
58.84
59.64
56.84
60.74
59.14
59.74
59.84
59.74
58.21
59.61
58.91
59.51
NA
NA
58.31
60.64
57.14
58.31
57.72
60.29
59.19
59.19
60.69
58.69
59.71
59.52
59.61
58.81
56.81
60.51
58.71
58.65
59.12
58.66
59.1
59.87
59.61
60.59
58.55
58.66
61.0
60.16
57.86
59.42
60.44
58.97
55.21
59.27
58.65
59.32
59.1
59.21
59.16
59.05
59.73
59.64
59.58
59.33
59.88
57.48
61.57
58.59
59.1
NA
NA
NA
NA
59.01
61.73
58.48
58.44
58.97
58.5
61.77
58.27
58.0
59.21
58.36
56.27
60.47
59.67
59.46
59.37
59.37
60.97
59.83
59.28
60.14
59.88
NA
58.74
60.74
61.93
58.99
58.13
59.49
61.7
59.46
59.73
59.13
59.32
60.07
59.52
59.26
55.16
59.65
60.03
58.67
58.97
59.63
60.01
58.65
58.94
58.99
59.19
60.29
59.45
58.71
59.23
61.05
55.58
59.96
60.89
59.8
58.94
57.94
57.12
58.84
58.21
59.63
59.09
58.32
59.23
59.73
60.06
58.64
60.6
58.95
59.8
60.9
56.5
57.7
59.36
59.36
59.87
59.37
59.71
59.2
59.91
58.17
59.81
58.72
59.34
58.84
59.4
59.56
60.71
58.47
59.02
58.43
58.07
58.96
58.47
59.31
58.73
59.26
60.28
58.74
61.09
60.69
58.85
59.61
60.22
59.01
59.91
59.61
59.34
58.27
59.67
59.57
60.46
59.96
59.73
59.48
59.31
59.02
59.74
59.65
58.86
59.96
59.97
59.42
59.03
59.18
59.51
60.08
59.48
58.52
59.85
59.19
59.75
59.75
NA
58.29
59.79
59.59
59.09
59.89
60.39
59.19
56.59
59.97
59.28
59.41
58.84
59.48
59.54
59.37
58.0
59.5
59.7
55.7
59.1
58.76
57.86
58.96
59.86
58.46
59.13
58.41
59.02
60.05
59.11
58.68
58.91
59.11
59.06
59.76
59.26
58.36
57.96
58.86
57.74
59.36
61.11
58.77
59.32
59.92
59.12
56.62
61.52
58.22
61.82
59.02
57.72
NA
57.59
59.84
58.64
59.23
59.45
59.39
59.29
59.3
56.96
60.38
60.16
59.11
NA
58.86
59.7
60.24
58.98
59.43
59.14
57.53
58.28
56.76
59.54
59.24
58.04
58.25
59.51
58.38
56.8
59.1
NA
59.1
55.38
57.79
60.61
59.81
58.87
59.33
60.43
60.03
59.33
56.33
59.83
59.03
59.23
60.43
59.33
58.83
61.83
59.03
60.43
59.13
59.33
59.63
59.43
58.83
56.4
58.98
59.17
58.58
59.26
60.08
58.83
60.37
59.85
58.47
57.8
59.84
56.84
NA
58.94
58.64
NA
58.24
59.14
60.26
59.79
59.22
59.61
57.73
59.78
58.65
59.56
59.19
59.72
60.23
59.8
60.4
59.89
59.04
58.54
56.74
58.34
57.84
59.24
59.51
59.41
57.51
58.41
59.01
59.11
59.21
58.23
58.04
58.9
59.66
61.68
59.11
59.24
58.94
59.14
58.84
59.82
59.6
60.2
59.93
58.98
60.1
58.1
59.83
57.7
60.38
59.21
57.96
59.64
59.74
59.73
59.26
60.56
58.56
60.49
60.08
59.33
59.13
59.03
59.03
60.13
59.23
60.63
58.33
60.16
58.26
59.75
58.85
60.16
58.84
61.2
59.4
59.3
58.18
59.11
57.32
59.07
57.78
NA
NA
59.52
59.52
60.32
59.32
60.22
59.32
57.49
56.86
59.85
61.45
59.65
59.05
59.05
59.15
59.16
62.5
58.32
58.75
59.4
60.34
59.57
58.64
59.15
59.36
59.56
60.26
59.36
59.86
59.16
58.9
59.53
59.75
59.89
59.08
60.48
59.28
58.68
58.68
58.98
59.28
57.88
59.51
59.22
58.31
59.38
59.38
60.65
58.61
57.91
60.17
59.46
58.89
59.79
59.54
58.54
59.08
61.15
59.9
59.39
60.78
58.59
58.18
56.83
59.45
58.68
59.44
59.03
59.13
59.11
59.11
59.08
60.37
58.71
59.88
59.06
59.84
59.34
59.14
57.74
59.84
59.04
57.64
59.32
59.62
59.32
59.82
59.62
59.25
57.48
57.98
60.29
59.69
59.39
59.89
59.44
59.14
63.35
59.17
59.55
59.65
60.45
60.95
57.65
58.65
59.76
57.76
59.86
60.56
61.06
58.46
59.31
56.56
58.99
NA
59.95
59.56
59.56
NA
59.78
57.48
59.78
59.08
60.68
57.68
NA
59.47
60.67
61.07
57.37
59.81
57.91
59.71
60.51
60.71
57.61
58.11
59.55
57.52
58.57
58.58
58.12
58.69
58.54
58.11
58.41
59.13
59.58
59.16
58.47
59.48
59.69
58.01
60.66
58.49
59.51
54.19
60.27
59.48
59.28
59.71
59.52
59.71
58.95
59.6
59.63
59.14
59.23
60.43
60.83
56.63
58.85
59.33
59.63
59.62
59.13
NA
59.18
60.19
59.86
60.01
59.65
61.11
60.07
59.27
60.0
56.52
58.37
60.29
59.29
59.13
58.7
59.38
59.18
59.64
59.05
59.09
58.22
60.33
55.74
57.95
57.7
58.72
60.52
57.62
60.12
58.52
59.72
57.72
60.92
NA
58.92
59.42
NA
58.98
59.52
59.8
58.7
54.88
59.57
58.33
58.83
59.42
58.64
59.05
58.97
NA
57.67
60.07
58.57
59.67
NA
60.67
NA
58.97
59.36
59.21
57.83
59.45
59.07
59.07
60.2
58.79
58.99
59.39
58.89
60.09
59.59
59.39
NA
58.29
61.49
60.21
55.16
59.3
59.46
55.62
59.32
58.66
59.87
59.97
59.03
58.85
59.49
61.24
59.49
58.83
57.63
59.03
58.21
60.4
60.74
55.34
59.34
56.83
56.79
59.03
55.61
59.87
59.29
59.36
60.05
60.5
58.53
60.59
58.63
56.71
59.29
60.54
59.54
60.8
58.44
59.56
58.2
58.48
56.55
58.4
58.93
57.96
59.68
61.08
58.88
56.88
59.52
59.92
59.82
60.42
59.22
59.02
56.32
59.29
59.79
59.59
59.99
58.89
58.29
56.59
59.48
59.02
59.24
59.94
58.56
58.96
60.38
59.92
58.59
60.19
61.32
59.41
60.53
NA
NA
NA
58.98
58.93
59.62
57.6
58.45
60.35
59.25
60.15
59.95
60.15
60.24
59.64
59.14
59.34
58.24
59.04
60.36
59.39
58.72
59.4
58.05
NA
58.3
59.7
58.41
60.21
58.42
59.73
59.32
58.22
58.85
59.82
59.21
60.39
60.13
58.89
61.26
58.96
59.24
58.39
57.77
59.26
58.82
59.94
60.11
59.62
60.64
58.92
NA
58.43
NA
58.02
57.12
NA
NA
59.6
59.13
61.24
60.11
59.95
59.35
59.41
59.43
60.12
59.12
58.92
58.8
59.55
59.38
59.05
59.34
59.95
59.28
59.28
58.47
60.43
58.52
59.43
56.7
57.41
58.16
60.04
59.43
60.06
59.85
56.97
59.11
62.94
NA
NA
59.14
58.27
56.07
59.67
59.17
58.57
59.77
60.11
60.02
58.54
NA
NA
55.98
59.07
58.93
59.08
58.97
58.99
58.86
58.94
58.56
61.13
60.33
60.53
59.43
59.25
59.16
59.11
59.7
58.42
59.43
58.55
58.68
59.91
59.78
56.34
59.36
59.25
60.55
58.64
59.56
56.55
59.56
59.18
59.22
59.14
58.14
59.73
61.06
57.94
59.4
58.11
57.23
56.5
57.44
59.04
60.12
59.88
59.41
54.02
58.71
56.37
58.47
58.47
56.79
57.18
58.51
58.75
57.77
56.81
58.16
57.84
58.62
58.56
56.86
58.53
58.06
58.64
58.84
59.28
58.29
58.76
57.63
59.5
59.22
58.54
57.08
58.48
58.58
57.41
53.18
57.48
NA
58.38
58.78
60.48
57.98
58.58
58.68
58.68
58.78
56.48
51.55
57.8
57.49
58.18
59.04
59.19
59.35
60.0
59.64
59.81
59.06
59.51
59.41
58.75
59.94
57.15
58.59
60.17
59.2
59.1
55.5
58.6
59.5
58.1
60.2
58.1
57.2
58.89
57.79
57.79
58.08
57.29
61.69
NA
NA
59.31
58.81
59.31
59.11
59.71
59.81
59.81
60.01
58.71
57.61
59.41
58.81
59.45
60.82
59.52
59.79
58.99
58.68
59.26
60.7
58.51
NA
58.89
60.68
58.99
59.16
59.79
NA
59.97
59.21
57.47
59.7
59.48
56.64
58.26
60.1
58.38
58.92
58.98
59.29
59.7
58.59
58.36
60.61
59.67
59.28
60.03
59.31
59.86
58.65
58.95
58.98
59.19
56.37
58.71
58.69
58.4
59.82
58.31
58.07
61.31
59.72
58.64
59.94
59.01
59.99
58.76
57.6
56.05
59.74
60.14
56.89
60.3
59.13
60.07
59.04
59.71
56.59
60.45
58.56
60.1
59.76
59.13
60.16
59.49
59.59
59.0
NA
57.97
59.73
59.14
59.93
59.78
60.37
60.61
59.78
57.81
59.21
59.48
59.17
61.0
59.05
59.61
58.94
57.25
58.7
59.47
60.42
60.1
60.27
NA
NA
58.96
57.7
58.14
56.81
59.34
60.95
59.7
59.15
60.02
59.76
59.11
59.27
59.78
60.85
59.47
60.14
58.89
51.9
59.41
NA
60.49
60.91
59.44
59.3
60.56
56.2
59.55
56.66
59.42
59.58
58.23
59.54
60.96
59.87
60.96
59.87
57.43
60.51
59.11
58.8
60.43
58.78
59.27
59.37
58.65
55.29
59.74
59.44
57.44
59.34
59.04
61.34
58.74
59.04
59.14
58.74
58.14
56.84
59.03
59.01
59.61
59.11
59.86
59.06
59.26
59.86
59.02
56.6
61.87
57.2
59.26
NA
59.87
59.71
59.64
59.37
59.43
58.0
59.29
57.88
59.95
58.86
60.54
59.06
60.86
56.26
58.86
58.26
58.76
58.76
58.8
59.09
59.72
58.9
58.62
59.69
60.14
59.64
59.44
58.34
59.34
58.54
58.44
60.04
58.69
59.36
58.23
59.77
56.54
60.6
58.57
60.18
60.44
58.68
58.79
59.04
59.22
60.51
58.04
59.79
59.02
60.51
61.0
59.58
58.54
55.18
59.71
59.92
60.56
58.92
58.9
59.71
59.16
59.02
59.35
60.42
NA
59.7
59.17
59.2
59.45
58.78
59.98
57.2
59.12
60.03
55.35
58.41
58.02
59.12
58.94
59.16
59.39
59.42
59.27
58.98
NA
58.75
58.6
58.99
59.24
57.26
57.53
58.87
59.39
58.27
60.54
60.23
59.13
59.62
59.13
59.87
NA
59.35
59.65
57.95
59.95
59.65
58.65
59.65
59.35
57.25
58.99
59.75
58.53
61.45
59.48
58.11
59.45
59.53
57.59
60.79
60.07
59.42
59.26
60.98
57.41
59.71
58.91
58.22
60.29
58.32
57.74
59.1
56.82
57.15
60.1
56.95
59.47
59.58
59.78
59.53
59.13
59.32
NA
NA
59.09
59.89
56.99
58.58
59.18
57.08
59.06
59.56
57.7
56.53
59.33
58.23
60.83
58.73
59.13
60.04
58.48
58.72
60.51
59.69
60.14
59.64
59.44
58.34
59.34
58.54
58.44
60.04
58.69
59.25
NA
NA
59.7
59.31
56.25
59.65
56.94
59.29
59.95
59.14
59.67
59.0
59.46
56.59
59.01
58.98
59.86
60.28
58.54
58.7
59.87
57.28
59.1
59.91
60.47
60.09
56.79
57.56
58.49
59.44
59.13
59.99
59.39
59.14
59.65
57.39
59.76
60.36
60.67
57.87
57.88
58.97
58.86
60.7
59.35
59.45
59.59
60.75
58.94
59.57
59.17
59.65
59.65
59.57
57.53
58.87
55.87
58.75
59.45
58.75
58.15
60.31
56.49
59.45
58.46
59.37
59.5
59.5
60.46
59.4
59.38
59.52
59.44
57.93
59.85
59.21
57.94
59.67
58.7
59.02
59.15
58.74
58.94
60.36
59.68
59.14
58.23
59.32
60.12
58.57
59.34
59.13
59.0
59.67
59.29
59.4
55.25
59.74
59.04
60.34
59.64
59.04
58.9
59.36
57.69
60.0
58.66
NA
NA
60.19
58.79
58.65
59.09
58.93
58.35
59.32
60.16
57.56
59.04
59.59
58.38
58.81
59.44
56.04
59.41
56.28
55.46
58.24
55.63
59.75
61.27
59.34
60.04
58.86
60.3
59.2
59.28
57.75
60.17
59.45
56.66
58.94
58.25
60.54
60.57
58.63
61.07
60.68
58.46
61.16
58.74
59.31
58.84
59.04
59.01
58.53
58.8
58.76
58.01
58.2
58.21
58.84
58.48
58.36
58.5
58.48
57.75
57.93
57.98
58.62
58.25
58.14
57.83
57.83
59.27
59.28
59.64
60.75
58.95
59.65
59.19
58.59
59.5
58.87
60.3
59.6
59.69
60.64
59.24
59.91
59.21
60.21
58.91
59.01
59.44
57.97
60.09
58.5
59.78
59.97
58.55
58.33
59.45
59.23
60.86
58.61
57.06
59.6
59.73
59.77
60.23
59.46
57.13
59.62
59.81
59.78
60.17
59.5
59.54
59.14
59.54
59.62
59.54
57.5
59.9
55.6
57.26
58.64
59.36
58.88
56.71
59.35
60.02
57.9
58.98
59.69
59.7
58.87
58.11
59.67
59.49
61.79
59.79
60.19
59.39
58.96
59.21
59.92
NA
NA
NA
NA
NA
NA
59.84
58.82
61.67
58.84
NA
59.31
60.19
58.88
59.48
59.68
61.18
59.6
57.1
60.2
59.8
60.7
58.3
57.5
59.4
60.3
55.4
57.9
60.0
58.9
59.8
56.6
59.74
60.53
59.76
59.4
57.74
58.93
61.73
59.33
58.43
60.15
59.33
59.12
59.28
58.31
58.84
60.05
58.27
59.51
60.89
59.14
58.91
56.91
60.61
58.81
59.11
60.91
59.01
60.49
59.87
58.87
58.92
60.86
59.94
58.57
56.45
59.8
59.52
57.16
60.21
56.44
56.92
56.13
59.03
59.53
59.43
59.43
59.04
57.44
58.02
58.28
57.46
61.96
NA
NA
NA
NA
NA
NA
NA
NA
NA
58.15
59.23
59.15
59.4
59.89
59.13
60.12
59.34
58.71
60.63
59.17
59.48
58.63
58.9
58.31
59.07
56.87
57.52
58.92
58.66
58.76
58.03
59.59
58.54
57.56
59.44
59.53
57.72
58.66
58.93
57.76
58.81
56.49
58.0
59.29
59.39
59.1
60.02
59.51
59.35
58.98
59.06
61.85
58.95
55.95
59.35
59.45
58.65
59.8
59.92
59.7
60.1
58.76
59.49
59.47
58.6
56.42
59.24
60.42
55.08
60.07
60.2
57.76
59.12
58.76
55.57
58.33
60.8
60.13
58.48
58.75
55.56
58.26
60.81
60.12
58.47
58.23
59.44
59.23
59.36
60.36
58.56
60.56
59.36
56.38
59.58
59.2
59.79
59.21
59.92
59.85
59.71
58.18
59.38
57.62
60.78
60.38
59.48
60.48
60.08
60.18
59.38
60.38
60.18
59.16
60.13
59.11
60.07
57.39
59.51
57.7
57.03
59.85
58.7
59.85
58.47
59.49
59.56
57.76
59.4
59.12
59.21
58.49
NA
59.21
58.75
58.92
58.37
59.22
59.14
59.02
60.99
59.5
61.44
59.7
61.15
59.48
60.32
61.29
60.37
59.35
54.73
59.11
NA
61.36
60.41
59.22
54.81
59.14
58.89
58.89
59.02
59.72
58.72
60.05
59.22
59.12
59.86
59.41
58.79
56.67
57.77
58.96
58.04
59.82
58.9
58.93
58.5
58.24
61.13
60.59
60.69
NA
NA
59.57
58.95
59.77
59.22
59.12
59.73
58.79
59.15
58.64
60.15
58.48
59.75
59.64
59.18
59.52
60.7
60.29
59.53
58.89
NA
59.19
59.68
58.83
59.37
59.83
59.21
59.21
58.88
60.11
58.63
58.83
58.97
58.51
58.49
61.17
60.53
60.53
NA
NA
59.76
NA
NA
58.94
59.21
59.58
58.81
58.97
58.63
60.02
58.5