41.17
38.44
39.46
42.9
41.26
40.8
39.93
41.47
43.36
NA
44.77
39.39
41.35
43.24
44.5
39.57
41.24
42.45
41.78
40.45
NA
40.23
38.5
41.88
41.18
42.07
42.03
40.78
40.95
41.88
40.04
37.51
43.17
42.21
43.08
40.33
41.93
41.15
43.85
42.12
41.25
42.28
41.34
NA
39.58
42.89
41.52
43.81
41.19
44.43
41.03
43.32
40.13
42.42
41.15
38.96
42.53
NA
42.95
41.21
39.65
43.6
41.99
38.87
40.33
NA
42.2
38.28
42.02
38.0
42.22
38.9
37.85
42.64
42.26
40.98
43.78
40.53
40.64
43.84
43.11
43.41
43.64
43.93
41.45
42.36
39.22
43.05
41.53
41.85
42.04
42.64
42.49
39.54
42.41
40.56
42.28
38.93
44.02
38.19
41.04
38.73
43.84
42.43
NA
42.4
40.5
42.99
41.29
40.73
NA
43.81
43.14
44.17
44.23
43.86
40.2
44.16
42.93
44.42
42.05
41.03
44.41
NA
43.14
39.64
44.25
43.44
42.37
38.7
43.03
42.15
39.9
40.08
44.59
43.82
39.58
39.15
NA
43.29
39.13
40.9
43.35
39.18
41.44
42.59
40.76
38.83
NA
40.25
40.14
41.22
39.09
42.35
40.95
NA
39.65
NA
41.23
41.89
44.39
42.87
NA
42.73
43.23
40.26
40.73
41.56
43.3
37.28
41.64
41.16
42.79
38.97
NA
38.22
39.54
42.6
NA
42.66
NA
NA
42.03
43.06
39.31
42.52
44.56
NA
43.17
40.3
42.88
40.54
38.85
42.53
39.35
38.17
36.94
NA
40.74
43.58
43.27
39.44
44.77
40.6
43.72
41.35
44.17
37.22
40.77
42.36
41.46
41.21
40.96
NA
42.77
39.2
42.12
42.53
47.03
42.58
42.45
39.39
37.08
41.79
41.7
42.69
41.54
42.81
NA
NA
44.98
39.84
43.92
40.59
NA
43.99
NA
43.33
42.93
40.69
42.11
41.2
38.65
39.52
42.35
41.23
43.3
41.47
42.7
41.06
43.44
44.14
41.43
39.92
40.82
43.5
42.65
40.51
40.59
42.68
38.68
42.06
40.28
42.15
38.88
40.59
NA
42.35
39.51
41.53
42.51
43.17
NA
38.8
36.74
41.29
43.69
42.17
44.37
42.14
43.81
38.92
42.7
40.15
41.29
41.62
44.18
42.01
39.79
39.87
43.63
42.72
43.1
42.62
42.53
44.45
42.68
41.36
41.2
39.16
40.94
43.1
40.66
40.15
41.28
40.83
40.79
43.13
39.7
39.64
40.27
40.13
NA
40.97
NA
40.16
44.16
42.67
40.34
41.69
NA
40.27
41.16
41.11
40.59
41.5
40.91
40.86
39.99
42.92
40.61
39.67
41.44
42.96
40.49
41.1
40.96
39.02
39.43
43.07
40.1
41.12
42.69
40.88
39.98
41.22
42.21
41.01
42.11
41.1
42.08
45.27
42.34
43.02
39.24
39.05
NA
40.36
NA
NA
40.56
39.79
40.85
42.62
40.48
43.23
41.86
NA
44.38
43.23
40.89
41.88
39.96
39.89
41.03
39.98
43.55
NA
42.68
42.31
41.85
39.34
44.52
41.23
41.95
39.77
43.72
39.94
39.0
42.89
39.3
41.05
41.7
40.72
44.0
NA
41.71
42.14
38.49
NA
40.39
43.31
NA
43.79
39.31
40.92
40.95
NA
41.78
43.34
39.06
40.74
40.69
44.39
42.5
40.7
40.7
44.37
42.42
40.7
40.7
44.13
42.44
40.76
40.81
44.11
42.3
40.66
40.76
44.51
42.44
41.74
41.76
43.76
42.16
46.2
39.14
42.35
39.67
41.61
NA
NA
42.01
40.31
39.21
42.14
43.77
41.91
40.66
40.76
40.12
NA
46.69
40.23
NA
46.35
38.86
38.8
NA
41.16
42.27
NA
NA
NA
NA
43.18
NA
NA
42.72
NA
42.84
39.88
41.61
43.82
42.9
43.36
39.99
43.51
43.81
NA
41.83
40.99
42.82
40.12
40.42
44.02
40.72
41.74
39.07
41.23
43.04
39.4
39.97
NA
41.55
NA
39.99
NA
41.37
44.42
42.4
43.18
42.4
37.12
43.35
45.25
41.25
42.19
41.45
43.22
40.01
44.62
34.62
41.42
44.87
38.81
NA
42.83
42.12
40.6
41.79
38.92
41.42
43.16
40.14
41.94
42.86
43.17
42.55
42.76
41.54
39.34
41.4
42.71
43.83
39.33
40.3
42.4
40.9
43.91
41.93
42.17
43.95
41.25
43.36
40.83
41.31
42.09
42.35
43.38
42.86
42.73
41.83
38.08
43.13
41.5
44.1
39.87
42.94
41.33
42.44
43.65
42.05
41.95
42.76
42.68
44.08
40.88
42.72
38.68
39.19
38.77
41.95
42.76
39.16
41.77
41.24
43.67
41.01
39.86
40.48
40.88
43.52
40.2
43.66
NA
NA
NA
NA
NA
NA
NA
NA
NA
NA
NA
NA
NA
NA
NA
NA
NA
NA
NA
NA
40.23
42.92
39.0
38.54
NA
NA
NA
42.89
NA
NA
38.62
39.48
42.9
43.14
NA
41.22
40.59
40.94
43.0
43.42
NA
41.62
41.57
42.7
42.91
42.53
43.67
41.5
41.01
41.14
NA
NA
43.69
40.35
41.76
41.71
40.96
41.61
46.68
39.13
40.07
41.17
43.31
42.87
40.79
43.03
40.7
43.06
40.78
40.48
42.08
39.68
39.77
42.74
41.36
43.83
40.23
42.45
40.19
42.48
41.91
32.19
41.37
42.83
40.31
38.48
42.27
42.29
43.96
43.38
39.88
43.01
40.66
43.6
43.29
41.85
40.36
42.26
39.86
42.03
39.3
41.95
44.4
39.62
40.24
42.47
40.21
42.49
41.93
NA
41.39
44.18
42.74
41.84
40.52
44.5
41.4
39.6
39.65
39.91
39.59
40.28
39.94
40.39
39.96
41.75
NA
40.97
40.42
41.68
41.15
40.9
39.84
41.88
41.22
41.03
40.1
41.87
41.15
41.02
40.1
41.87
41.15
41.02
42.72
41.14
39.3
38.24
43.08
43.11
NA
43.41
40.49
43.66
NA
41.27
45.42
41.46
NA
38.34
41.24
44.85
39.82
NA
40.93
43.22
41.81
41.53
42.42
42.36
43.21
42.97
42.75
41.84
43.46
39.98
42.8
43.41
43.44
40.35
43.87
42.76
43.85
39.32
39.76
NA
43.11
41.43
NA
NA
42.5
41.58
44.78
44.87
NA
42.9
NA
40.54
39.65
39.37
42.0
41.25
39.66
39.33
42.25
39.27
39.27
41.99
39.86
NA
42.77
40.66
NA
41.68
41.91
NA
NA
NA
NA
NA
NA
42.36
39.75
NA
NA
NA
NA
39.11
42.52
41.9
43.74
41.59
40.88
39.99
41.29
41.87
40.47
40.99
44.71
39.76
43.03
41.42
43.29
39.65
42.15
41.13
43.26
39.7
42.04
40.65
43.26
44.55
42.81
41.75
39.3
44.13
NA
41.37
40.69
41.99
41.64
41.39
45.55
44.59
43.08
39.45
40.3
40.85
NA
42.37
42.37
42.57
42.17
43.33
41.96
41.93
41.69
40.96
43.23
42.44
NA
41.04
40.9
NA
37.88
39.79
41.95
40.85
39.72
40.64
43.07
40.58
NA
41.35
41.71
39.21
38.22
43.23
NA
40.26
39.31
41.06
43.48
NA
38.4
NA
NA
NA
NA
NA
NA
NA
NA
NA
NA
38.97
NA
NA
NA
NA
NA
NA
NA
NA
NA
42.43
41.83
41.93
44.03
42.83
40.63
43.03
43.52
38.52
39.1
40.4
NA
NA
NA
NA
40.29
42.46
40.28
42.51
41.98
40.12
41.28
40.15
42.56
40.21
42.49
41.99
40.35
41.49
41.71
39.81
43.71
43.11
41.06
42.36
43.56
42.38
39.88
NA
39.68
42.07
40.77
41.47
41.47
43.65
42.35
37.95
39.64
41.94
41.44
43.54
43.91
41.67
40.7
41.8
44.1
41.75
41.7
43.1
43.5
44.9
42.31
40.21
41.31
43.01
39.51
44.11
41.94
41.04
38.94
40.91
43.63
42.12
46.32
42.29
40.62
40.09
41.54
NA
36.78
41.48
40.48
41.04
44.67
42.87
42.17
39.97
41.07
42.1
40.0
NA
40.1
40.03
39.43
36.58
42.98
42.68
42.08
43.12
42.32
41.83
42.35
43.14
41.28
NA
NA
NA
NA
NA
NA
NA
NA
NA
NA
NA
NA
NA
NA
NA
NA
NA
NA
41.91
44.37
44.28
39.48
41.08
42.59
43.13
43.31
42.96
42.6
43.66
43.03
41.88
39.71
39.41
39.85
41.83
40.45
41.74
43.14
40.84
42.14
37.94
NA
NA
41.21
40.34
43.99
39.74
41.89
38.31
39.06
39.16
41.45
41.02
42.82
NA
NA
NA
44.11
42.11
40.01
NA
42.87
43.43
43.43
NA
40.33
42.63
42.19
NA
45.19
40.19
40.19
37.48
37.45
42.84
40.97
38.17
41.87
43.47
39.07
NA
NA
NA
NA
NA
NA
NA
NA
41.69
43.77
43.25
42.15
39.12
45.37
42.07
40.0
NA
NA
NA
42.02
41.22
40.92
36.56
44.26
41.36
43.06
45.46
41.16
41.37
43.42
NA
39.42
39.94
42.12
41.49
42.68
41.82
40.13
42.24
38.7
42.41
40.49
42.56
42.21
NA
42.72
43.99
NA
44.85
43.09
41.47
41.41
42.22
39.56
39.86
39.28
41.28
41.22
44.5
43.85
NA
40.44
40.84
42.44
NA
44.49
41.78
42.12
42.04
NA
41.58
44.18
43.65
41.05
42.37
43.43
38.92
39.92
NA
45.92
43.92
39.92
42.52
42.23
37.34
41.75
42.38
42.69
40.84
44.66
42.44
42.78
43.88
41.71
42.41
41.3
43.04
41.37
NA
40.59
43.25
43.27
39.53
40.61
41.05
43.56
NA
43.45
40.55
42.44
NA
45.14
45.54
40.14
41.78
42.87
40.35
40.1
40.2
40.85
42.21
39.2
41.52
NA
38.19
NA
NA
NA
38.96
46.13
41.14
43.27
39.53
40.61
NA
NA
NA
39.95
NA
39.16
43.76
40.4
42.8
40.07
32.21
40.76
40.21
39.0
43.35
41.92
41.18
40.98
41.36
40.64
41.6
41.87
41.11
42.04
42.04
40.34
41.75
39.65
NA
39.31
39.26
41.37
41.6
41.44
40.53
39.87
42.54
40.36
40.69
42.98
42.83
46.34
40.46
39.06
40.06
43.06
40.96
42.76
38.59
41.07
42.75
NA
42.25
NA
NA
42.8
42.5
41.4
43.47
41.63
39.88
42.48
41.25
39.97
41.5
43.47
NA
39.58
39.08
41.78
41.83
39.88
42.11
40.61
NA
NA
NA
NA
NA
NA
38.35
39.95
43.35
39.45
42.25
39.75
42.22
NA
39.88
NA
NA
NA
NA
40.84
43.16
38.8
41.89
41.85
39.54
41.98
41.9
39.93
38.23
39.79
41.36
41.72
41.16
37.33
40.33
41.73
42.13
40.68
41.33
40.7
39.79
40.04
41.75
42.67
43.36
42.26
42.96
43.16
40.96
41.45
37.71
38.05
41.61
38.27
43.07
37.89
42.33
44.88
40.5
41.43
44.97
39.56
41.67
NA
39.85
43.51
38.35
40.26
40.73
39.31
41.68
43.11
41.21
41.87
42.87
41.87
NA
42.99
42.02
NA
NA
NA
NA
NA
43.45
40.06
41.87
42.87
41.87
43.34
43.75
43.45
NA
40.75
43.55
43.05
40.78
43.31
40.96
44.36
43.3
43.38
NA
NA
45.07
40.82
NA
NA
NA
39.57
40.08
40.36
40.96
42.37
41.9
39.81
41.39
40.84
40.58
40.8
44.92
41.24
45.82
40.72
42.11
41.31
43.21
41.81
40.21
41.99
41.19
42.19
41.99
39.29
41.56
43.08
40.05
42.8
42.86
42.46
39.66
42.96
42.96
41.07
38.95
NA
40.85
42.15
39.25
41.15
42.57
42.74
40.33
44.58
40.49
NA
40.19
44.06
42.2
39.91
NA
42.21
42.83
41.53
43.52
41.1
NA
43.22
44.72
43.98
41.81
42.1
39.35
39.85
42.75
42.17
43.97
42.99
41.46
41.46
44.16
NA
45.04
NA
NA
39.32
38.68
42.66
41.78
42.93
41.71
43.64
41.07
44.57
35.96
41.31
40.26
40.38
41.34
41.58
44.49
38.99
42.49
41.16
40.1
40.09
40.88
43.79
43.93
41.94
41.04
39.44
41.13
41.73
39.23
41.03
39.83
41.73
41.53
40.96
43.62
39.79
39.91
42.52
45.58
NA
45.49
NA
42.92
42.92
43.51
44.42
NA
39.22
43.82
43.12
NA
43.45
42.35
42.47
41.84
37.56
40.31
41.47
39.53
40.44
NA
43.35
41.82
41.5
NA
42.35
45.05
45.15
40.55
42.1
41.98
41.67
NA
NA
40.23
NA
NA
42.98
41.37
39.34
44.66
39.6
39.68
41.37
39.43
43.57
40.17
40.8
38.25
43.38
NA
NA
NA
44.98
NA
41.43
43.11
42.38
40.22
43.5
39.9
38.9
39.2
42.2
43.74
40.5
39.34
40.34
43.01
41.65
40.56
42.19
43.83
43.85
43.25
NA
42.94
39.96
42.28
42.11
42.15
40.03
43.21
42.77
40.77
41.71
41.05
36.44
NA
NA
NA
42.72
41.42
40.62
41.83
43.23
39.49
42.48
44.01
NA
45.53
41.18
43.69
NA
40.26
44.69
43.35
NA
NA
37.69
NA
39.98
41.9
41.16
40.96
40.71
40.91
38.41
43.31
40.9
NA
NA
NA
NA
NA
NA
NA
NA
NA
NA
NA
NA
42.03
38.93
42.12
41.61
43.28
40.92
40.48
NA
44.83
42.33
43.53
40.93
40.63
41.74
43.74
NA
41.61
41.37
39.64
43.59
39.54
NA
41.91
42.21
44.01
43.79
39.39
41.79
45.93
40.92
42.92
43.18
41.35
44.47
NA
40.52
45.61
44.53
42.89
39.46
40.91
42.66
NA
41.16
43.59
39.65
42.91
39.61
39.27
NA
42.74
40.97
40.77
39.72
39.16
37.2
42.15
NA
40.15
44.36
43.57
42.46
44.48
43.58
42.08
45.88
42.88
43.58
43.28
39.18
NA
NA
NA
NA
NA
NA
43.0
42.0
40.5
39.4
41.79
42.0
40.38
41.38
42.9
40.61
40.15
41.37
42.8
40.55
40.39
40.61
43.11
39.68
40.93
NA
40.61
NA
44.72
40.67
41.56
38.67
42.07
41.07
38.86
43.56
44.01
40.81
39.31
43.43
40.48
40.79
45.49
39.99
41.09
41.39
44.38
41.72
44.15
40.25
40.69
42.25
43.89
40.14
40.17
42.65
42.61
41.35
42.54
38.99
42.5
41.92
39.72
42.02
40.16
41.38
39.57
41.02
44.35
43.57
41.55
45.76
39.24
42.66
NA
40.3
NA
43.78
42.38
42.85
43.14
43.51
41.51
42.72
41.62
40.98
39.59
41.1
41.34
44.7
40.83
43.65
31.58
37.88
41.78
42.28
NA
39.62
38.52
40.08
41.18
41.08
40.38
38.52
46.13
44.06
41.55
43.25
43.65
44.25
NA
41.96
42.67
41.4
NA
39.92
NA
NA
42.06
41.38
NA
NA
NA
NA
NA
NA
41.71
40.45
43.85
40.45
43.95
41.85
NA
40.46
40.15
45.63
41.85
NA
41.52
40.89
40.22
45.09
39.3
38.85
41.96
NA
39.58
39.21
38.79
42.09
NA
39.47
NA
NA
NA
NA
41.59
42.59
43.99
40.67
42.74
40.05
38.36
40.92
39.04
39.89
43.39
43.79
39.89
41.29
41.2
41.96
39.72
42.59
42.79
41.99
41.62
41.22
39.52
NA
40.2
NA
NA
NA
40.13
NA
NA
42.71
39.91
43.11
41.91
43.41
38.21
43.58
34.97
41.83
41.75
41.98
41.87
39.5
41.83
43.9
41.57
43.2
39.5
NA
38.54
41.23
40.73
39.57
43.19
36.25
NA
NA
43.3
41.99
41.72
39.85
40.25
39.95
38.95
40.14
41.99
42.67
43.9
40.3
40.6
38.2
39.6
40.4
39.9
37.2
41.1
41.1
41.8
43.88
41.54
42.92
39.32
42.52
41.71
42.91
45.71
43.71
38.91
46.61
39.79
40.24
39.81
42.51
43.11
41.61
42.61
44.11
39.39
39.82
NA
39.26
39.65
41.07
39.92
NA
40.22
43.67
43.08
42.48
NA
43.7
40.19
42.44
40.24
41.54
42.54
40.73
42.25
39.79
40.89
43.31
44.01
38.71
40.96
43.26
NA
42.46
39.8
42.02
39.78
42.0
41.29
41.49
39.59
43.09
42.78
40.08
41.58
43.78
42.18
41.92
41.08
NA
39.59
39.69
42.43
43.31
41.12
40.9
41.77
41.35
41.99
42.46
NA
39.21
44.04
39.99
37.1
43.18
42.87
44.32
44.05
39.02
39.87
42.25
43.02
39.55
42.34
43.04
43.98
43.19
39.36
40.18
NA
42.37
39.84
43.12
38.41
41.61
42.61
43.81
39.29
43.23
40.19
41.12
44.03
42.75
40.08
43.07
44.52
41.38
41.66
44.61
39.65
42.49
46.09
42.19
39.19
NA
41.21
44.4
41.9
42.4
43.4
42.26
41.36
39.47
43.77
43.62
40.88
42.81
43.14
42.97
41.53
39.32
46.57
39.82
42.0
41.6
40.07
45.17
42.03
41.56
40.16
38.21
41.28
40.5
40.02
40.05
42.05
41.8
43.05
41.56
39.91
41.08
41.07
41.22
42.71
42.75
41.56
39.64
40.69
41.52
42.15
41.8
44.9
40.0
NA
37.93
38.89
41.86
42.98
44.01
NA
NA
43.74
38.4
43.4
41.92
42.31
39.0
40.0
40.7
40.3
39.49
39.08
38.05
40.92
29.98
41.87
40.94
40.54
43.52
42.12
45.36
40.65
43.33
40.85
43.07
43.0
41.98
43.26
42.16
42.47
41.2
39.27
42.08
42.88
43.65
43.78
42.38
42.59
42.89
40.89
41.38
41.38
38.08
41.33
44.03
NA
40.31
39.71
40.11
40.81
40.21
41.01
40.99
41.23
44.11
40.71
40.11
41.43
NA
NA
41.99
43.63
38.44
43.21
39.44
42.94
42.04
40.04
42.64
41.04
43.64
42.78
42.79
40.59
42.39
40.19
43.89
41.24
40.44
41.84
39.93
43.37
40.88
39.01
41.68
41.7
43.02
41.69
41.69
43.12
41.91
40.38
39.9
41.4
40.2
41.1
41.57
40.72
41.35
41.05
38.81
40.23
40.29
42.37
41.5
42.69
40.98
40.14
37.69
40.15
37.61
40.77
41.14
43.65
43.08
39.08
NA
41.22
38.23
42.32
42.54
40.01
41.47
39.9
41.7
38.47
43.39
40.39
41.21
41.73
43.33
NA
41.53
NA
NA
NA
39.15
40.1
NA
37.8
41.47
42.63
42.18
38.37
43.29
42.09
40.69
41.47
43.75
42.32
38.87
44.92
41.23
39.53
43.13
40.93
42.53
45.78
41.14
43.64
37.24
NA
41.68
43.99
43.56
39.45
40.45
NA
39.05
45.29
43.1
43.99
41.38
40.05
39.39
42.57
41.5
42.51
43.44
41.74
39.89
NA
40.94
42.22
41.49
43.47
35.29
43.35
41.6
45.46
43.03
41.23
37.42
40.97
40.57
42.67
40.47
36.47
39.69
41.63
40.32
40.4
41.35
41.07
40.1
42.32
40.04
44.14
40.04
45.24
40.63
39.66
38.3
42.27
40.66
42.34
39.46
41.14
44.21
41.68
41.54
39.63
41.02
42.45
38.69
42.01
43.24
45.19
43.08
44.56
38.79
NA
42.56
NA
40.43
43.61
41.27
43.43
NA
41.75
41.93
39.11
NA
42.47
39.23
41.75
43.73
40.27
40.81
40.81
40.17
40.09
NA
40.6
NA
41.72
39.12
42.42
36.92
NA
NA
NA
NA
40.45
39.53
41.82
39.21
41.01
42.78
41.41
43.86
39.43
40.94
40.53
39.2
41.7
41.96
40.15
43.23
42.19
42.45
42.9
43.14
42.67
42.12
40.64
41.88
41.22
41.52
39.55
39.65
40.66
39.76
44.72
44.29
39.75
38.94
40.65
42.76
42.98
43.09
41.45
39.3
38.88
NA
41.95
38.79
42.33
43.83
41.09
41.81
40.28
41.95
NA
NA
43.0
43.37
40.11
NA
42.72
39.97
38.46
41.46
42.37
42.42
43.59
41.6
41.01
NA
42.14
41.67
39.15
42.53
42.84
44.56
41.38
NA
41.38
41.95
41.49
42.55
41.83
40.1
NA
42.39
43.59
43.66
40.16
43.03
42.26
38.49
NA
40.81
41.28
40.11
44.26
42.89
42.96
39.71
33.64
40.73
43.33
40.1
41.6
39.2
39.6
41.9
41.6
43.5
42.48
38.7
42.04
43.27
41.22
38.85
39.15
40.52
40.52
45.44
NA
NA
NA
NA
NA
39.87
40.36
40.01
39.81
41.01
43.53
41.81
41.61
41.34
NA
41.36
42.78
43.46
NA
40.61
40.42
44.38
40.49
NA
NA
41.89
41.19
43.59
41.19
39.88
39.88
40.98
44.28
39.75
43.96
40.9
39.54
40.13
42.03
41.98
42.73
43.3
42.73
39.2
42.54
43.05
44.15
41.39
43.27
42.44
41.18
NA
41.54
40.33
42.97
41.31
39.06
43.04
42.78
38.83
39.92
43.93
40.21
39.75
43.22
39.57
43.77
39.77
38.27
41.02
40.19
40.36
43.31
39.41
39.71
41.81
39.5
43.3
42.3
40.04
41.94
42.84
42.24
42.04
44.14
40.66
40.84
39.94
NA
44.68
NA
41.83
39.05
40.01
42.62
43.21
41.76
41.43
40.78
43.11
42.91
NA
41.45
40.89
NA
41.87
42.23
38.27
43.46
41.28
41.38
40.31
41.65
40.08
44.99
42.68
42.56
42.21
40.35
39.85
43.3
44.56
41.72
38.75
42.25
41.95
41.36
43.27
39.07
NA
42.01
NA
NA
NA
NA
NA
46.18
45.0
42.34
40.92
40.84
42.13
38.28
NA
42.41
43.01
40.31
38.41
42.01
38.91
41.11
41.11
39.91
41.93
41.79
40.22
38.49
38.78
41.2
43.9
44.35
40.67
43.31
43.58
42.19
43.88
40.99
41.19
41.09
41.39
40.29
44.02
40.49
43.75
NA
39.94
NA
40.53
43.71
NA
44.3
40.2
40.5
38.9
39.8
44.1
39.1
42.6
39.16
42.54
43.99
42.43
46.24
40.33
43.33
41.93
42.4
40.11
40.71
44.41
43.84
42.85
40.66
42.69
41.69
36.87
43.67
36.73
42.35
42.96
39.85
40.93
43.49
41.94
38.24
43.85
40.21
40.79
40.91
40.29
NA
NA
NA
41.9
40.91
43.31
41.16
42.39
39.92
NA
41.4
43.51
41.33
38.88
42.52
39.62
NA
42.27
39.04
NA
42.21
NA
37.57
42.94
42.0
41.86
40.53
43.12
43.21
43.08
43.17
41.17
39.18
39.55
41.17
43.31
42.87
42.82
41.13
41.6
43.36
42.9
42.63
40.35
41.66
43.26
42.68
42.73
40.22
41.26
43.84
43.0
40.39
44.15
41.74
40.29
44.14
41.73
40.36