57.42
58.47
59.08
58.4
55.37
55.77
NA
57.83
59.2
NA
58.81
56.97
60.24
57.45
55.26
54.88
57.61
60.35
59.47
57.0
57.87
59.55
56.36
58.68
58.74
NA
55.89
56.66
57.37
56.44
57.88
58.82
57.67
58.71
60.38
60.13
58.4
55.32
56.85
59.68
57.49
57.4
61.29
57.51
62.95
57.66
57.17
NA
55.31
56.49
57.48
58.07
59.72
62.63
58.49
57.01
63.37
59.15
55.88
56.63
54.06
59.58
59.45
60.23
59.45
56.95
56.76
56.51
57.14
54.66
60.44
56.21
59.24
57.6
58.97
NA
55.6
56.66
58.07
57.1
57.07
55.99
58.24
54.02
61.56
63.83
59.06
60.38
57.25
59.07
NA
57.65
54.31
59.91
57.7
56.64
58.21
57.52
57.35
54.51
56.29
57.96
57.15
57.8
57.96
57.53
59.89
55.91
54.44
57.36
56.98
54.59
58.88
57.62
57.78
58.63
55.88
55.16
57.52
58.63
60.11
57.5
57.36
56.43
55.55
57.66
57.22
55.65
56.51
56.87
57.15
58.76
57.92
57.22
57.15
55.41
57.37
57.11
56.31
57.12
58.66
59.35
55.88
57.29
NA
55.93
55.81
57.06
60.0
57.75
55.54
54.02
56.59
58.06
57.67
59.28
56.5
55.86
60.71
57.81
57.34
61.15
55.87
57.91
60.82
61.27
56.02
62.94
54.79
52.74
62.52
63.82
57.47
55.4
53.82
57.96
54.68
57.91
58.49
57.66
55.57
54.71
57.41
57.61
57.71
57.55
56.1
56.05
60.8
57.87
56.26
59.51
61.26
59.36
61.25
59.58
61.22
59.44
61.29
59.46
61.29
59.86
57.85
59.66
55.41
58.56
57.65
57.21
60.33
56.4
54.94
58.95
NA
NA
57.71
60.67
57.47
60.71
57.76
60.9
57.61
57.22
58.29
58.22
59.42
58.33
60.96
58.81
57.46
NA
55.25
57.26
58.37
NA
NA
NA
NA
54.78
NA
58.85
56.62
58.47
57.19
61.35
58.25
57.75
58.07
59.25
NA
58.92
58.16
57.15
61.46
59.32
58.44
57.82
55.36
59.34
57.6
NA
NA
56.88
61.84
NA
60.48
61.21
57.09
56.91
58.53
62.51
57.91
57.77
55.99
57.1
56.52
58.05
54.55
57.85
58.15
56.14
57.36
NA
NA
NA
NA
55.68
56.28
60.59
61.48
59.66
56.24
57.09
53.77
57.89
55.98
55.7
56.2
61.5
NA
54.5
56.51
57.91
57.15
55.21
57.49
60.09
56.7
58.61
58.04
58.37
NA
60.1
60.3
57.24
55.49
61.17
59.08
61.44
55.68
57.24
56.16
61.08
60.19
60.23
57.72
56.84
61.2
58.96
58.93
61.09
60.21
60.24
57.32
58.51
56.42
59.58
58.43
59.51
58.6
59.42
58.17
59.52
58.06
59.52
58.06
55.89
55.48
55.89
55.88
56.07
57.48
57.75
60.4
57.51
54.63
53.82
61.01
54.88
55.07
54.01
57.29
57.23
58.74
59.29
60.66
60.79
60.54
58.41
62.89
59.42
57.85
NA
NA
57.19
55.92
57.41
NA
58.69
58.25
54.69
56.41
58.52
59.25
58.45
57.91
55.96
58.37
56.49
61.58
57.92
NA
51.27
NA
NA
59.52
55.65
54.41
51.27
NA
NA
59.27
55.46
51.76
54.55
NA
59.19
55.3
58.71
58.63
NA
63.03
63.03
62.98
62.92
63.07
55.35
52.2
NA
57.2
NA
NA
NA
NA
NA
61.29
58.72
58.22
59.57
58.97
NA
58.35
NA
55.09
55.95
NA
54.3
54.98
54.89
NA
58.3
56.14
55.33
56.02
60.29
59.53
59.31
60.44
55.25
57.82
59.09
54.79
NA
NA
NA
56.27
53.07
59.07
56.57
57.73
NA
55.62
NA
61.11
57.76
55.37
52.11
58.12
60.42
57.02
57.35
NA
NA
NA
56.84
54.77
54.17
56.27
55.97
57.32
NA
NA
57.63
58.03
55.83
59.1
57.4
56.3
61.67
56.87
56.87
60.67
54.37
61.16
58.12
60.18
55.7
58.1
61.12
58.12
60.07
57.21
56.58
56.88
57.38
58.67
58.57
58.37
55.81
56.04
61.7
57.17
58.67
57.37
60.3
60.85
57.8
58.5
55.27
59.43
57.15
58.05
61.21
57.41
59.03
58.28
58.34
58.17
54.87
56.87
58.07
57.07
57.87
56.51
56.51
60.3
58.8
58.72
55.53
NA
55.38
58.68
57.78
61.04
57.48
60.18
61.04
57.61
60.21
56.39
57.49
58.99
55.81
60.08
54.51
57.61
60.54
58.41
56.44
61.55
57.79
61.81
59.27
57.04
NA
54.28
55.76
56.38
56.6
56.38
56.28
60.56
56.76
57.13
54.82
58.02
57.2
59.87
60.97
57.33
57.28
59.16
54.81
NA
57.46
60.2
61.33
56.53
55.44
57.67
58.96
54.43
59.89
59.44
57.53
58.56
57.21
57.5
58.53
57.18
58.34
55.97
57.35
59.08
56.77
57.85
57.65
55.6
56.29
52.81
56.76
59.69
56.39
55.13
57.56
NA
NA
62.45
NA
58.05
53.72
58.06
57.96
56.57
59.52
NA
NA
NA
NA
57.57
57.05
NA
58.63
53.72
NA
NA
NA
57.26
56.94
55.82
57.32
59.38
56.88
60.99
57.65
58.15
52.49
55.59
53.99
55.15
NA
59.08
59.35
56.75
57.77
NA
61.54
59.98
61.84
59.97
53.3
52.7
52.7
NA
NA
59.44
56.84
59.18
58.25
58.63
58.41
59.27
59.42
58.83
62.78
59.51
57.52
58.8
NA
58.56
57.42
53.56
53.35
58.44
57.04
61.44
NA
57.54
56.94
56.8
59.35
56.75
60.18
58.56
58.62
58.07
55.8
54.82
58.52
57.02
58.72
58.67
59.32
56.82
59.24
56.52
56.76
58.67
NA
NA
58.01
55.36
57.73
56.82
58.67
NA
56.88
57.35
59.27
57.68
55.12
56.72
56.64
55.65
55.54
56.98
57.08
60.98
57.54
NA
58.14
57.94
54.99
54.59
NA
57.22
55.69
59.53
56.93
59.27
57.27
55.55
57.4
55.02
57.68
56.29
58.1
NA
59.34
57.48
60.61
61.75
59.95
58.68
57.27
58.45
54.43
NA
NA
NA
NA
58.18
60.46
58.08
NA
NA
56.7
56.97
56.86
60.4
61.49
57.96
58.38
NA
58.93
58.18
NA
NA
59.25
60.65
60.72
57.04
57.45
60.86
58.53
53.27
53.81
56.5
56.96
58.66
56.06
57.96
58.84
54.11
58.98
NA
57.17
58.81
60.22
58.11
55.3
58.65
58.11
59.1
NA
55.72
62.08
NA
54.58
55.95
57.33
57.35
57.45
57.08
57.33
56.86
56.24
58.25
57.59
59.93
59.94
60.01
59.86
55.94
60.18
58.44
55.76
60.1
58.35
58.03
56.32
57.11
55.52
56.42
NA
NA
57.16
56.86
57.7
56.13
57.71
56.32
55.96
57.51
54.94
56.09
58.75
58.15
60.59
56.49
56.22
57.17
57.76
NA
59.1
54.67
59.27
57.48
61.06
60.3
NA
57.52
60.13
57.22
61.08
56.96
59.42
57.25
57.76
59.85
56.64
57.48
61.24
58.08
56.33
59.76
55.63
NA
NA
NA
56.03
56.63
56.99
59.81
59.91
59.21
56.19
57.77
60.24
62.03
59.13
58.32
58.69
NA
NA
60.85
NA
59.92
58.02
59.32
57.26
58.51
55.67
59.56
57.99
59.22
NA
58.31
NA
60.18
60.15
57.25
57.55
55.05
60.95
59.55
NA
NA
59.27
57.9
60.41
54.49
59.9
57.35
54.96
59.12
57.31
59.11
58.59
62.43
56.53
57.51
54.3
53.43
57.75
58.25
58.35
57.66
57.86
63.76
55.76
58.06
57.58
57.41
55.81
58.05
56.98
55.81
58.7
58.6
58.61
56.43
NA
58.05
NA
NA
56.44
54.63
59.2
56.7
58.28
56.9
59.59
61.5
58.13
60.66
57.08
57.53
56.19
57.39
55.66
56.45
57.05
60.75
56.35
57.65
60.55
60.43
55.33
55.57
61.05
59.47
53.31
61.01
54.41
59.81
59.44
58.24
58.34
59.16
55.25
54.38
60.26
54.3
60.23
54.44
60.19
55.85
NA
NA
55.98
54.25
59.55
56.05
NA
NA
60.03
60.74
55.44
57.91
55.79
54.8
62.44
62.67
NA
NA
NA
55.67
57.15
55.42
57.74
54.54
54.17
59.67
57.17
58.71
58.71
56.75
57.23
57.24
57.24
57.32
56.82
58.62
60.23
55.19
57.71
57.46
61.36
57.78
60.41
58.82
61.01
60.65
61.5
58.13
60.66
57.88
60.95
60.71
56.62
57.55
56.8
58.64
56.78
59.22
56.42
60.98
58.48
57.48
54.1
NA
58.11
57.18
59.11
59.31
60.27
56.91
58.89
NA
59.29
59.13
62.27
56.88
55.93
NA
55.84
58.22
59.41
58.14
55.06
57.06
58.46
NA
57.45
NA
NA
60.86
60.88
60.59
59.11
57.41
57.38
54.0
57.3
59.69
59.82
58.31
62.71
58.71
59.99
60.7
57.18
57.2
69.17
57.01
56.58
57.22
NA
58.92
56.72
57.16
57.51
55.08
54.27
59.14
61.5
59.11
54.35
57.25
56.18
55.28
53.93
60.19
54.97
57.56
59.79
58.6
62.13
58.65
56.0
54.12
57.88
58.38
57.06
54.76
57.56
62.61
58.11
NA
57.28
57.52
57.52
57.77
56.88
57.09
56.71
57.26
57.56
57.49
55.29
57.31
57.28
59.02
60.32
NA
60.87
57.86
59.89
NA
57.92
53.6
NA
62.19
60.59
57.72
57.07
61.01
56.4
55.95
58.15
57.74
55.72
NA
NA
59.1
NA
NA
NA
58.71
58.82
59.64
55.44
57.75
57.26
57.3
57.3
NA
57.08
59.61
57.3
58.12
61.62
NA
NA
55.97
61.23
55.39
60.31
61.51
60.87
55.91
59.03
57.48
55.62
55.52
54.05
60.33
56.11
55.99
57.48
59.9
58.49
NA
53.27
57.17
59.27
57.17
NA
NA
55.44
57.14
59.14
57.86
NA
55.29
59.68
58.38
57.84
59.25
54.91
59.37
57.67
59.31
57.32
61.07
57.12
56.99
57.59
58.93
57.02
54.99
56.73
57.7
58.08
61.49
60.21
59.12
NA
56.92
54.77
58.08
58.81
57.62
57.71
57.25
64.0
62.66
61.4
57.79
NA
58.19
60.0
61.12
57.37
60.2
57.7
60.5
58.06
57.25
55.96
57.76
57.96
57.76
59.76
62.22
58.42
57.78
57.93
58.23
58.13
57.39
56.46
57.53
58.21
58.57
58.54
57.33
57.82
58.07
57.44
54.34
58.83
57.83
NA
NA
53.33
57.93
56.57
NA
53.44
61.31
57.94
63.65
60.62
59.19
57.44
57.56
61.76
61.49
57.98
60.38
54.51
62.01
58.62
56.02
58.84
NA
57.15
62.93
59.08
62.41
59.51
56.89
61.5
59.98
58.88
NA
57.12
NA
60.25
58.45
57.92
57.06
58.46
56.12
58.77
57.58
62.79
57.61
57.93
59.18
57.41
NA
57.02
51.93
56.24
60.48
NA
54.88
60.18
60.78
61.08
62.28
56.23
58.71
57.91
58.67
56.94
60.05
57.57
55.05
59.21
56.41
54.75
54.23
55.49
NA
54.61
52.84
55.64
61.04
56.14
57.82
60.02
56.69
54.99
56.64
55.64
60.04
55.32
57.18
58.7
59.95
NA
56.85
60.36
57.36
59.56
56.12
59.12
58.03
59.28
NA
56.98
59.77
56.87
59.61
56.71
56.3
57.5
57.5
59.5
NA
57.1
57.87
59.9
58.53
58.99
NA
56.4
60.13
57.13
57.55
59.87
57.71
56.6
54.8
56.01
62.79
56.69
63.42
NA
NA
NA
54.43
NA
57.17
56.38
59.62
63.37
57.93
61.02
55.27
59.19
55.99
58.69
57.79
55.25
61.49
56.83
NA
57.7
59.89
57.38
58.97
63.44
58.58
58.58
58.68
56.82
56.89
57.86
57.33
56.53
57.87
NA
55.64
NA
NA
54.64
58.11
NA
55.83
56.63
58.07
55.76
54.67
56.29
58.91
60.91
58.44
60.26
53.15
53.87
54.4
56.91
53.19
NA
57.73
55.63
57.98
57.81
NA
56.93
57.22
56.14
56.64
56.64
57.74
58.69
61.73
57.87
57.03
56.34
55.6
54.5
55.8
53.3
NA
58.35
NA
54.01
NA
NA
54.99
61.15
57.08
57.8
56.76
56.71
57.25
57.3
57.78
53.39
57.65
57.58
54.78
56.14
58.64
54.02
54.73
59.56
57.3
60.19
58.79
55.79
53.88
56.63
56.94
59.74
60.16
59.33
57.28
57.41
56.34
59.81
57.22
57.54
53.64
56.83
58.41
58.58
58.62
57.3
56.83
58.7
56.36
57.85
57.71
55.79
59.27
NA
NA
56.26
56.12
56.01
59.13
54.32
57.36
58.36
60.69
56.35
57.42
52.5
54.07
59.19
56.54
57.94
57.67
57.56
56.41
56.58
57.3
57.6
58.95
56.1
57.54
58.34
59.06
56.5
52.83
NA
58.87
57.92
55.16
57.45
55.56
57.67
60.17
NA
NA
57.89
57.63
56.94
57.68
57.61
57.98
58.86
NA
NA
58.77
58.75
58.67
58.4
NA
57.8
57.86
59.25
57.3
57.69
55.61
61.69
57.79
58.15
56.29
56.29
57.88
58.09
NA
56.58
57.32
57.53
60.76
60.9
58.0
58.0
57.4
54.51
NA
59.42
56.84
56.45
58.16
59.06
57.84
59.46
57.26
58.44
59.59
56.39
59.75
57.25
57.69
57.25
61.05
57.68
58.59
57.62
58.52
56.6
57.0
57.55
57.93
57.53
NA
NA
57.56
NA
59.55
57.52
60.94
58.85
59.62
57.48
56.84
57.94
58.87
58.93
NA
55.88
59.17
60.01
52.07
56.53
58.6
59.87
59.79
59.67
59.61
58.53
58.46
56.54
NA
NA
NA
NA
57.54
56.99
57.97
58.44
57.48
57.45
61.01
61.07
57.22
57.65
57.22
60.81
55.17
59.36
57.57
55.94
57.49
57.49
NA
57.59
57.19
58.09
59.04
57.67
NA
NA
NA
NA
54.88
57.38
56.98
61.33
58.53
56.29
56.81
55.17
56.99
56.23
57.49
60.54
57.32
56.11
58.16
56.35
NA
NA
57.35
NA
54.03
54.92
56.48
57.14
59.38
54.48
59.63
56.49
57.12
59.51
54.53
59.59
60.49
57.64
55.17
59.8
56.5
56.82
55.77
57.45
62.09
NA
59.06
54.66
60.88
59.3
58.74
59.47
59.77
59.5
58.71
55.64
61.63
58.87
55.72
61.78
58.9
57.82
57.19
NA
57.49