39.28
39.48
39.54
38.5
38.39
NA
39.02
39.02
NA
38.17
38.61
37.94
38.41
38.18
38.76
39.03
40.36
38.69
40.4
38.9
39.01
39.11
39.05
37.7
38.46
39.97
39.18
39.01
38.55
39.32
NA
37.9
38.9
40.15
39.49
39.14
39.29
40.5
39.02
39.29
37.66
NA
40.33
39.18
38.6
NA
40.01
40.36
41.06
37.85
39.75
39.18
39.58
38.01
37.3
39.42
NA
40.47
39.65
36.42
NA
39.26
38.32
39.57
38.61
38.64
38.63
39.55
38.93
39.24
39.86
38.85
40.09
39.03
38.76
37.93
38.81
41.75
38.04
NA
38.31
38.87
39.57
38.87
NA
39.11
39.07
39.48
39.39
38.62
39.98
NA
40.83
38.9
38.48
40.07
39.89
40.14
36.45
39.53
40.22
38.49
39.46
38.45
39.7
40.26
37.84
39.63
38.86
39.23
40.46
NA
37.73
38.53
38.35
37.39
38.15
39.84
38.29
39.17
NA
39.24
38.87
38.65
38.75
39.77
42.14
39.11
38.85
39.93
38.85
37.81
39.08
39.04
39.08
39.43
39.16
NA
39.26
39.49
38.33
39.83
39.36
39.24
39.53
39.44
38.74
39.23
39.52
39.42
39.37
39.64
39.5
39.17
39.45
39.43
38.97
39.27
39.2
37.77
39.61
39.25
NA
39.45
39.05
38.22
39.61
39.08
38.27
NA
38.46
40.67
39.19
40.11
40.11
39.64
37.19
38.35
39.5
39.59
37.73
39.0
39.87
41.34
39.89
40.41
38.61
41.15
41.25
40.28
38.41
40.03
36.63
39.19
39.75
38.33
38.98
39.92
39.95
39.01
35.73
40.04
39.64
39.69
40.19
38.83
NA
38.33
40.18
40.18
40.18
40.35
40.25
39.24
NA
39.21
38.21
40.81
38.11
39.01
38.21
39.31
39.98
38.97
39.09
37.57
40.16
39.76
35.52
39.43
40.04
35.63
39.5
40.36
40.68
38.53
39.52
NA
37.38
NA
NA
38.36
39.38
NA
NA
NA
NA
37.74
NA
NA
NA
NA
35.94
35.93
40.16
40.26
39.67
36.48
37.42
37.24
39.83
NA
38.71
38.15
39.43
38.1
38.6
40.07
39.88
39.02
NA
43.18
39.66
38.77
39.32
37.65
38.64
39.7
38.32
NA
NA
NA
40.79
37.83
36.81
39.68
37.04
NA
NA
NA
NA
NA
NA
NA
NA
39.28
37.13
38.96
38.11
39.34
39.68
39.25
39.73
38.73
37.8
38.9
38.9
38.5
38.77
37.52
38.53
38.9
NA
38.84
39.31
39.08
40.23
38.74
39.74
40.64
38.94
39.54
39.74
38.55
38.2
39.73
38.88
38.59
38.12
40.57
38.94
39.23
38.51
NA
NA
38.5
39.47
39.1
NA
NA
NA
NA
NA
NA
NA
NA
NA
NA
NA
NA
NA
NA
NA
39.14
NA
39.92
NA
39.38
39.4
36.7
37.9
39.1
40.16
37.6
39.34
38.17
39.34
NA
39.18
39.12
38.2
39.8
39.67
NA
NA
NA
38.6
37.6
38.6
38.8
39.3
36.8
39.32
41.32
NA
39.97
38.78
41.02
39.96
37.74
38.67
38.82
37.95
38.57
39.4
NA
39.54
38.96
37.12
37.76
38.88
39.18
37.11
39.47
41.27
NA
40.11
38.7
41.25
40.3
40.07
NA
30.08
36.44
38.37
38.23
36.27
39.51
39.7
40.12
40.14
39.29
40.07
39.3
39.8
39.26
39.82
39.3
39.82
39.3
39.76
39.32
40.16
38.39
39.4
39.23
38.46
38.74
39.84
38.78
40.15
40.1
38.93
39.3
38.44
39.28
37.95
37.94
NA
NA
40.57
NA
NA
39.4
37.91
38.97
NA
38.19
40.28
39.36
38.36
40.87
NA
NA
NA
NA
NA
NA
NA
NA
36.91
37.87
38.83
36.22
41.05
37.81
37.57
NA
38.12
39.39
38.12
38.34
38.12
38.64
39.71
38.17
39.59
38.11
38.49
38.1
38.69
39.59
38.36
NA
37.78
38.69
37.07
NA
39.4
39.31
40.52
40.55
40.44
40.47
40.37
41.08
39.61
41.34
37.88
39.33
39.33
39.35
39.32
39.29
38.23
39.83
39.35
32.09
NA
NA
NA
NA
39.95
NA
NA
NA
37.04
37.29
39.51
37.31
39.82
39.99
40.49
38.17
NA
NA
36.98
39.85
NA
NA
NA
41.61
38.81
39.29
38.47
39.96
38.56
37.76
39.46
43.35
39.59
NA
37.39
37.62
37.44
39.25
39.06
38.79
NA
NA
NA
36.77
39.83
39.65
37.91
39.83
39.07
38.23
39.26
37.43
39.52
38.22
39.49
38.38
39.97
NA
NA
NA
NA
NA
37.92
NA
NA
34.13
39.02
NA
NA
NA
37.78
NA
38.1
39.6
39.7
NA
38.21
37.16
39.78
39.78
38.5
38.97
39.01
38.59
37.69
39.39
37.29
39.5
38.09
39.38
38.59
40.41
37.81
39.61
39.61
38.31
39.91
40.01
38.31
38.61
39.71
38.5
38.51
38.5
38.3
39.85
38.73
38.42
36.93
38.73
38.53
38.13
40.03
39.94
39.84
38.94
39.05
38.75
39.05
38.05
39.05
37.91
40.95
38.66
38.26
39.52
38.18
36.8
39.54
40.33
38.29
40.31
38.62
35.88
39.64
NA
NA
39.58
39.58
NA
NA
39.08
37.58
39.78
37.32
40.02
37.71
38.84
39.99
39.62
33.38
NA
37.91
39.34
39.44
37.63
39.9
38.97
39.47
41.9
38.57
39.68
38.48
38.5
38.71
39.51
38.36
38.95
39.01
41.05
38.82
37.31
39.51
40.13
40.56
40.14
40.53
39.01
38.49
40.56
NA
40.47
36.58
39.34
NA
37.18
NA
37.15
NA
39.47
39.77
40.17
35.47
NA
NA
38.57
NA
NA
39.63
37.98
39.08
38.52
37.97
39.57
39.35
38.75
39.75
38.62
36.98
39.56
36.24
35.79
37.66
37.95
38.67
38.46
36.95
38.59
38.47
39.19
39.59
39.68
38.58
NA
NA
36.64
38.89
38.7
39.6
37.55
39.15
38.89
38.35
37.95
NA
NA
37.65
40.35
39.35
39.25
39.95
39.25
39.42
39.46
39.17
37.87
39.02
NA
39.22
39.25
36.19
36.58
39.14
36.78
41.61
39.21
38.15
38.47
38.99
NA
NA
NA
NA
39.52
38.82
40.71
40.69
39.88
39.61
37.84
38.61
39.95
38.15
39.69
39.35
38.15
41.03
NA
37.88
38.76
38.92
NA
37.41
39.41
39.11
38.91
43.31
40.61
39.11
38.21
39.41
39.1
39.59
41.48
NA
NA
37.65
39.84
37.57
39.61
NA
38.39
39.87
NA
39.45
39.59
39.48
38.99
NA
39.08
38.18
37.78
39.46
39.31
39.2
NA
NA
37.65
39.15
38.55
NA
38.55
39.27
40.1
41.07
NA
40.01
41.31
39.84
39.5
NA
39.94
38.11
39.83
40.39
39.75
NA
39.07
39.89
40.25
39.62
39.11
41.39
39.18
40.11
39.31
39.61
NA
39.14
38.94
38.14
37.84
39.74
40.74
38.54
38.86
41.52
38.08
39.51
NA
38.24
39.3
39.23
39.68
38.87
38.77
38.81
38.94
37.56
NA
40.1
NA
39.4
NA
38.76
38.74
38.94
39.74
36.97
40.62
40.48
40.05
NA
40.22
40.2
40.22
40.29
37.58
39.46
NA
37.19
38.84
37.55
36.03
37.52
40.12
39.62
37.02
38.42
NA
39.25
39.33
39.84
39.04
38.96
40.99
40.69
38.57
NA
NA
40.6
37.71
39.2
39.47
37.54
37.73
37.97
37.94
38.94
40.16
NA
39.05
37.28
NA
NA
NA
NA
NA
NA
38.51
39.49
39.16
38.78
NA
39.69
38.98
39.1
39.41
38.68
39.3
38.13
39.43
40.48
39.46
39.65
NA
38.98
40.09
39.39
38.39
40.59
39.76
39.69
38.3
39.02
38.53
39.71
NA
39.24
39.59
37.43
37.48
NA
NA
39.52
38.72
39.72
38.74
38.9
37.05
NA
43.5
40.0
38.3
41.1
41.16
41.16
38.76
38.56
NA
39.13
39.36
39.59
38.89
39.45
NA
NA
41.09
35.72
35.47
36.96
35.72
38.96
39.36
39.37
39.51
38.76
39.26
38.5
38.43
38.96
37.52
38.18
NA
NA
NA
38.52
39.42
38.12
39.22
39.31
36.21
36.51
39.21
37.01
41.61
39.31
38.21
38.51
39.01
39.29
36.39
37.39
39.19
36.89
40.49
39.19
38.19
38.49
37.89
36.47
39.5
39.77
39.22
40.6
40.66
39.46
39.66
41.01
40.93
NA
37.76
39.01
40.59
38.72
40.49
38.45
37.66
36.6
37.9
38.1
NA
36.98
39.59
39.2
38.69
40.4
39.58
39.03
38.46
40.1
39.02
39.64
36.3
38.96
NA
NA
39.12
38.22
39.82
40.52
40.54
38.38
NA
39.32
38.54
NA
NA
39.26
NA
NA
NA
39.39
38.89
38.8
38.95
38.59
38.86
39.25
40.54
38.41
39.38
38.82
39.24
38.44
34.74
38.33
39.97
35.66
39.86
38.09
39.69
38.09
39.34
NA
NA
NA
NA
38.52
40.12
39.0
39.12
39.24
38.38
38.85
NA
40.62
40.83
37.94
37.46
39.25
39.15
37.75
NA
40.45
40.02
NA
38.45
39.42
38.98
29.83
39.96
39.96
39.3
36.18
39.58
41.38
35.73
40.59
39.01
40.6
40.03
41.58
NA
39.06
38.28
39.79
39.18
39.37
38.76
38.56
38.86
38.96
39.06
39.26
39.05
39.25
39.85
39.75
40.56
40.24
40.22
40.59
39.71
39.63
39.71
NA
NA
NA
NA
34.86
37.37
37.99
40.16
37.19
NA
37.82
39.02
38.08
38.8
37.69
NA
39.94
39.02
39.05
36.35
39.27
37.34
38.29
35.6
41.98
39.32
37.59
38.41
40.66
39.44
37.66
38.67
37.14
39.89
37.89
39.89
39.06
38.46
38.96
38.66
38.96
39.06
40.25
38.25
38.35
36.05
38.5
38.11
NA
NA
NA
NA
NA
NA
NA
NA
40.63
40.41
39.83
38.06
NA
36.38
NA
40.53
39.49
39.74
37.71
37.01
40.51
39.67
39.58
40.2
40.27
37.56
NA
NA
NA
NA
39.65
40.48
39.56
38.86
43.65
40.15
40.93
40.14
39.34
38.88
38.34
39.34
39.34
43.57
40.17
39.01
39.29
38.99
39.89
39.91
39.11
39.6
39.02
38.65
40.21
39.13
40.01
39.5
38.48
39.32
40.71
36.62
39.4
38.84
39.87
38.94
40.26
38.46
36.0
39.81
40.08
39.64
38.86
37.92
37.71
36.82
39.55
38.85
39.5
40.4
38.75
38.29
35.6
41.98
39.32
37.59
38.41
41.49
38.0
37.87
39.38
39.1
37.91
39.52
38.62
39.08
39.18
38.6
40.02
40.25
38.09
NA
39.98
38.58
39.39
39.77
40.35
NA
39.86
39.59
38.39
40.39
39.6
35.98
37.78
NA
38.38
NA
38.68
NA
38.08
41.76
38.28
41.45
NA
39.68
39.23
40.04
38.87
39.89
NA
38.92
38.43
39.4
38.32
40.22
36.74
38.74
39.14
38.29
38.9
36.14
38.95
38.62
38.06
39.76
39.52
38.31
38.05
39.74
NA
38.39
38.11
37.6
38.5
NA
39.9
39.0
39.0
NA
38.8
36.6
NA
39.3
39.27
39.32
38.71
38.01
40.21
39.61
37.84
39.34
NA
36.37
40.41
38.98
42.29
38.79
39.05
39.36
39.69
39.33
38.87
36.46
34.84
37.71
38.11
39.44
38.95
38.85
39.08
37.25
38.6
38.72
39.07
38.01
38.95
38.75
37.12
39.5
39.5
39.05
36.94
36.73
37.98
38.14
38.67
37.66
38.13
39.31
39.48
37.4
36.67
38.0
38.74
37.82
38.19
39.26
NA
NA
NA
NA
39.36
40.08
37.38
37.78
37.76
38.76
NA
NA
39.41
38.21
NA
40.45
36.62
38.15
NA
NA
39.32
40.32
39.06
39.75
36.84
35.75
39.42
38.76
39.48
41.8
38.99
39.19
39.69
38.43
40.3
38.37
39.54
39.76
39.76
37.43
39.72
39.72
38.47
37.89
39.67
38.59
41.69
39.02
38.32
39.7
40.03
38.9
40.95
38.39
39.21
39.61
40.01
40.25
38.25
35.35
40.41
39.87
38.42
38.54
39.07
37.84
39.14
39.24
39.5
40.4
38.6
38.1
NA
37.78
NA
39.36
37.36
38.44
38.34
40.14
NA
NA
39.04
36.7
37.29
39.04
40.21
34.71
38.61
41.43
39.2
39.69
36.39
39.18
38.72
NA
39.16
38.89
40.03
NA
NA
39.47
38.67
38.07
NA
39.37
39.64
37.74
39.22
40.03
39.1
38.24
39.89
36.59
39.02
38.08
37.46
NA
40.05
40.0
38.38
39.11
37.06
38.8
36.5
39.85
38.48
39.84
39.25
38.39
39.89
39.41
37.05
39.98
37.7
40.53
NA
NA
38.99
NA
39.68
37.69
40.91
39.03
39.25
38.11
38.72
37.17
38.79
33.49
38.56
39.11
40.0
39.26
39.06
40.26
37.56
40.06
37.96
39.2
39.45
40.15
39.83
39.03
39.69
40.97
39.36
39.56
39.06
40.32
NA
39.78
NA
40.4
38.95
38.31
NA
NA
37.93
37.83
39.33
38.73
40.6
40.5
NA
38.01
40.54
40.04
38.69
40.64
NA
39.44
37.65
39.64
38.94
37.93
39.6
38.44
39.41
38.07
39.39
40.53
42.44
41.42
NA
40.09
40.23
38.63
39.43
39.43
39.99
38.7
39.4
39.7
38.87
39.0
38.8
40.89
NA
39.22
39.48
40.35
38.64
39.63
NA
39.4
39.26
35.39
38.91
37.65
39.58
40.03
38.94
39.1
38.81
39.07
38.81
39.31
38.81
39.38
38.54
39.11
37.94
40.44
40.28
37.75
NA
39.34
39.14
38.12
39.29
41.59
NA
39.01
38.09
39.01
39.07
38.61
38.61
37.91
39.07
39.27
39.69
39.89
38.65
38.31
40.11
37.93
38.22
37.51
38.37
37.21
40.55
38.13
38.41
37.9
38.53
39.15
37.18
40.94
38.42
39.53
NA
39.73
NA
38.85
38.81
36.75
NA
39.22
40.15
38.18
39.26
NA
36.73
38.27
42.96
38.92
36.02
40.82
40.22
38.92
NA
NA
NA
NA
39.29
39.29
38.5
37.57
NA
NA
NA
NA
NA
NA
NA
NA
NA
40.45
40.16
39.09
38.19
39.19
39.07
39.2
38.65
41.03
38.43
38.69
39.53
39.2
39.26
37.85
38.42
39.49
39.33
NA
38.63
38.98
39.98
38.95
38.52
39.37
39.07
41.35
38.64
37.54
38.03
40.61
40.29
40.39
39.37
38.36
38.83
39.85
39.38
38.18
37.96
NA
NA
39.31
38.48
39.26
38.19
38.61
37.6
39.24
40.66
35.67
39.69
38.78
39.96
39.51
38.73
39.19
NA
39.48
36.78
39.19
39.57
39.32
39.2
NA
NA
39.36
39.83
37.69
38.04
39.26
38.67
39.21
37.82
39.53
39.6
NA
37.62
NA
36.68
38.79
37.47
38.86
39.21
37.72
39.02
39.02
NA
NA
NA
NA
NA
NA
NA
NA
NA
NA
38.36
39.7
39.72
38.83
38.16
39.95
39.7
38.2
39.3
40.0
37.49
40.63
39.11
37.91
39.01
39.11
39.51
38.91
37.71
37.91
38.01
NA
38.86
38.7
40.07
39.11
38.78
38.97
39.48
NA
39.11
36.01
NA
36.26
39.38
36.82
37.14
39.13
38.78
NA
38.78
40.21
36.93
38.8
39.22
42.38
40.37
38.11
NA
39.5
39.65
40.52
39.25
39.65
41.72
38.91
39.4
39.84
39.37
39.18
39.41
39.17
38.95
NA
39.62
39.0
38.15
38.28
37.26
39.04
39.06
37.66
38.85
39.33
40.3
38.68
38.42
37.32
39.64
35.14
39.64
39.24
39.21
39.01
39.21
38.46
39.26
39.23
NA
36.51
39.3
36.72
41.62
39.18
38.1
38.56
39.01
39.16
39.44
38.94
38.51
40.53
38.69
38.6
39.55
38.82
39.32
40.05
38.57
38.31
39.2
38.84
40.49
36.59
39.2
39.5
38.52
39.94
37.7
39.98
39.87
37.67
38.68
39.41
39.15
38.8
38.74
40.06
NA
41.03
41.16
39.14
40.42
40.18
39.55
38.52
38.76
36.66
39.2
39.34
39.14
39.36
38.92
40.12
38.89
39.12
39.38
NA
37.68
36.58
37.46
38.6
38.38
39.44
38.94
38.51
40.53
39.44
NA
38.91
39.2
39.91
38.91
39.33
37.64
41.95
38.2
37.26
41.1
39.33
38.92
39.32
NA
36.61
36.61
39.45
38.27
39.15
39.53
37.75
39.84
37.26
39.75
37.9
38.24
39.73
39.06
38.29
NA
NA
39.45
39.45
38.62
NA
37.36
38.71
40.9
39.35
40.36
NA
NA
NA
38.27
38.61
NA
39.51
38.38
39.03
39.08
39.41
38.77
39.69
39.6
39.09
39.02
39.03
38.3
39.4
39.05
NA
36.58
36.58
39.42
38.88
39.48
39.33
39.12
NA
NA
39.07
38.72
39.74
39.29
39.11
37.8
40.7
NA
39.44
40.4
42.43
38.77
41.27
40.26
39.58
38.65
39.15
38.6
38.34
39.21
39.58
38.24
37.7
37.84
38.34
39.24
41.2
NA
NA
37.95
39.09
38.79
39.25
40.05
39.07
39.3
39.3
40.86
38.4
NA
37.85
40.16
37.01
38.78
37.18
39.26
39.76
NA
37.84
40.21
37.01
38.7
37.15
39.3
39.76
38.68
38.76
40.27
39.69
37.97
39.26
39.04
37.24
39.14
38.16
39.19
NA
NA
37.71
37.93
37.66
37.89
38.75
39.32
39.04
38.89
38.57
40.01
36.52
38.44
39.06
41.71
38.87
40.02
39.17
38.67
38.82
37.95
39.54
37.88
39.5
40.42
40.87
40.24
40.76
38.74
38.14
38.76
39.46
38.71
39.46
36.51
40.71
38.76
38.13
38.74
39.42
38.75
39.49
36.53
38.99
38.24
37.4
36.84
39.97
NA
35.47
36.67
42.53
NA
NA
38.64
40.88
39.82
36.69
39.36
42.46
NA
NA
38.84
41.27
40.19
NA
NA
NA
NA
NA
NA
NA
NA