NA
45.23
45.31
46.1
45.24
44.67
44.95
45.57
43.98
43.68
45.16
46.33
45.39
44.03
45.51
NA
NA
44.25
43.94
44.86
NA
44.55
NA
NA
NA
44.83
48.09
NA
NA
45.32
45.28
45.5
44.47
46.54
45.49
NA
NA
NA
NA
45.28
45.11
NA
45.79
46.5
46.73
NA
45.4
45.36
44.73
45.21
NA
45.21
45.16
45.38
43.54
43.77
46.14
46.48
45.28
NA
NA
45.03
45.68
45.93
45.26
NA
NA
NA
NA
45.21
43.5
44.36
46.97
43.85
43.53
45.14
46.03
44.41
44.92
45.54
45.84
44.96
45.17
NA
NA
NA
45.32
45.67
45.89
45.32
45.07
45.39
46.38
44.63
NA
NA
NA
44.8
44.4
47.38
45.25
45.6
44.88
45.04
NA
NA
NA
44.82
45.07
44.4
47.2
45.76
45.02
46.35
44.9
45.28
NA
NA
NA
NA
45.39
46.38
43.58
NA
NA
NA
45.44
45.68
45.47
43.63
44.08
44.65
NA
45.51
45.19
45.15
45.62
45.95
45.47
44.14
45.83
45.65
45.79
45.33
44.8
46.29
NA
45.31
45.29
46.01
45.32
45.81
45.4
45.29
45.42
45.19
45.3
45.01
45.23
44.57
NA
NA
NA
NA
45.26
45.35
44.96
45.76
45.33
45.21
NA
NA
NA
NA
NA
45.1
NA
NA
NA
45.35
45.28
44.54
45.58
45.31
44.57
NA
NA
NA
45.18
45.34
44.69
45.2
45.45
44.9
NA
NA
NA
45.14
44.84
46.78
45.25
NA
NA
NA
45.33
44.43
47.64
44.83
45.44
46.28
43.96
45.17
NA
NA
NA
45.41
46.13
46.17
44.49
NA
NA
NA
45.31
45.25
45.08
47.41
45.55
NA
NA
NA
45.23
45.3
45.21
47.12
45.74
NA
NA
NA
44.79
45.06
46.72
45.31
46.46
NA
NA
NA
45.14
45.7
46.68
NA
NA
NA
44.96
44.74
47.92
44.36
NA
NA
NA
NA
45.32
45.39
45.11
45.09
NA
NA
NA
45.51
47.59
45.18
46.31
45.44
46.84
44.68
45.73
45.29
45.75
46.75
45.59
45.54
44.97
44.9
46.5
45.73
43.15
45.25
46.0
43.35
45.65
45.28
44.83
45.39
44.3
44.47
45.64
46.11
45.34
43.48
44.61
45.5
44.95
44.99
44.96
46.39
NA
NA
45.51
45.82
46.85
45.71
NA
NA
NA
45.27
45.01
44.36
45.66
44.94
45.18
NA
NA
NA
46.0
44.42
47.13
46.05
45.32
43.62
43.14
46.58
NA
NA
NA
NA
45.4
45.99
44.28
45.56
46.03
45.53
NA
NA
NA
NA
45.31
45.35
44.77
NA
43.35
45.32
45.22
42.33
44.62
43.29
45.43
44.51
45.09
NA
NA
45.09
44.81
44.77
45.19
45.34
44.42
NA
NA
NA
44.59
43.66
45.5
45.58
44.63
45.06
44.95
NA
NA
NA
45.36
45.34
46.98
45.52
44.49
45.98
45.4
45.94
44.7
NA
NA
NA
44.59
44.27
43.5
45.07
44.38
46.7
44.38
45.37
45.4
NA
NA
NA
45.0
45.32
44.47
44.54
45.06
45.28
44.62
45.82
44.72
43.36
44.74
44.43
NA
NA
43.75
NA
46.18
44.41
45.68
44.3
47.75
47.44
45.42
44.79
46.51
45.2
44.4
44.69
46.27
NA
45.37
45.27
45.6
45.12
45.98
44.45
NA
NA
NA
44.55
45.01
45.22
44.59
45.35
45.33
NA
NA
NA
NA
NA
NA
45.53
43.54
45.6
46.4
45.56
45.38
44.67
NA
NA
NA
NA
45.16
44.26
45.31
45.47
45.5
NA
NA
45.18
44.45
46.68
46.24
44.9
44.75
47.21
44.45
NA
NA
NA
NA
45.32
45.84
45.31
45.91
NA
NA
NA
NA
NA
46.35
44.33
46.26
44.42
NA
NA
43.69
NA
45.36
45.35
45.3
47.81
44.09
46.42
43.92
44.72
46.27
NA
NA
NA
44.99
45.29
47.3
NA
NA
NA
NA
44.67
45.46
NA
45.26
44.87
45.66
43.72
44.77
NA
NA
NA
45.41
45.89
45.06
45.09
45.23
45.38
47.86
45.57
NA
45.87
45.07
44.75
NA
NA
45.37
45.32
45.82
45.25
46.62
45.52
47.32
45.41
45.46
47.32
44.72
45.33
45.41
NA
43.38
45.26
44.49
48.57
45.51
46.83
44.65
46.1
NA
NA
46.12
45.68
44.89
45.0
44.99
45.46
45.68
46.87
NA
NA
NA
45.43
45.27
NA
NA
NA
NA
45.03
45.03
45.99
45.2
44.21
45.85
NA
NA
NA
NA
44.38
46.53
44.0
43.97
45.72
45.63
45.36
44.9
46.29
44.87
45.16
45.29
NA
NA
45.48
45.46
46.88
43.4
44.48
46.06
45.96
46.73
44.74
NA
NA
NA
NA
46.12
46.1
44.87
45.84
44.71
NA
NA
NA
45.2
45.28
45.0
NA
NA
NA
NA
NA
44.97
45.76
NA
45.26
46.24
45.36
47.01
46.65
45.6
45.17
45.07
44.47
NA
NA
45.23
NA
45.28
45.38
45.07
46.72
NA
NA
NA
45.92
46.52
44.29
46.45
47.26
45.78
NA
NA
45.91
45.18
46.33
45.61
45.96
44.62
46.58
45.67
46.11
45.82
NA
45.36
45.06
46.14
47.83
NA
NA
NA
45.19
45.33
44.73
45.26
NA
NA
45.42
45.35
44.24
46.09
45.53
44.71
NA
NA
NA
45.08
44.34
46.68
45.19
46.51
44.94
45.26
45.87
45.69
NA
NA
NA
45.29
45.96
NA
NA
NA
46.11
44.76
44.85
46.62
NA
45.32
NA
46.19
45.39
47.12
43.99
43.74
45.15
45.41
46.31
44.27
45.39
44.76
NA
43.44
45.39
45.46
45.48
45.04
44.33
45.46
46.5
44.94
44.61
47.43
45.41
45.05
45.97
46.15
NA
NA
45.17
46.44
46.57
NA
45.34
45.17
46.93
43.4
45.53
47.59
46.32
NA
NA
45.4
46.21
46.4
45.41
46.49
47.0
45.03
NA
NA
NA
NA
NA
NA
45.17
45.17
45.68
45.64
44.31
46.88
44.49
44.84
NA
NA
NA
NA
46.38
47.22
NA
44.7
44.59
45.44
NA
NA
45.61
43.6
47.01
46.31
44.81
NA
43.51
45.39
45.41
45.43
45.42
45.2
45.34
45.14
43.27
44.9
45.29
44.66
46.2
NA
NA
NA
44.45
45.15
45.15
45.31
44.96
NA
NA
45.36
45.46
45.01
45.25
44.67
44.64
NA
NA
45.4
45.36
44.42
46.87
45.89
44.46
43.23
45.27
44.6
44.6
NA
NA
NA
NA
NA
NA
NA
NA
NA
NA
45.31
45.28
45.18
45.15
44.94
46.67
47.94
46.76
45.41
45.49
44.14
44.94
45.53
NA
NA
NA
45.39
45.38
44.79
45.41
45.45
45.32
44.79
NA
45.26
45.33
45.72
43.82
45.4
44.59
NA
45.33
45.25
44.59
45.02
45.0
46.95
43.98
46.5
45.84
44.77
NA
NA
NA
45.42
44.25
44.04
44.03
45.36
45.32
44.97
45.5
NA
NA
NA
NA
45.39
45.14
46.15
45.9
45.26
45.15
44.49
NA
NA
NA
NA
45.24
45.53
47.04
45.19
NA
NA
NA
NA
45.34
NA
NA
NA
45.33
45.17
44.39
45.17
45.39
46.3
45.14
44.61
46.11
43.48
44.0
45.12
46.19
46.17
44.93
44.43
45.92
43.37
45.26
44.54
44.68
44.89
44.94
45.17
44.55
46.14
NA
NA
45.17
45.36
45.11
44.28
NA
NA
45.34
45.98
44.98
45.06
45.14
45.16
44.45
NA
44.78
45.86
45.93
43.29
47.08
45.16
45.19
44.91
45.87
46.03
43.33
47.22
45.26
45.3
45.26
44.57
45.72
NA
45.1
45.37
45.57
44.87
45.82
45.97
43.39
NA
45.18
45.21
45.02
44.15
45.67
46.92
45.14
45.86
45.29
NA
NA
NA
45.32
44.5
47.15
44.95
45.55
47.22
NA
NA
NA
NA
45.15
45.39
45.3
NA
NA
NA
43.32
44.62
45.63
44.58
44.86
NA
NA
43.48
46.08
45.27
46.0
44.51
45.39
45.33
44.48
44.16
NA
NA
45.38
45.26
45.52
45.89
45.84
NA
NA
NA
45.37
46.11
44.54
46.36
44.49
45.46
44.98
46.81
44.88
45.16
46.23
NA
NA
NA
45.32
45.25
46.12
45.24
46.16
NA
NA
NA
45.28
45.17
44.79
45.44
NA
NA
NA
45.3
44.69
45.09
45.18
46.04
NA
NA
NA
NA
NA
NA
45.43
46.14
44.28
45.64
45.27
NA
NA
NA
NA
NA
44.87
44.9
46.33
45.07
45.36
45.01
46.39
45.78
NA
NA
NA
NA
45.32
NA
NA
NA
NA
44.97
45.15
45.12
45.26
45.05
NA
NA
NA
NA
NA
45.2
47.05
46.75
NA
NA
NA
45.29
44.38
47.06
46.14
45.14
44.99
45.06
44.8
NA
NA
NA
NA
NA
44.68
44.8
NA
NA
NA
44.94
45.24
45.06
45.27
45.33
45.27
44.87
45.57
46.12
NA
NA
NA
NA
44.56
44.6
45.2
45.75
44.53
NA
NA
NA
45.32
NA
45.57
45.43
NA
NA
NA
45.15
45.67
45.11
NA
NA
NA
NA
46.01
NA
46.18
44.14
45.14
45.07
45.54
NA
NA
NA
NA
44.17
43.99
46.2
46.58
44.02
NA
NA
NA
NA
45.17
45.29
43.89
44.66
46.79
44.64
43.35
44.92
46.74
43.91
45.03
45.13
44.44
44.44
NA
NA
43.83
45.73
45.42
44.21
46.01
45.66
45.02
NA
NA
NA
45.46
45.69
NA
NA
NA
44.54
44.92
45.95
45.03
46.53
46.86
45.9
NA
NA
NA
44.18
44.2
45.69
44.48
46.2
47.67
44.18
44.46
NA
NA
NA
45.14
44.76
45.2
45.52
44.54
NA
NA
45.12
44.61
46.06
46.22
NA
NA
NA
45.41
45.54
45.69
NA
NA
NA
45.93
46.28
47.13
45.36
44.29
45.24
NA
NA
NA
45.35
45.4
45.08
44.84
44.73
44.61
45.82
44.84
45.87
NA
NA
NA
NA
45.45
46.02
46.23
45.96
44.63
45.44
NA
NA
NA
NA
NA
NA
NA
NA
NA
NA
45.62
NA
NA
NA
NA
45.22
45.79
NA
NA
NA
NA
NA
NA
NA
NA
NA
NA
45.12
45.3
44.94
46.39
NA
NA
NA
NA
45.34
45.33
44.7
45.85
NA
NA
NA
NA
44.5
NA
NA
NA
NA
NA
43.95
46.02
46.56
NA
NA
NA
45.18
46.81
NA
NA
NA
NA
NA
46.52
NA
NA
NA
NA
NA
NA
NA
NA
45.06
NA
45.29
NA
NA
NA
NA
45.1
45.78
NA
45.11
NA
NA
NA
NA
45.43
45.64
45.36
NA
NA
NA
NA
45.36
44.84
NA
NA
46.65
NA
NA
NA
NA
NA
NA
NA
NA
NA
45.16
45.68
NA
45.73
44.54
44.79
46.19
43.49
46.3
45.88
44.84
44.54
NA
NA
45.4
44.69
44.57
45.55
45.26
45.7
44.99
44.38
NA
NA
NA
NA
44.54
44.54
45.51
45.54
NA
NA
44.67
44.87
44.93
45.57
NA
NA
NA
45.18
45.32
45.2
NA
NA
NA
NA
45.29
45.13
45.12
44.92
45.77
45.38
44.16
NA
NA
NA
45.25
45.08
44.39
45.93
NA
NA
NA
44.81
45.25
47.22
45.3
45.25
NA
NA
NA
NA
45.1
NA
45.21
NA
47.33
NA
NA
NA
45.42
NA
44.77
44.88
46.5
NA
NA
NA
45.25
NA
45.58
44.65
NA
NA
NA
45.38
44.85
44.01
45.3
45.56
46.14
NA
NA
NA
45.2
45.23
45.39
45.55
NA
43.7
NA
45.34
45.28
44.98
46.57
45.24
45.14
44.62
44.91
45.59
46.22
45.33
44.56
NA
46.25
43.77
NA
NA
44.13
46.78
45.99
42.96
44.72
47.02
44.71
NA
46.2
43.71
NA
45.4
45.28
45.32
46.04
45.53
44.64
44.55
45.7
45.63
44.39
46.8
44.57
44.36
43.67
NA
45.13
45.23
47.11
45.13
45.17
44.03
NA
45.85
46.03
45.1
44.06
NA
NA
45.08
45.29
44.54
43.79
45.13
44.56
44.3
45.01
45.16
45.14
NA
NA
NA
NA
NA
45.76
44.81
46.35
45.92
44.74
45.58
46.18
43.87
47.07
44.88
NA
NA
NA
45.07
45.05
45.57
44.52
43.77
45.27
45.1
NA
NA
43.74
45.32
45.35
45.82
45.85
44.72
45.42
45.61
44.36
44.92
43.63
45.36
44.95
46.64
44.41
45.04
45.75
46.05
45.63
43.66
45.29
44.4
45.32
44.65
46.18
43.78
45.31
45.13
44.42
44.64
43.59
45.25
44.65
44.54
46.11
43.79
45.47
45.43
46.33
45.02
45.36
45.76
45.4
44.46
44.71
44.96
44.74
46.28
43.67
45.34
45.63
45.54
45.06
45.86
45.09
43.59
45.36
44.64
44.82
45.25
44.56
46.14
43.78
NA
45.37
45.3
45.88
44.33
46.75
45.68
45.67
44.69
44.69
45.75
47.43
45.77
44.35
44.6
44.1
44.46
44.73
46.29
43.5
NA
45.16
45.18
44.88
43.87
46.18
45.14
44.52
44.9
46.08
45.23
44.55
44.46
46.04
43.82
45.52
44.82
46.36
44.9
44.56
45.75
45.53
44.96
44.73
45.19
44.75
46.29
NA
NA
NA
45.11
45.83
45.34
45.31
44.58
45.44
45.27
44.15
46.75
44.96
NA
NA
43.86
45.29
45.28
44.81
45.57
45.31
44.54
44.13
46.18
44.59
44.62
46.17
44.7
44.85
44.22
45.16
45.16
44.22
45.48
45.64
45.01
46.11
45.12
46.24
46.09
45.49
NA
NA
NA
45.81
43.64
47.23
44.87
44.31
47.03
45.41
45.29
45.21
NA
NA
NA
NA
45.55
45.32
45.22
47.9
45.37
45.03
44.1
46.39
46.61
NA
43.41
45.26
45.19
46.58
45.22
46.73
47.05
46.07
45.4
45.19
44.44
46.0
NA
NA
44.61
45.59
45.55
44.29
44.09
45.48
NA
NA
NA
45.55
45.19
NA
NA
45.21
45.17
44.31
46.87
43.81
44.08
44.41
45.34
NA
NA
NA
45.45
45.44
44.8
46.41
43.94
45.74
44.47
44.64
NA
NA
NA
45.39
45.89
44.72
43.77
44.23
45.11
NA
NA
NA
45.05
47.59
43.8
46.03
43.8
45.44
NA
NA
NA
NA
44.99
45.31
46.47
47.11
45.15
45.54
NA
NA
NA
45.33
45.42
45.11
46.44
47.59
NA
43.6
45.3
45.74
45.54
47.71
45.33
47.17
43.65
48.31
45.29
44.02
46.12
NA
NA
45.4
45.26
45.59
44.9
NA
NA
NA
NA
44.72
48.54
45.0
43.49
45.12
44.96
45.04
NA
NA
NA
45.15
45.22
43.53
44.96
45.15
46.39
47.06
NA
NA
NA
NA
NA
NA
45.56
44.15
44.51
45.27
NA
NA
NA
NA
45.76
46.11
44.7
44.24
NA
45.42
45.59
44.87
46.07
44.78
44.72
NA
NA
NA
44.63
48.06
44.02
45.84
44.9
NA
NA
NA
NA
45.16
44.68
46.93
44.26
NA
NA
NA
NA
NA
45.35
45.23
45.22
46.87
45.49
NA
NA
NA
45.11
45.09
45.28
46.53
45.33
NA
NA
44.37
45.68
45.77
48.8
45.68
47.14
45.68
NA
44.24
45.64
45.52
48.69
45.62
47.11
45.57
NA
44.28
45.81
45.46
48.83
45.61
47.14
45.96
NA
44.37
46.16
45.45
48.93
45.75
47.5
45.65
NA
NA
45.19
44.28
45.66
45.74
48.82
45.62
47.11
45.7
NA
NA
NA
NA
45.36
46.52
45.54
45.39
45.37
NA
NA
NA
45.16
43.76
NA
45.35
45.38
46.68
45.42
45.71
44.96
47.56
45.46
46.26
44.46
45.36
45.16
NA
44.77
44.98
45.8
45.55
45.24
NA
44.86
45.41
45.05
45.55
45.33
46.82
NA
NA
NA
45.31
45.01
44.61
44.81
45.41
NA
45.09
45.42
44.71
45.31
43.85
47.99
45.2
45.35
44.39
42.63
47.42
45.1
45.14
44.22
44.68
45.47
44.71
45.03
45.35
44.7
45.47
44.93
44.05
45.14
45.18
45.91
45.22
45.21
43.38
44.59
45.17
44.86
45.77
47.29
45.34
45.84
45.96
45.21
NA
43.09
44.15
NA
NA
NA
NA
NA
NA
44.91
NA
45.63
NA
NA
NA
NA
44.63
45.48
44.66
45.38
46.22
46.62
48.06
NA
44.41
45.5
44.55
45.54
45.94
46.65
47.47
44.68
44.58
45.68
NA
45.2
46.01
46.5
NA
44.77
45.32
45.44
45.43
45.57
45.11
45.3
46.25
45.87
45.27
45.74
45.7
45.46
45.88
45.64
43.12
46.37
NA
43.25
46.84
NA
43.31
46.83
NA
45.8
43.35
46.09
45.2
43.69
45.35
47.17
45.95
44.13
47.37
46.27
47.48
45.19
44.2
47.34
45.58
46.12
45.71
47.61
46.99
44.84
46.48
44.66
46.15
46.67
45.91
45.9
44.66
46.86
43.7
45.04
45.35
46.51
46.36
45.22
46.73
45.49
45.22
43.44
NA
NA
45.49
44.71
45.91
46.05
45.42
44.73
45.12
45.62
45.22
44.72
45.32
46.58
44.78
44.97
43.98
46.78
44.29
NA
44.35
55.75
44.45
NA
NA
NA
NA
NA
NA
45.31
46.68
45.12
44.49
45.22
NA
45.55
47.57
44.05
45.06
44.75
45.46
44.94
44.03
46.17
45.08
47.25
45.55
45.85
45.25
44.95
45.05
45.58
45.64
44.81
44.74
46.96
45.26
46.3
45.14
44.61
46.01
45.77
45.6
45.32
45.69
NA
NA
45.55
NA
45.37
44.82
45.52
47.12
46.32
45.32
44.22
45.12
45.19
47.43
NA
45.06
46.31
45.33
45.64
45.03
NA
NA
47.52
48.1
44.12
NA
45.21
44.27
44.0
44.95
NA
45.77
47.32
46.91
42.95
45.32
45.64
43.64
44.84
45.34
45.18
46.04
45.5
45.65
46.22
44.88
45.39
45.19
45.11
45.26
45.24
43.64
46.14
44.54
45.44
46.04
44.74
44.94
46.54
45.44
45.34
45.28
47.55
45.68
45.18
NA
NA
NA
NA
43.36
44.54
45.72
45.51
45.5
45.52
47.54
47.58
44.27
44.82
45.29
44.84
44.24
43.39
45.56
44.91
45.99
45.67
NA
46.8
45.27
45.67
47.45
45.58
44.77
44.29
47.13
46.04
45.19
44.67
47.0
46.1
44.8
45.58
44.16
45.5
45.4
46.18
44.81
47.07
47.05
45.21
44.39
44.98
44.04
44.55
47.07
44.73
45.53
44.23
44.83
44.7
45.4
47.06
45.4
45.74
45.84
44.24
NA
45.17
47.49
44.46
45.57
47.19
47.49
45.1
45.11
45.17
47.39
46.73
45.52
45.35
45.13
45.57
45.48
44.96
45.09
45.18
44.93
45.03
44.76
NA
45.3
45.12
45.02
44.97
45.15
45.1
45.38
44.09
44.55
45.86
46.98
45.28
44.88
45.28
46.45
45.72
44.05
46.51
45.72
46.25
45.21
45.48
44.83
43.86
46.05
45.01
45.07
45.42
45.09
45.04
45.38
46.59
44.81
45.08
45.1
45.97
46.87
45.76
44.24
45.81
46.03
44.84
NA
NA
46.11
44.96
NA
NA
45.26
45.76
45.71
45.57
44.88
45.23
45.32
46.01
45.34
45.13
45.2
45.99
44.51
46.8
45.71
43.04
47.06
44.94
47.12
45.0
46.29
46.48
NA
45.25
45.38
44.94
44.56
47.6
46.18
42.28
46.58
48.08
46.38
46.78
46.58
47.08
NA
44.38
45.38
44.98
43.78
45.08
45.68
46.38
46.38
42.28
46.58
48.08
46.38
46.78
46.58
47.08
44.28
44.28
45.48
44.98
43.78
45.08
45.68
46.38
46.39
42.39
46.59
48.09
46.39
46.89
46.49
47.09
44.29
44.29
45.49
44.99
43.89
45.09
45.59
46.29
46.32
42.52
46.62
48.12
46.42
46.82
46.52
47.12
44.42
44.32
45.42
45.02
43.92
45.12
45.62
46.32
46.36
42.26
46.56
48.06
46.56
47.66
46.46
47.06
44.26
44.56
45.46
45.06
44.06
45.06
45.66
46.16
46.08
44.16
45.99
45.63
NA
44.7
NA
NA
44.32
47.22
44.6
46.93
45.71
44.62
45.46
44.68
46.46
46.38
44.9
44.72
43.18
43.58
44.95
45.99
43.03
44.98
45.97
45.27
44.24
43.28
44.87
45.91
44.8
46.45
45.38
44.52
44.93
44.05
NA
45.77
47.03
44.18
45.94
45.66
45.79
46.31
45.57
44.5
46.7
46.8
46.2
NA
NA
45.4
44.77
45.44
47.11
44.58
45.0
46.43
45.34
45.17
45.97
44.1
NA
44.66
46.15
47.05
44.24
45.42
44.68
45.4
45.29
43.24
45.97
45.04
45.41
45.84
43.65
45.15
46.14
46.56
NA
NA
NA
NA
NA
NA
45.3
45.1
46.99
45.28
45.28
47.15
45.59
46.97
44.79
44.62
47.24
45.75
45.35
45.59
45.17
46.21
47.12
44.35
44.85
43.79
45.67
45.83
46.16
48.32
45.49
NA
45.88
44.72
43.05
44.61
43.19
45.04
45.98
44.22
45.21
45.52
46.78
43.96
45.98
43.27
44.97
45.18
45.71
45.29
45.64
44.33
45.17
45.29
44.9
45.86
45.33
44.71
45.68
45.99
47.23
44.85
44.86
45.3
45.53
45.9
45.09
45.69
42.47
45.17
44.59
45.85
44.09
46.28
45.77
44.38
47.2
45.76
47.39
46.92
44.97
44.72
45.49
46.26
47.07
45.88
47.5
44.98
46.09
44.36
46.98
47.01
45.74
46.92
44.48
45.18
47.6
45.75
47.77
44.05
46.41
45.3
45.69
45.73
45.06
44.35
46.69
44.74
46.05
44.58
45.23
45.77
46.98
44.63
46.0
44.96
45.28
47.45
44.51
46.23
45.28
45.88
47.08
45.31
45.69
47.16
45.54
47.02
44.86
45.06
47.28
45.69
44.18
47.71
45.94
45.94
45.94
47.52
46.84
44.62
43.77
46.08
45.86
44.5
NA
NA
44.95
44.44
45.43
NA
43.92
46.41
45.56
45.21
45.56
46.49
44.59
45.24
45.78
46.99
44.65
46.01
46.58
47.04
NA
NA
45.4
45.35
43.11
45.02
45.53
45.27
47.91
45.31
45.9
44.74
44.26
46.08
45.96
45.47
46.11
45.81
45.42
44.55
45.11
47.12
45.76
47.12
46.0
45.58
47.23
44.48
45.04
47.4
45.37
47.45
45.93
45.51
47.16
44.62
45.25
47.02
45.62
47.5
45.86
45.54
47.12
44.78
45.22
47.15
45.59
47.47
45.83
45.45
47.09
44.78
45.22
47.15
45.59
47.47
45.83
45.45
47.09
45.14
46.64
43.54
45.14
44.88
44.29
45.2
45.12
45.25
47.13
43.75
45.04
47.75
47.75
45.56
44.39
45.41
47.03
44.36
44.12
44.43
44.27
45.95
45.28
44.09
44.67
44.0
44.47
45.62
45.4
44.11
45.39
44.77
45.97
44.73
45.56
44.84
44.39
44.5
44.61
45.18
NA
NA
45.19
43.98
45.36
45.31
45.91
44.49
45.42
45.04
44.28
44.67
44.26
45.13
NA
NA
45.29
45.92
45.26
45.05
45.1
45.9
44.51
45.96
45.67
55.44
44.46
47.13
46.29
45.37
44.69
46.62
46.51
45.06
45.59
44.25
45.63
46.1
NA
46.1
NA
46.05
45.94
46.46
46.41
45.71
NA
45.58
45.5
44.03
47.27
45.54
46.03
45.44
47.43
47.01
44.71
44.12
47.28
45.49
45.42
45.5
47.42
46.71
44.77
46.2
44.86
45.66
45.41
47.29
45.55
47.2
45.08
45.23
46.37
44.56
46.03
44.84
NA
NA
45.77
44.08
45.76
45.55
44.95
46.15
45.86
NA
47.14
45.14
45.54
47.24
45.34
47.14
44.74
44.84
47.24
45.64
45.21
48.5
44.62
45.15
45.02
44.62
43.88
45.23
45.46
46.36
44.36
45.63
45.24
47.61
47.12
45.05
46.33
44.22
47.06
45.27
45.43
46.1
47.93
47.69
44.53
46.59
47.76
43.38
43.4
44.94
45.66
46.06
46.78
45.8
46.28
45.73
47.4
NA
47.26
NA
46.06
NA
44.11
44.55
45.09
44.75
48.59
46.3
NA
45.93
NA
47.08
46.64
NA
44.97
45.21
45.17
46.63
50.19
45.93
49.51
49.95
46.28
45.73
47.4
NA
47.25
NA
46.06
NA
NA
NA
NA
44.84
48.7
46.31
NA
46.83
NA
46.85
NA
NA
44.86
46.28
45.74
47.49
45.64
47.31
44.43
46.07
44.65
NA
44.55
NA
44.62
48.38
46.39
NA
46.93
NA
47.04
45.38
NA
NA
44.84
45.27
44.55
44.79
46.06
44.6
45.0
45.39
45.05
45.4
46.07
46.07
46.12
46.1
46.02
47.14
46.21
44.65
46.59
44.98
NA
45.36
44.89
46.3
47.45
43.68
45.35
NA
NA
46.1
NA
NA
NA
NA
NA
44.7
NA
48.4
NA
NA
NA
44.59
45.39
47.09
46.19
45.19
45.19
44.79
47.54
45.54
45.31
44.61
45.55
45.01
46.47
NA
NA
NA
NA
NA
NA
NA
NA
NA
NA
45.74
45.01
NA
NA
45.17
48.41
44.87
45.14
44.96
44.43
42.89
45.1
45.28
46.27
44.28
45.53
47.02
44.94
45.63
44.78
45.28
45.24
46.95
45.22
NA
NA
NA
NA
45.05
43.75
46.2
46.0
43.77
45.05
47.15
44.65
44.32
45.11
44.55
44.73
47.53
43.67
45.07
43.57
45.17
46.27
45.37
46.09
45.0
45.4
NA
46.51
43.29
43.53
NA
44.68
46.94
45.14
46.71
NA
45.86
45.83
45.87
45.57
45.79
45.71
45.38
44.0
45.86
44.86
44.76
45.36
44.3
46.69
44.98
45.11
45.29
44.0
45.88
44.78
44.75
45.79
44.25
46.74
44.67
45.15
45.25
43.99
45.89
44.82
44.78
46.02
44.4
46.66
45.09
NA
44.78
46.79
45.14
45.57
45.99
43.74
45.58
45.83
44.44
45.36
46.47
45.69
46.83
45.7
46.42
46.2
46.2
45.18
45.58
43.13
45.17
45.4
43.97
44.79
45.99
45.21
46.12
45.27
45.27
45.89
45.6
45.73
44.94
45.22
44.07
46.35
45.88
44.25
44.66
46.3
46.04
46.65
46.22
NA
NA
46.78
NA
45.64
45.53
43.82
45.95
46.17
44.42
46.14
NA
NA
NA
NA
NA
NA
NA
NA
44.87
44.57
44.57
44.27
45.07
44.37
47.27
44.37
44.97
45.3
46.37
45.27
45.19
45.35
45.19
45.97
45.6
46.15
47.09
47.52
45.53
45.4
46.6
46.6
45.45
46.19
46.46
44.93
NA
46.87
45.71
44.7
46.16
44.69
46.21
45.06
44.62
46.03
47.12
43.69
45.11
46.37
44.62
46.32
46.12
44.52
44.09
45.4
45.83
44.67
44.87
48.16
44.27
47.16
45.6
45.04
44.37
46.12
45.64
NA
45.19
44.12
44.57
45.44
44.93
NA
45.25
45.91
45.24
45.02
45.13
NA
44.39
44.24
44.54
44.41
NA
45.05
45.46
44.89
44.5
44.51
47.21
44.31
44.98
47.51
47.59
47.5
NA
45.07
47.45
45.45
NA
44.55
45.35
45.15
46.35
45.47
45.87
44.77
45.67
45.37
45.27
46.87
45.27
45.27
43.37
43.17
45.77
45.17
43.57
45.17
46.57
44.17
45.07
45.12
45.42
46.72
44.62
45.22
NA
NA
47.59
46.22
NA
NA
NA
NA
NA
NA
NA
NA
NA
NA
NA
NA
NA
NA
45.03
47.13
43.93
44.63
43.03
45.03
48.73
44.33
45.13
45.53
45.62
46.72
44.42
46.7
44.87
45.0
44.83
45.31
46.06
45.58
45.51
44.94
45.49
46.1
45.7
46.1
45.3
47.3
46.1
44.3
44.5
45.0
45.1
43.6
45.5
44.77
43.57
45.67
45.17
46.57
45.57
45.27
45.07
44.87
44.47
45.97
44.47
44.55
45.23
45.82
46.99
44.79
46.05
46.2
44.9
44.69
45.21
46.37
46.92
44.71
45.96
45.41
45.51
44.31
45.11
45.61
45.41
45.51
45.51
45.76
45.36
45.76
45.56
43.36
45.18
43.48
43.78
46.88
46.88
45.08
45.38
46.08
44.78
46.68
47.48
45.48
45.58
44.58
45.38
45.18
46.38
47.88
45.38
45.48
44.58
45.28
45.18
46.38
43.5
44.77
46.87
44.37
43.37
46.57
44.27
47.37
46.87
46.87
44.67
44.67
45.87
44.07
45.55
45.65
44.35
44.05
45.95
45.65
45.15
47.15
44.95
45.15
46.95
45.05
46.45
46.65
46.35
41.94
44.04
45.84
44.84
44.84
45.34
44.34
46.64
44.84
45.64
45.79
44.59
45.09
46.19
46.19
45.39
45.49
45.59
44.49
42.81
44.74
44.97
45.05
NA
NA
NA
NA
NA
NA
NA
NA
NA
NA
45.77
46.57
46.07
45.57
45.27
46.37
44.67
45.17
46.47
45.17
45.57
46.6
45.5
45.7
45.5
NA
46.45
44.55
45.45
45.45
44.95
43.45
NA
47.01
45.01
45.91
43.71
NA
44.71
44.71
45.71
46.01
45.0
45.0
44.9
45.0
45.0
45.8
44.8
46.69
45.48
44.61
46.41
45.31
46.01
44.41
44.01
46.71
45.11
45.21
45.23
46.23
45.14
45.74
47.84
44.54
45.64
44.24
47.44
NA
49.44
45.74
45.34
46.24
45.64
45.54
45.55
NA
47.45
45.55
46.57
43.71
44.75
46.51
44.9
44.98
44.1
48.46
47.22
NA
45.25
45.3
46.79
44.16
45.3
45.14
45.42
45.3
43.78
44.55
43.43
47.26
45.47
NA
45.74
45.74
44.44
46.74
44.0
43.96
47.43
42.73
44.28
44.23
45.63
48.78
44.93
45.03
46.9
44.85
46.58
42.34
46.9
44.9
NA
42.89
45.38
45.18
45.58
43.28
45.94
46.1
44.84
46.64
44.54
43.44
46.64
44.44
44.64
46.24
44.74
44.84
45.24
43.84
45.04
NA
45.17
46.27
46.61
45.21
44.4
43.56
45.88
44.61
45.88
44.4
43.56
45.88
44.61
45.88
44.9
45.3
45.5
44.3
45.2
44.92
45.22
46.82
44.92
45.62
45.42
44.42
45.13
45.13
47.73
46.03
46.03
43.83
46.23
45.63
44.43
45.13
45.73
46.03
45.33
NA
46.28
43.38
45.52
45.62
45.72
45.42
45.52
44.58
44.63
45.21
43.72
44.79
44.72
45.21
46.34
46.95
44.67
46.06
44.81
45.28
46.38
47.02
44.74
46.06
45.69
45.39
45.11
44.74
45.86
44.58
45.58
47.68
45.38
45.58
44.78
45.18
45.78
43.74
44.8
45.51
45.21
47.71
45.91
46.51
45.51
44.21
45.61
45.91
45.11
45.41
45.71
44.91
45.61
46.21
45.04
46.76
45.85
45.11
48.76
45.19
44.43
47.54
47.24
45.45
45.69
46.68
46.93
44.92
45.7
44.77
45.04
45.14
45.34
45.54
45.74
NA
45.25
42.34
46.76
44.18
46.34
43.7
44.1
45.73
45.78
43.27
NA
45.07
45.11
47.5
45.64
45.14
45.4
45.43
45.18
45.09
44.55
45.41
46.79
45.21
45.56
45.7
46.29
45.44
46.59
45.53
44.41
45.3
46.38
45.48
45.18
45.18
45.88
46.4
NA
45.1
45.28
45.49
46.89
46.39
44.66
43.98
46.61
46.08
44.16
45.06
45.36
45.56
45.26
46.06
45.21
46.44
44.58
43.76
44.54
44.47
NA
44.29
45.15
45.06
45.22
45.16
45.74
45.14
44.67
44.09
45.42
44.71
43.84
NA
NA
NA
43.71
45.12
45.13
42.63
44.63
44.33
45.23
45.03
44.43
46.92
45.37
45.2
NA
44.61
45.61
44.91
NA
46.61
45.51
45.41
47.54
45.92
47.23
45.75
46.81
45.63
47.51
46.66
46.85
47.6
45.32
47.93
47.89
44.86
45.27
44.89
44.43
45.6
45.27
45.07
45.36
46.69
44.51
45.35
45.35
45.57
45.11
45.51
46.91
45.83
46.53
45.23
45.13
45.03
46.13
43.93
45.73
45.19
46.19
45.79
45.19
45.19
44.49
44.19
45.74
46.44
44.34
44.24
44.05
47.03
44.41
47.36
44.64
43.94
47.0
44.38
47.33
44.61
46.44
44.74
44.44
46.64
41.84
46.04
46.74
45.24
44.74
40.24
45.04
48.07
44.07
45.97
44.57
43.44
46.86
NA
46.54
46.88
46.04
45.12
44.91
45.64
45.41
45.55
49.25
44.45
46.15
44.25
44.45
44.95
46.25
43.75
45.85
44.65
43.95
47.05
46.25
45.05
45.95
45.75
NA
NA
46.47
43.25
45.85
45.92
45.44
44.5
45.93
44.76
45.32
45.35
45.73
44.97
45.32
44.4
44.46
47.87
47.82
46.72
47.83
46.9
47.02
45.52
44.89
44.29
45.39
46.05
45.6
47.63
45.45
45.53
45.33
47.02
47.06
45.44
44.08
46.56
44.03
44.57
44.27
47.57
44.47
46.67
NA
46.37
NA
NA
46.25
46.39
NA
45.26
44.8
44.8
43.16
45.38
47.55
45.85
46.25
44.75
45.95
44.65
44.65
45.05
46.05
45.75
47.55
45.95
45.55
NA
45.52
47.02
43.62
44.52
44.82
44.92
44.52
46.62
44.42
44.52
45.22
46.32
44.26
44.46
45.06
46.16
42.46
45.46
45.66
45.47
45.77
42.47
46.97
44.17
45.37
45.47
46.27
45.37
45.32
44.12
46.92
45.82
45.42
45.62
46.02
47.72
45.52
44.92
45.72
44.32
45.47
45.97
45.37
45.17
44.27
45.06
46.21
45.88
46.54
45.54
45.68
44.17
46.47
45.63
46.18
45.81
45.74
46.18
45.12
44.42
45.79
46.96
45.13
45.38
44.47
NA
44.28
44.31
45.55
45.96
45.85
44.8
NA
46.4
NA
46.77
46.11
44.56
46.84
45.03
45.61
45.48
NA
47.04
NA
45.22
45.22
45.22
NA
46.27
44.07
44.68
44.9
NA
NA
47.17
NA
45.84
44.96
47.12
46.94
44.96
44.37
45.94
45.87
45.64
45.74
45.54
NA
45.63
44.02
45.44
45.48
44.78
46.19
45.78
NA
46.28
45.08
45.78
45.58
44.71
43.63
45.53
46.14
45.41
45.39
45.25
NA
45.78
45.7
45.01
46.2
45.25
44.88
45.95
44.35
44.09
44.56
44.61
45.62
46.62
44.83
46.46
46.61
44.51
45.05
47.04
45.03
44.31
45.44
44.04
45.93
46.29
46.08
47.13
46.7
NA
46.25
45.44
45.08
45.08
46.38
45.01
45.73
44.89
45.29
45.55
45.55
45.55
46.25
46.25
45.04
44.84
46.04
45.44
NA
NA
NA
NA
NA
45.11
46.74
46.22
44.93
45.57
47.05
45.59
46.25
45.05
45.85
45.65
45.44
44.61
46.25
46.16
45.47
45.58
45.38
47.28
44.68
45.18
44.78
45.38
45.68
45.58
44.2
44.61
44.5
44.96
44.24
44.66
44.49
44.95
45.91
46.42
46.32
NA
NA
NA
40.5
42.0
NA
38.3
NA
NA
46.14
45.14
45.64
45.54
47.28
46.18
44.28
45.88
45.88
45.35
48.55
44.05
46.15
45.35
47.35
44.35
46.05
45.75
44.75
44.95
45.51
45.26
45.14
45.24
45.55
45.05
45.66
NA
NA
45.22
45.22
45.62
45.42
45.92
43.82
45.92
45.42
44.93
45.15
45.44
45.64
44.95
45.7
45.68
44.48
45.34
44.08
44.51
45.51
44.61
45.41
43.85
45.14
45.49
44.39
45.77
44.34
45.46
45.26
45.07
45.34
46.6
44.78
44.84
45.18
45.44
45.02
45.32
45.24
46.21
46.38
45.38
NA
43.88
44.88
45.91
45.71
45.11
45.21
45.11
45.16
45.42
45.4
45.0
46.3
45.5
45.6
46.97
47.59
45.02
46.09
42.93
47.01
45.35
45.62
45.35
46.0
47.44
45.97
45.53
45.36
47.7
46.15
45.3
46.22
45.31
45.22
45.25
45.99
45.41
45.01
46.51
45.51
44.2
45.18
44.67
43.46
44.88
45.36
46.11
45.22
45.01
45.01
44.85
46.65
44.55
43.45
46.65
44.35
44.65
46.25
44.75
44.85
45.25
43.85
45.05
47.0
45.0
45.9
43.7
45.4
44.7
44.7
45.7
46.0
45.56
45.56
47.26
NA
47.26
45.26
45.55
45.65
47.75
46.65
46.85
45.65
45.14
45.24
45.84
44.74
44.94
46.13
46.76
42.54
44.91
41.34
45.96
47.36
43.44
NA
NA
45.75
44.7
45.15
45.43
46.02
47.26
44.99
45.17
46.32
46.3
45.81
45.78
45.59
45.32
45.45
46.25
45.15
45.85
45.35
45.89
44.95
46.35
45.59
45.84
45.91
46.34
47.27
45.67
46.37
44.27
44.57
46.07
NA
46.28
46.6
46.4
45.7
44.2
45.18
44.67
43.46
44.88
45.36
46.11
45.22
45.01
45.01
46.2
45.7
45.2
46.2
44.7
45.92
45.62
46.52
46.99
46.22
45.02
45.72
45.52
45.89
45.84
45.45
45.37
47.19
45.45
47.04
46.06
44.85
44.59
45.37
45.23
NA
45.36
45.66
46.46
45.57
44.56
45.36
47.87
45.85
46.14
45.85
45.97
45.26
45.14
43.83
47.36
45.6
44.47
45.57
45.4
45.9
45.3
45.1
45.2
46.0
45.04
46.13
44.57
45.44
45.34
45.25
44.35
45.92
44.97
45.03
46.26
45.23
44.97
44.72
46.26
45.39
46.6
44.92
44.29
44.6
45.2
45.48
45.45
44.56
45.15
43.54
44.77
45.39
45.0
46.34
45.34
45.31
44.92
46.03
NA
44.72
45.55
45.55
45.27
43.38
44.78
44.99
44.62
44.76
45.24
45.07
44.86
44.29
44.37
45.08
46.28
44.69
44.49
NA
43.97
46.35
44.18
47.25
46.82
44.86
45.18
44.51
45.79
44.49
45.14
44.35
45.37
44.94
46.41
47.14
45.41
44.9
44.72
46.32
45.32
NA
NA
45.54
45.24
47.04
45.14
45.14
44.04
45.54
44.54
44.44
45.84
45.74
NA
44.75
45.05
46.35
44.15
47.45
46.05
44.35
46.05
45.05
45.55
46.15
44.83
45.76
46.61
44.13
47.45
46.05
44.36
46.07
45.07
45.79
46.21
44.09
46.09
45.72
43.72
46.14
45.87
45.66
45.21
46.05
43.57
46.74
47.06
47.31
44.68
46.84
43.68
44.94
46.79
45.71
46.02
45.66
44.58
46.99
44.69
NA
44.94
45.24
45.14
45.24
NA
45.44
45.24
44.44
44.84
43.34
45.34
45.24
45.16
45.76
46.76
45.06
44.66
45.56
45.06
46.56
45.79
47.39
45.39
45.69
44.99
45.67
45.17
44.97
45.47
44.65
45.44
45.44
45.98
44.76
46.92
45.62
45.43
46.53
46.43
45.13
44.83
45.73
45.63
44.97
44.97
44.87
45.37
45.77
46.76
45.08
44.99
45.05
44.89
45.49
44.76
45.36
44.9
46.69
44.76
43.65
45.44
46.17
44.77
44.49
45.31
45.99
45.35
45.18
NA
NA
45.33
45.14
47.03
45.29
44.94
45.58
45.58
44.28
43.98
45.88
45.58
44.78
45.48
45.48
46.63
45.58
45.7
44.52
44.24
47.44
45.84
45.34
46.14
45.64
46.04
45.88
45.86
46.47
44.55
45.92
45.39
46.72
46.75
43.97
43.95
44.21
46.85
46.95
44.35
44.25
44.55
45.89
45.63
45.56
43.85
45.15
44.33
44.3
45.5
44.44
44.09
45.7
45.15
45.45
46.09
45.5
NA
46.38
45.37
45.85
45.7
45.25
45.23
45.36
47.88
44.58
44.98
44.28
43.98
44.98
42.48
44.78
44.38
44.98
45.58
NA
45.62
NA
45.5
45.43
44.99
46.45
45.13
NA
44.91
45.95
45.39
45.5
44.09
45.89
45.18
45.46
NA
45.19
45.63
45.15
45.56
NA
45.17
45.59
47.46
45.33
44.48
47.4
45.0
45.2
46.4
46.5
45.9
46.0
45.7
45.4
NA
45.43
NA
47.03
46.63
46.63
45.53
45.33
46.13
45.73
45.53
44.13
45.73
44.23
45.57
46.29
45.35
45.5
45.66
43.79
46.39
45.47
44.12
44.32
48.14
45.64
45.55
44.82
45.57
45.45
43.97
44.14
45.91
44.83
46.92
46.4
46.61
45.09
46.79
46.19
47.59
47.54
45.57
45.64
46.28
45.02
45.52
45.46
45.85
45.71
45.57
43.71
46.37
45.44
44.11
44.25
47.99
45.76
45.67
44.62
NA
45.29
43.76
44.12
47.27
44.44
NA
46.31
46.46
44.78
46.8
44.73
45.73
46.73
45.73
45.53
46.03
45.53
45.08
46.38
45.08
45.18
45.08
NA
NA
NA
45.52
NA
45.66
NA
45.01
45.06
44.71
45.87
46.22
45.22
44.79
45.49
46.99
45.65
44.97
45.59
45.72
47.46
46.82
45.73
44.37
44.57
44.57
46.2
43.5
47.3
44.9
44.7
46.76
47.86
46.56
44.46
45.26
45.86
46.06
46.66
45.36
45.36
46.56
45.41
46.19
45.73
45.92
46.2
45.22
49.27
45.36
47.13
45.27
44.66
45.27
45.15
44.4
44.2
44.76
45.6
45.78
44.55
46.63
46.22
46.12
45.4
45.4
45.4
44.76
43.68
44.2
44.87
45.01
44.06
47.61
45.49
43.11
43.7
46.85
45.89
43.44
46.86
45.87
45.19
46.56
44.83
44.25
44.49
45.11
45.02
45.42
46.11
43.7
46.85
45.89
45.26
44.46
45.56
44.34
46.04
45.94
44.94
45.65
45.45
46.67
44.77
45.03
46.41
44.33
45.34
44.23
45.73
46.86
NA
47.07
43.1
45.07
47.42
43.47
47.23
46.93
45.67
44.58
44.36
46.96
45.46
44.06
46.36
43.76
45.26
44.46
45.91
45.85
46.15
46.35
45.3
45.58
44.81
44.93
45.44
45.5
45.43
46.2
45.7
45.2
46.2
44.7
44.83
44.57
44.43
45.39
45.58
43.99
46.75
45.95
45.15
46.16
44.69
45.37
45.15
45.08
46.28
44.96
44.47
47.19
NA
45.18
45.88
NA
44.71
45.18
NA
47.05
44.95
44.95
NA
46.35
43.94
45.34
44.84
45.34
44.54
47.04
46.44
44.74
45.45
44.12
44.53
46.13
45.48
46.5
44.33
47.01
45.23
45.71
45.52
46.82
47.22
47.22
NA
44.62
45.91
46.51
45.61
45.71
44.21
46.61
45.81
46.21
45.91
46.11
46.21
45.21
44.31
44.61
45.81
45.89
46.39
45.59
45.79
44.19
46.49
45.59
46.29
45.69
45.69
46.19
45.19
43.89
45.89
45.32
45.35
46.06
44.84
44.92
45.99
43.08
45.08
45.48
46.11
45.83
45.55
43.9
46.93
NA
NA
44.36
45.66
46.36
45.36
45.56
45.7
43.86
44.66
45.68
43.97
44.51
45.16
45.96
46.26
44.36
44.36
44.86
45.22
44.67
45.0
46.09
45.45
44.27
46.47
44.26
45.21
46.97
43.95
44.96
47.02
46.34
47.4
45.29
48.09
46.89
44.69
44.89
45.98
44.84
44.73
46.25
45.75
45.55
45.25
44.75
45.35
45.05
46.05
43.43
44.94
46.38
45.89
NA
45.37
45.25
44.95
44.94
44.76
NA
NA
NA
NA
NA
43.96
44.36
NA
45.06
45.06
NA
44.9
45.68
44.93
44.24
48.34
46.57
45.35
46.56
44.61
47.13
45.78
45.49
45.16
NA
NA
NA
45.12
NA
NA
NA
45.07
44.97
NA
44.87
43.97
46.03
45.17
44.86
NA
NA
46.12
44.97
44.38
44.42
44.55
45.34
45.11
45.5
44.1
45.62
44.32
44.12
45.22
46.82
45.22
44.42
46.12
44.59
44.84
45.47
45.87
45.86
47.0
NA
45.09
45.36
45.36
46.18
45.63
45.86
45.36
44.27
45.09
45.56
45.18
45.08
47.58
46.88
45.28
45.18
45.68
46.88
44.76
45.41
45.06
45.05
44.93
46.61
44.95
45.74
45.08
44.51
45.02
53.85
43.76
45.95
44.73
44.24
47.23
46.17
45.57
47.07
45.95
45.06
46.06
45.29
45.54
45.66
NA
45.41
46.82
45.22
47.42
47.22
46.02
48.32
43.12
46.42
45.54
46.24
47.24
46.24
46.34
NA
42.93
44.97
44.97
45.78
45.4
45.36
46.65
44.59
45.64
47.26
45.6
45.32
47.46
47.09
46.57
46.42
46.1
46.05
45.75
46.88
44.97
45.61
NA
44.39
43.55
46.36
44.25
46.02
44.95
45.21
43.83
NA
NA
NA
NA
NA
NA
NA
NA
NA
NA
NA
NA
44.59
45.05
43.89
45.33
47.38
45.71
45.3
47.53
47.17
46.61
46.46
46.18
45.94
45.83
46.97
44.87
45.23
46.31
46.61
46.59
47.08
NA
45.39
46.19
45.09
45.59
45.91
44.11
46.11
44.65
45.36
45.54
46.24
47.24
46.24
46.34
44.11
45.4
44.66
44.92
45.52
44.72
47.62
47.02
46.42
45.24
46.24
45.34
45.14
45.14
46.54
45.24
47.33
43.93
44.13
47.03
46.03
45.93
44.93
43.93
45.43
45.63
45.53
48.13
45.13
47.73
46.5
42.45
46.8
48.38
46.55
47.08
46.6
47.4
44.76
44.37
45.66
45.26
44.08
45.31
45.78
46.49
44.62
45.07
45.53
NA
NA
45.3
45.11
44.15
44.71
44.55
46.95
45.16
46.17
44.24
45.13
45.28
44.97
45.28
44.75
45.29
46.51
46.32
NA
NA
46.16
45.19
45.24
44.32
47.14
45.41
45.01
45.44
44.46
41.92
47.1
NA
45.82
45.32
46.62
45.02
45.12
45.72
44.12
46.02
45.62
45.32
46.22
43.72
46.02
NA
NA
44.62
44.92
45.49
NA
47.3
45.65
45.87
45.93
45.55
45.98
46.73
47.3
46.85
44.85
44.84
46.25
43.75
45.09
44.88
47.06
45.76
45.51
46.64
NA
45.16
46.12
45.88
46.58
44.61
44.92
44.74
42.67
44.34
45.57
45.47
46.34
45.35
NA
44.38
45.86
44.2
43.4
43.92
46.66
45.71
44.89
NA
44.65
43.35
46.05
47.45
45.15
44.45
NA
45.98
44.71
44.9
45.09
45.4
NA
45.34
NA
44.04
NA
46.36
44.88
45.75
45.84
46.33
44.67
45.42
44.54
45.29
46.44
45.1
45.61
47.61
45.91
45.71
NA
45.39
45.68
45.35
45.49
44.42
45.5
45.55
45.15
45.8
NA
46.11
44.6
43.62
44.94
45.59
44.92
45.59
46.1
48.88
45.34
46.44
44.58
45.51
46.27
45.25
46.6
44.44
45.88
44.88
42.86
46.72
45.13
NA
44.91
45.51
46.11
44.91
47.06
45.23
45.69
47.06
45.46
46.94
44.79
45.01
47.27
45.78
NA
45.68
47.18
45.58
45.48
45.18
46.18
45.05
45.28
45.41
44.46
45.41
NA
44.0
45.0
45.4
46.2
46.3
45.8
45.0
44.5
45.9
45.44
45.45
47.6
46.56
46.76
45.98
47.11
46.56
44.6
45.82
43.74
44.95
46.35
45.75
43.55
45.35
45.45
45.25
45.55
45.25
45.15
45.15
45.25
NA
45.15
NA
45.05
44.85
45.25
45.05
45.15
45.15
45.01
45.18
44.7
45.55
45.47
47.26
46.76
46.66
47.06
45.76
46.96
45.86
NA
44.93
45.02
45.43
44.08
45.1
45.15
45.59
44.48
45.6
44.08
44.88
45.43
45.53
45.83
44.03
45.23
43.63
44.63
46.03
45.83
NA
45.55
45.55
45.35
46.15
44.95
45.45
44.96
45.34
45.18
43.91
47.3
45.6
NA
45.93
45.34
45.85
46.05
NA
45.37
45.38
44.58
44.57
46.52
43.95
45.57
44.34
46.33
46.81
44.86
42.99
44.38
46.33
45.9
43.76
43.87
45.32
45.14
NA
45.85
44.87
45.54
45.57
44.93
44.56
43.8
47.06
45.39
46.71
46.39
47.6
45.24
47.84
43.63
NA
44.95
44.63
44.37
47.05
46.04
45.17
45.09
45.2
45.64
45.54
NA
46.24
44.74
46.12
45.82
45.82
46.52
45.02
NA
45.85
45.58
45.86
44.61
44.97
45.22
45.71
46.42
45.18
46.61
46.0
45.1
45.6
45.4
45.68
44.28
45.58
45.66
43.91
47.19
46.07
45.6
45.37
46.08
45.23
45.67
46.26
44.24
45.01
NA
47.51
46.57
47.03
46.94
46.73
45.57
45.58
NA
43.82
45.09
45.63
46.59
46.51
45.0
NA
46.89
46.09
NA
48.19
45.89
45.79
46.99
45.09
44.99
NA
44.66
44.26
45.26
45.06
45.56
45.06
45.96
NA
45.66
45.46
46.36
46.76
46.46
44.99
45.71
46.01
NA
47.55
44.85
NA
NA
45.15
46.75
44.95
45.45
45.95
46.15
45.95
NA
47.15
NA
NA
45.52
47.24
45.44
45.54
47.24
45.64
47.14
45.14
45.44
47.44
45.84
45.99
44.56
45.87
44.45
46.95
NA
43.55
46.1
47.55
46.89
45.65
45.51
44.91
45.61
45.21
47.01
44.41
45.21
45.01
43.81
46.01
44.91
45.53
45.52
46.54
46.02
46.41
45.36
45.43
NA
NA
43.52
NA
45.37
44.98
46.32
45.32
45.29
44.9
45.84
46.04
43.11
46.81
45.31
45.37
47.98
44.25
45.18
45.18
45.18
46.91
45.37
46.51
45.5
43.47
47.42
45.57
46.61
45.63
43.79
47.2
45.6
46.51
45.73
43.81
43.77
46.51
43.77
44.23
44.69
NA
45.83
45.6
44.93
45.23
47.73
46.03
45.03
NA
NA
NA
NA
NA
47.35
45.58
45.27
45.07
45.61
45.29
45.8
44.99
44.93
43.79
44.39
45.75
45.25
48.05
46.35
44.95
45.25
46.35
45.75
45.95
45.25
NA
NA
NA
NA
46.13
46.43
47.33
43.83
44.54
45.34
NA
NA
45.94
44.64
45.54
45.64
44.44
46.54
NA
45.25
45.24
46.67
45.12
43.53
46.26
NA
44.94
44.92
NA
43.56
43.76
NA
45.16
44.74
44.31
45.04
45.68
44.83
44.11
45.81
44.98
49.51
45.18
44.75
44.79
45.14
45.04
44.74
45.64
45.87
45.27
47.87
46.47
45.07
45.37
46.37
45.67
45.87
45.27
44.51
47.51
45.11
45.41
47.61
46.51
47.11
47.61
45.51
NA
44.79
45.19
45.29
46.02
45.68
45.37
44.82
44.3
45.19
43.93
44.25
48.42
45.56
45.35
45.38
45.88
47.48
46.33
44.58
45.38
46.17
46.36
46.94
45.65
45.23
45.0
NA
45.79
44.68
45.7
46.94
NA
44.76
47.99
NA
43.57
46.12
45.61
45.61
45.61
43.48
45.2
45.62
45.22
45.62
45.02
46.22
44.92
45.2
44.02
46.38
45.8
NA
NA
46.03
45.97
NA
NA
44.57
44.77
44.07
44.77
45.52
45.92
45.52
46.44
45.49
45.55
46.99
45.09
44.63
44.48
46.25
44.96
45.36
45.36
45.16
45.36
46.26
46.66
46.28
44.95
45.32
44.78
45.06
45.33
45.08
46.05
45.92
45.45
44.85
46.15
46.45
NA
44.01
45.21
45.69
45.79
46.04
44.7
46.13
45.3
45.45
45.33
45.41
45.71
44.32
NA
44.93
42.13
45.1
45.69
44.9
45.93
43.79
47.19
46.07
45.6
45.37
46.08
45.23
45.67
46.26
44.24
45.01
NA
45.18
45.33
NA
NA
NA
45.08
46.27
45.57
45.17
44.94
44.31
45.08
47.41
45.33
45.24
46.51
45.03
46.87
44.88
45.67
45.94
45.07
44.49
47.59
47.18
45.64
46.66
45.21
44.68
45.22
44.76
45.65
44.75
44.15
45.05
44.75
46.08
44.3
44.91
44.42
44.53
NA
44.99
46.4
45.58
45.2
45.68
45.66
42.45
45.35
44.55
43.25
45.45
44.85
45.28
45.96
44.54
46.45
44.84
44.79
45.78
44.99
44.95
45.45
45.97
45.46
44.55
45.06
47.62
45.84
45.64
47.43
45.12
44.55
45.07
45.03
46.15
45.24
48.45
44.98
44.98
45.28
45.38
NA
45.68
46.32
45.02
45.52
45.52
44.88
44.88
45.28
45.88
45.48
45.28
45.78
43.98
46.18
45.78
45.18
46.48
45.88
45.08
46.88
44.98
44.98
45.2
44.7
45.32
46.79
43.57
46.53
45.79
NA
45.76
46.69
42.68
45.18
41.31
45.92
45.89
46.68
42.55
45.23
40.97
45.48
NA
NA
45.61
NA
46.55
46.25
46.42
45.53
45.0
45.15
45.22
44.45
45.24
46.47
44.02
44.4
44.91
46.11
46.11
44.67
45.17
46.17
44.27
46.87
45.47
44.97
46.77
44.67
46.57
44.65
44.76
45.87
45.45
46.12
46.59
45.87
44.18
45.95
47.42
45.98
45.19
44.69
45.29
45.06
45.06
47.13
45.5
44.93
45.39
46.09
45.74
45.3
45.32
44.72
44.02
45.73
46.15
45.03
46.04
46.05
45.29
43.23
45.28
44.85
NA
45.45
47.81
43.04
46.61
44.02
47.42
45.52
44.92
44.82
47.62
45.92
45.42
45.25
45.05
45.97
45.76
44.76
46.08
45.63
44.66
45.05
45.14
44.24
46.43
45.83
45.83
45.86
45.46
44.94
45.46
NA
NA
NA
NA
44.89
44.26
NA
45.2
44.26
45.51
NA
47.69
47.39
47.49
45.69
44.57
47.27
44.76
45.88
46.99
46.35
44.67
44.57
43.06
46.37
45.21
45.38
45.28
45.85
NA
NA
NA
NA
NA
NA
45.2
44.6
NA
45.3
NA
45.11
44.11
45.81
44.91
NA
44.81
45.51
NA
45.22
44.58
43.62
43.72
46.52
46.42
46.82
45.92
46.01
45.91
47.61
46.84
NA
NA
45.18
45.07
45.81
44.95
47.25
44.41
NA
45.64
47.08
44.91
44.64
45.94
44.91
46.52
46.8
45.7
45.3
45.8
46.36
46.92
43.92
45.78
45.62
45.46
45.09
43.98
44.2
44.64
45.75
45.53
45.09
46.41
44.84
45.32
46.16
46.33
45.23
47.09
43.71
45.83
45.23
44.73
NA
45.31
45.22
44.76
45.06
45.07
46.25
47.37
44.85
NA
NA
45.25
45.24
NA
NA
45.08
46.58
46.37
44.85
45.29
46.93
44.97
45.69
46.94
45.02
45.9
45.34
45.36
45.26
45.13
46.38
46.45
45.86
45.65
47.09
43.52
46.21
45.46
45.46
45.21
45.29
44.28
44.92
44.88
46.2
44.28
44.79
45.48
45.15
47.31
43.4
45.34
46.0
44.51
41.98
46.14
44.61
44.6
45.85
44.25
NA
45.01
46.88
45.18
46.68
47.11
45.76
45.55
NA
47.43
45.64
44.15
46.05
45.25
46.15
47.15
45.85
45.55
44.75
46.55
45.65
45.55
46.85
45.15
46.05
44.65
46.34
46.27
44.98
44.67
45.12
46.74
43.83
45.99
45.71
NA
45.37
45.02
45.36
43.82
45.99
45.45
44.67
43.31
45.75
45.42
45.22
45.22
46.15
47.08
44.26
NA
45.29
43.97
46.83
NA
NA
NA
NA
NA
43.88
NA
45.78
45.28
43.88
45.18
47.38
45.18
44.38
45.98
45.26
44.86
43.76
45.86
45.46
47.16
46.06
47.96
46.06
45.06
44.46
46.06
45.61
44.31
46.11
46.11
47.01
NA
47.73
45.2
47.11
45.38
45.18
44.68
45.61
45.58
NA
45.42
45.36
46.94
45.36
45.38
45.29
44.45
44.85
46.36
44.89
45.36
45.42
44.02
45.29
43.25
45.55
44.45
45.35
45.75
43.95
45.65
45.35
42.65
45.7
45.27
44.4
46.48
45.14
46.67
44.55
45.5
47.12
45.13
NA
45.04
45.04
46.04
45.63
46.22
43.28
46.22
44.16
45.5
46.13
45.92
46.75
44.75
45.43
NA
45.27
47.04
45.27
45.22
44.83
45.99
45.89
44.55
45.74
45.0
44.69
46.89
45.29
45.49
44.59
45.29
44.67
45.07
44.85
45.04
45.25
44.61
44.52
44.6
44.2
45.37
45.33
47.19
45.09
45.08
44.42
44.59
45.09
44.58
45.35
45.57
44.82
45.12
45.62
47.04
45.7
43.73
46.07
45.53
46.37
44.85
45.2
45.06
45.65
44.49
45.28
NA
46.17
46.71
44.85
46.91
46.0
45.52
46.89
45.99
45.09
45.09
45.49
45.39
44.59
45.31
45.52
44.48
45.19
45.45
45.23
NA
44.89
45.29
NA
46.36
45.81
44.92
45.32
45.32
45.32
46.32
46.52
45.22
NA
45.31
45.13
45.61
44.8
45.48
45.16
45.22
NA
45.27
45.13
44.82
44.67
45.43
45.83
NA
45.04
45.56
45.81
NA
45.21
45.02
45.1
43.35
45.2
44.67
46.69
44.09
44.34
43.61
44.12
47.4
47.06
47.13
45.36
44.43
44.35
44.83
44.85
44.0
45.97
44.93
44.42
44.15
45.19
46.23
NA
NA
NA
45.02
43.68
45.32
NA
NA
NA
45.54
NA
46.06
46.25
45.77
46.14
45.71
45.53
46.69
46.19
43.75
44.0
NA
44.87
45.6
45.47
46.26
45.38
47.26
45.56
45.73
44.48
45.01
44.97
45.1
45.17
45.02
48.66
45.34
46.5
46.75
45.59
45.14
45.94
45.15
46.15
45.45
NA
NA
45.97
45.73
43.56
45.64
44.35
43.59
46.01
44.42
47.1
46.1
NA
45.1
44.1
45.98
44.48
45.48
44.38
NA
45.53
45.22
45.53
44.94
46.64
44.74
44.94
45.04
44.24
45.32
45.32
46.12
44.92
44.42
44.02
43.82
46.42
45.42
45.42
45.81
45.41
46.91
47.31
46.61
NA
45.51
45.11
NA
46.05
44.29
46.05
45.46
NA
45.11
45.61
45.41
43.91
46.81
44.91
45.71
45.51
44.01
44.79
45.59
NA
44.79
46.59
44.94
44.63
45.28
43.64
46.19
44.91
45.55
46.1
44.45
42.97
46.56
44.28
46.16
44.88
45.14
43.77
NA
45.21
47.61
45.91
44.61
45.31
45.21
45.87
44.17
44.97
45.71
44.27
47.13
46.26
47.83
47.56
46.36
47.72
45.18
45.17
45.15
44.3
45.65
45.65
45.05
45.81
46.34
44.7
43.26
46.77
44.53
46.24
45.05
45.26
44.0
NA
44.9
45.55
46.3
44.16
43.48
46.39
44.38
46.13
44.96
45.23
43.86
NA
45.98
46.23
47.21
45.16
44.6
NA
45.3
47.16
46.64
45.53
45.99
45.34
47.02
45.51
45.92
45.39
47.08
44.78
46.21
45.91
45.33
NA
45.58
NA
NA
NA
NA
45.27
45.02
46.19
45.6
45.46
44.63
44.61
44.72
45.17
44.8
45.37
43.77
45.57
45.47
45.47
47.77
NA
45.94
47.14
46.24
45.34
47.14
45.74
45.63
44.32
46.34
45.06
44.15
45.19
45.99
45.51
NA
45.26
46.86
44.26
45.26
44.26
46.16
45.26
45.26
45.3
44.76
42.36
45.36
45.36
43.3
45.49
45.88
43.91
44.95
44.76
45.51
45.86
43.84
44.93
44.59
45.69
NA
45.29
48.69
46.09
45.99
45.99
45.89
47.19
47.19
44.69
45.12
45.12
45.43
NA
NA
47.28
45.88
44.38
47.78
46.28
47.38
45.18
46.5
45.17
45.24
45.86
44.05
45.47
47.75
45.86
45.05
45.13
NA
45.37
46.08
46.21
43.76
45.15
45.06
45.87
45.48
43.6
45.0
45.6
46.4
46.0
43.39
45.34
47.2
45.96
44.95
47.67
47.29
45.05
46.14
48.01
45.12
43.71
44.09
44.72
45.2
44.92
47.22
46.66
44.92
45.38
45.18
44.61
42.51
45.79
45.38
45.36
45.56
46.3
42.54
45.82
NA
45.52
NA
44.89
46.09
46.49
44.19
46.79
44.89
45.69
45.59
45.49
45.08
45.4
NA
44.75
45.51
45.82
45.36
46.63
44.83
44.46
44.61
45.94
45.78
45.86
44.94
47.1
44.71
45.81
46.01
44.11
46.81
45.41
45.01
47.01
44.71
46.71
44.06
NA
45.9
45.11
NA
45.6
45.69
NA
46.36
46.66
45.13
45.09
44.64
45.82
45.02
44.87
NA
NA
43.48
44.91
44.54
43.36
44.57
45.83
45.06
44.9
45.19
45.24
45.16
45.09
45.59
45.0
44.51
44.88
46.04
44.05
45.75
46.19
44.17
45.19
45.16
46.46
44.89
45.11
44.23
44.88
45.38
42.43
43.71
45.95
43.98
46.14
44.65
44.96
45.06
45.44
44.5
45.69
45.7
47.08
47.08
NA
44.88
44.88
45.98
45.43
44.06
45.88
45.69
46.99
44.09
45.59
44.99
NA
45.59
NA
NA
NA
43.79
45.59
45.67
44.78
44.65
46.3
NA
NA
45.87
44.73
46.09
45.6
44.5
46.5
45.8
45.46
45.06
47.86
43.66
45.36
45.66
45.06
46.03
47.24
46.04
45.46
44.66
45.46
44.56
44.86
45.96
45.24
45.42
47.4
44.84
45.93
44.74
47.09
45.87
45.21
46.95
45.24
NA
NA
45.12
43.32
44.32
47.52
44.02
48.02
47.02
45.72
NA
45.48
45.32
45.79
45.46
45.3
45.47
45.45
45.53
45.34
45.52
45.51
45.05
45.14
45.73
44.95
45.16
44.28
44.12
45.41
NA
45.33
45.49
45.41
46.44
NA
45.39
45.39
45.39
45.07
45.07
45.07
46.03
47.16
44.26
44.42
43.3
44.99
44.23
44.76
44.45
44.88
46.57
45.45
47.4
45.5
45.3
45.0
45.5
45.3
NA
45.33
45.16
46.55
46.71
43.69
45.71
45.34
45.37
45.58
45.7
44.29
44.68
45.29
45.39
45.33
45.25
44.63
46.42
44.03
44.13
44.63
44.03
46.53
45.03
45.13
45.65
45.65
45.65
45.67
45.65
44.98
45.17
47.04
45.24
44.74
44.73
45.03
NA
44.88
45.77
46.86
45.7
45.34
46.33
NA
45.93
NA
45.58
46.4
46.15
46.01
45.52
44.76
45.73
46.29
43.04
44.94
44.94
45.64
44.94
46.14
44.94
44.88
44.94
45.81
44.53
44.93
46.27
45.0
45.89
45.97
44.49
44.99
45.13
45.61
44.97
43.44
45.54
45.34
46.04
45.34
46.04
NA
46.11
45.31
45.11
45.51
45.21
45.11
46.21
NA
46.5
46.92
44.64
44.59
45.23
47.3
45.05
45.39
44.49
46.83
46.45
45.04
NA
NA
45.4
47.38
45.35
45.64
45.72
46.11
44.36
NA
43.59
45.89
45.2
46.0
45.44
45.51
44.91
45.35
45.35
44.55
45.25
45.24
45.47
45.3
45.1
44.8
44.9
45.5
44.8
46.1
43.6
47.1
NA
43.81
45.5
45.75
45.74
45.16
44.85
44.39
45.3
45.26
43.3
45.53
45.77
NA
NA
45.04
46.74
43.94
43.04
41.54
44.74
NA
44.54
45.44
47.14
45.54
45.74
47.64
47.04
44.74
45.64
45.34
NA
46.44
46.43
46.49
44.5
44.13
43.56
45.89
44.72
45.66
43.09
45.66
45.66
44.14
45.42
45.13
45.33
45.43
45.66
44.45
45.86
45.88
45.47
45.42
45.14
44.93
45.11
45.44
45.2
45.5
45.4
43.0
47.38
45.8
45.98
44.89
45.9
45.42
47.48
45.82
45.47
45.03
45.83
45.38
45.0
45.64
NA
NA
43.32
45.22
46.42
45.22
46.42
45.82
45.52
44.42
NA
NA
45.51
46.34
45.31
45.57
45.23
45.0
45.87
NA
NA
47.33
45.65
45.33
45.24
45.48
46.05
45.05
45.91
45.23
44.17
43.19
44.83
45.81
44.68
46.41
45.37
44.52
44.74
44.07
46.07
46.21
43.46
45.26
46.86
45.16
46.16
45.66
45.56
44.56
46.35
44.43
45.67
46.03
47.07
44.54
44.93
45.58
46.15
46.6
45.58
46.04
46.34
45.3
44.73
44.73
44.8
45.97
44.77
45.04
43.98
44.68
46.47
44.98
46.18
44.68
46.48
NA
NA
NA
NA
45.13
44.53
44.73
47.33
47.03
45.73
44.63
45.33
44.23
45.33
NA
44.81
46.11
44.21
45.51
45.91
45.25
45.23
45.89
46.81
43.55
44.75
45.75
46.15
44.71
47.21
47.11
46.11
46.31
46.61
45.11
45.73
44.36
44.66
45.51
45.16
45.37
46.24
45.21
45.7
47.07
45.39
45.5
44.24
44.78
NA
NA
44.95
44.73
NA
45.11
46.3
46.57
45.41
47.23
45.83
45.33
47.13
46.03
45.82
44.96
45.97
45.41
44.63
47.42
45.52
45.48
45.96
46.01
NA
45.24
44.74
NA
45.24
44.94
43.74
44.94
43.94
45.24
NA
45.82
45.72
44.92
45.32
46.62
44.92
45.72
45.35
45.85
45.35
45.35
45.35
45.58
45.58
45.58
45.58
44.89
43.79
45.09
45.29
45.89
47.49
46.39
43.24
46.34
45.34
44.74
44.44
45.84
45.74
44.84
44.44
45.34
44.14
47.48
45.26
45.31
NA
45.21
44.63
46.04
45.34
47.45
45.34
44.52
44.8
47.57
46.92
45.5
44.79
42.94
44.8
45.83
44.56
45.84
44.79
45.15
45.25
46.25
44.95
45.45
45.35
45.06
45.36
46.56
45.06
45.76
45.56
45.36
47.02
46.17
45.58
45.38
46.38
44.98
45.88
45.68
45.38
45.27
45.17
45.97
45.07
44.77
45.57
45.47
44.97
45.11
45.41
46.21
45.11
45.81
45.31
45.21
45.2
45.2
44.0
43.4
44.3
46.6
44.3
44.0
44.1
43.7
46.5
46.0
47.8
45.7
46.1
45.7
44.9
45.2
45.1
45.4
44.9
43.93
44.18
46.53
44.34
43.78
42.95
46.57
44.15
47.08
46.79
46.72
44.99
45.87
44.22
43.35
46.11
43.65
44.22
45.58
45.78
46.04
46.12
45.68
43.79
44.58
43.81
44.15
45.6
45.74
46.13
45.84
46.61
43.62
44.68
NA
45.67
44.76
45.51
46.12
45.22
45.35
45.55
45.33
44.94
45.22
45.57
43.57
45.09
45.23
45.33
46.33
45.13
44.93
45.73
45.43
45.23
44.59
45.53
46.92
46.2
45.05
44.77
45.8
45.65
45.19
46.99
45.11
44.6
43.94
43.9
44.98
45.86
45.21
43.82
44.2
45.86
43.17
45.37
45.16
46.61
46.66
45.43
45.81
45.43
46.87
46.17
46.44
44.23
44.7
44.56
45.52
47.08
45.28
45.64
46.17
45.02
44.8
46.59
45.11
NA
45.86
45.62
45.65
45.12
46.42
44.62
45.22
NA
45.33
45.28
45.35
45.18
45.32
45.31
44.52
NA
NA
NA
NA
NA
NA
45.83
46.13
46.13
NA
NA
NA
NA
NA
43.98
NA
NA
43.52
42.74
NA
43.99
47.0
46.53
46.39
44.74
45.64
NA
NA
NA
NA
45.0
NA
45.7
45.7
45.3
43.4
44.88
45.72
44.59
46.24
45.74
45.46
42.35
45.38
46.87
NA
NA
44.47
NA
NA
45.59
44.5
43.34
45.42
44.41
45.2
44.94
44.52
45.16
45.77
44.81
46.49
45.79
44.63
45.69
44.63
47.7
45.45
46.07
45.34
45.16
45.56
46.65
48.43
45.76
44.94
44.09
45.23
45.33
46.93
45.43
44.93
44.83
45.56
45.67
47.05
44.39
44.2
44.08
45.32
46.16
46.63
43.92
45.24
45.94
45.24
45.14
45.18
47.05
43.39
44.32
45.74
43.51
45.97
46.2
44.68
45.69
44.8
44.28
45.1
45.7
46.99
47.03
45.81
45.08
NA
45.88
46.48
44.98
46.22
45.52
44.62
45.89
45.29
44.29
45.59
45.58
45.05
44.25
45.75
44.85
43.75
45.15
47.59
45.87
45.37
44.63
45.11
45.05
44.56
45.52
44.5
47.48
45.03
45.13
45.26
46.2
44.18
45.42
44.72
45.88
45.24
43.96
44.13
46.84
45.65
44.44
45.74
NA
NA
44.67
45.85
44.98
44.67
47.55
44.25
45.95
45.24
45.64
44.64
46.34
44.24
47.24
NA
47.18
45.06
45.68
44.37
45.8
43.25
44.86
45.01
45.17
45.76
45.63
44.77
45.73
44.93
45.42
45.22
NA
45.01
NA
NA
NA
NA
44.93
46.1
44.24
46.18
44.97
44.72
44.26
45.12
43.7
45.3
45.55
45.58
46.43
45.54
45.56
45.64
45.49
45.47
45.31
47.12
45.37
45.48
47.12
45.6
47.04
45.0
45.36
47.38
45.63
46.91
45.11
46.44
44.77
47.05
45.45
43.8
45.47
46.99
44.75
46.68
45.48
45.19
45.98
44.82
46.61
45.51
45.67
46.24
45.42
46.44
44.94
44.97
46.27
45.87
45.57
45.67
45.77
45.67
45.23
45.49
45.32
44.97
45.32
44.42
44.98
46.08
45.22
45.39
45.23
47.53
44.91
45.13
44.27
44.81
44.89
45.4
44.94
45.21
44.65
45.43
45.3
NA
46.84
45.6
45.57
45.79
46.28
44.91
48.17
45.88
45.56
45.96
45.62
45.64
NA
46.14
44.24
43.54
47.04
45.44
45.24
45.44
NA
45.04
43.43
45.13
44.73
45.23
45.33
45.03
45.13
44.88
44.88
47.46
45.58
46.07
46.56
45.68
46.08
46.88
NA
45.36
45.08
45.33
45.19
44.13
43.86
43.84
44.93
44.42
44.73
44.56
45.19
44.21
45.19
44.86
47.79
46.49
NA
45.4
45.4
45.1
46.2
45.8
46.7
45.9
NA
NA
44.24
46.46
45.4
45.39
44.89
45.02
44.89
44.98
45.25
44.97
46.61
44.56
44.95
46.02
44.98
44.21
44.4
45.6
45.6
44.4
45.6
46.26
47.76
45.61
45.38
44.68
45.11
45.2
45.3
45.3
46.7
NA
NA
44.6
NA
44.59
47.24
45.89
NA
NA
46.18
47.05
45.36
NA
43.99
45.62
NA
45.68
46.98
NA
44.84
44.68
46.9
47.43
45.37
43.84
NA
44.91
NA
45.02
45.34
43.9
44.42
46.32
44.37
44.37
45.02
46.32
43.64
45.34
45.67
NA
NA
45.86
44.36
47.45
44.27
44.45
45.49
NA
NA
45.31
45.41
NA
NA
NA
44.82
44.52
45.82
44.82
45.82
45.12
45.52
46.1
45.2
46.22
45.24
45.06
43.97
47.06
45.41
45.21
45.26
47.31
46.55
44.57
45.19
44.76
NA
NA
NA
45.05
46.35
45.33
45.37
46.53
44.85
45.51
45.52
44.17
45.38
45.62
44.7
44.75
45.85
46.68
45.48
45.38
NA
NA
45.08
45.69
45.27
44.87
46.01
45.39
45.37
45.7
44.16
46.21
45.5
45.42
45.59
46.93
45.01
45.03
45.62
44.35
44.73
46.16
45.99
43.93
45.6
45.09
46.82
45.37
44.65
42.87
45.51
47.65
45.13
43.74
NA
46.19
45.75
44.86
47.93
45.51
45.31
44.87
45.16
47.63
46.22
45.64
46.43
44.93
47.75
45.08
45.94
44.57
44.14
44.55
44.94
47.26
43.57
44.3
43.18
44.97
45.04
NA
46.19
45.19
NA
44.98
45.14
45.8
43.06
44.98
NA
45.52
45.64
NA
45.73
44.19
46.16
47.0
44.8
46.26
43.71
44.94
45.18
44.03
44.38
46.09
44.87
46.2
45.12
44.89
44.71
47.61
45.48
40.82
44.83
44.01
44.77
46.01
44.55
45.4
45.28
44.29
44.76
44.63
45.16
46.42
46.66
46.17
43.57
43.79
NA
45.12
46.28
45.44
45.62
45.37
45.34
44.44
NA
NA
44.84
NA
NA
NA
45.38
45.36
45.37
45.15
45.14
45.08
46.19
47.07
NA
44.49
43.38
45.47
45.11
45.42
44.4
47.74
46.96
NA
45.85
NA
46.2
45.61
45.28
45.57
45.18
45.5
44.99
45.15
44.43
45.46
45.55
45.55
45.36
44.64
45.18
44.18
45.63
45.53
45.25
44.46
45.92
45.29
45.66
45.04
45.43
45.23
45.55
45.04
45.2
44.48
45.51
45.6
45.68
45.58
45.3
44.51
45.97
45.41
45.31
45.69
47.93
44.79
44.2
45.32
44.78
45.21
44.22
45.31
44.85
45.45
45.54
NA
45.05
44.44
NA
44.93
46.15
45.37
44.99
45.15
43.89
47.91
45.16
43.93
44.45
44.48
45.41
46.5
46.61
47.45
NA
NA
NA
47.5
43.18
45.66
47.09
45.43
45.59
44.83
45.78
44.48
44.77
NA
NA
NA
46.19
45.34
44.28
45.9
46.45
44.74
NA
44.28
45.79
44.84
45.78
47.03
NA
45.76
44.54
43.86
45.01
45.12
45.01
45.14
45.05
45.83
45.04
45.37
45.13
45.61
46.11
45.66
45.34
45.34
44.14
46.44
45.54
46.14
44.44
44.9
46.73
44.9
45.77
46.36
45.35
45.52
43.68
46.28
45.45
46.0
45.61
45.54
46.02
44.93
44.25
45.6
46.25
46.5
45.02
NA
45.64
45.49
44.44
46.4
NA
45.66
NA
45.26
45.76
45.26
45.56
43.56
46.26
45.26
48.36
45.16
44.86
45.31
44.64
NA
44.94
47.12
45.39
45.34
46.99
45.49
45.53
44.47
44.84
45.64
43.49
NA
46.4
45.35
44.32
46.13
46.31
47.08
45.25
45.19
45.72
45.71
46.04
45.55
45.4
NA
45.0
NA
45.18
44.89
45.73
45.73
47.77
45.29
42.89
43.74
44.99
45.7
45.37
45.82
43.31
45.18
47.41
46.11
44.34
46.61
46.15
45.49
44.34
47.18
44.85
43.41
47.01
46.36
46.38
43.9
45.47
46.37
44.62
45.93
46.96
45.51
44.8
45.32
45.08
45.36
46.07
44.87
45.02
47.47
45.15
45.33
43.6
46.5
46.2
45.2
45.4
46.3
45.8
45.5
NA
44.45
45.7
45.7
44.7
45.63
45.95
42.73
44.89
45.9
45.31
45.27
46.9
48.26
47.72
45.16
NA
45.1
45.77
44.89
44.83
44.72
46.24
NA
43.7
44.81
45.06
NA
44.69
45.3
46.19
NA
44.92
46.4
46.48
46.65
45.44
45.45
NA
NA
45.2
45.55
45.5
44.79
44.04
48.18
44.72
44.97
45.02
45.45
44.96
46.46
45.66
43.86
44.9
44.37
44.61
NA
45.28
45.21
45.21
45.24
43.91
45.61
45.06
46.27
44.57
45.37
44.86
44.96
46.7
46.69
45.51
45.24
45.9
45.5
45.45
45.94
45.33
45.37
45.45
45.35
45.45
45.32
45.43
45.8
45.33
45.41
45.48
45.47
45.42
45.88
45.3
45.02
45.6
46.29
45.02
45.14
45.33
44.96
44.98
47.09
45.7
44.76
45.98
45.42
44.91
43.37
47.22
45.04
NA
NA
NA
NA
NA
45.3
45.8
45.29
45.39
46.09
44.69
44.69
47.19
44.69
44.19
45.59
48.66
45.38
43.38
45.83
47.45
45.19
43.27
45.13
44.93
46.43
45.03
45.73
43.93
45.33
46.93
45.93
45.83
45.33
43.98
43.88
45.27
NA
NA
44.94
47.12
45.39
45.34
46.99
45.49
NA
47.04
45.05
44.82
44.82
45.42
44.3
45.44
45.45
45.38
45.45
45.42
45.44
45.39
45.12
45.47
45.3
45.44
45.02
46.48
45.51
NA
44.85
45.11
45.11
45.37
45.11
44.85
46.14
45.37
46.39
46.91
44.85
45.52
44.67
46.3
45.32
44.16
44.03
46.56
44.93
45.2
NA
45.97
45.67
45.03
45.16
44.69
44.47
44.16
46.25
47.74
46.78
47.18
44.48
45.0
44.74
44.9
45.97
44.9
45.17
45.17
46.23
45.17
46.5
46.55
46.3
44.78
46.31
45.59
46.54
44.05
46.7
44.93
46.7
43.75
45.82
NA
NA
46.42
45.0
46.09
44.94
45.37
45.1
43.57
45.66
45.06
47.43
NA
46.37
45.07
45.07
NA
NA
NA
NA
47.59
NA
44.67
45.27
45.47
45.77
44.27
44.57
NA
45.85
45.95
46.35
46.18
46.42
NA
45.57
45.43
45.78
47.01
45.49
45.62
44.98
45.49
NA
46.38
44.8
44.9
44.1
45.3
43.9
44.8
46.4
NA
45.15
45.45
45.42
45.39
45.03
NA
44.74
44.24
45.14
44.44
NA
45.34
45.04
46.9
44.69
45.87
44.74
NA
45.94
44.74
44.04
45.34
45.74
45.34
45.64
44.64
46.64
46.54
46.14
NA
46.17
NA
48.4
44.74
43.68
45.38
45.69
47.16
45.49
45.37
46.54
46.61
45.89
45.39
45.22
46.38
45.06
45.07
45.18
44.91
45.38
45.54
45.91
45.41
NA
45.68
45.57
45.2
47.39
NA
45.41
46.67
46.24
46.09
44.33
43.34
44.97
46.03
45.54
46.65
45.41
44.75
44.95
44.26
45.49
45.37
47.72
47.14
45.12
45.16
47.26
44.84
44.52
NA
44.61
44.9
45.81
45.7
47.08
46.28
45.88
45.88
45.48
NA
44.01
47.01
46.03
45.19
45.27
45.19
44.6
44.02
44.85
47.17
45.27
45.53
45.27
44.44
NA
NA
45.68
44.22
45.09
45.26
45.44
45.34
48.12
45.48
45.29
44.33
46.61
46.87
45.19
46.94
46.43
45.0
44.99
44.96
45.04
45.34
44.72
45.29
43.67
46.05
44.88
43.92
45.9
45.55
46.3
44.65
44.79
45.26
46.29
NA
45.21
NA
NA
46.5
45.49
44.56
45.6
NA
46.93
45.39
44.93
44.93
44.99
45.04
46.16
45.95
43.73
45.3
45.2
46.71
45.48
45.23
45.13
45.08
47.86
46.37
46.57
43.37
45.67
NA
NA
44.43
NA
44.15
NA
NA
NA
NA
NA
NA
NA
NA
NA
NA
NA
NA
NA
NA
45.62
45.36
45.74
44.49
45.42
44.69
45.01
45.51
44.65
45.45
47.72
46.62
45.54
NA
45.66
45.15
45.63
45.96
45.16
46.87
45.4
45.26
46.2
45.31
44.31
45.71
45.11
45.81
46.81
45.31
43.91
46.02
43.7
46.3
44.8
45.1
45.0
45.4
45.3
46.1
45.8
45.5
44.89
49.21
47.45
46.94
45.59
43.48
44.99
48.84
47.51
47.05
45.6
43.53
NA
NA
47.47
NA
NA
45.6
45.6
44.9
43.97
45.21
42.66
45.1
45.84
40.64
44.59
43.61
45.61
NA
44.66
NA
45.64
44.96
45.3
45.34
44.56
44.95
45.45
45.71
45.28
NA
44.75
45.13
43.08
45.92
44.82
44.95
NA
45.19
44.19
44.49
46.39
45.49
44.79
45.59
45.59
44.99
44.18
46.9
45.42
44.26
45.89
43.56
45.27
44.9
43.53
45.35
45.83
47.14
45.22
44.65
44.34
46.98
46.63
45.97
45.56
45.33
45.88
47.19
45.27
NA
45.63
46.09
44.94
NA
NA
45.18
45.28
44.48
NA
45.8
44.9
46.0
46.3
43.5
45.7
45.7
46.3
45.1
45.17
46.51
47.2
44.64
43.94
45.44
44.94
44.64
45.34
45.14
44.53
45.83
43.83
45.73
NA
45.73
44.83
44.13
44.97
46.97
44.87
44.87
45.27
NA
45.38
43.88
45.37
45.59
45.36
47.2
NA
45.36
46.18
44.01
45.21
45.91
44.81
45.51
45.61
44.4
46.24
45.28
44.81
45.83
47.57
44.84
45.15
46.58
45.49
44.57
44.19
45.23
45.7
46.84
44.29
45.98
45.69
44.39
45.19
44.83
44.89
44.12
46.62
45.46
46.09
45.13
46.48
44.9
47.18
46.99
45.63
44.09
44.99
44.09
45.09
44.99
43.59
NA
45.09
44.24
45.44
46.34
46.04
45.14
46.54
45.54
45.54
46.54
44.44
47.74
44.42
44.99
45.37
45.14
45.73
44.18
44.38
46.38
44.46
NA
45.14
46.58
44.19
45.42
45.6
NA
NA
NA
NA
NA
NA
NA
NA
NA
NA
NA
NA
NA
NA
NA
NA
42.83
43.62
46.03
45.03
44.99
47.89
44.94
45.55
45.74
44.35
45.84
44.61
45.84
44.88
46.33
43.38
46.04
44.85
43.48
46.83
45.45
45.55
45.83
46.32
47.51
45.52
44.29
46.25
45.27
45.32
44.95
45.55
NA
47.05
45.15
44.75
45.55
44.5
45.22
44.07
44.67
45.62
NA
NA
45.47
44.02
45.48
45.45
45.8
46.21
46.22
46.03
45.94
47.03
43.42
46.22
45.32
45.85
45.1
NA
NA
NA
45.1
43.4
45.0
NA
NA
45.1
NA
46.57
47.16
47.16
45.4
45.01
43.86
44.26
44.82
46.85
42.81
46.27
44.88
46.56
45.54
45.81
43.12
45.1
46.66
46.56
47.14
47.17
45.38
45.01
43.85
44.25
NA
46.86
42.8
46.26
44.84
46.56
45.53
45.89
43.1
45.09
46.53
44.24
45.96
44.66
45.81
44.82
44.71
44.7
46.51
45.31
44.91
46.98
44.71
43.85
45.73
45.69
45.34
45.0
46.58
43.78
47.08
46.38
43.58
46.98
46.01
46.01
46.01
46.58
46.65
46.56
45.85
45.55
46.53
46.53
46.45
46.37
43.62
45.05
NA
45.27
NA
45.67
45.27
NA
45.09
44.98
47.78
46.07
46.08
46.63
46.09
46.43
46.29
45.35
45.29
45.14
44.97
45.18
45.71
45.29
45.64
44.33
45.17
45.29
44.9
43.98
45.53
43.75
45.34
47.15
46.03
44.19
46.36
47.47
46.24
47.26
45.16
43.64
45.3
47.22
45.98
44.31
47.5
46.35
47.62
45.22
52.55
45.22
46.94
45.77
44.72
46.19
47.13
45.98
47.15
44.94
45.36
45.02
43.54
46.04
45.48
45.6
44.97
47.51
45.42
44.94
43.51
46.02
45.26
45.62
45.0
47.7
45.16
45.26
44.96
45.66
44.99
44.7
46.1
44.65
NA
NA
45.19
44.89
45.79
45.19
44.33
44.71
46.53
46.93
45.43
47.17
46.91
47.39
47.12
46.32
44.9
NA
45.82
NA
NA
47.02
44.81
44.53
47.18
45.61
46.58
43.19
45.81
NA
NA
46.91
44.75
45.07
47.17
45.68
44.82
NA
46.09
NA
NA
46.89
44.75
44.79
47.05
45.48