171.65
172.65
NA
173.9
172.34
172.05
176.58
175.08
173.91
168.83
172.83
174.81
173.97
173.24
170.38
173.48
174.6
173.76
174.15
174.07
173.76
173.5
174.16
177.92
173.27
173.75
174.22
174.65
175.16
174.27
173.0
173.16
173.53
174.4
173.25
174.58
174.97
172.53
173.37
173.04
173.24
169.71
173.03
173.19
173.21
171.92
172.93
175.14
177.22
174.11
NA
174.4
177.43
172.67
NA
173.63
NA
NA
172.84
175.76
175.72
NA
172.29
174.77
174.85
174.92
174.58
NA
NA
175.79
174.16
172.62
173.83
173.91
173.55
175.97
177.18
174.62
172.25
177.82
174.77
172.94
174.3
176.11
173.93
173.93
173.7
172.76
NA
172.32
175.26
174.71
NA
174.27
174.61
NA
173.94
174.7
174.14
173.84
170.97
NA
172.82
177.94
173.05
176.38
172.53
172.38
171.87
173.12
173.37
172.31
174.68
175.29
174.32
174.29
173.64
172.87
172.31
173.2
175.13
172.79
173.61
176.97
175.78
173.85
173.52
173.67
177.77
173.79
173.35
177.72
177.22
174.41
173.42
173.36
171.99
175.91
174.41
173.42
176.86
172.95
177.92
173.16
NA
174.04
173.08
173.29
173.37
173.69
174.58
174.99
173.61
175.39
175.08
174.1
NA
172.54
172.41
174.0
173.85
174.92
172.17
173.95
172.07
174.08
172.03
174.04
172.02
174.14
171.93
173.93
NA
172.63
171.63
174.54
173.48
NA
174.75
172.39
173.8
172.96
173.39
NA
NA
NA
NA
NA
NA
NA
NA
NA
NA
175.33
173.4
173.3
173.66
NA
174.7
NA
173.07
174.77
172.97
NA
NA
NA
NA
173.6
NA
174.94
171.44
175.44
NA
172.4
175.72
174.48
NA
NA
175.34
NA
NA
171.22
173.78
175.78
175.66
NA
172.55
173.14
174.49
172.89
172.76
172.78
174.4
172.9
173.97
177.86
174.02
175.29
174.83
174.27
175.4
172.4
173.85
175.91
175.15
174.43
173.26
NA
NA
174.06
172.16
172.26
172.96
NA
173.54
172.6
172.81
174.76
NA
173.43
NA
NA
174.11
NA
NA
172.81
174.76
NA
NA
173.83
177.42
174.24
174.04
173.94
173.34
NA
NA
NA
NA
NA
NA
NA
NA
NA
NA
NA
NA
NA
NA
176.61
172.9
173.17
NA
174.15
175.05
175.2
175.49
173.66
NA
NA
NA
NA
NA
173.94
174.78
NA
NA
NA
173.19
NA
NA
173.07
171.32
172.12
175.72
NA
NA
173.3
NA
173.07
NA
171.56
177.23
NA
NA
NA
171.9
NA
NA
174.18
174.28
174.68
NA
175.2
175.33
NA
174.71
175.81
172.37
NA
174.69
NA
171.43
171.65
174.91
172.7
174.56
172.25
174.97
174.0
NA
171.52
NA
173.84
NA
173.74
173.84
170.54
172.74
173.04
173.44
174.24
174.94
174.68
173.48
174.68
172.48
NA
NA
174.54
173.14
171.84
172.77
174.57
173.03
175.23
NA
NA
173.3
173.56
172.06
173.16
176.45
NA
NA
NA
174.5
173.7
175.4
173.94
173.94
173.95
NA
NA
NA
NA
NA
174.34
174.3
174.08
177.38
NA
NA
NA
NA
NA
NA
NA
174.86
174.58
NA
168.25
177.53
172.41
NA
173.25
173.45
NA
177.08
NA
NA
NA
NA
NA
NA
NA
173.97
178.26
174.53
176.2
173.99
NA
176.95
174.15
174.15
172.05
176.85
174.25
173.69
175.81
NA
NA
NA
NA
173.58
174.67
173.16
173.28
NA
174.18
NA
NA
NA
NA
NA
175.13
NA
NA
NA
NA
NA
NA
175.79
174.0
172.26
173.81
NA
NA
174.07
176.84
174.54
175.84
NA
NA
NA
173.89
NA
175.26
172.22
173.83
174.07
175.5
174.36
NA
171.58
173.85
NA
NA
173.99
NA
NA
174.97
174.06
172.64
172.48
NA
178.7
175.07
172.36
173.06
171.9
172.06
171.74
174.15
174.65
171.55
NA
NA
174.04
174.64
174.1
174.06
173.34
173.99
173.98
172.82
172.83
NA
NA
NA
NA
NA
NA
172.72
173.28
173.29
175.37
NA
NA
NA
NA
NA
NA
NA
NA
NA
NA
NA
NA
NA
NA
173.97
173.19
174.34
NA
173.4
173.54
176.63
173.83
178.47
NA
NA
NA
173.83
172.68
174.15
171.82
173.71
174.08
NA
172.17
NA
171.67
NA
NA
178.36
NA
175.13
172.54
177.93
174.0
174.3
176.42
175.63
172.73
175.43
NA
NA
NA
175.16
173.14
173.07
173.35
175.11
170.41
173.53
174.24
170.31
173.42
174.16
173.85
173.91
171.03
NA
NA
NA
173.89
174.3
177.34
173.91
NA
173.51
NA
NA
176.17
174.09
172.46
NA
NA
173.76
174.93
174.12
NA
179.13
173.7
NA
NA
171.52
174.17
176.56
175.12
NA
177.96
174.35
NA
173.85
175.38
173.47
177.44
177.03
NA
172.98
172.89
NA
NA
175.46
NA
176.84
177.04
177.54
172.22
173.83
174.07
175.5
174.19
172.83
NA
NA
NA
NA
NA
NA
NA
NA
NA
174.17
NA
172.84
NA
172.77
174.56
171.62
NA
NA
NA
NA
173.28
172.68
175.48
172.28
174.79
175.26
171.89
173.28
NA
177.29
NA
175.93
174.92
175.78
NA
NA
NA
NA
173.3
173.26
NA
NA
NA
NA
NA
NA
NA
NA
NA
172.98
172.85
171.91
174.81
170.51
NA
NA
175.07
NA
174.46
NA
172.6
172.98
172.29
172.67
175.62
176.93
175.4
NA
NA
177.2
177.1
NA
173.55
174.5
174.74
172.36
172.32
171.29
173.97
NA
NA
NA
NA
172.7
173.9
176.6
171.8
NA
NA
NA
NA
175.74
176.56
171.92
171.82
NA
173.7
172.9
171.9
171.16
173.26
173.51
177.39
177.69
176.83
174.92
173.99
NA
NA
175.03
175.13
173.93
172.88
173.98
172.28
NA
NA
172.05
173.75
173.81
176.5
174.98
173.53
177.26
178.25
177.21
177.38
174.01
173.19
175.9
NA
173.3
NA
173.06
175.16
174.59
NA
172.05
172.67
NA
NA
NA
NA
NA
174.18
175.87
NA
NA
172.38
NA
174.41
173.58
NA
NA
174.75
NA
NA
NA
NA
NA
NA
173.87
173.61
171.96
174.36
170.76
NA
173.58
172.61
176.27
175.59
NA
174.53
178.47
177.17
173.86
173.47
172.71
173.81
174.08
173.53
174.21
NA
173.75
174.47
173.89
NA
NA
NA
NA
174.99
175.07
176.68
NA
175.56
173.85
172.51
175.62
174.33
175.16
173.66
172.5
176.56
173.27
172.8
176.85
174.05
173.75
173.97
NA
174.64
NA
NA
NA
174.89
174.8
174.78
174.15
173.23
173.1
NA
174.89
174.45
172.26
174.13
174.87
NA
175.1
176.3
176.6
NA
174.45
174.06
NA
NA
NA
NA
NA
NA
NA
NA
NA
172.77
173.93
174.04
172.81
171.51
173.8
176.78
172.93
171.82
173.06
173.22
174.46
175.72
173.18
174.42
175.31
174.85
174.82
174.01
173.38
NA
175.71
173.59
NA
NA
NA
NA
173.96
NA
NA
NA
172.88
173.67
176.47
173.5
172.37
175.54
177.72
178.25
172.94
175.44
173.89
NA
172.98
NA
176.92
174.2
NA
NA
NA
NA
NA
171.28
173.21
NA
173.59
174.69
174.29
176.32
NA
176.28
178.73
175.42
172.58
172.55
170.72
173.99
NA
NA
175.77
174.99
NA
NA
178.91
173.85
NA
NA
174.69
172.37
NA
172.74
172.07
173.83
174.28
NA
174.05
172.52
NA
NA
172.34
175.48
175.19
175.8
174.93
NA
NA
175.69
NA
173.21
174.1
171.98
172.26
172.57
NA
172.26
174.68
174.53
176.63
173.63
173.72
174.12
174.62
175.65
174.14
175.14
174.73
175.35
174.38
NA
178.23
174.66
NA
177.59
174.79
172.58
172.55
170.72
175.4
173.13
172.53
172.61
172.23
173.59
172.68
NA
NA
NA
NA
177.12
174.89
NA
NA
173.19
175.92
172.86
175.02
NA
174.5
173.74
172.6
173.5
177.99
NA
NA
172.71
172.21
171.91
172.94
172.4
173.1
172.8
173.92
173.45
174.17
175.07
175.58
NA
173.85
NA
171.46
175.33
171.9
173.17
174.71
172.14
174.1
NA
173.21
NA
NA
NA
173.31
172.91
173.51
175.81
173.67
173.42
175.21
174.45
173.16
NA
NA
NA
NA
170.99
173.09
174.3
170.88
NA
NA
NA
177.8
NA
172.99
177.36
174.19
NA
172.63
173.83
173.79
172.54
172.96
175.39
NA
NA
171.19
173.33
180.79
174.27
174.71
NA
NA
174.43
173.26
NA
NA
NA