171.7
174.1
174.19
174.01
173.45
178.75
NA
174.46
175.94
176.83
NA
176.78
174.18
NA
175.9
173.95
173.58
174.02
173.9
173.9
173.9
175.48
177.33
175.05
172.81
173.55
175.95
174.78
173.85
176.33
174.16
175.6
172.93
175.63
174.06
174.88
175.39
175.29
NA
174.46
175.82
171.58
174.44
NA
175.46
175.17
174.63
175.24
NA
173.73
173.94
NA
173.32
177.57
176.81
174.27
175.24
173.51
172.77
174.2
173.23
173.45
NA
175.91
174.98
172.25
174.28
173.08
NA
175.64
175.02
174.44
174.51
174.53
172.55
175.36
175.38
174.73
NA
177.52
175.51
176.58
173.85
178.31
NA
171.6
NA
176.01
174.16
176.5
172.66
174.25
NA
NA
173.8
173.9
174.52
174.84
175.89
174.95
175.51
175.16
173.56
178.63
175.29
170.5
175.2
174.37
177.34
NA
174.98
175.07
NA
NA
175.22
174.64
NA
174.23
173.41
174.58
NA
172.77
173.22
NA
NA
174.05
174.46
178.33
179.52
NA
173.29
174.23
176.45
174.88
175.16
NA
174.66
174.17
174.39
175.85
NA
177.55
175.29
NA
174.24
NA
176.89
175.26
NA
174.98
175.05
172.84
174.84
176.12
NA
174.61
175.43
NA
175.36
173.65
NA
172.93
177.23
174.52
175.32
179.81
177.28
NA
174.03
177.83
173.02
175.46
177.01
173.32
174.05
176.39
173.24
174.1
175.79
176.28
180.37
175.15
180.17
174.62
NA
175.56
175.8
NA
176.78
174.19
177.28
170.87
174.67
NA
178.09
NA
174.41
NA
174.09
176.07
175.27
176.88
176.63
NA
NA
176.71
NA
NA
172.46
NA
174.39
NA
174.5
174.3
NA
NA
NA
NA
NA
NA
NA
NA
174.66
171.78
172.47
174.57
173.77
176.56
174.45
NA
NA
176.63
174.87
NA
174.57
NA
175.6
NA
176.88
176.64
NA
NA
NA
NA
NA
NA
NA
NA
NA
NA
NA
174.52
NA
NA
173.36
NA
173.71
173.81
NA
NA
NA
176.41
177.54
174.84
173.66
176.31
NA
173.5
176.37
173.17
NA
NA
NA
175.06
175.57
NA
NA
NA
NA
NA
NA
NA
NA
174.88
173.43
173.98
172.26
NA
NA
176.67
174.8
174.4
NA
176.73
NA
NA
174.38
173.78
173.88
173.78
173.78
173.58
173.08
NA
NA
NA
NA
NA
173.42
NA
174.31
NA
NA
172.96
NA
NA
NA
NA
NA
NA
NA
175.53
175.53
175.62
175.62
175.52
NA
NA
173.97
177.93
NA
174.92
NA
173.34
NA
NA
177.71
175.77
172.09
179.21
175.96
173.96
174.47
174.64
NA
174.5
173.17
173.64
176.97
174.76
NA
174.56
173.29
175.99
173.16
NA
NA
173.16
NA
175.11
178.17
174.32
174.59
NA
NA
177.12
175.26
NA
NA
NA
NA
175.79
NA
NA
NA
NA
NA
NA
NA
174.02
173.31
174.3
177.29
174.34
NA
NA
NA
NA
NA
174.05
174.56
174.7
176.86
174.2
175.77
175.37
175.86
NA
175.9
175.68
175.6
175.59
NA
NA
NA
NA
NA
177.02
174.06
NA
NA
NA
174.22
174.07
176.33
174.23
NA
174.04
NA
NA
NA
NA
NA
NA
NA
NA
NA
NA
NA
175.7
176.25
174.58
172.54
175.28
NA
NA
NA
179.58
173.18
NA
174.41
175.21
176.16
NA
NA
174.7
NA
NA
174.63
NA
178.19
NA
NA
NA
174.24
177.64
NA
174.24
171.24
174.34
NA
NA
NA
175.34
173.17
176.68
173.33
NA
NA
NA
NA
NA
173.3
NA
174.2
NA
174.3
NA
173.56
174.66
NA
173.65
NA
NA
NA
NA
NA
NA
NA
NA
175.89
173.69
174.3
175.45
NA
NA
NA
NA
NA
NA
NA
NA
NA
NA
NA
NA
NA
NA
NA
NA
NA
NA
175.5
176.7
NA
173.28
174.29
172.95
174.82
175.3
173.28
174.29
172.95
174.82
175.3
NA
NA
175.55
NA
NA
175.44
173.44
NA
NA
NA
NA
NA
173.79
NA
176.82
NA
NA
NA
NA
176.19
NA
175.77
NA
175.09
175.16
173.19
NA
177.82
NA
NA
NA
NA
NA
NA
NA
NA
NA
NA
174.42
174.85
NA
NA
NA
NA
170.25
NA
NA
174.85
NA
NA
NA
176.75
174.05
NA
NA
179.94
173.94
173.94
NA
172.7
NA
NA
NA
177.25
173.25
NA
175.94
173.81
175.42
NA
178.18
NA
NA
NA
174.86
NA
NA
NA
173.95
175.47
174.95
176.45
NA
NA
174.35
NA
173.35
NA
173.9
NA
NA
NA
175.58
174.34
NA
NA
173.95
174.22
NA
NA
NA
NA
NA
NA
NA
175.72
176.23
NA
NA
NA
NA
NA
NA
NA
NA
NA
NA
NA
NA
NA
NA
NA
175.24
177.14
NA
173.76
173.35
NA
176.7
NA
NA
NA
NA
NA
NA
NA
NA
NA
NA
NA
NA
NA
NA
NA
176.4
NA
174.63
177.41
174.45
175.13
176.43
174.15
174.45
169.15
NA
NA
NA
NA
NA
NA
174.69
175.34
NA
NA
NA
NA
177.59
NA
NA
175.02
175.53
176.64
175.12
177.59
NA
NA
174.22
NA
175.73
NA
NA
NA
NA
NA
NA
NA
NA
NA
NA
NA
173.34
175.76
NA
NA
NA
174.92
176.23
173.58
176.78
NA
NA
NA
NA
NA
NA
173.95
NA
172.96
NA
173.67
176.85
174.12
NA
NA
173.83
175.17
176.45
173.95
172.98
NA
176.4
173.9
NA
NA
NA
NA
175.37
NA
NA
NA
NA
175.56
173.78
173.19
176.71
NA
NA
NA
NA
NA
178.71
172.76
NA
174.35
180.94
176.04
172.56
173.66
174.93
NA
NA
NA
176.49
175.37
175.37
177.2
NA
NA
NA
175.57
NA
175.47
NA
173.64
175.14
NA
NA
176.39
172.85
176.35
175.52
173.85
172.65
175.31
176.02
176.12
NA
NA
174.67
NA
NA
174.84
NA
NA
NA
NA
NA
NA
NA
NA
NA
NA
NA
NA
NA
NA
NA
174.54
173.34
NA
175.63
NA
172.6
NA
NA
NA
NA
NA
174.73
173.53
171.83
172.26
170.96
173.74
NA
175.64
NA
NA
NA
NA
NA
NA
NA
NA
174.82
173.69
173.32
NA
173.64
175.77
178.76
175.32
NA
173.98
176.38
175.03
NA
174.51
175.43
175.0
175.02
NA
177.53
NA
173.44
NA
NA
NA
NA
NA
NA
NA
NA
177.91
177.4
NA
NA
174.45
NA
177.72
176.69
175.42
NA
174.53
172.07
NA
NA
NA
NA
NA
NA
NA
174.36
NA
173.5
173.56
NA
NA
NA
NA
NA
NA
NA
NA
NA
NA
NA
175.23
178.07
176.27
173.78
NA
NA
173.56
173.92
173.5
173.37
174.75
NA
175.14
NA
NA
173.56
177.53
174.39
174.24
177.28
177.48
NA
NA
NA
NA
173.27
175.07
176.91
176.25
175.05
173.45
175.55
NA
NA
173.86
171.81
173.9
174.55
NA
176.95
NA
NA
175.48
174.98
173.81
177.13
176.03
173.71
176.04
174.95
175.58
170.14
173.64
175.54
178.84
NA
NA
175.89
173.93
NA
NA
NA
173.44
172.13
NA
NA
NA
NA
NA
175.66
172.26
178.78
NA
NA
NA
NA
NA
174.79
NA
171.81
174.49
NA
176.19
174.49
172.49
175.29
NA
178.11
NA
NA
NA
NA
NA
171.81
175.97
NA
NA
177.19
176.25
175.05
173.45
175.55
NA
174.22
NA
178.26
175.76
173.22
172.92
173.32
173.51
174.04
175.08
NA
NA
177.04
NA
NA
NA
NA
174.15
174.15
177.85
NA
NA
174.3
174.6
176.7
173.65
173.65
173.61
173.5
173.97
NA
175.41
175.51
NA
NA
NA
171.98
NA
NA
178.21
NA
NA
NA
NA
173.47
174.57
NA
NA
NA
NA
NA
NA
NA
NA
NA
NA
NA
175.15
174.83
175.56
NA
NA
NA
NA
NA
NA
NA
174.71
NA
NA
NA
175.6
173.84
NA
NA
174.83
174.03
176.13
176.63
NA
NA
NA
176.26
176.0
NA
174.45
174.8
NA
176.09
173.91
NA
NA
173.48
176.16
176.14
173.49
NA
NA
NA
NA
NA
173.98
173.69
NA
176.7
180.63
172.9
NA
172.99
176.89
175.09
173.49
176.51
NA
176.75
174.25
174.57
173.2
175.5
175.15
173.51
173.92
178.04
174.03
175.21
175.87
173.78
173.62
173.37
176.76
174.13
NA
176.73
NA
167.1
NA
NA
NA
NA
NA
NA
NA
175.56
174.99
NA
NA
NA
176.95
NA
NA
174.4
173.7
178.14
NA
174.87
NA
NA
NA
NA
NA
NA
174.2
174.61
175.05
NA
176.21
173.91
174.61
174.03
172.97
NA
175.6
173.16
173.85
173.59
175.79
177.23
NA
NA
NA
NA
NA
178.92
175.96
177.08
174.42
173.24
NA
NA
NA
NA
NA
NA
NA
NA
175.02
NA
173.6
173.48
172.11
177.06
176.1
NA
173.57
174.57
174.41
NA
NA
NA
175.13
175.49
173.15
NA
NA
NA
NA
NA
173.59
174.36
NA
NA
175.36
175.56
NA
NA
NA
NA
177.37
179.57
NA
175.6
NA
173.92
175.02
176.96
NA
175.59
NA
174.25
176.71
177.15
NA
173.59
172.3
174.67
NA
NA
NA
NA
176.19
174.99
NA
NA
NA
NA
NA
NA
NA
NA
NA
NA
NA
NA
174.76
172.58
NA
174.76
177.56
175.26
NA
NA
NA
174.1
176.97
NA
NA
174.11
172.51
NA
175.55
NA
174.07
173.85
174.45
173.58
174.94
NA
174.07
NA
174.49
NA
172.97
NA
NA
176.19
173.09
175.73
175.02
175.3
173.59
176.19
172.89
175.57
175.89
174.83
173.7
173.52
174.94
NA
NA
NA
NA
NA
NA
174.84
177.54
175.54
NA
172.6
174.3
172.8
174.43
NA
NA
174.93
NA
174.2
174.59
175.06
175.16
174.56
NA
NA
174.87
175.17
177.67
173.37
175.1
176.24
NA
NA
NA
NA
NA
NA
NA
NA
NA
172.51
174.29
175.26
174.32
174.35
NA
NA
NA
NA
NA
177.24
175.01
NA
175.09
NA
NA
NA
NA
173.99
NA
NA
176.21
NA
NA
NA
NA
NA
NA
NA
NA
NA
NA
NA
NA
NA
NA
NA
176.07
173.05
176.34
NA
NA
NA
174.09
NA
172.27
173.76
176.94
NA
174.72
176.72
174.55
176.75
175.59
NA
172.21
171.7
NA
NA
177.39
NA
NA
NA
NA
NA
NA
174.9
175.67
NA
178.03
NA
174.87
175.94
176.3
NA
NA
NA
NA
NA
NA
NA
172.13
NA
NA
NA
175.09
174.52
174.1
NA
175.6
177.03
NA
NA
173.13
172.33
174.67
NA
NA
173.73
173.28
174.86
NA
NA
174.51
NA
NA
NA
NA
NA
NA
NA
NA
172.02
NA
173.87
173.58
177.87
NA
NA
175.82
174.69
175.71
175.45
175.03
174.4
175.57
172.64
NA
NA
NA
174.87
NA
174.64
173.92
NA
174.07
NA
NA
NA
NA
NA
NA
176.68
174.36
173.63
NA
NA
NA
NA
NA
172.27
174.62
173.58
174.42
NA
NA
NA
178.41
NA
NA
176.23
176.01
NA
177.6
174.46
174.76
176.66
NA
NA
174.3
NA
NA
NA
175.62
174.12
173.42
178.61
172.94
176.02
175.52
NA
172.12
173.0
176.29
175.19
NA
173.13
NA
NA
NA
NA
NA
NA
NA
NA
174.64
NA
NA
173.44
176.73
176.13
174.73
173.49
176.59
NA
NA
177.58
174.28
NA
NA
NA
NA
NA
NA
NA
NA
NA
173.27
NA
NA
NA
NA
174.73
174.02
173.72
NA
174.7
NA
174.26
174.76
174.46
174.36
175.09
174.88
175.41
NA
NA
177.44
NA
179.74
173.64
NA
175.45
173.5
175.4
173.97
174.29
172.71
NA
NA
NA
176.24
174.66
174.62
174.53
174.63
NA
175.06
NA
176.71
175.6
174.2
NA
174.57
175.99
175.53
174.62
173.12
172.27
NA
NA
NA
NA
NA
NA
NA
178.86
NA
174.46
NA
173.6
173.21
175.12
177.23
NA
NA
174.65
175.6
174.29
NA
NA
NA
NA
NA
NA
176.27
173.82
175.91
NA
NA
NA
NA
NA
NA
NA
178.2
176.1
NA
NA
NA
NA
NA
175.53
NA
175.86
177.15
NA
NA
NA
176.17
174.09
175.9
175.53
NA
NA
NA
NA
NA
NA
NA
NA
177.53
NA
175.92
NA
NA
NA
NA
NA
176.42
174.29
174.17
170.57
173.97
174.17
173.07
175.67
174.07
173.87
173.87
NA
NA
NA
NA
174.93
178.48
NA
173.68
174.58
172.68
NA
174.98
173.22
NA
175.47
174.51
175.08
NA
NA
NA
NA
NA
175.44
NA
NA
172.87
176.94
NA
174.79
173.89
170.68
174.78
NA
176.45
175.85
174.31
NA
NA
175.07
NA
172.79
174.47
174.64
NA
174.5
173.17
174.82
NA
NA
NA
NA
NA
NA
NA
NA
NA
NA
NA
NA
NA
175.85
175.61
NA
173.93
NA