39.35
42.93
41.52
40.5
42.81
39.3
41.06
40.84
38.06
40.72
40.43
40.64
40.43
35.85
42.1
39.67
37.03
39.98
41.28
NA
39.15
NA
NA
38.37
41.75
NA
36.7
40.59
43.37
39.72
36.85
NA
40.64
42.23
42.41
42.67
39.91
38.19
42.1
41.92
41.39
39.05
42.76
39.29
39.55
39.37
42.43
42.39
39.98
NA
38.5
38.17
42.05
39.74
39.84
42.62
38.27
41.08
42.05
40.92
39.18
43.48
35.14
39.54
35.5
43.35
42.95
40.23
38.96
42.38
40.84
40.12
38.59
41.73
38.81
NA
39.34
37.92
35.94
39.33
36.81
36.15
40.14
41.34
39.3
41.27
35.2
40.27
39.41
40.72
NA
40.34
37.36
39.73
42.43
40.8
41.83
38.17
NA
42.93
37.65
39.18
NA
42.61
40.09
NA
40.58
37.79
40.91
43.0
40.11
41.48
37.36
38.12
38.65
39.85
38.45
39.59
38.92
39.19
39.11
40.08
42.52
41.74
39.99
41.62
36.86
41.89
35.92
40.1
41.25
40.25
38.42
41.99
39.14
NA
38.79
42.04
38.8
39.63
NA
41.5
37.98
38.85
39.19
39.7
37.5
41.14
40.79
38.68
38.12
41.8
41.79
38.61
42.3
37.83
NA
40.07
39.25
40.78
40.31
38.72
40.69
41.36
41.6
40.5
37.2
39.84
39.76
38.39
38.97
39.64
38.49
39.31
40.8
42.62
NA
NA
40.8
41.96
39.98
37.86
41.38
40.53
37.87
35.23
37.77
42.77
40.32
41.31
42.85
37.84
37.03
40.87
40.81
42.72
NA
36.9
40.11
40.75
37.73
40.51
37.51
37.88
37.67
41.86
36.75
38.8
38.37
38.52
40.35
39.22
40.59
39.67
41.99
37.06
38.15
40.74
NA
NA
NA
NA
37.14
38.53
40.67
37.04
42.07
38.06
NA
34.6
37.6
NA
NA
37.35
37.22
NA
43.21
39.85
37.83
40.34
40.16
38.48
43.89
39.69
40.01
41.13
42.48
40.01
40.26
38.64
37.76
41.81
43.35
38.38
40.86
36.97
40.26
41.11
38.33
NA
38.46
NA
NA
NA
40.02
NA
NA
NA
NA
NA
NA
NA
NA
42.44
40.3
41.52
39.69
37.4
40.88
38.6
40.48
38.24
34.4
38.51
NA
35.78
40.6
41.56
36.13
38.29
40.72
40.01
41.58
38.74
41.37
38.39
39.94
40.54
39.71
39.66
40.8
40.42
41.05
NA
42.28
40.22
38.37
39.4
43.09
40.14
37.89
38.97
39.93
38.2
42.36
40.68
41.42
40.09
42.22
40.05
39.36
41.62
39.82
37.56
39.49
41.4
41.46
39.8
41.34
40.63
42.31
NA
39.14
36.91
37.87
36.63
41.24
38.86
36.75
41.77
39.58
37.87
39.87
38.06
39.76
NA
39.76
40.7
39.26
NA
40.65
NA
39.42
41.28
NA
38.44
41.49
38.66
39.85
40.33
42.21
35.72
41.08
40.95
42.47
40.05
39.39
40.58
40.84
41.06
39.81
35.0
37.79
37.21
39.67
41.42
41.33
40.64
40.03
35.52
41.54
37.98
40.37
38.1
39.62
38.55
NA
41.34
39.8
43.0
38.77
38.7
41.11
39.05
40.21
39.36
39.41
39.34
39.84
39.91
40.7
39.9
42.46
39.95
41.29
39.4
38.98
40.67
41.52
38.43
39.73
35.4
38.71
37.9
39.54
39.85
35.48
41.58
40.94
40.16
39.61
40.71
38.83
40.47
42.49
41.55
41.37
36.87
39.22
39.14
40.4
40.33
38.4
35.67
40.4
42.08
39.76
42.49
41.01
40.91
39.95
38.8
42.34
38.9
NA
40.97
43.18
34.29
36.38
40.59
39.5
40.19
39.24
37.53
NA
42.12
NA
40.31
39.79
40.31
39.98
NA
39.01
40.06
39.67
41.09
43.02
39.32
40.37
42.34
40.63
35.26
40.91
39.73
41.4
40.12
40.72
41.03
40.83
NA
38.91
36.99
43.33
42.42
39.08
40.66
40.9
43.5
NA
40.75
40.68
35.7
NA
42.28
36.65
NA
40.54
NA
41.3
39.44
40.43
39.37
40.1
40.07
NA
44.03
39.03
39.93
41.45
38.41
42.09
39.02
36.52
42.99
38.46
41.04
38.95
34.95
41.08
40.65
39.86
40.65
39.76
40.63
39.72
40.66
39.93
40.75
39.86
39.58
40.43
39.24
40.06
37.76
38.57
37.46
41.52
41.42
41.33
40.95
40.71
38.21
NA
39.41
41.41
39.21
43.08
38.58
43.76
41.72
36.99
38.3
40.96
40.31
41.89
42.81
43.97
41.01
38.28
38.96
36.53
39.46
39.3
40.92
38.32
42.66
NA
38.57
40.11
37.74
NA
38.42
NA
NA
38.78
40.83
38.26
NA
NA
NA
NA
NA
36.66
NA
NA
NA
36.65
NA
NA
NA
NA
38.98
42.15
39.88
42.63
38.76
37.17
38.99
39.61
40.08
40.36
38.77
39.47
39.15
36.73
37.56
41.8
43.24
41.81
37.64
39.28
40.38
NA
40.8
39.9
40.2
41.32
37.52
37.98
38.39
36.75
38.75
NA
35.63
42.96
38.03
41.84
37.29
41.17
NA
39.18
37.65
39.25
44.25
36.45
38.65
42.35
42.93
39.05
40.52
41.0
39.36
38.94
38.01
39.87
41.3
37.27
38.69
41.62
41.02
40.72
41.12
NA
NA
NA
NA
NA
40.02
NA
38.77
39.05
NA
38.52
37.86
37.04
35.34
40.94
40.86
36.8
37.1
38.54
41.69
39.04
41.04
40.94
37.74
38.74
39.14
41.4
40.11
38.49
42.09
39.91
41.71
NA
40.98
39.09
36.97
38.98
41.39
37.06
39.65
38.85
38.98
37.17
40.28
42.03
40.65
38.03
38.83
41.13
38.13
42.83
40.33
43.55
39.81
35.55
37.68
NA
40.82
37.18
40.92
39.19
42.52
42.93
41.1
38.9
38.14
41.32
41.47
39.58
40.24
37.98
37.01
38.44
38.01
38.94
37.09
38.91
38.14
41.32
41.47
39.58
42.06
40.76
41.17
38.54
39.43
41.41
39.47
36.77
40.55
36.96
NA
NA
NA
NA
NA
NA
NA
NA
NA
NA
NA
NA
NA
NA
NA
NA
NA
NA
NA
NA
NA
NA
NA
NA
NA
NA
NA
NA
NA
NA
NA
NA
NA
NA
NA
NA
NA
NA
NA
NA
NA
NA
NA
NA
NA
NA
NA
NA
NA
NA
NA
NA
NA
NA
NA
NA
NA
NA
NA
NA
37.86
42.15
39.32
40.15
NA
NA
NA
NA
NA
NA
39.66
40.31
40.71
40.04
43.02
36.12
41.91
41.34
37.19
40.98
40.32
42.38
38.76
40.29
42.52
41.03
38.7
40.1
39.48
41.5
40.85
43.43
39.5
NA
41.06
40.59
38.5
41.89
41.21
41.47
40.43
40.45
39.82
37.59
42.27
36.02
43.53
40.98
38.96
41.7
38.44
40.87
37.83
39.48
40.26
39.14
35.24
42.03
38.46
39.13
35.49
39.23
40.76
NA
37.2
42.06
39.64
41.68
39.35
36.73
40.65
37.65
36.96
41.84
40.98
41.18
41.52
38.89
NA
38.02
42.28
37.79
39.97
37.78
43.18
38.88
42.18
41.33
41.9
NA
38.13
42.64
38.77
37.56
35.63
38.13
39.17
38.4
38.41
41.68
39.25
37.07
39.69
40.29
39.19
40.66
40.66
38.9
40.66
39.49
NA
NA
NA
42.46
36.7
39.78
40.3
39.74
39.83
35.98
38.31
37.37
NA
35.65
38.15
39.18
38.41
36.98
40.58
40.58
39.5
NA
43.33
41.34
41.81
40.97
39.4
38.25
38.78
40.96
41.87
38.74
39.38
40.9
41.1
34.71
40.93
39.08
38.77
38.94
39.28
39.4
38.88
40.29
37.94
38.95
41.97
40.27
35.14
40.34
37.87
39.04
41.9
40.25
35.35
40.18
37.99
39.05
42.26
40.2
35.33
40.32
38.07
39.18
42.28
40.16
35.24
40.32
38.07
39.18
42.28
40.16
35.24
40.74
41.44
37.01
37.12
38.64
41.66
38.72
38.82
39.52
38.72
38.82
39.53
40.83
41.32
NA
37.05
NA
37.96
NA
39.62
NA
39.72
NA
41.23
38.95
42.21
41.5
38.79
40.99
38.15
41.91
37.07
41.35
38.85
35.1
40.98
38.19
NA
NA
41.43
38.75
35.08
41.86
40.61
40.95
43.11
37.86
38.63
39.0
45.25
40.29
40.36
39.84
39.12
39.85
39.3
40.24
39.84
39.35
39.74
39.12
39.96
40.37
38.96
39.8
NA
NA
NA
41.22
43.19
41.35
40.01
38.25
41.76
43.16
37.3
39.72
NA
NA
NA
40.26
43.66
38.85
38.97
37.95
39.43
NA
NA
NA
NA
NA
NA
37.84
NA
42.1
NA
NA
39.53
NA
NA
NA
NA
NA
NA
37.26
39.14
38.17
NA
38.62
NA
NA
NA
36.1
40.45
39.68
37.44
37.44
37.53
37.57
38.0
NA
NA
NA
NA
41.9
NA
NA
NA
NA
NA
39.04
38.21
38.92
NA
NA
NA
41.11
43.15
41.25
40.11
38.2
41.78
43.19
37.28
36.31
40.91
36.28
37.5
40.4
41.81
39.24
39.82
39.48
41.18
40.71
39.49
41.15
39.12
39.66
41.28
38.94
38.58
42.27
37.97
41.39
35.4
35.25
41.46
41.74
38.21
NA
37.6
40.69
35.72
35.1
NA
41.81
41.58
41.36
38.57
40.5
37.62
38.19
42.08
37.66
38.11
NA
NA
42.27
38.87
41.17
35.17
40.97
41.76
40.9
38.74
41.97
42.94
39.59
38.96
42.5
38.7
42.78
40.22
41.62
39.54
36.12
38.92
41.92
42.04
35.98
40.14
42.34
38.63
41.94
40.61
40.96
37.3
38.0
41.51
40.65
40.57
36.6
NA
NA
NA
NA
NA
NA
NA
NA
NA
NA
NA
NA
NA
NA
NA
NA
NA
NA
NA
NA
37.63
38.83
42.33
43.03
40.13
38.23
37.13
40.93
43.42
40.92
39.22
NA
44.67
43.01
40.81
39.99
37.2
42.2
NA
NA
NA
NA
NA
NA
NA
35.69
38.07
39.15
38.45
35.57
38.02
38.95
37.69
38.56
38.58
NA
38.48
39.18
38.88
38.18
39.08
37.37
39.67
40.67
42.45
40.25
40.45
40.15
40.75
39.05
41.15
37.35
39.34
41.44
39.14
38.89
39.61
40.11
38.71
39.51
41.07
37.87
37.0
38.75
39.7
NA
41.3
41.5
39.61
37.41
40.41
40.84
39.14
36.34
43.34
40.04
41.11
38.74
39.17
40.92
41.53
39.41
NA
39.99
NA
42.17
39.26
39.66
40.58
39.08
42.48
38.18
38.23
40.7
37.84
42.44
35.34
37.74
43.67
NA
42.97
NA
40.07
NA
NA
NA
38.82
36.82
37.52
44.23
41.13
39.93
39.03
40.28
41.48
43.08
39.92
42.72
41.22
38.52
40.5
41.56
40.07
37.93
39.86
38.01
38.26
NA
NA
NA
NA
NA
NA
NA
NA
NA
NA
NA
NA
NA
NA
38.91
42.21
33.28
41.48
40.48
40.08
41.88
39.08
38.73
37.3
41.11
38.5
44.01
42.01
39.81
35.61
41.04
39.84
41.2
39.97
42.67
39.68
40.95
39.29
38.59
40.72
43.03
42.64
38.74
38.44
42.54
40.19
39.37
38.44
36.43
39.06
39.16
40.18
40.98
40.36
41.86
41.46
39.86
42.66
40.86
40.56
40.46
38.56
37.72
42.41
41.72
38.1
39.1
39.38
38.76
41.43
42.36
40.31
NA
NA
NA
NA
NA
NA
39.92
39.15
38.12
40.24
38.79
41.18
39.15
36.75
39.01
40.01
38.41
39.41
39.01
38.49
39.73
NA
38.59
38.81
39.01
39.11
39.41
38.83
42.33
38.13
NA
39.83
41.89
41.99
38.99
41.79
40.65
39.04
NA
NA
41.76
40.62
39.01
NA
NA
42.44
39.07
34.77
41.57
36.6
39.51
40.52
39.46
NA
NA
44.5
43.57
37.21
38.88
39.99
NA
43.04
NA
38.17
42.53
43.33
41.81
43.16
NA
NA
NA
NA
NA
NA
39.98
38.55
42.72
39.82
42.32
39.02
43.92
42.42
41.12
41.02
40.92
36.92
37.16
41.76
40.16
40.16
40.16
38.36
40.16
40.37
39.57
37.42
39.72
41.42
42.72
39.73
41.01
41.37
35.79
42.67
41.42
39.11
37.74
38.21
40.47
39.65
37.8
41.23
40.54
NA
42.58
36.85
42.16
NA
40.5
38.9
NA
43.88
39.13
34.92
37.12
39.95
39.28
37.97
39.22
41.28
36.97
NA
NA
37.6
40.49
40.88
39.26
34.43
40.09
41.12
38.17
40.09
42.4
42.63
36.16
35.54
41.48
43.09
NA
38.01
38.24
38.73
39.73
40.68
36.63
44.19
42.86
43.5
39.04
40.02
40.23
39.88
39.59
39.25
37.09
42.72
NA
41.35
37.57
40.95
40.5
41.22
39.25
42.96
41.34
NA
41.46
42.15
41.45
NA
NA
41.34
42.44
40.04
43.54
38.34
43.24
41.29
38.01
36.85
39.77
40.5
36.82
41.5
40.3
41.43
39.35
39.03
39.25
40.0
39.88
39.07
44.17
43.02
35.66
39.52
41.84
39.12
44.31
43.66
35.67
39.53
41.86
NA
NA
NA
NA
38.28
39.75
39.85
41.75
41.71
43.06
41.22
41.62
41.42
38.72
40.94
NA
39.76
38.68
40.0
43.81
39.7
40.1
42.42
37.97
41.08
42.28
43.28
42.41
39.11
36.61
37.71
39.71
32.3
39.35
39.51
41.96
41.97
39.99
38.93
39.08
40.74
40.32
40.94
42.19
38.13
34.03
38.75
40.2
35.6
42.37
39.21
37.85
42.45
35.35
37.75
39.86
40.26
38.16
39.95
40.45
38.15
38.54
39.04
40.84
39.74
37.44
NA
39.34
41.54
36.04
39.11
41.6
41.08
40.67
39.04
37.03
41.38
37.66
39.21
40.25
37.21
40.71
36.62
40.49
40.79
41.82
41.41
39.14
40.73
41.03
42.66
NA
NA
NA
NA
NA
41.47
38.78
38.04
42.19
38.13
34.03
38.75
40.2
35.6
42.37
39.21
NA
NA
39.44
39.27
39.56
36.76
36.66
39.46
40.46
40.3
41.0
40.37
41.64
40.08
39.27
36.57
43.74
39.39
42.31
42.78
40.08
38.52
40.65
41.75
40.01
36.55
42.5
35.42
37.61
41.4
37.74
39.69
39.62
36.73
41.5
39.72
41.72
39.0
38.55
42.0
38.7
38.67
41.67
28.29
38.19
40.09
37.44
39.11
40.7
42.21
42.75
38.85
42.83
40.85
40.05
41.15
39.35
40.85
40.71
40.56
41.75
39.64
41.1
41.53
39.67
39.63
36.96
41.86
41.26
39.96
39.96
37.69
40.19
38.77
40.39
37.57
38.73
39.96
42.95
41.7
39.6
42.01
42.05
42.89
40.37
40.6
41.86
37.54
42.01
40.7
41.22
41.73
40.35
42.68
40.18
40.88
40.58
NA
37.96
38.22
38.22
37.94
37.94
40.44
38.78
38.98
39.58
NA
38.28
39.88
39.48
39.53
40.11
NA
NA
41.25
37.55
41.5
NA
41.74
40.56
37.61
38.68
42.25
41.98
41.48
NA
38.78
42.28
42.98
NA
39.93
39.45
41.46
40.25
41.63
39.96
40.5
41.86
42.07
42.96
42.91
41.19
38.38
32.4
39.33
39.93
40.33
42.93
38.75
38.71
41.79
35.76
43.31
42.41
39.78
36.17
40.49
39.15
39.03
39.06
41.8
36.16
43.44
42.4
40.26
36.11
40.81
40.23
39.03
40.18
42.68
38.88
42.39
41.36
39.46
42.77
40.27
42.57
42.17
39.87
40.36
39.86
37.36
40.43
39.75
41.81
41.15
42.32
39.48
38.05
40.15
41.22
NA
41.1
40.05
38.25
39.16
38.28
43.07
41.05
41.05
41.67
39.18
NA
42.32
41.05
35.21
40.84
40.73
41.21
42.63
38.83
41.68
36.45
40.26
42.16
NA
35.61
39.91
40.88
39.39
36.6
39.51
40.52
39.46
NA
40.96
42.61
40.4
40.87
35.61
39.91
40.88
39.39
44.45
40.05
42.65
41.05
40.78
40.78
38.25
37.75
42.23
NA
41.66
36.36
38.26
38.56
41.76
39.46
36.73
40.38
39.35
42.26
NA
38.74
41.42
38.96
44.01
NA
38.95
NA
NA
41.95
40.57
38.08
37.83
40.87
34.66
38.14
42.6
41.43
40.87
38.85
40.73
37.45
NA
41.66
39.09
39.08
41.42
42.0
36.98
40.83
40.98
40.23
40.91
40.49
37.47
40.52
39.72
38.72
40.91
41.31
35.81
42.61
41.51
39.21
37.91
38.31
40.71
39.81
37.01
41.09
41.19
35.79
42.39
41.09
37.69
37.69
38.39
40.89
39.79
37.29
38.08
38.23
40.6
37.46
37.02
38.12
42.86
38.15
38.15
36.56
38.06
39.96
NA
39.66
39.36
38.96
41.26
38.42
43.45
41.63
40.97
39.12
44.95
42.09
39.86
41.39
40.23
39.83
41.74
39.11
41.73
41.95
40.55
41.25
39.25
39.55
38.25
37.25
39.02
38.31
40.26
39.26
43.09
41.28
37.53
39.81
42.09
43.66
40.36
38.96
38.66
38.01
41.16
39.06
34.16
NA
40.76
41.66
36.55
41.56
41.52
NA
NA
NA
40.57
44.77
38.87
NA
NA
NA
NA
37.37
39.15
41.55
43.67
44.62
40.5
36.52
40.32
36.42
39.37
40.6
39.31
40.68
37.98
40.4
40.93
39.27
42.32
40.54
37.93
42.12
42.93
NA
NA
42.22
NA
39.72
36.62
39.82
38.42
39.29
41.05
43.17
36.46
41.58
39.16
41.94
37.03
39.13
39.33
42.42
35.48
36.35
37.56
40.63
41.12
38.57
39.4
39.62
41.22
39.89
NA
39.29
38.09
44.06
40.64
40.2
38.95
38.67
41.52
39.04
42.84
41.04
42.44
41.03
42.33
36.93
39.63
38.83
40.43
43.13
38.63
42.75
34.75
38.61
40.44
36.93
36.93
41.03
37.63
39.43
41.79
37.81
36.57
42.6
40.06
42.38
41.66
40.57
37.71
42.39
NA
42.19
41.39
NA
37.39
NA
NA
NA
NA
NA
NA
NA
NA
NA
43.61
34.57
41.31
40.14
39.15
38.82
NA
38.92
39.82
41.22
43.17
41.52
35.73
40.7
41.78
39.74
42.86
34.24
41.77
38.42
39.38
36.55
40.3
43.16
40.69
40.99
37.08
NA
39.9
NA
39.75
41.15
42.05
41.85
40.94
42.67
NA
39.63
39.2
NA
NA
NA
38.9
38.9
42.24
42.49
42.05
39.51
37.82
40.36
42.64
39.77
41.88
29.3
39.6
37.79
42.39
37.99
39.85
NA
41.15
40.64
43.54
42.18
39.43
NA
NA
39.9
39.91
39.24
NA
NA
40.93
43.58
40.62
42.0
42.18
40.48
42.4
41.3
38.1
39.78
40.12
38.16
36.59
38.76
39.76
39.85
39.26
36.96
39.36
37.86
41.06
40.55
40.22
40.81
41.85
NA
39.75
38.35
42.95
41.05
NA
NA
NA
NA
NA
42.12
38.13
42.45
43.22
39.55
40.85
40.09
34.89
40.28
39.18
40.91
38.27
40.73
39.4
40.85
39.75
38.87
39.84
39.37
41.74
41.42
NA
NA
NA
39.92
35.72
39.02
38.08
39.02
38.51
39.02
41.36
40.18
40.28
40.68
41.68
45.08
41.23
37.95
NA
42.3
43.3
45.57
38.08
42.51
42.34
38.39
38.69
41.66
NA
37.86
41.46
NA
NA
40.36
36.96
41.15
35.85
41.95
NA
NA
38.55
NA
37.25
NA
NA
39.75
NA
NA
NA
35.97
41.55
36.75
38.73
39.8
36.37
38.61
NA
NA
NA
NA
40.21
40.53
39.71
40.75
40.83
41.38
37.72
NA
39.6
36.71
41.48
39.7
41.7
38.98
38.53
38.51
39.61
39.61
38.21
39.96
43.0
NA
NA
NA
NA
NA
NA
NA
NA
NA
NA
NA
NA
NA
NA
NA
NA
NA
39.03
41.03
42.83
42.33
NA
39.83
42.53
38.83
NA
38.86
38.54
39.85
41.84
40.35
37.55
35.85
38.55
39.63
43.54
38.04
38.14
37.64
38.94
NA
NA
NA
NA
43.8
NA
NA
39.09
43.1
38.91
39.64
38.66
42.36
37.95
37.67
40.63
37.74
42.74
39.04
40.44
40.47
38.27
35.47
38.77
39.71
41.11
40.51
39.91
41.11
33.69
39.19
40.09
38.27
38.11
41.75
39.09
40.13
42.23
37.94
36.66
43.34
36.39
41.88
37.14
39.13
38.99
37.97
42.04
41.02
37.66
38.16
39.37
36.37
38.17
38.07
39.29
41.48
40.91
42.61
39.86
NA
37.13
39.21
39.25
NA
39.55
40.85
39.07
38.68
39.07
40.42
38.41
33.37
39.32
40.38
41.07
38.83
42.12
37.72
41.24
41.97
39.07
37.27
38.67
38.07
41.43
34.29
41.31
40.53
39.78
39.56
37.31
38.55
42.15
39.86
37.41
NA
36.55
42.81
37.81
36.44
38.92
38.75
36.05
40.05
40.35
36.59
40.04
40.36
40.75
39.42
39.77
34.94
NA
42.11
42.29
39.56
NA
38.78
41.68
40.48
39.78
38.38
NA
NA
NA
NA
NA
NA
41.9
39.1
41.6
37.37
40.85
39.22
43.32
41.84
40.41
39.31
37.4
41.28
38.94
39.63
40.37
39.29
43.12
41.03
40.22
39.12
37.36
41.26
39.16
39.44
40.5
46.24
40.3
39.36
38.02
39.28
39.03
37.45
NA
42.47
44.87
NA
42.24
38.61
41.31
39.96
42.33
38.95
39.45
38.32
42.89
39.99
39.89
38.09
40.39
41.29
40.59
39.55
39.43
43.08
41.95
41.95
40.9
37.16
40.86
NA
41.73
39.86
38.54
40.07
38.87
42.47
38.53
41.02
NA
39.52
42.22
41.02
38.52
40.52
41.3
35.54
41.06
39.85
37.56
39.74
40.05
41.23
NA
NA
NA
40.74
NA
NA
NA
NA
41.56
38.27
42.38
38.94
40.82
39.41
40.52
39.41
41.2
41.21
36.11
36.11
37.34
40.48
39.07
44.15
40.96
37.62
42.12
42.72
41.72
38.52
42.72
42.22
41.32
39.32
43.13
41.71
39.2
39.39
43.2
43.32
NA
37.88
37.48
38.38
39.88
39.88
40.38
41.28
40.72
42.88
NA
41.86
NA
40.08
39.48
41.35
44.02
38.67
39.8
41.05
37.25
41.45
41.75
38.45
38.44
41.61
39.25
40.54
41.55
43.71
41.85
40.73
38.88
40.72
38.73
35.4
NA
NA
NA
NA
NA
NA
NA
NA
39.8
39.45
37.34
39.47
43.11
41.24
NA
NA
NA
NA
NA
NA
NA
NA
NA
NA
38.36
39.66
37.56
37.66
NA
NA
NA
NA
NA
NA
NA
NA
NA
NA
NA
NA
NA
NA
38.07
42.44
35.64
39.15
37.45
37.4
36.68
38.77
41.49
41.52
41.52
44.43
40.57
37.23
38.28
38.72
39.24
NA
NA
39.18
38.23
38.47
39.04
NA
NA
39.37
NA
NA
NA
NA
36.79
40.19
41.49
37.09
39.69
41.59
39.62
41.07
42.12
41.29
40.6
40.52
42.04
41.72
37.09
38.72
41.42
40.13
41.36
42.19
35.38
42.27
41.33
40.79
41.09
40.69
41.69
39.49
39.04
40.29
40.29
44.2
39.72
37.92
34.89
34.89
41.69
41.59
41.09
42.99
NA
40.19
41.19
38.32
43.02
41.92
41.22
43.32
NA
NA
43.74
NA
38.9
42.74
35.32
41.97
39.81
42.31
39.08
41.65
40.98
40.24
37.37
39.01
41.18
40.79
38.49
37.55
NA
42.3
38.45
NA
42.65
34.68
NA
38.3
39.25
38.92
38.54
NA
40.25
37.87
40.68
37.88
NA
NA
41.88
38.44
39.9
36.65
40.24
43.14
40.55
41.04
41.29
37.15
38.48
39.63
40.41
39.44
40.12
41.23
39.85
42.95
40.55
39.65
NA
NA
39.96
38.34
36.24
NA
39.5
39.1
42.3
37.7
40.8
39.5
43.2
37.2
NA
NA
40.68
40.6
42.6
40.24
40.34
40.94
38.74
42.74
40.62
41.42
39.62
40.92
40.91
38.91
36.61
37.29
39.62
38.01
38.31
39.51
42.01
40.49
38.39
NA
NA
35.28
36.37
37.54
41.81
38.11
42.91
NA
42.81
39.82
40.69
38.81
40.42
35.4
35.71
38.92
NA
37.85
36.74
36.84
40.7
37.25
40.25
38.33
40.69
40.62
NA
NA
NA
NA
NA
35.53
36.64
37.04
37.32
40.87
40.68
39.75
42.7
41.4
NA
40.58
39.93
40.34
39.39
39.55
39.62
40.97
38.91
NA
38.73
38.76
41.1
38.9
42.17
42.47
38.47
38.97
41.54
42.14
42.57
41.03
39.56
37.82
39.01
38.59
42.76
38.06
35.86
38.46
40.06
40.66
41.76
40.86
41.46
40.16
35.76
39.78
41.52
39.46
39.76
41.6
39.44
38.79
40.49
39.19
41.3
NA
40.28
41.18
39.18
37.18
38.58
38.58
37.78
42.34
42.83
41.82
38.09
37.32
38.63
40.84
NA
NA
42.64
40.61
39.45
41.58
37.8
38.0
42.0
42.8
45.7
37.7
41.9
42.0
40.8
41.58
38.5
40.73
42.27
39.34
40.17
40.02
41.64
40.62
39.89
36.95
39.19
38.49
39.29
41.65
41.17
43.22
43.22
NA
40.15
39.31
42.14
39.61
40.69
41.38
42.12
36.51
41.61
45.11
38.91
38.44
38.25
NA
41.78
43.28
34.27
NA
NA
40.19
38.79
42.59
41.25
42.76
36.62
36.52
38.53
37.45
41.74
35.55
40.28
42.21
40.03
37.98
35.68
37.83
38.64
40.08
38.82
38.68
38.83
41.2
44.61
39.65
41.3
39.38
39.93
40.19
39.59
NA
42.59
40.73
NA
42.5
41.7
42.5
39.1
41.7
40.0
43.56
42.36
42.86
39.16
40.76
40.96
39.46
38.96
42.52
42.72
39.54
41.58
41.47
39.0
38.46
40.33
NA
NA
39.57
41.2
42.01
39.76
38.47
39.12
42.75
37.01
38.9
38.4
NA
35.91
39.12
40.57
41.59
40.08
39.63
41.54
37.95
43.25
39.68
39.83
36.03
39.73
38.83
NA
NA
42.93
40.84
40.15
40.72
39.22
42.31
40.27
42.55
38.47
39.96
41.59
41.7
38.87
38.63
41.61
41.91
42.24
41.52
41.68
40.66
41.12
43.44
41.97
42.96
NA
42.73
42.72
41.93
39.68
38.3
40.45
42.09
41.4
40.94
38.26
NA
38.4
38.86
42.23
43.35
38.75
39.6
37.4
41.8
39.8
NA
38.88
42.18
42.0
40.36
40.34
37.48
38.73
37.29
NA
40.24
38.54
NA
40.64
38.09
41.51
42.32
40.84
38.8
39.27
38.76
37.5
42.56
37.89
40.87
37.85
39.47
42.88
35.35
NA
37.52
38.82
39.72
36.12
35.42
39.22
36.42
37.83
37.53
41.31
42.61
37.07
41.15
40.55
42.12
38.64
41.01
37.66
38.96
39.86
36.46
35.56
38.86
35.96
37.12
38.74
39.16
41.19
38.17
42.39
41.72
42.47
40.86
38.6
40.94
NA
40.17
39.5
42.47
NA
40.82
39.77
41.45
41.29
41.07
40.88
41.95
41.9
40.2
37.46
41.3
41.38
42.83
38.33
38.53
NA
41.23
41.61
41.61
40.01
40.31
41.71
40.21
42.01
41.11
40.61
37.61
39.08
36.79
41.25
39.41
39.31
38.71
41.51
39.51
42.31
42.51
37.1
39.41
42.1
40.75
40.49
41.64
37.42
38.79
39.94
NA
39.67
40.51
41.5
42.29
39.1
43.44
38.85
41.04
42.54
39.34
40.24
40.04
39.64
41.84
43.34
40.44
40.85
40.48
37.18
38.58
41.68
36.28
40.28
40.19
41.59
37.89
38.39
42.14
40.24
40.34
38.34
36.9
39.98
40.25
37.05
41.97
40.65
35.73
36.43
39.01
39.84
41.4
40.2
38.1
40.2
40.33
36.8
40.83
40.0
39.63
36.94
33.66
38.42
36.35
33.22
42.49
42.82
38.79
40.66
41.25
39.32
38.96
40.99
38.93
39.09
43.56
41.01
38.63
37.42
NA
42.81
38.9
38.07
41.24
40.98
42.93
41.53
41.23
40.06
36.45
37.84
42.28
36.56
37.49
42.3
39.07
NA
43.09
40.91
41.42
39.81
38.94
38.47
41.21
42.3
40.23
37.13
NA
NA
39.99
36.47
NA
40.02
39.0
39.8
36.5
38.4
43.22
41.06
43.36
42.06
35.74
NA
42.49
NA
37.15
42.56
41.91
39.11
39.32
42.2
40.94
41.41
41.73
40.93
37.03
NA
40.53
NA
41.94
40.74
40.94
37.24
40.35
39.56
39.47
40.11
39.06
39.11
39.36
41.87
NA
39.81
40.04
39.88
39.48
40.68
39.88
40.48
38.02
40.02
40.92
NA
NA
NA
39.0
39.9
41.06
41.05
41.5
39.7
37.2
40.35
37.45
38.68
41.82
38.45
39.53
33.83
39.24
41.03
40.0
41.9
40.18
36.44
39.24
41.54
39.14
42.84
NA
40.64
37.63
41.55
42.73
39.42
40.7
41.43
41.92
37.63
42.17
NA
42.25
41.14
40.1
40.31
42.5
42.79
39.07
40.72
41.25
39.33
39.05
38.88
NA
NA
38.92
39.17
43.15
NA
39.9
40.9
38.98
37.78
35.86
38.81
40.32
35.23
38.76
NA
42.67
NA
40.02
36.96
39.49
39.55
38.46
40.84
38.03
39.01
42.52
39.8
41.11
43.58
38.11
38.17
42.87
36.47
39.27
38.38
40.98
40.83
33.43
40.37
43.48
40.71
36.0
37.25
39.12
39.98
39.33
39.57
39.44
NA
41.54
NA
38.33
38.33
40.63
NA
37.7
38.68
41.28
43.88
38.9
39.81
36.63
41.44
38.57
38.32
41.17
42.25
41.09
37.6
39.55
41.1
41.31
39.42
41.09
39.62
42.12
39.21
42.3
41.1
NA
37.01
38.69
40.1
42.65
40.79
NA
40.13
37.61
NA
40.01
40.67
38.81
35.31
42.26
41.26
38.23
38.12
39.12
43.92
42.62
40.57
39.44
40.14
NA
NA
NA
NA
NA
38.32
42.2
38.24
42.02
42.04
41.33
41.38
41.32
41.02
40.09
39.31
40.81
38.45
42.25
38.59
41.21
37.14
42.0
39.86
38.03
39.91
40.75
43.4
NA
40.15
41.91
37.79
40.38
38.92
38.88
NA
41.25
38.2
40.6
40.93
38.58
41.56
39.65
NA
41.37
39.33
40.45
NA
36.09
42.16
41.95
37.42
41.69
41.11
41.78
39.53
38.3
38.46
36.26
40.02
42.71
42.58
42.96
34.17
36.99
39.03
37.88
40.33
40.39
42.72
43.1
34.13
37.13
39.17
38.02
41.37
39.38
40.87
39.83
37.61
40.54
38.05
42.44
40.07
40.05
40.89
38.4
38.47
37.18
39.68
41.04
41.23
36.49
40.23
NA
38.18
43.72
38.14
39.77
40.52
NA
41.31
40.08
38.09
39.15
43.88
42.61
38.62
42.0
40.54
39.04
43.24
41.97
41.97
40.8
40.21
40.8
41.3
41.63
36.01
42.86
41.64
39.45
37.98
38.45
40.74
39.89
38.06
42.66
41.65
42.83
38.85
40.7
39.97
NA
40.9
39.73
NA
NA
39.39
41.85
NA
NA
NA
38.66
38.06
39.96
38.56
44.36
39.96
38.84
38.79
41.04
37.45
NA
44.14
39.6
37.19
39.36
40.75
40.46
39.82
37.35
42.0
NA
40.76
35.98
41.59
40.41
41.77
40.89
39.32
41.82
34.0
40.4
39.4
40.3
42.7
39.2
40.3
39.7
42.15
40.76
38.23
40.18
42.2
39.28
38.95
40.56
41.89
37.58
39.65
NA
NA
NA
NA
NA
39.95
39.74
40.37
40.87
NA
38.85
38.62
NA
NA
28.81
42.38
42.37
39.35
42.76
41.82
39.1
40.19
NA
NA
41.28
NA
NA
37.76
40.92
NA
NA
NA
NA
40.89
43.09
45.39
38.16
42.83
41.63
40.93
40.33
40.23
41.43
40.44
41.24
41.67
37.51
37.64
42.78
42.63
41.93
NA
38.84
38.79
42.19
42.8
42.03
NA
34.83
NA
NA
41.65
39.83
39.72
40.36
40.61
41.23
39.14
40.13
38.0
41.4
39.98
42.38
41.16
43.04
42.51
NA
35.61
36.4
NA
37.67
39.86
39.86
41.84
42.58
34.49
40.51
38.74
35.2
42.87
40.51
39.57
37.47
42.59
41.49
42.37
41.14
37.32
43.7
38.1
41.8
37.24
37.74
40.14
40.55
35.17
42.57
38.03
43.18
39.99
36.54
39.04
38.84
41.44
35.84
39.44
42.24
41.35
42.15
42.44
40.44
38.99
39.23
39.87
41.04
39.77
NA
37.0
41.09
40.34
41.9
38.48
38.98
NA
NA
41.08
38.78
37.38
41.28
40.88
40.48
NA
38.45
41.06
39.3
39.89
NA
NA
NA
36.05
41.14
44.3
38.26
38.74
39.83
40.45
40.16
39.21
38.92
39.36
40.47
40.06
39.55
38.14
42.09
42.76
34.32
37.04
38.41
38.01
40.68
41.05
39.57
39.97
41.95
40.1
43.42
42.73
42.31
36.95
37.96
40.07
40.9
39.31
38.17
38.7
40.98
41.72
38.7
39.27
37.47
40.57
37.37
36.87
37.17
39.97
NA
40.07
40.77
37.06
38.24
37.74
NA
34.53
NA
NA
NA
NA
40.79
38.36
39.82
39.83
39.89
39.95
38.05
39.43
41.62
42.13
39.07
39.37
40.31
39.81
43.61
40.21
39.81
40.25
39.71
38.18
41.74
39.82
38.11
39.06
41.51
40.94
38.14
39.21
41.6
41.0
42.4
41.2
42.6
40.9
44.8
NA
40.42
41.17
38.17
40.93
38.99
NA
39.29
34.29
NA
38.09
38.59
41.89
41.92
35.31
37.88
38.65
41.92
39.98
37.1
39.13
37.78
40.01
NA
NA
NA
38.62
NA
NA
37.03
39.05
37.8
39.96
41.8
40.6
40.6
38.85
38.05
41.71
41.92
38.51
41.66
42.57
37.24
37.84
39.94
39.14
39.93
41.13
42.23
41.13
37.87
40.07
40.67
39.3
38.69
40.21
42.38
40.31
41.08
NA
41.22
40.58
37.86
40.32
40.62
41.56
NA
39.29
38.69
39.29
42.7
39.47
39.61
39.23
41.41
44.92
41.1
41.73
38.23
37.39
38.09
41.59
38.29
40.69
40.49
41.89
35.64
40.74
38.04
35.14
42.64
40.64
41.64
37.44
36.57
40.56
35.24
42.36
NA
NA
NA
NA
NA
NA
NA
NA
41.65
41.71
37.46
40.42
41.65
39.43
39.43
41.65
39.81
40.96
42.37
NA
38.52
42.12
40.73
37.97
37.96
42.02
40.55
38.36
38.07
41.23
39.01
37.08
37.26
38.24
41.03
40.2
44.26
39.12
NA
36.1
NA
39.94
38.84
41.57
NA
39.89
38.8
41.53
40.23
39.1
40.76
NA
37.2
42.06
39.64
41.68
39.35
40.24
42.67
39.18
37.35
38.82
39.71
39.86
42.87
39.33
36.97
38.81
39.75
40.14
42.76
39.37
37.17
NA
39.24
41.76
35.23
38.19
42.69
NA
39.84
38.54
36.04
NA
NA
38.75
NA
NA
39.07
NA
NA
NA