NA
173.54
173.39
173.19
175.29
175.99
174.64
175.74
NA
NA
NA
175.75
174.36
177.08
176.94
179.11
175.51
175.33
174.9
174.85
176.01
174.37
176.75
177.31
176.86
176.46
175.85
174.3
NA
176.07
175.56
174.83
176.34
175.74
176.14
176.96
NA
175.02
175.47
175.7
175.61
174.44
173.23
174.34
176.03
175.56
176.01
176.65
174.84
174.66
177.94
174.21
177.56
176.89
173.85
174.13
174.97
175.78
174.44
NA
NA
177.46
175.34
NA
175.52
176.85
175.72
174.97
178.75
176.57
176.2
178.33
176.83
175.04
176.09
176.69
176.64
175.89
176.23
175.89
175.66
176.17
175.66
175.27
175.69
176.77
177.68
NA
174.02
175.01
176.58
NA
178.64
174.79
174.97
NA
175.77
176.95
176.24
175.47
175.59
175.28
174.33
NA
NA
174.28
172.78
175.31
177.21
174.99
175.62
175.31
176.46
177.32
NA
NA
NA
NA
175.85
175.84
175.27
175.86
176.34
174.03
176.0
NA
171.15
NA
176.56
178.42
176.4
177.52
173.33
174.04
175.29
175.17
175.29
175.57
175.23
176.36
176.06
174.93
173.31
178.49
175.54
176.85
174.52
NA
NA
175.85
NA
NA
176.38
175.63
176.24
175.79
NA
173.77
174.56
176.0
174.82
175.23
175.57
175.67
176.72
174.8
175.07
NA
174.9
171.01
176.57
176.06
174.97
173.92
176.68
175.53
174.82
176.73
176.55
177.15
174.87
176.21
NA
176.59
176.26
NA
NA
175.2
NA
175.89
175.77
175.44
174.55
175.95
175.42
176.37
175.88
175.06
NA
176.79
176.82
172.84
175.88
175.5
175.31
NA
174.92
176.02
173.34
172.5
174.86
172.88
174.97
176.06
172.82
174.56
176.13
174.88
176.52
177.55
173.04
172.82
176.17
173.32
175.65
175.49
NA
176.08
174.9
176.39
175.22
175.9
175.58
175.65
175.77
175.28
177.83
175.15
176.21
177.18
175.64
176.56
175.43
175.93
177.4
176.71
178.54
175.39
NA
175.42
NA
175.8
173.98
174.79
176.95
176.73
176.85
176.69
176.83
174.49
174.88
176.17
175.74
175.66
NA
175.91
NA
178.39
176.69
176.99
178.69
175.49
176.39
174.33
175.04
173.17
178.28
175.37
175.04
174.32
176.65
174.24
178.17
NA
174.46
NA
174.49
175.19
NA
NA
NA
NA
NA
NA
NA
176.1
174.47
NA
NA
NA
NA
174.68
NA
NA
NA
174.33
175.24
NA
NA
NA
175.99
172.79
174.01
NA
NA
NA
NA
174.7
173.9
NA
177.54
NA
NA
176.47
175.67
175.87
174.87
176.17
NA
NA
NA
NA
NA
NA
NA
NA
174.51
NA
175.46
172.87
175.32
175.87
176.73
174.46
175.28
175.56
174.95
176.41
NA
NA
NA
173.36
174.29
176.66
174.7
NA
177.64
NA
176.36
175.67
175.68
173.53
NA
NA
177.42
175.59
174.86
175.18
NA
175.18
173.14
175.48
177.08
175.83
175.83
175.62
175.62
174.78
175.18
NA
176.83
NA
174.92
NA
173.41
NA
174.16
176.5
177.34
175.71
177.96
178.3
NA
NA
NA
NA
177.43
NA
177.43
NA
177.42
NA
177.42
NA
177.42
180.32
177.22
171.53
175.88
175.37
NA
NA
175.86
177.17
NA
NA
175.18
174.71
177.99
NA
NA
NA
NA
NA
173.84
NA
175.78
NA
NA
177.72
175.81
NA
175.04
178.13
175.87
175.47
175.76
175.21
174.94
NA
175.65
176.96
174.0
NA
178.16
NA
177.65
175.83
NA
NA
NA
NA
174.11
NA
175.93
177.08
NA
NA
177.55
174.89
174.98
176.94
174.64
176.63
175.66
NA
NA
NA
NA
NA
174.11
NA
173.81
173.77
173.43
NA
173.75
173.57
173.44
NA
174.29
174.96
NA
NA
177.39
176.37
NA
NA
171.91
175.58
174.87
175.42
175.73
173.79
175.11
NA
177.82
NA
NA
NA
NA
NA
NA
NA
NA
NA
NA
NA
174.37
178.17
173.43
174.94
NA
NA
NA
NA
174.51
178.21
173.77
NA
173.57
175.55
NA
176.26
175.46
175.57
175.95
175.82
NA
NA
NA
NA
NA
176.72
NA
NA
NA
175.3
175.55
NA
NA
NA
176.39
NA
NA
174.51
175.11
175.27
173.48
175.67
NA
177.28
NA
NA
NA
NA
NA
NA
176.0
178.6
NA
NA
177.69
173.81
NA
NA
NA
173.69
175.82
177.48
174.68
175.65
176.13
176.26
172.88
173.65
177.36
NA
173.84
174.64
173.54
177.62
NA
NA
NA
174.86
177.61
NA
NA
176.14
177.64
NA
174.94
NA
NA
NA
NA
NA
NA
NA
176.33
NA
NA
176.5
175.4
176.6
NA
174.16
176.56
177.48
177.15
173.65
175.5
NA
NA
NA
NA
NA
NA
NA
NA
NA
175.39
176.5
178.05
178.25
175.15
NA
NA
NA
NA
NA
NA
NA
177.84
174.84
NA
NA
NA
NA
175.35
NA
NA
NA
NA
NA
177.65
175.64
175.97
177.65
175.64
175.97
NA
NA
NA
176.15
175.25
NA
NA
174.63
175.93
174.04
176.14
177.05
NA
NA
NA
176.47
NA
173.78
NA
NA
NA
NA
NA
NA
176.22
173.42
176.2
NA
173.21
NA
NA
176.76
NA
176.07
174.19
NA
176.27
175.84
NA
176.55
173.21
176.21
175.76
176.29
NA
NA
NA
NA
NA
NA
175.98
173.41
NA
NA
NA
NA
NA
NA
NA
NA
NA
NA
175.41
174.17
NA
176.83
176.42
178.31
172.99
NA
175.85
174.49
173.11
173.96
174.86
176.58
173.92
174.55
175.15
173.85
174.05
NA
NA
NA
175.51
175.79
NA
175.1
174.92
NA
NA
NA
NA
173.72
177.85
176.05
NA
NA
177.4
176.97
175.85
NA
NA
NA
174.13
174.28
NA
174.32
175.4
177.03
175.53
176.33
NA
175.18
NA
NA
NA
NA
NA
NA
NA
NA
NA
NA
NA
NA
173.34
174.64
177.54
176.7
175.81
172.75
176.15
175.95
NA
NA
NA
175.77
175.51
174.71
NA
NA
NA
NA
NA
175.66
NA
NA
NA
NA
NA
NA
NA
NA
178.78
NA
NA
NA
NA
NA
NA
173.79
NA
177.05
175.95
NA
NA
NA
175.66
NA
NA
NA
NA
NA
NA
175.2
173.26
NA
NA
NA
176.21
NA
NA
NA
175.26
176.44
175.92
177.74
NA
NA
175.25
NA
NA
176.23
NA
NA
NA
175.21
175.63
NA
NA
NA
NA
NA
NA
NA
176.91
178.48
174.7
NA
176.58
NA
NA
177.94
175.02
NA
NA
NA
168.88
NA
NA
NA
176.28
176.06
176.08
175.82
177.33
177.16
173.64
NA
178.2
176.35
176.29
NA
173.52
177.01
NA
NA
175.31
NA
175.71
NA
175.19
175.84
174.38
NA
175.61
NA
NA
NA
NA
NA
NA
NA
NA
NA
NA
NA
NA
NA
176.26
174.66
177.13
174.17
175.77
NA
NA
NA
NA
NA
NA
180.98
NA
NA
171.77
174.97
174.77
178.71
172.95
176.23
175.76
172.94
178.69
174.76
175.96
NA
NA
NA
NA
176.23
174.35
176.07
176.07
175.09
175.23
174.98
172.03
176.18
176.08
NA
176.48
176.28
175.38
175.57
175.77
NA
174.87
175.87
NA
NA
NA
NA
NA
NA
175.14
173.13
NA
175.03
NA
173.46
176.71
175.21
173.86
175.95
NA
172.7
174.11
NA
174.27
174.83
171.55
175.25
176.99
176.42
174.75
174.28
176.38
NA
NA
NA
NA
NA
NA
NA
177.07
175.27
175.47
NA
175.17
NA
NA
NA
NA
NA
NA
NA
175.88
NA
173.93
NA
NA
NA
NA
NA
175.93
NA
175.03
NA
174.79
NA
175.73
NA
174.9
175.1
173.6
175.1
NA
174.66
175.33
173.33
174.23
175.33
177.03
NA
NA
NA
NA
NA
NA
NA
NA
173.56
NA
NA
NA
175.52
175.7
173.96
NA
NA
NA
173.82
176.07
NA
NA
NA
177.15
176.15
175.85
175.91
NA
177.39
176.53
176.49
175.71
176.06
177.35
174.85
173.59
NA
175.19
176.51
176.47
175.03
NA
176.61
174.14
174.0
NA
NA
176.49
NA
174.41
176.1
172.7
175.3
175.4
176.0
174.0
176.8
177.52
176.35
174.91
177.58
176.61
NA
174.02
176.04
176.52
NA
NA
176.81
176.36
174.74
175.79
NA
176.66
174.23
175.98
177.65
NA
NA
173.52
NA
NA
NA
NA
176.45
NA
175.63
175.23
175.83
173.57
175.68
175.68
NA
NA
175.59
176.09
NA
175.36
174.79
175.79
176.12
176.12
NA
177.78
177.33
176.87
NA
174.53
175.66
177.64
NA
NA
176.38
NA
171.68
NA
NA
NA
175.37
174.97
174.55
176.75
174.75
NA
178.32
173.28
173.85
177.02
174.39
172.5
174.89
NA
174.75
NA
175.89
174.75
NA
173.08
179.58
175.43
NA
176.63
176.83
174.83
NA
177.53
177.13
177.79
NA
176.84
172.74
173.44
176.04
174.74
NA
NA
NA
175.25
NA
178.89
NA
NA
NA
NA
175.87
175.4
NA
175.66
175.86
NA
NA
NA
NA
175.66
177.46
176.26
NA
173.48
NA
NA
NA
NA
176.61
174.04
176.12
175.59
176.02
175.59
174.48
NA
NA
176.82
175.34
175.24
175.39
180.83
173.59
175.69
171.14
175.84
175.64
176.61
175.06
175.76
NA
175.09
NA
NA
NA
NA
173.6
177.53
174.55
176.75
174.75
176.23
176.18
NA
174.92
177.62
175.82
174.46
173.46
174.66
180.06
174.26
176.14
175.77
174.96
174.56
NA
175.07
NA
NA
NA
NA
175.85
175.95
175.75
178.15
174.35
NA
NA
176.7
174.6
173.6
175.47
NA
NA
NA
NA
NA
NA
175.18
175.64
174.92
176.04
175.42
175.91
NA
NA
NA
NA
NA
NA
175.12
NA
NA
175.14
177.03
174.7
NA
NA
NA
175.73
176.78
175.86
NA
NA
NA
175.6
174.7
NA
NA
NA
176.43
176.12
172.31
NA
NA
NA
NA
177.01
173.71
NA
174.8
176.51
174.13
175.53
176.3
NA
177.6
NA
NA
NA
NA
NA
NA
NA
NA
NA
174.33
176.83
175.84
NA
NA
175.5
175.1
NA
174.24
174.81
175.89
176.27
NA
176.82
175.81
NA
NA
NA
177.35
176.16
174.94
175.04
174.64
NA
170.82
178.13
171.17
178.25
174.44
NA
175.88
172.19
177.2
NA
175.63
176.11
175.91
NA
176.71
176.09
177.49
177.29
NA
NA
176.68
NA
176.79
175.5
172.5
175.99
176.41
175.59
176.22
NA
175.38
174.79
180.3
177.37
177.28
175.73
174.33
174.73
NA
175.95
176.85
NA
NA
NA
NA
175.4
NA
174.53
175.76
176.48
NA
NA
NA
NA
NA
NA
NA
NA
NA
NA
NA
174.46
NA
NA
NA
176.52
175.69
178.25
NA
173.57
176.95
NA
176.2
175.0
175.2
179.64
171.12
173.9
176.51
173.62
NA
NA
176.01
176.11
NA
NA
174.1
175.03
NA
176.6
176.16
173.86
NA
175.79
NA
176.49
176.09
175.59
NA
NA
173.76
173.85
NA
NA
NA
NA
NA
NA
176.99
NA
177.07
NA
176.82
176.14
NA
NA
176.7
174.58
175.84
175.47
173.97
175.57
174.97
175.47
175.47
176.52
NA
177.07
NA
170.03
176.04
NA
NA
175.61
NA
NA
177.14
NA
175.5
175.79
175.96
NA
173.12
NA
175.39
NA
NA
NA
NA
NA
NA
177.57
175.47
175.95
172.79
NA
NA
NA
173.4
174.57
173.49
173.16
175.47
NA
NA
NA
175.38
173.0
NA
NA
173.83
175.76
174.74
174.67
177.12
174.99
176.31
175.05
172.54
175.3
NA
NA
NA
176.15
172.38
174.79
NA
NA
NA
NA
177.32
NA
NA
176.66
NA
175.87
176.3
173.97
NA
171.08
174.55
173.41
178.01
174.79
NA
NA
NA
174.38
172.44
175.37
173.85
173.48
176.35
NA
NA
176.02
175.57
NA
179.07
175.64
NA
NA
NA
174.1
174.47
175.82
176.97
176.97
NA
NA
NA
NA
NA
174.79
175.99
173.52
177.3
NA
NA
NA
176.99
174.79
176.09
175.84
177.16
NA
NA
NA
174.68
175.1
174.6
NA
177.57
NA
176.76
178.88
176.93
173.3
175.6
176.55
NA
NA
176.67
175.53
NA
NA
NA
NA
NA
NA
NA
NA
NA
NA
NA
NA
NA
176.17
176.57
177.07
173.57
176.31
176.17
175.63
175.06
175.82
NA
NA
175.8
174.58
175.92
NA
NA
NA
177.48
176.57
174.42
177.61
177.56
177.53
NA
176.59
176.72
175.26
174.34
NA
NA
175.43
174.6
173.84
174.32
175.91
174.08
NA
NA
175.73
173.3
175.14
175.97
174.91
176.81
NA
177.3
NA
NA
NA
176.19
170.49
NA
NA
NA
NA
NA
NA
175.14
NA
NA
177.23
175.31
NA
NA
NA
NA
NA
173.32
174.34
174.35
176.81
177.41
176.62
NA
174.3
174.74
174.34
174.11
174.16
174.29
175.63
175.64
175.74
175.87
175.82
175.25
175.17
177.24
174.96
NA
173.43
NA
NA
175.05
176.1
NA
174.62
NA
174.85
NA
177.77
NA
NA
NA
NA
NA
NA
NA
NA
174.18
175.76
NA
174.41
175.75
175.2
175.19
NA
175.06
175.46
175.6
175.9
175.4
176.24
NA
174.44
NA
NA
175.89
175.78
176.07
176.18
180.29
175.28
175.15
177.29
NA
NA
NA
NA
174.88
174.2
NA
176.45
173.52
NA
176.01
176.56
NA
NA
175.97
175.39
175.59
NA
NA
174.55
176.47
176.59
173.21
175.08
175.9
175.98
173.84
173.37
174.97
177.26
176.02
175.93
173.26
175.67
178.83
174.44
176.82
175.72
174.77
175.84
175.38
176.78
178.64
NA
NA
175.76
174.86
173.85
176.81
NA
177.46
174.8
NA
NA
174.7
NA
174.68
174.65
173.97
176.3
176.02
NA
174.06
177.01
NA
NA
NA
NA
NA
NA
174.05
174.86
176.14
175.22
NA
175.69
176.18
NA
175.47
174.02
175.0
174.95
NA
NA
175.76
NA
NA
NA
NA
174.43
NA
NA
174.02
175.82
173.32
174.46
176.71
174.11
179.39
174.18
174.85
177.12
NA
NA
177.71
176.59
174.49
175.49
174.37
176.18
180.29
175.28
NA
NA
NA
NA
175.71
174.48
173.37
NA
NA
175.33
174.36
176.36
175.66
175.86
174.29
176.18
175.04
NA
NA
NA
NA
NA
175.46
NA
175.36
175.79
NA
176.76
174.33
175.55
NA
174.45
176.82
175.64
NA
173.96
176.32
177.96
174.9
176.46
177.17
174.69
175.41
174.72
173.96
175.19
178.5
173.42
NA
176.26
177.02
NA
NA
NA
NA
176.2
173.7
172.7
174.2
NA
175.88
176.33
175.06
178.06
176.51
175.99
176.73
176.51
175.6
175.31
172.15
NA
177.41
176.25
175.19
NA
177.42
NA
176.08
175.45
175.72
NA
NA
176.01
175.11
173.91
175.44
NA
NA
177.56
173.66
NA
NA
NA
175.12
175.08
174.88
173.69
174.64
177.14
NA
NA
NA
NA
NA
NA
NA
NA
NA
NA
NA
NA
NA
176.41
175.05
NA
NA
NA
172.92
175.02
175.62
171.2
173.15
NA
NA
NA
NA
NA
NA
NA
NA
NA
NA
NA
NA
NA
175.59
173.86
173.42
174.72
177.41
174.11
NA
NA
NA
NA
175.28
174.98
175.08
175.77
174.35
175.92
175.7
177.32
178.33
NA
NA
NA
175.32
NA
175.47
NA
NA
NA
NA
NA
NA
174.87
NA
174.61
174.85
NA
NA
176.42
174.41
177.42
175.62
174.06
178.38
176.43
NA
174.89
176.21
176.23
174.92
178.32
174.96
178.36
175.88
174.75
173.46
NA
177.18
176.01
175.87
175.47
NA
NA
NA
NA
NA
NA
NA
NA
NA
NA
NA
NA
175.02
177.52
177.5
177.45