177.64
177.7
178.02
177.54
177.65
NA
177.32
177.15
179.07
NA
179.07
NA
177.98
178.36
178.36
178.36
178.36
178.36
178.36
178.76
178.76
NA
177.47
176.56
175.02
177.89
177.18
176.57
175.28
177.3
176.76
178.77
178.8
177.7
176.17
177.0
176.19
175.86
177.27
178.71
178.64
177.03
176.64
175.48
179.19
176.26
175.22
175.21
177.97
177.31
175.9
176.81
175.62
176.98
177.32
177.37
178.34
177.47
177.47
179.53
179.11
176.69
176.53
175.36
178.11
176.56
175.05
180.72
177.53
176.99
179.17
177.05
179.53
178.33
180.82
177.42
177.99
NA
177.92
176.28
179.54
176.96
NA
177.1
179.83
175.88
177.88
177.12
178.06
179.4
176.18
178.04
177.36
176.08
177.17
178.29
177.28
176.99
177.07
177.08
178.76
177.47
NA
177.29
176.89
178.18
180.42
176.84
176.89
177.64
174.29
178.43
178.64
177.2
178.51
177.74
173.55
177.95
173.76
177.45
178.42
176.42
179.13
177.46
177.12
178.71
178.84
171.67
178.33
179.09
178.32
177.65
178.5
177.57
177.16
175.97
177.17
177.5
177.36
NA
178.09
176.73
178.1
176.27
177.51
178.78
176.76
175.78
176.74
178.63
177.87
177.45
179.29
176.3
174.3
177.77
178.09
177.03
177.38
178.62
175.99
179.53
177.07
177.1
176.35
179.35
178.35
178.34
179.34
176.85
178.53
178.26
177.96
177.4
178.0
177.77
177.65
178.26
177.89
179.01
NA
177.56
177.9
177.25
178.02
178.42
178.4
177.27
178.27
178.59
178.48
176.71
176.95
178.76
178.61
177.0
178.26
177.78
177.53
178.73
175.95
178.59
177.76
176.81
178.42
177.62
177.79
177.23
177.91
178.03
175.88
177.71
176.01
177.15
177.76
177.49
177.89
177.01
177.5
179.22
178.37
177.37
178.77
177.17
178.82
177.28
178.77
177.44
178.51
175.98
178.78
177.09
175.87
175.06
174.5
177.64
177.98
179.34
177.28
179.29
176.99
178.65
177.47
176.94
177.63
177.37
177.69
174.77
NA
NA
NA
NA
180.01
177.41
177.62
177.97
176.87
177.49
176.08
177.53
176.97
177.63
176.47
178.25
177.72
180.13
173.99
177.84
178.97
177.14
178.28
177.19
176.94
177.31
177.37
178.95
180.67
177.33
177.26
177.42
177.63
NA
178.31
177.41
179.05
177.29
178.93
177.25
178.94
177.3
178.93
177.26
178.83
176.71
176.29
175.25
177.27
177.94
175.57
NA
179.07
178.63
177.05
177.85
176.12
178.38
174.69
177.4
178.44
177.1
176.92
NA
176.06
178.25
174.55
177.26
NA
177.27
178.76
178.16
NA
178.59
178.09
NA
178.79
178.19
NA
NA
NA
NA
NA
NA
NA
177.8
178.04
179.32
177.93
177.85
NA
NA
178.48
NA
NA
NA
NA
NA
177.35
177.52
NA
NA
NA
179.75
176.9
178.27
179.22
174.66
178.12
176.53
175.88
NA
NA
173.96
176.18
NA
NA
NA
NA
NA
176.91
177.76
176.65
177.3
177.34
NA
177.16
177.29
177.76
177.66
NA
NA
NA
NA
NA
NA
NA
NA
NA
177.53
177.42
177.59
180.43
NA
NA
175.85
176.3
178.99
177.14
176.43
177.86
NA
NA
NA
NA
NA
177.96
181.06
177.86
NA
178.46
178.76
178.43
178.49
178.49
178.12
179.57
179.93
178.73
180.01
NA
NA
NA
NA
NA
179.16
177.6
NA
NA
174.23
177.26
177.17
NA
177.56
175.63
179.39
176.52
176.64
179.17
177.29
178.02
177.54
179.5
177.6
176.14
176.55
179.08
NA
NA
NA
NA
NA
NA
NA
176.89
176.14
NA
177.84
177.4
177.85
174.32
178.76
179.43
178.11
179.36
177.38
NA
NA
177.63
179.03
177.63
179.03
177.62
179.02
177.62
178.92
177.62
178.62
178.16
177.68
177.52
176.3
176.65
180.45
177.55
176.45
178.15
177.39
178.3
176.95
174.21
NA
NA
NA
NA
NA
NA
179.07
177.27
175.32
174.44
177.58
177.48
177.68
177.98
176.68
177.98
177.18
178.28
NA
NA
NA
NA
NA
NA
177.52
177.72
177.72
177.62
177.37
178.36
174.12
177.74
177.99
177.67
178.47
180.58
177.74
NA
181.12
176.64
177.97
176.92
177.76
178.76
178.26
176.68
177.24
177.55
177.75
177.75
179.15
177.74
NA
NA
176.19
NA
NA
NA
NA
NA
NA
176.85
177.12
NA
NA
NA
NA
NA
177.72
174.72
176.12
177.69
177.62
174.62
NA
177.03
178.54
177.89
NA
NA
NA
NA
NA
NA
NA
177.45
177.91
NA
NA
NA
176.79
182.13
NA
NA
NA
NA
178.32
177.45
176.94
NA
177.63
178.63
176.85
177.62
178.12
178.22
177.52
NA
NA
NA
NA
NA
NA
NA
177.64
177.81
180.47
175.03
176.74
176.77
177.57
177.6
176.65
177.02
NA
NA
NA
NA
NA
NA
NA
NA
NA
177.55
177.88
180.45
175.03
176.2
175.5
177.51
177.6
176.9
177.61
177.59
177.84
177.58
177.59
177.8
178.19
177.8
177.53
177.76
177.66
177.98
179.61
177.57
177.87
177.06
177.85
177.1
178.83
178.06
177.8
176.79
NA
NA
NA
NA
NA
NA
NA
NA
NA
NA
NA
NA
NA
NA
NA
NA
NA
NA
NA
NA
177.92
177.12
177.82
177.32
NA
NA
NA
NA
NA
NA
NA
NA
NA
NA
NA
NA
NA
NA
NA
NA
NA
NA
NA
NA
NA
NA
NA
NA
177.67
176.79
177.73
180.78
NA
NA
NA
178.2
177.35
NA
NA
175.96
176.48
173.69
173.85
175.34
NA
NA
170.71
171.11
172.44
177.75
178.19
NA
NA
NA
NA
NA
NA
176.23
177.19
176.46
NA
175.07
176.87
177.95
177.11
177.64
177.38
177.69
174.94
NA
NA
174.97
177.37
177.24
NA
178.64
177.94
NA
NA
NA
NA
NA
NA
NA
NA
179.37
177.3
174.49
178.81
177.31
177.64
NA
NA
NA
NA
NA
176.44
175.58
177.68
178.98
176.98
180.28
175.08
177.38
176.28
177.98
178.88
177.43
176.53
NA
NA
NA
NA
177.16
177.76
178.36
177.46
NA
NA
176.87
179.8
177.0
176.0
NA
NA
NA
NA
NA
NA
NA
NA
NA
NA
NA
NA
NA
177.3
177.3
177.7
177.5
179.0
178.35
178.15
178.35
178.05
178.05
NA
NA
NA
NA
NA
NA
NA
NA
NA
NA
NA
NA
NA
NA
NA
NA
NA
NA
177.94
177.54
178.74
179.14
176.94
NA
NA
NA
NA
NA
NA
NA
NA
NA
NA
NA
177.55
NA
178.6
179.3
NA
NA
177.32
177.32
NA
NA
NA
NA
NA
178.95
NA
NA
NA
NA
NA
NA
NA
NA
177.83
178.74
180.24
178.62
177.37
NA
177.58
177.88
176.88
175.48
NA
177.58
177.98
176.78
176.98
176.45
179.35
178.05
177.35
176.57
178.92
NA
NA
NA
NA
177.92
NA
176.86
NA
NA
177.09
177.19
176.89
176.87
176.97
176.67
178.77
NA
177.49
178.49
177.0
NA
NA
NA
176.34
176.56
NA
NA
NA
183.35
177.84
177.28
178.41
176.12
178.77
177.63
179.05
177.95
179.05
177.64
177.11
177.26
175.61
178.1
NA
NA
178.11
176.81
178.31
176.91
177.51
NA
NA
NA
NA
NA
NA
177.35
NA
NA
NA
NA
NA
NA
NA
NA
177.64
178.54
NA
NA
NA
NA
NA
NA
NA
NA
NA
NA
NA
178.4
178.2
178.9
175.32
177.23
177.71
179.15
178.04
174.91
173.57
173.05
173.6
174.3
177.72
177.46
177.15
178.02
177.76
176.84
177.65
176.95
178.15
179.95
176.95
176.5
175.48
NA
NA
NA
NA
NA
176.83
180.47
180.4
176.91
178.37
178.39
176.47
176.57
176.47
176.77
178.07
NA
176.82
178.62
177.85
178.25
178.45
NA
175.58
181.05
178.9
NA
177.94
180.24
177.13
NA
NA
NA
NA
NA
NA
NA
175.94
178.21
178.06
177.15
178.18
177.74
178.69
176.96
NA
NA
NA
177.43
177.26
175.42
179.07
178.02
177.91
176.72
177.72
178.22
178.6
176.97
176.8
175.33
176.43
178.63
178.63
178.13
175.13
176.21
177.33
177.63
178.45
177.93
177.71
178.11
178.51
177.31
177.31
NA
NA
177.32
177.98
177.45
NA
NA
NA
175.24
177.84
177.01
180.11
178.06
NA
NA
NA
NA
NA
NA
NA
NA
NA
NA
NA
NA
NA
NA
NA
NA
NA
NA
NA
NA
177.09
178.31
178.51
178.86
178.55
177.35
177.15
NA
177.35
180.45
176.75
NA
NA
177.81
175.3
180.1
NA
NA
NA
NA
NA
NA
177.78
177.73
177.82
NA
179.26
179.46
176.16
177.06
177.37
NA
NA
NA
NA
NA
NA
NA
NA
NA
NA
179.2
180.41
178.1
178.4
176.7
NA
NA
NA
NA
NA
NA
179.03
179.55
178.23
178.93
179.35
178.07
178.14
180.3
178.12
178.42
176.75
177.15
NA
177.75
176.54
NA
NA
NA
NA
NA
NA
NA
177.37
176.37
178.27
177.27
176.87
NA
NA
NA
NA
NA
NA
NA
NA
NA
NA
177.77
178.88
NA
NA
NA
NA
NA
NA
NA
177.33
177.57
177.08
NA
NA
NA
NA
NA
NA
177.56
176.93
NA
NA
NA
177.76
177.99
178.1
176.75
178.66
NA
NA
NA
NA
NA
NA
NA
NA
NA
NA
NA
NA
NA
178.26
177.47
177.64
177.57
177.78
177.88
NA
NA
NA
NA
NA
177.91
177.88
177.58
176.99
176.97
NA
NA
NA
NA
177.31
177.69
177.83
175.09
174.45
173.9
173.74
174.07
175.02
171.89
174.43
177.58
177.55
177.38
177.66
177.1
175.65
178.75
NA
NA
NA
177.87
177.91
NA
NA
NA
NA
NA
NA
NA
175.33
NA
NA
NA
NA
177.9
176.98
177.89
176.97
NA
NA
NA
NA
NA
NA
175.61
179.21
NA
NA
177.43
177.19
175.31
175.51
174.28
178.91
178.78
178.08
178.48
180.38
176.28
180.98
NA
NA
NA
NA
177.6
179.21
174.44
177.88
177.15
176.79
176.63
177.07
NA
NA
NA
NA
NA
NA
NA
NA
178.31
177.28
177.71
178.11
NA
179.86
177.46
175.66
177.76
177.16
178.76
176.6
176.6
177.0
NA
177.6
177.1
179.34
177.2
178.29
NA
NA
NA
NA
178.53
177.22
178.46
178.19
NA
NA
177.57
177.47
178.87
177.41
176.97
178.82
177.52
178.58
176.23
181.39
176.93
177.63
177.54
181.14
176.84
177.54
177.74
177.64
181.04
177.64
178.94
176.31
179.21
177.85
177.66
181.76
178.6
177.08
176.26
177.18
177.54
177.54
174.48
NA
NA
175.08
174.78
NA
175.57
180.97
178.97
NA
177.97
180.27
177.17
NA
175.87
181.17
178.87
NA
178.17
180.37
177.27
NA
NA
NA
176.63
NA
NA
NA
177.44
177.14
175.24
175.44
178.13
178.22
178.55
177.75
178.45
178.75
178.35
177.25
177.46
176.92
177.51
177.1
176.85
177.15
178.15
177.25
177.91
178.81
NA
NA
NA
NA
NA
NA
NA
NA
NA
177.35
177.99
177.87
175.05
175.64
177.13
179.93
NA
NA
NA
NA
178.52
178.66
177.8
178.6
NA
177.6
177.43
177.23
NA
NA
NA
NA
NA
NA
NA
NA
NA
NA
NA
NA
NA
NA
NA
NA
NA
177.37
NA
NA
175.17
NA
NA
NA
178.01
178.74
177.89
177.62
177.54
177.46
178.14
177.46
178.48
NA
NA
NA
NA
NA
177.17
NA
NA
NA
177.55
177.45
179.35
175.15
177.52
179.1
177.89
177.96
179.68
178.44
178.37
178.18
178.88
179.43
178.37
177.05
177.44
178.25
176.44
176.94
180.0
179.24
178.35
178.29
177.76
177.93
177.56
179.33
177.64
178.79
NA
177.13
NA
178.56
179.24
NA
180.14
177.89
179.48
177.41
177.71
178.41
176.7
177.8
178.52
178.92
NA
177.3
179.23
177.31
177.41
178.37
177.81
NA
176.87
172.62
179.66
176.12
178.19
177.68
178.15
177.54
177.01
NA
NA
NA
NA
NA
NA
177.38
NA
177.61
177.92
177.59
177.46
NA
178.76
177.04
NA
NA
NA
176.71
178.73
178.77
NA
NA
NA
177.38
176.69
177.42
177.39
177.98
178.28
178.28
178.38
175.08
177.88
174.88
177.38
177.44
177.12
177.42
NA
NA
178.72
177.18
177.71
177.5
176.3
177.97
177.82
177.24
176.88
177.78
176.4
NA
175.59
178.36
178.32
177.09
177.89
177.41
176.84
179.4
NA
NA
NA
177.27
176.67
177.37
178.67
175.82
179.38
177.71
178.01
178.76
176.0
178.29
178.19
175.87
178.49
177.85
177.15
178.45
174.75
178.45
177.15
179.15
178.85
178.21
178.18
175.11
177.6
178.02
178.01
176.78
177.64
176.37
175.96
177.45
NA
178.05
177.05
NA
NA
NA
NA
176.58
178.18
178.18
179.58
177.38
177.18
176.58
179.13
175.13
176.53
178.13
177.53
178.13
177.23
176.33
181.01
176.66
176.64
178.69
177.69
177.69
177.79
177.09
178.57
178.97
177.47
176.87
178.8
177.85
176.64
176.34
176.64
NA
NA
NA
176.93
178.33
171.97
173.5
173.94
172.74
176.06
174.81
176.93
178.23
177.01
173.71
177.41
177.31
178.7
178.04
NA
NA
176.46
177.05
173.85
177.45
177.45
175.58
178.58
179.28
178.38
176.68
177.88
176.17
177.1
178.2
177.61
177.94
177.11
178.57
176.01
178.26
177.69
176.33
178.11
176.51
176.04
NA
177.84
NA
176.73
177.49
176.59
178.19
178.19
178.19
178.19
NA
179.35
177.49
176.79
178.89
177.23
179.71
176.83
179.68
177.58
178.08
179.58
175.47
177.15
176.59
178.42
175.77
179.15
179.58
NA
NA
NA
NA
NA
NA
NA
NA
NA
179.41
NA
177.15
178.45
174.75
178.45
177.15
179.15
178.85
178.93
177.1
177.72
177.42
177.06
177.56
177.46
178.46
177.76
177.36
178.56
178.76
178.52
177.82
177.42
175.82
177.92
178.2
178.05
178.9
177.29
176.8
179.09
177.96
178.65
178.21
180.66
176.22
177.74
178.36
177.05
NA
178.96
176.97
177.54
177.03
176.43
177.55
176.66
178.43
177.99
179.38
177.13
177.21
174.86
176.55
NA
NA
NA
178.2
177.4
179.0
NA
177.2
NA
NA
NA
NA
NA
NA
NA
NA
176.09
177.31
NA
NA
177.46
178.37
NA
176.59
NA
178.94
176.99
176.27
177.67
177.67
177.27
178.81
177.39
179.11
178.54
179.4
175.78
176.67
NA
NA
NA
NA
174.0
173.2
NA
NA
NA
NA
175.8
176.4
177.46
NA
176.52
NA
NA
NA
NA
NA
NA
NA
NA
NA
NA
NA
NA
NA
NA
179.11
NA
176.51
176.81
177.51
NA
NA
NA
NA
176.6
NA
176.4
177.2
NA
177.05
177.42
178.03
177.23
178.13
176.23
176.63
NA
177.23
177.53
178.03
178.13
178.43
178.41
177.85
170.22
NA
NA
NA
NA
177.55
177.19
NA
178.19
176.95
177.57
177.17
178.3
178.7
178.9
177.3
180.3
171.34
169.15
172.49
172.14
177.41
177.96
178.86
176.06
NA
NA
NA
NA
177.34
177.67
177.78
176.4
177.02
177.69
177.46
174.18
174.77
178.3
178.3
177.14
177.04
178.24
177.14
176.74
177.44
177.54
179.04
NA
NA
NA
NA
NA
NA
NA
NA
NA
173.3
176.62
176.8
177.07
176.82
178.42
177.72
176.82
176.85
177.08
177.26
177.01
178.57
177.92
177.17
178.81
177.25
NA
177.4
177.06
177.2
176.67
178.15
176.93
177.06
178.49
176.03
177.01
177.03
177.8
178.97
NA
NA
NA
NA
NA
NA
179.89
176.69
177.89
177.19
177.09
176.59
177.09
176.09
176.91
177.21
179.11
177.09
177.69
180.49
177.89
NA
177.28
177.4
176.6
177.36
178.92
178.77
177.91
177.31
179.0
177.73
176.77
178.22
176.71
177.03
NA
178.85
177.98
176.22
178.84
179.42
176.3
177.49
178.09
177.42
176.4
176.65
177.56
178.1
179.48
179.48
176.48
NA
176.48
178.48
178.48
177.48
178.48
NA
NA
NA
NA
NA
176.9
176.05
176.42
176.76
177.45
NA
NA
NA
181.43
181.26
178.31
178.05
177.75
175.65
176.9
176.6
177.9
178.3
177.7
178.9
177.6
177.5
178.91
179.19
176.95
178.92
NA
NA
NA
176.53
175.52
177.38
177.36
178.14
178.73
177.81
178.21
177.21
176.11
178.71
179.01
177.01
178.11
178.21
178.29
177.39
181.99
177.5
176.4
177.3
177.87
177.34
175.66
178.05
176.32
NA
180.43
177.63
178.23
177.76
175.86
NA
NA
173.33
172.53
173.53
172.03
178.26
178.36
177.97
178.13
176.54
175.42
176.82
177.95
179.05
175.98
177.61
NA
NA
NA
176.41
177.23
NA
176.56
177.36
NA
NA
NA
177.12
178.76
177.35
179.56
178.4
NA
177.88
177.61
177.89
178.91
NA
NA
NA
177.58
177.44
178.06
179.09
177.39
179.33
177.14
177.14
176.59
177.6
177.6
177.7
NA
177.96
NA
NA
NA
NA
178.15
178.21
179.02
176.01
177.11
177.15
177.72
NA
178.55
178.44
179.28
NA
NA
177.36
176.18
177.79
178.09
NA
NA
NA
NA
NA
NA
177.16
175.47
178.0
177.12
NA
178.58
179.13
177.89
177.17
177.1
179.01
179.49
176.89
172.09
NA
177.39
176.72
177.66
NA
NA
177.07
177.66
176.43
177.11
177.51
177.41
179.71
NA
177.51
177.64
177.75
179.38
178.93
176.25
176.18
179.49
176.72
176.72
177.9
176.88
177.41
NA
177.47
NA
NA
NA
177.97
176.37
176.87
178.58
177.59
176.59
177.69
177.09
177.39
NA
NA
177.97
177.57
176.05
177.32
178.67
NA
NA
177.96
NA
NA
NA
NA
NA
176.88
178.06
177.48
178.25
177.23
178.09
176.77
177.68
177.67
177.12
NA
NA
178.01
176.81
178.61
178.21
179.31
NA
176.03
178.73
177.69
NA
178.4
177.06
176.1
176.45
177.44
177.54
177.24
179.34
179.04
179.54
176.26
178.17
177.61
180.74
176.88
174.41
175.27
NA
NA
NA
NA
NA
175.19
177.02
177.86
176.16
178.26
177.26
177.06
176.82
176.96
178.68
176.75
178.01
177.45
178.41
178.34
177.89
NA
NA
174.6
179.17
178.86
178.36
177.75
178.05
177.13
176.82
177.36
176.55
175.49
177.33
177.27
178.04
178.56
176.46
NA
176.47
178.41
NA
NA
NA
NA
NA
NA
NA
NA
NA
NA
NA
NA
NA
NA
NA
NA
176.68
176.68
177.28
NA
NA
NA
NA
NA
NA
177.07
NA
NA
NA
NA
NA
NA
NA
NA
NA
NA
177.32
177.55
177.66
178.05
176.6
176.62
177.57
178.03
178.09
177.51
177.53
177.11
176.76
180.7
177.76
176.25
176.33
176.69
177.17
NA
NA
NA
NA
NA
NA
NA
179.45
177.76
177.94
178.51
177.83
177.27
177.79
178.78
179.72
178.28
177.07
179.74
179.36
176.89
177.21
179.11
179.01
NA
178.51
NA
175.71
NA
177.1
175.3
179.2
NA
NA
NA
NA
NA
179.04
NA
NA
NA
NA
NA
178.02
NA
NA
NA
178.11
178.77
178.04
177.43
178.74
177.57
175.81
179.2
178.2
179.45
178.7
178.0
178.94
177.28
177.67
178.04
178.63
176.99
175.67
177.79
NA
176.7
177.24
177.64
177.69
178.59
180.07
177.93
178.25
177.64
177.86
178.34
177.82
179.92
179.02
178.72
NA
179.85
179.45
177.88
178.55
178.31
176.12
NA
177.34
178.19
176.97
177.17
177.03
176.83
NA
NA
177.37
177.88
178.13
NA
NA
NA
NA
172.53
NA
174.86
175.01
176.78
178.16
177.66
177.66
177.8
177.03
NA
NA
NA
NA
NA
NA
NA
NA
NA
NA
NA
NA
NA
NA
NA
NA
NA
NA
NA
177.69
176.88
176.66
178.13
NA
177.61
177.51
177.38
177.9
178.99
179.21
176.64
NA
NA
NA
175.58
176.86
NA
NA
NA
NA
NA
NA
NA
NA
174.0
178.03
NA
177.73
177.9
NA
177.31
178.21
177.31
NA
177.31
176.71
177.81
177.95
179.89
177.48
178.04
177.24
178.57
176.11
178.25
NA
176.42
176.46
177.44
176.99
176.49
178.09
174.88
176.67
178.27
176.57
177.05
176.45
176.34
177.24
177.74
176.78
176.12
177.23
176.42
178.54
177.87
177.98
177.58
178.58
179.18
179.28
177.95
177.89
178.13
NA
176.64
177.19
177.84
176.79
177.3
177.2
177.85
176.93
178.82
175.02
NA
NA
NA
NA
175.61
NA
178.7
177.79
177.8
NA
NA
177.63
176.93
177.17
177.55
178.37
NA
NA
176.86
177.86
177.32
178.12
178.71
177.81
177.91
178.41
NA
NA
NA
NA
NA
NA
NA
NA
178.13
177.42
177.92
177.82
176.52
NA
NA
NA
NA
177.96
178.45
177.3
176.69
NA
178.25
179.24
179.35
177.89
179.5
NA
176.38
178.73
NA
NA
177.4
177.0
178.48
178.57
178.34
176.24
176.74
177.15
177.77
177.75
178.61
179.08
177.31
NA
176.86
NA
NA
NA
NA
NA
NA
NA
NA
NA
NA
NA
NA
177.1
178.26
NA
174.57
178.58
175.7
NA
176.53
178.03
176.33
176.03
175.32
NA
NA
NA
NA
NA
NA
NA
NA
NA
NA
NA
NA
NA
177.8
175.72
177.32
176.9
176.44
178.44
179.14
176.64
NA
178.54
NA
177.39
176.94
180.46
175.08
177.36
176.84
177.12
177.85
177.49
177.96
178.45
177.3
176.69
177.32
177.07
NA
175.26
175.19
177.64
177.63
175.16
176.25
177.17
NA
177.55
176.96
177.62
176.24
177.76
176.17
NA
177.58
NA
NA
180.43
176.92
176.35
176.98
NA
176.95
177.32
177.33
177.19
NA
NA
177.0
NA
182.1
177.03
176.87
177.63
178.58
177.01
177.1
177.0
178.2
176.25
177.91
178.44
177.44
176.76
177.85
175.96
177.46
177.46
177.76
177.0
177.11
176.71
176.82
175.57
177.07
177.29
178.63
NA
176.63
178.25
176.59
176.91
178.16
177.35
NA
NA
NA
NA
179.88
178.16
176.96
177.66
176.95
177.71
177.89
177.6
NA
NA
NA
NA
NA
NA
NA
178.36
176.33
178.49
174.8
177.47
177.21
NA
NA
NA
NA
NA
178.0
177.6
177.31
177.01
177.61
176.66
178.66
177.93
178.22
178.13
175.32
177.65
176.47
NA
NA
NA
NA
178.42
178.32
177.73
175.21
179.04
178.2
NA
NA
NA
NA
NA
176.53
NA
NA
NA
NA
NA
NA
NA
NA
178.92
175.52
179.09
177.09
177.09
177.95
178.68
NA
175.9
175.95
NA
175.79
NA
NA
NA
NA
178.28
177.78
176.68
177.98
176.78
NA
NA
179.42
176.25
NA
NA
NA
177.29
NA
176.66
177.33
NA
NA
NA
NA
NA
NA
NA
NA
NA
NA
176.56
178.12
177.44
177.62
176.75
177.6
177.41
178.11
177.44
NA
NA
NA
NA
177.74
177.64
177.54
174.79
176.89
179.99
175.04
175.11
176.5
177.37
NA
NA
178.69
177.75
176.21
177.49
178.09
175.04
180.12
177.32
177.95
177.85
176.9
177.62
177.52
NA
179.72
177.56
177.56
177.06
179.76
NA
NA
NA
NA
NA
NA
NA
NA
178.23
176.82
177.18
177.57
175.62
176.42
NA
177.3
178.33
179.19
179.2
177.08
177.16
178.28
NA
NA
NA
NA
NA
NA
NA
NA
NA
NA
NA
176.97
178.19
176.61
178.07
176.69
177.25
177.49
177.77
177.21
178.03
176.85
177.42
177.84
177.33
NA
NA
175.72
NA
178.02
177.42
177.0
182.3
176.2
178.9
175.95
NA
177.85
179.85