59.01
57.06
57.28
54.29
56.55
56.67
57.3
60.05
55.58
53.37
56.51
55.66
54.24
55.71
56.02
53.93
56.24
NA
58.59
56.62
56.64
56.54
NA
56.59
56.63
56.42
55.57
56.91
54.19
57.5
54.29
56.78
59.18
52.76
54.55
58.69
54.62
53.7
59.51
56.46
57.17
53.87
57.47
NA
53.21
56.14
58.59
55.9
57.16
56.17
54.92
54.96
59.05
53.18
54.7
57.97
54.33
55.41
59.25
57.32
57.2
54.61
59.14
57.85
54.87
55.53
56.09
56.22
56.49
56.39
54.0
58.96
59.73
58.4
56.04
54.99
56.68
56.02
56.8
53.32
55.51
58.09
56.38
56.85
55.95
60.5
57.32
NA
NA
57.21
NA
NA
NA
56.52
NA
56.0
58.55
54.25
57.23
54.58
58.83
58.74
57.73
56.12
55.69
NA
56.35
55.73
59.63
56.98
55.98
55.8
58.4
56.5
54.18
57.16
54.86
59.62
56.55
57.44
55.19
58.53
54.82
53.77
NA
53.61
56.65
57.13
53.52
55.86
55.71
54.41
57.17
57.36
54.97
56.41
55.07
54.25
55.72
55.84
58.61
53.85
57.23
55.89
59.23
55.05
55.61
56.25
55.91
NA
57.8
58.14
55.0
55.01
59.13
54.84
53.74
53.99
56.22
59.3
56.51
59.81
56.01
58.7
55.55
56.92
57.42
56.19
55.25
58.61
60.08
58.57
59.77
60.2
55.82
56.1
55.09
56.0
54.32
56.89
54.29
56.4
56.96
56.29
54.04
54.07
56.12
55.89
56.21
61.21
53.83
56.13
60.28
58.17
56.31
58.07
54.71
58.14
56.48
56.81
56.85
53.89
56.54
54.04
56.03
58.01
56.88
56.24
56.3
59.01
56.45
59.3
56.02
53.74
55.96
56.75
56.11
58.3
54.27
56.59
56.71
56.08
54.7
61.86
57.1
57.94
56.8
54.28
61.28
NA
58.28
57.73
55.92
56.09
58.99
58.43
55.56
57.75
62.04
57.41
58.22
56.68
56.42
56.13
56.39
56.31
58.92
54.42
57.41
60.49
58.27
NA
58.21
55.07
56.25
58.47
57.68
55.74
55.53
56.87
56.04
54.34
56.16
56.5
52.99
57.23
58.16
55.09
56.72
57.22
54.22
53.06
56.03
54.65
NA
54.64
54.92
54.2
NA
57.27
55.25
54.72
58.18
54.35
56.02
55.94
57.69
NA
56.0
54.42
58.33
56.81
53.31
56.61
54.21
57.6
55.49
56.9
57.71
57.07
57.5
56.02
54.03
58.25
60.22
57.64
55.27
58.18
55.68
54.01
55.95
54.85
57.73
55.7
54.84
58.59
59.28
58.45
NA
55.03
57.57
54.47
NA
NA
56.26
54.8
57.07
56.79
55.74
57.63
56.31
53.84
57.11
NA
55.48
56.72
53.56
58.91
55.31
54.41
57.41
57.25
57.62
59.1
55.44
57.71
57.9
54.31
54.83
NA
NA
NA
NA
NA
NA
58.93
56.56
56.49
59.87
55.85
58.85
55.7
54.32
59.29
58.25
53.94
58.35
54.07
58.14
60.85
57.45
54.78
56.34
58.7
57.1
58.12
56.52
56.43
56.1
56.86
56.37
55.85
NA
55.98
57.41
59.98
56.22
56.54
57.08
57.62
53.32
56.62
56.49
56.11
56.24
56.06
55.9
56.03
55.99
56.47
55.31
58.21
56.42
56.92
59.03
57.98
57.22
56.11
55.65
56.56
57.9
54.72
58.01
53.7
53.82
56.08
57.47
57.39
56.8
NA
56.53
56.12
54.66
56.92
54.0
58.52
57.82
56.75
55.93
56.11
56.0
58.26
58.4
55.86
56.76
55.1
57.2
56.17
55.07
56.18
58.49
NA
NA
NA
NA
56.03
56.03
54.76
NA
55.68
56.16
56.23
56.61
NA
54.59
54.86
56.74
56.72
59.62
58.62
54.22
56.9
54.18
NA
NA
NA
NA
55.83
57.67
58.88
56.84
58.05
57.04
56.52
55.82
53.38
57.18
58.06
54.08
59.5
55.19
56.35
53.31
54.42
55.66
56.01
55.25
NA
56.81
56.22
NA
56.12
55.86
57.74
56.41
56.27
54.38
57.66
55.05
NA
54.17
NA
NA
NA
NA
NA
NA
58.07
56.22
56.04
55.95
55.91
58.23
56.02
62.0
55.12
NA
NA
NA
56.38
56.99
56.95
56.67
58.78
57.13
59.07
57.66
55.17
57.41
56.61
59.53
57.05
56.47
56.98
56.07
55.56
56.94
56.71
56.78
51.8
56.71
57.13
56.09
58.37
57.57
56.65
54.75
56.03
55.54
54.83
56.2
54.98
57.43
57.22
59.08
NA
55.01
58.83
57.21
56.13
52.99
53.73
55.5
55.01
51.76
59.73
53.11
56.33
55.55
57.29
58.0
55.15
54.94
57.9
55.22
61.32
56.44
52.91
56.08
55.1
58.61
58.42
56.6
56.69
57.6
58.08
58.63
57.41
54.84
56.42
57.79
55.7
58.71
56.04
57.76
54.71
54.52
56.52
56.55
55.6
57.8
54.9
57.51
58.15
54.36
55.94
56.65
56.39
55.05
58.42
60.29
55.4
56.23
56.05
56.09
56.12
55.81
56.18
55.22
54.88
57.78
55.87
56.05
NA
55.16
55.95
54.63
56.06
54.5
55.57
54.61
56.36
55.69
54.76
59.92
56.26
56.08
54.24
59.22
57.21
56.95
53.21
55.02
57.45
55.99
55.9
54.83
56.07
59.11
56.01
56.49
57.87
56.9
56.43
54.22
58.36
55.26
55.11
55.84
54.63
54.44
57.35
56.3
53.64
56.49
56.31
58.05
56.02
58.38
56.16
55.57
56.63
55.79
57.08
54.85
52.7
56.82
56.32
55.04
NA
56.83
57.08
59.52
58.38
55.32
59.42
54.31
56.55
56.57
56.19
56.42
56.39
56.2
56.24
56.09
NA
56.36
56.24
56.41
56.27
NA
56.46
56.3
56.31
56.01
NA
56.42
56.42
55.87
56.07
53.84
56.26
56.26
55.66
57.19
57.7
55.71
54.32
55.73
NA
57.06
56.76
58.57
58.42
56.6
NA
55.56
55.47
55.35
59.58
59.68
57.06
56.55
NA
NA
55.81
56.81
60.31
55.01
55.81
57.52
59.67
55.76
53.46
55.91
57.71
53.92
56.74
59.69
57.31
55.33
57.93
NA
54.06
55.84
56.3
54.49
54.65
53.67
NA
NA
NA
NA
NA
NA
NA
NA
NA
NA
NA
NA
NA
NA
54.53
NA
54.28
NA
58.91
55.66
57.51
55.91
57.43
55.9
57.42
59.08
54.59
55.16
55.76
54.93
58.57
53.9
56.39
54.78
NA
NA
56.39
NA
58.16
58.42
56.04
54.47
57.57
54.4
60.02
57.52
55.9
53.89
55.17
57.93
56.38
56.56
NA
55.85
NA
61.35
56.31
56.24
NA
59.76
57.88
55.13
56.01
56.72
55.54
58.4
55.81
54.58
58.58
56.17
58.48
57.58
55.65
54.55
54.25
57.61
59.32
56.71
58.82
59.43
55.75
57.85
55.32
56.62
55.52
56.92
55.72
NA
NA
NA
NA
56.84
55.97
NA
NA
57.1
55.93
60.95
56.64
55.9
54.01
55.24
NA
56.63
56.81
57.34
56.94
54.44
56.54
54.11
54.37
60.73
56.7
57.93
55.56
56.08
56.44
56.54
56.14
56.54
56.74
56.64
NA
55.96
56.71
56.71
NA
NA
NA
54.56
NA
55.58
55.0
55.27
58.57
57.06
54.31
56.59
56.67
57.5
53.96
61.42
55.66
59.01
56.72
56.31
55.8
54.37
56.7
47.2
54.32
56.05
55.5
58.97
53.84
55.54
57.13
56.23
55.33
59.13
53.83
58.6
57.82
57.47
56.3
55.49
55.08
58.72
56.98
53.71
57.63
57.55
57.45
55.07
57.04
57.07
58.81
57.75
54.62
54.94
55.91
56.1
56.25
56.26
56.1
56.22
56.59
56.14
56.12
53.92
55.65
55.76
60.08
57.78
56.78
56.81
54.0
57.71
58.54
54.24
56.32
56.29
57.57
58.63
57.35
53.92
55.65
55.76
56.22
58.81
54.54
58.11
NA
NA
55.29
56.34
56.22
54.56
57.82
56.84
55.27
56.0
59.2
57.42
54.18
57.56
58.16
59.44
56.09
55.98
58.38
54.78
57.38
56.08
59.98
54.88
57.78
55.48
NA
56.98
55.18
55.98
58.38
54.68
57.38
56.08
59.98
54.88
57.58
55.48
56.18
56.98
55.08
55.99
58.39
54.79
57.39
56.09
59.99
54.89
57.69
55.49
56.19
56.99
55.19
56.02
58.42
54.72
57.42
56.12
59.92
54.92
57.72
55.42
56.12
57.02
55.32
55.96
58.36
54.56
57.36
56.06
59.76
54.86
57.66
55.36
56.16
57.06
54.76
57.3
57.63
54.75
NA
57.7
55.49
51.28
54.94
57.25
59.56
59.12
58.91
58.19
57.5
59.65
56.37
54.41
60.83
57.93
55.78
59.86
53.73
57.99
56.21
53.28
52.68
55.68
54.74
59.65
53.16
56.01
NA
60.65
NA
56.71
56.24
54.33
57.23
55.5
53.0
59.4
56.1
56.9
56.05
54.95
54.27
55.08
55.67
53.56
56.25
54.07
54.02
NA
54.86
53.48
54.32
53.36
51.95
59.9
55.26
59.46
58.32
56.61
54.99
NA
58.4
59.09
55.65
NA
57.68
59.76
56.98
58.56
53.93
56.11
54.65
54.55
58.23
57.5
55.87
54.46
57.6
57.3
55.25
56.88
54.04
60.08
58.01
54.99
56.17
59.81
58.38
NA
NA
56.13
55.89
57.15
57.7
55.03
57.12
56.32
58.55
57.29
58.62
58.94
55.35
57.79
54.16
NA
55.32
56.13
NA
NA
NA
NA
57.9
54.23
58.26
59.11
63.35
57.13
56.82
55.91
57.16
57.72
55.04
57.13
56.33
58.56
56.09
57.63
56.79
56.08
58.68
56.45
NA
55.68
58.08
57.13
56.17
57.32
54.71
57.11
56.8
56.3
56.92
55.02
57.09
57.32
55.63
54.51
54.9
55.56
54.73
54.83
55.52
54.52
54.82
55.89
54.54
54.8
55.89
54.54
54.8
55.64
55.64
54.39
60.64
56.65
57.9
55.57
56.12
56.11
60.24
56.11
60.06
58.22
57.87
57.59
NA
56.94
60.33
NA
56.18
58.1
57.4
59.56
59.07
53.78
56.61
58.48
58.77
59.84
58.08
57.35
59.72
59.03
53.52
NA
58.46
58.24
59.8
54.67
57.93
56.73
56.25
54.79
NA
57.22
57.3
57.06
57.55
56.61
57.04
56.56
55.14
55.46
54.84
55.13
NA
54.93
53.4
52.74
57.82
51.81
54.63
56.96
52.21
55.53
57.94
56.69
NA
NA
55.43
54.97
56.11
58.47
57.94
59.14
55.34
56.41
55.95
57.97
56.14
53.43
59.11
NA
57.67
NA
54.89
57.21
56.09
61.55
56.57
57.52
58.46
58.69
55.1
57.48
NA
NA
56.43
53.78
54.45
60.07
53.47
56.75
55.33
54.33
55.0
56.52
54.81
56.39
NA
55.08
59.75
54.1
56.74
55.31
54.31
55.11
56.64
56.52
53.67
NA
NA
58.5
57.29
55.23
53.47
55.12
56.11
57.63
57.61
57.21
57.55
57.57
57.46
57.49
57.39
57.03
57.17
59.27
56.0
55.96
58.7
NA
53.47
53.93
58.62
53.47
53.93
58.62
53.54
53.94
53.24
53.52
53.88
58.14
53.29
54.02
58.14
58.6
56.81
56.72
54.72
56.8
NA
NA
NA
NA
NA
NA
NA
NA
56.89
55.69
53.79
57.59
53.39
55.69
57.32
56.94
56.84
56.19
57.92
57.63
58.03
54.36
56.25
57.1
NA
NA
NA
56.2
55.94
54.09
59.34
55.51
NA
55.96
60.58
NA
52.24
53.08
56.47
55.07
54.96
58.81
58.97
56.37
57.57
NA
57.19
55.78
54.16
56.24
58.9
55.72
57.83
NA
56.97
56.91
57.1
56.69
53.37
57.13
56.65
53.46
54.71
53.36
57.19
56.35
53.22
54.31
53.38
57.17
56.66
53.52
54.36
58.09
55.89
57.92
NA
55.54
56.51
55.61
55.23
63.98
58.17
59.48
55.12
55.16
55.98
54.76
56.97
54.42
NA
58.75
55.61
53.36
57.92
56.02
59.33
56.55
56.38
57.26
56.58
56.39
NA
NA
NA
NA
NA
NA
NA
55.17
55.67
56.17
58.07
54.05
55.68
58.35
56.24
54.16
55.7
56.93
56.14
56.83
56.88
54.32
54.59
57.59
NA
53.67
54.56
54.66
58.82
56.76
56.63
54.75
56.71
56.93
56.74
53.4
NA
55.92
56.62
56.42
58.4
57.45
59.03
55.78
58.83
55.43
57.53
53.76
58.13
57.32
54.43
57.78
56.96
NA
NA
58.47
55.99
57.47
NA
NA
57.25
NA
NA
NA
57.75
57.75
58.05
54.25
56.05
NA
56.67
54.37
61.27
56.07
54.57
56.37
57.27
55.72
NA
59.02
60.07
55.44
56.85
56.41
NA
NA
NA
NA
NA
NA
NA
NA
NA
NA
NA
57.33
58.63
53.53
60.43
58.33
56.93
55.82
58.72
56.12
57.52
56.32
59.33
56.7
56.26
58.43
56.51
56.78
55.4
56.67
58.67
55.97
59.87
52.37
56.01
57.23
57.89
55.14
57.17
56.43
56.39
NA
59.2
56.6
NA
56.06
57.25
57.96
55.05
57.18
57.13
56.68
56.31
55.91
60.01
58.71
59.11
57.31
55.91
54.11
55.91
57.91
61.06
56.36
60.06
58.66
58.08
59.48
57.58
57.88
56.38
55.58
55.28
57.28
56.78
56.88
56.78
58.18
57.78
57.78
58.08
54.28
56.08
56.68
57.18
56.38
56.78
56.38
58.48
57.78
57.88
57.58
54.18
55.98
56.58
59.6
58.75
56.25
58.65
57.75
54.95
56.25
59.05
56.75
58.75
59.35
55.55
54.85
57.35
59.15
57.25
54.55
57.65
57.55
54.45
NA
53.44
56.84
56.34
53.14
54.74
53.99
56.09
59.09
58.89
59.39
57.79
59.09
58.09
56.19
56.85
55.51
54.3
56.25
58.27
56.9
56.37
NA
NA
55.77
53.07
57.77
55.47
56.4
58.0
57.25
57.05
54.65
58.35
53.75
NA
55.8
57.8
56.6
57.81
53.01
59.61
56.91
55.81
54.51
59.31
56.33
56.33
56.93
54.33
55.43
59.54
56.94
51.84
57.75
56.55
55.36
56.92
55.15
56.99
57.2
53.53
61.36
58.81
57.32
56.44
56.72
55.6
59.14
52.56
56.03
56.11
55.01
57.11
59.06
56.31
56.11
59.31
56.91
56.38
54.81
54.9
53.97
56.74
55.09
55.09
53.84
56.95
57.78
56.34
57.21
57.21
NA
58.69
NA
58.24
56.27
55.17
57.67
53.37
54.87
NA
54.29
54.53
57.03
57.25
57.24
54.08
NA
54.29
54.53
57.03
57.25
57.24
54.08
57.7
55.0
55.8
56.82
54.42
54.63
NA
58.93
53.43
59.33
55.13
58.78
58.98
54.48
59.92
55.52
57.72
55.62
54.62
56.32
56.42
56.43
56.07
57.14
57.9
54.96
57.13
57.04
56.78
56.16
57.17
57.93
54.99
57.13
57.02
56.75
54.99
56.89
53.59
55.89
54.91
56.21
58.21
57.21
57.01
56.11
57.78
57.49
54.03
NA
55.08
57.26
55.78
53.91
54.21
57.01
59.11
53.51
58.61
55.51
56.54
57.94
58.54
58.68
55.02
57.48
56.75
NA
55.39
53.58
55.29
56.37
55.14
52.64
55.74
58.74
56.64
57.04
57.34
57.94
58.74
56.24
56.64
55.31
54.06
56.94
NA
56.84
53.82
53.51
58.42
56.88
55.96
55.88
57.58
58.48
56.2
57.6
58.5
59.41
56.17
57.28
58.96
56.26
60.57
54.3
55.77
54.55
55.92
59.29
58.98
NA
56.07
NA
59.24
61.14
NA
56.3
56.23
55.83
59.5
54.27
58.88
58.98
60.21
55.88
NA
59.2
61.27
NA
56.55
56.25
54.7
56.77
54.93
54.57
59.88
56.31
56.71
57.17
55.52
53.83
54.49
54.97
56.56
56.73
55.71
57.81
54.91
53.11
54.63
55.33
53.93
54.73
55.73
56.09
56.89
54.99
55.19
56.04
57.64
NA
58.91
56.55
NA
58.88
56.52
54.84
56.44
58.27
55.17
NA
54.27
60.92
56.18
56.19
58.91
NA
58.05
56.28
52.98
56.27
NA
56.41
58.9
62.44
57.38
58.74
55.68
54.72
54.47
59.16
55.31
55.57
57.39
55.79
55.79
56.89
56.29
58.69
55.79
55.99
NA
59.09
56.92
55.3
57.64
56.91
59.18
57.43
58.54
57.66
57.45
56.02
54.81
53.95
57.45
57.62
56.42
54.22
60.72
55.62
57.12
56.22
57.36
55.36
56.66
55.16
52.07
57.17
55.77
57.07
57.37
55.87
56.52
58.92
57.02
53.42
NA
NA
NA
NA
55.32
56.62
57.72
56.72
61.07
53.16
56.61
54.68
55.08
54.62
54.78
57.58
NA
57.39
52.67
58.88
58.93
NA
NA
56.47
58.14
56.34
56.57
56.52
55.78
54.66
54.39
58.29
54.67
56.12
56.02
55.92
59.32
56.52
NA
NA
56.01
55.48
57.14
NA
54.16
58.4
58.73
56.19
58.57
54.88
59.7
NA
55.54
54.96
56.37
58.45
56.68
54.66
54.95
60.28
56.15
55.34
56.9
56.21
54.51
59.38
55.75
56.59
56.29
56.09
54.85
NA
NA
56.14
56.44
55.04
54.74
55.44
54.14
NA
NA
NA
NA
56.07
55.73
57.97
56.4
57.17
57.82
56.55
57.62
58.61
55.08
55.73
57.58
54.93
55.85
56.36
54.95
56.87
56.99
59.43
51.4
51.7
NA
NA
53.9
50.2
NA
56.64
57.58
56.98
55.28
57.05
54.95
56.95
56.95
56.35
55.75
55.85
59.71
58.12
54.52
56.92
58.08
57.53
57.68
58.09
55.61
58.19
57.11
56.32
58.78
57.56
59.02
56.45
56.5
55.82
59.32
58.84
56.16
56.04
55.91
56.86
56.62
NA
55.4
56.64
57.44
55.41
53.12
NA
59.92
55.83
59.26
54.63
58.01
56.01
57.21
56.82
57.62
54.24
57.62
57.14
58.77
60.32
58.71
57.01
56.2
NA
57.95
55.76
53.36
55.85
53.35
58.34
58.74
54.04
59.54
58.54
56.54
55.54
54.62
55.72
54.26
56.65
55.43
58.12
56.45
58.85
NA
56.96
57.64
57.16
56.8
56.58
57.17
NA
56.2
56.95
53.21
54.74
55.2
59.33
56.33
57.2
56.27
54.8
56.8
56.82
57.62
54.24
57.62
57.14
58.77
60.32
58.71
57.01
56.2
55.7
58.2
55.2
57.7
57.42
56.32
56.27
56.66
56.62
59.28
56.65
56.34
56.14
56.26
54.46
57.66
55.76
58.46
54.83
58.98
56.03
55.07
55.77
57.5
54.5
57.9
58.4
55.07
55.82
58.01
54.23
58.13
59.02
58.04
58.21
55.55
59.89
57.13
NA
NA
55.81
55.46
56.01
57.36
58.34
56.22
56.55
53.51
55.03
54.09
57.37
55.55
56.17
56.5
56.48
56.19
56.37
55.81
56.5
55.21
56.26
56.78
56.1
58.28
58.72
57.22
55.62
57.22
56.72
53.72
54.67
54.47
60.36
55.54
56.27
60.1
54.54
52.88
59.28
56.24
NA
56.04
56.54
56.24
56.14
57.94
57.04
51.74
54.44
55.96
56.26
55.76
56.16
56.29
55.79
55.79
60.09
52.19
56.49
58.17
55.87
56.57
58.98
56.33
56.2
57.28
56.31
53.77
55.53
58.56
56.73
58.37
56.77
56.27
56.56
56.58
55.48
57.78
56.29
53.0
54.37
54.81
58.08
56.38
58.58
57.98
54.88
56.28
58.78
56.58
58.78
59.38
55.48
55.88
57.38
56.46
56.63
56.83
56.93
56.35
57.97
59.24
55.04
55.24
52.58
57.68
58.56
54.54
54.75
56.79
57.9
55.0
58.05
57.51
53.89
53.97
54.34
56.1
56.22
59.58
55.68
NA
NA
NA
NA
NA
58.62
54.28
53.93
57.54
55.97
59.38
56.04
57.61
56.23
52.1
59.81
56.08
51.99
59.93
54.22
56.46
57.44
55.98
56.62
55.3
58.1
NA
60.33
58.73
NA
56.67
56.35
56.59
55.19
58.66
56.34
55.11
51.73
54.93
55.53
56.03
58.48
58.58
54.48
55.38
58.08
55.38
57.78
53.24
NA
53.83
NA
52.09
NA
NA
NA
NA
NA
61.52
58.52
57.06
58.14
58.39
57.94
54.18
55.07
56.87
55.67
56.27
NA
NA
52.17
54.07
53.57
55.47
52.17
55.07
55.2
54.9
57.4
57.13
56.71
58.81
57.41
56.24
56.47
NA
NA
56.66
52.52
58.61
56.02
54.26
53.47
54.2
56.02
NA
59.74
55.7
NA
54.41
58.88
56.58
58.44
58.44
55.34
56.58
54.81
58.33
57.2
NA
55.14
54.85
56.02
56.43
54.05
58.79
60.92
NA
NA
57.87
55.08
56.2
57.41
55.39
56.19
54.51
53.08
57.19
59.41
58.79
55.44
52.94
53.14
55.84
NA
NA
NA
56.64
59.64
56.94
56.74
56.64
56.64
56.14
56.14
56.44
55.94
53.94
58.13
55.13
NA
58.02
55.2
54.2
55.46
54.86
56.06
57.96
56.16
56.25
56.21
55.26
57.01
53.88
56.01
53.14
55.64
57.4
56.26
54.15
55.31
53.59
58.53
56.51
55.7
58.2
55.2
57.7
54.3
58.25
54.97
53.8
55.98
56.49
54.06
53.83
58.22
56.2
55.96
NA
53.85
NA
55.49
59.01
NA
55.59
55.65
58.18
56.69
59.73
59.62
55.84
56.91
59.41
56.05
56.79
56.52
56.76
57.24
56.58
56.33
58.78
57.76
56.99
58.0
56.37
56.75
56.92
57.62
55.22
55.82
52.91
56.51
54.91
56.61
54.61
54.81
57.61
NA
57.41
52.81
59.01
52.29
56.29
54.69
55.09
54.59
54.99
57.59
57.69
57.39
52.39
57.29
58.99
54.51
NA
56.76
56.46
56.83
54.22
58.17
54.28
58.13
57.76
57.66
58.76
55.16
54.96
57.96
54.66
55.88
59.54
55.66
58.66
57.09
55.59
58.09
56.21
NA
57.45
56.85
59.95
54.15
56.47
56.02
58.67
58.0
57.72
53.77
NA
57.35
56.72
56.34
55.86
54.66
NA
57.56
55.7
53.74
57.04
55.33
56.59
55.25
NA
54.52
58.42
57.07
52.67
58.97
NA
53.86
52.13
NA
NA
NA
56.3
54.0
53.2
55.9
58.82
NA
56.52
56.31
55.87
59.19
56.38
53.69
NA
NA
NA
NA
NA
NA
NA
NA
NA
NA
NA
57.94
56.41
55.73
56.02
NA
58.68
53.84
55.99
NA
55.98
55.39
56.56
55.16
56.76
59.19
56.02
56.62
54.42
56.94
53.41
55.36
56.7
55.3
58.43
56.62
53.97
54.62
54.59
54.35
55.57
55.31
58.65
57.68
58.24
NA
NA
55.54
55.4
56.01
NA
58.21
57.91
57.51
59.29
NA
56.0
54.13
53.65
53.94
55.01
54.87
56.94
55.85
53.84
57.58
56.38
56.3
56.06
58.1
56.52
57.14
57.44
57.54
53.04
59.24
57.24
59.44
52.54
56.25
58.6
55.25
57.7
56.36
60.22
55.18
57.95
55.76
56.4
57.24
55.72
56.63
57.11
56.44
56.84
54.99
58.83
59.11
62.66
56.06
57.35
53.02
56.11
54.36
57.59
56.14
NA
NA
60.12
56.12
55.92
56.72
52.72
57.82
54.52
58.22
57.02
54.32
57.62
56.32
56.32
56.32
54.22
54.12
53.52
54.52
NA
55.82
53.52
NA
56.21
59.39
56.26
NA
56.35
53.59
55.57
58.85
59.18
58.27
57.28
55.94
NA
54.05
56.52
56.95
55.25
52.25
54.85
55.95
55.73
54.2
59.04
56.5
52.58
NA
NA
NA
58.47
58.73
55.37
55.07
55.29
57.72
54.98
56.41
59.31
54.51
56.71
59.72
53.06
54.79
56.9
56.48
55.38
55.72
55.64
57.49
58.04
58.83
55.42
57.46
57.36
54.2
54.3
58.4
54.6
58.2
55.4
55.61
NA
54.55
57.05
53.95
55.85
56.96
55.96
NA
58.36
56.36
56.4
56.3
55.67
56.56
56.64
57.76
57.27
56.49
56.38
56.18
56.53
58.23
55.43
54.33
55.13
57.25
57.15
59.14
56.07
60.42
59.33
58.55
56.66
56.73
56.65
52.64
57.62
57.68
56.53
55.36
58.4
NA
56.42
57.94
58.34
55.04
58.04
56.22
58.72
55.52
58.42
58.69
NA
56.39
56.87
58.12
NA
57.24
NA
56.6
56.68
57.28
57.18
56.38
55.42
57.36
58.09
59.6
55.09
56.37
54.69
54.06
54.69
55.8
55.96
57.49
56.72
55.45
54.79
59.4
58.39
56.29
55.99
55.89
NA
55.06
57.85
54.55
55.15
56.35
58.25
54.95
55.45
57.05
54.41
55.56
56.69
58.44
58.84
55.64
56.1
56.37
58.72
56.26
55.08
NA
NA
NA
NA
53.55
56.75
53.41
57.91
55.64
58.02
58.19
55.53
56.84
57.44
59.04
54.51
56.36
NA
59.38
NA
57.93
56.83
55.23
59.03
58.03
NA
NA
NA
NA
56.91
56.28
56.37
56.35
56.34
57.73
58.2
58.29
54.4
56.13
56.15
55.53
57.73
55.11
57.34
NA
55.05
57.6
53.57
54.36
55.12
54.93
56.33
NA
NA
58.13
55.74
58.74
55.54
56.15
56.2
56.03
53.66
53.28
55.04
54.43
55.54
58.48
58.66
59.48
56.42
NA
57.68
54.62
53.9
57.4
NA
57.39
58.13
57.99
56.97
53.52
NA
56.04
53.94
57.14
56.54
55.04
55.74
58.64
54.31
53.21
53.61
55.5
53.31
56.9
60.16
56.66
56.51
55.94
55.62
NA
56.12
55.33
56.82
55.29
57.83
58.44
58.27
56.02
NA
58.52
55.58
53.28
57.76
55.91
59.26
56.47
56.07
58.97
56.27
56.02
56.81
55.56
56.24
55.16
56.96
56.08
56.14
56.35
56.0
54.43
54.99
57.05
56.65
56.95
NA
55.55
54.63
53.91
56.45
62.15
55.99
58.07
58.33
54.69
54.06
57.05
56.57
54.27
58.05
54.49
57.57
54.07
59.95
58.77
59.43
57.14
58.44
55.95
54.35
58.77
56.94
56.68
53.53
57.13
59.75
55.75
56.25
59.35
55.03
56.37
56.89
57.51
54.07
57.68
54.88
56.98
61.08
59.88
56.98
57.28
56.58
56.08
55.92
NA
NA
NA
NA
NA
NA
NA
NA
NA
NA
NA
NA
NA
NA
NA
NA
NA
NA
NA
NA
NA
NA
NA
NA
53.2
54.4
54.57
NA
NA
55.57
55.54
NA
57.8
54.99
56.55
NA
NA
NA
56.58
56.45
56.98
56.25
56.49
56.02
56.04
58.86
54.54
56.28
54.19
52.17
55.17
56.57
54.27
59.17
55.17
57.57
59.97
57.09
58.49
57.79
56.79
58.53
58.53
58.53
56.1
53.33
NA
56.08
59.07
58.09
55.33
55.3
NA
NA
54.99
58.99
55.7
56.69
55.46
58.52
55.99
NA
NA
58.92
54.72
59.05
59.54
57.64
56.84
56.14
57.24
57.42
56.38
58.34
NA
56.4
NA
NA
56.16
55.85
57.89
52.61
55.08
58.53
55.07
58.52
57.2
53.0
55.2
NA
NA
NA
58.61
56.71
58.91
54.01
53.81
53.61
54.08
54.29
54.81
55.94
58.55
56.26
59.59
56.95
54.18
58.85
57.79
54.72
54.54
58.1
57.93
53.98
57.15
58.59
57.23
57.13
54.54
NA
56.32
57.49
57.22
57.39
58.07
56.57
55.84
55.05
55.72
57.32
55.99
57.46
56.15
57.9
49.35
56.19
56.19
59.36
55.56
55.75
59.46
54.49
NA
56.36
55.25
54.85
54.85
56.65
59.25
53.75
54.95
54.97
56.2
53.88
58.49
58.38
53.7
56.59
58.76
NA
56.27
56.2
59.59
56.73
56.05
57.64
NA
NA
58.44
58.13
59.06
57.12
56.74
56.02
57.58
56.01
58.34
56.25
58.34
55.76
57.87
NA
59.05
56.46
54.12
56.9
54.46
56.1
56.38
NA
NA
NA
55.58
57.98
55.98
55.78
55.48
59.36
53.86
54.86
55.66
56.96
56.66
56.16
56.26
54.11
56.11
55.81
56.21
56.51
57.51
58.71
55.61
53.98
55.88
NA
NA
56.68
58.98
53.64
56.29
58.36
59.86
56.33
59.35
58.45
54.65
56.17
57.08
54.58
52.56
57.38
59.14
55.75
55.34
56.5
56.95
56.82
56.26
55.52
57.89
52.43
58.02
52.62
57.89
55.98
58.7
55.64
55.39
57.3
56.89
61.39
53.79
56.18
56.23
56.72
55.52
56.42
56.17
60.77
60.94
55.57
56.67
55.94
55.85
NA
NA
NA
56.57
55.13
58.46
55.49
53.66
59.66
59.36
55.15
56.14
56.14
55.89
NA
NA
55.99
59.19
58.19
56.7
56.72
58.82
55.92
57.52
54.42
59.22
59.62
60.82
56.92
58.02
52.42
NA
NA
56.03
NA
53.1
58.02
55.28
54.77
56.56
55.79
57.31
55.61
55.8
55.43
60.41
54.51
54.35
55.35
57.25
54.33
54.35
55.32
52.71
59.0
57.13
59.23
55.2
NA
57.87
57.29
NA
62.87
57.32
56.05
NA
52.3
55.74
59.94
56.84
NA
54.41
59.4
NA
55.2
57.3
60.0
56.3
57.88
58.08
57.68
58.38
56.28
54.68
56.98
NA
NA
NA
55.88
57.3
56.06
56.06
57.76
52.37
54.74
53.04
59.44
57.84
56.62
53.52
NA
58.21
56.01
57.14
55.39
52.47
58.89
56.56
58.31
56.71
55.61
54.91
56.71
57.01
NA
57.59
55.89
58.12
53.55
57.65
58.11
55.52
58.09
54.18
57.2
58.87
55.25
58.46
54.5
59.71
58.82
57.83
58.23
58.75
57.78
57.97
56.34
57.48
58.96
NA
56.7
55.3
NA
57.01
57.04
59.45
57.02
NA
58.28
59.73
59.01
55.64
57.19
NA
NA
54.57
56.67
58.22
59.2
56.09
56.75
57.94
59.94
56.38
55.25
56.52
58.95
56.24
56.26
55.86
53.96
54.56
56.85
56.53
56.53
56.37
NA
55.36
55.96
58.16
54.36
55.66
56.36
55.96
NA
56.99
56.99
57.38
58.0
54.88
NA
58.83
57.46
57.28
54.95
57.18
53.56
NA
54.17
57.31
54.3
55.16
57.32
55.4
55.39
54.69
56.25
54.25
56.46
55.23
58.82
55.55
57.32
57.72
55.32
57.82
NA
57.81
54.22
57.35
57.96
56.96
55.85
57.91
54.36
54.99
55.99
55.75
NA
NA
56.63
59.31
54.56
NA
55.63
58.8
56.2
52.11
55.01
56.81
54.21
59.21
55.01
57.51
53.71
57.3
56.93
53.77
55.38
54.47
54.41
56.67
54.4
53.62
54.13
54.29
53.94
54.41
54.44
59.17
56.1
56.1
54.18
56.43
55.68
56.12
59.31
57.36
54.06
56.3
55.91
58.86
55.03
58.64
55.34
55.34
54.69
56.69
NA
55.89
56.69
52.16
56.78
56.26
56.15
NA
54.2
56.86
54.86
53.86
55.86
56.26
59.15
57.0
57.66
59.16
56.76
58.56
58.46
56.16
56.46
54.24
58.22
59.22
54.72
58.32
55.52
58.58
56.67
55.39
56.52
55.35
57.09
55.56
NA
54.46
59.56
58.46
55.83
54.52
55.01
57.26
56.7
56.13
56.2
56.9
56.2
56.3
56.3
57.9
58.2
58.2
54.3
NA
55.77
58.24
56.45
56.57
56.59
56.4
56.28
54.19
56.32
56.19
54.51
58.83
57.23
56.23
57.3
NA
52.77
NA
NA
56.37
57.98
58.44
56.34
56.34
54.44
51.94
59.0
53.13
55.86
56.98
57.02
58.46
57.14
58.01
NA
55.71
54.77
55.25
58.62
NA
51.31
58.7
56.62
53.95
56.24
59.2
54.65
NA
NA
58.8
56.0
57.49
58.31
55.64
53.98
56.08
54.64
59.44
54.04
56.24
56.69
55.63
56.53
56.03
57.63
57.12
56.54
57.7
54.4
54.4
61.0
58.43
54.81
55.62
57.97
55.02
NA
55.22
54.66
56.34
NA
56.22
58.42
54.95
55.51
59.05
57.84
58.65
55.85
56.35
56.35
59.15
54.81
59.47
53.28
55.87
55.52
56.16
58.36
55.44
54.28
56.55
54.86
56.42
56.6
56.95
52.96
56.36
56.95
57.61
56.97
53.24
55.84
55.26
NA
NA
55.48
55.93
54.73
56.71
59.01
57.28
60.54
59.12
54.77
55.7
56.45
55.24
58.15
NA
55.24
NA
NA
54.71
56.61
57.61
59.41
58.81
56.51
57.33
56.32
56.16
52.2
NA
53.73
56.02
55.41
56.08
NA
54.02
55.12
56.18
59.09
56.76
56.94
57.94
55.04
59.54
54.44
57.54
NA
NA
56.84
55.14
58.34
NA
56.12
56.02
54.32
59.12
53.72
57.45
55.65
56.68
55.69
57.69
58.39
55.94
55.94
54.04
55.84
57.14
58.34
56.94
56.34
56.94
53.27
59.49
53.08
55.67
56.54
59.25
58.16
53.89
56.78
56.41
54.44
58.51
56.0
55.26
57.4
57.77
52.8
55.46
58.09
57.53
57.96
53.0
56.18
58.25
57.48
59.16
56.68
58.36
56.36
57.63
57.79
NA
55.43
54.14
56.13
55.99
55.79
55.22
56.57
56.19
55.87
55.44
56.61
59.19
57.75
55.45
54.33
56.33
54.33
59.57
55.9
54.49
54.48
54.76
54.96
53.45
55.25
58.04
57.45
56.62
54.64
57.55
54.28
55.93
56.95
56.75
55.82
57.42
57.15
56.92
56.78
56.59
56.44
56.82
56.27
56.05
54.77
55.94
NA
NA
57.88
NA
NA
NA
NA
NA
NA
NA
NA
57.03
58.63
59.73
NA
NA
NA
NA
NA
58.26
56.08
55.28
58.3
58.7
54.0
55.3
57.28
56.99
NA
57.67
59.58
56.34
55.32
56.6
56.79
57.99
53.59
54.54
57.78
55.99
56.43
55.53
54.35
56.68
53.21
54.54
57.94
56.36
55.9
58.5
52.94
56.03
56.93
54.34
56.7
56.29
55.96
55.82
NA
55.07
58.18
55.04
53.05
59.39
57.37
58.09
55.62
57.29
53.42
55.52
57.12
53.19
55.39
56.99
59.35
56.98
56.11
54.25
57.16
58.65
57.35
54.85
57.85
56.21
57.63
56.19
53.8
54.77
56.95
58.06
57.74
59.05
59.24
55.74
54.34
NA
59.88
59.07
59.57
58.11
56.51
53.7
58.42
NA
NA
57.61
59.16
56.75
58.63
57.63
58.71
55.44
NA
57.3
58.27
NA
55.75
NA
NA
NA
NA
NA
59.07
NA
NA
NA
NA
NA
NA
NA
NA
55.51
53.63
NA
NA
NA
NA
NA
NA
59.22
57.06
54.7
58.49
53.56
57.33
NA
55.61
58.5
52.88
55.58
58.43
56.67
56.33
56.17
56.17
58.48
59.0
55.78
57.56
55.0
59.3
56.77
54.5
55.18
56.96
56.75
54.28
58.92
56.65
56.39
58.2
59.87
56.47
56.27
55.17
NA
NA
56.19
56.19
56.45
57.57
53.94
54.54
56.81
56.23
57.03
58.63
56.33
NA
NA
NA
NA
53.88
55.99
57.5
58.83
53.49
54.92
56.19
NA
NA
56.05
56.49
54.35
58.23
55.34
56.34
58.83
58.01
59.18
57.54
56.83
57.14
56.65
57.85
58.25
56.68
57.28
56.78
57.78
54.95
NA
56.5
56.5
54.37
57.55
58.91
54.02
58.72
57.88
52.68
54.02
56.23
54.67
59.15
54.62
58.48
56.26
57.46
56.31
56.43
56.0
59.8
57.1
NA
NA
58.59
55.05
54.69
56.68
56.03
54.58
NA
57.98
58.82
56.45
54.93
NA
55.0
57.52
56.03
53.43
54.4
NA
NA
53.91
NA
NA
NA
54.41
55.31
54.1
54.58
54.97
NA
54.71
56.0
55.58
54.36
58.71
56.35
57.57
NA
NA
55.65
NA
NA
55.98
59.43
56.28
56.55
55.98
56.26
56.32
56.94
56.84
56.58
56.22
56.89
55.36
54.71
57.81
57.25
57.09
58.58
52.96
55.78
56.0
59.28
55.18
54.33
55.49
58.91
55.51
59.77
56.31
58.5
55.8
55.25
57.22
59.34
54.49
59.06
56.14
56.85
58.01
56.49
59.31
56.34
56.83
56.17
57.08
55.77
55.12
57.64
54.79
55.6
57.69
52.9
56.31
54.57
58.22
57.42
53.07
59.36
56.6
54.52
59.05
54.61
55.49
55.69
55.9
56.38
53.49
NA
54.87
55.96
54.51
59.63
58.59
55.58
57.9
56.04
55.49
56.36
58.42
53.8
55.6
56.2
NA
56.45
52.95
56.73
55.99
58.59
56.54
NA
NA
59.6
56.41
58.09
59.2
57.06
56.88
56.68
NA
59.27
54.99
57.09
NA
58.23
56.45
56.76
58.38
58.3
57.03
57.11
52.96
NA
NA
54.59
53.95
56.23
57.98
NA
59.49
53.83
56.03
56.04
58.79
55.02
55.4
56.62
55.86
60.99
55.65
55.82
56.34
54.24
58.04
55.74
57.84
57.31
57.51
57.56
56.29
53.01
56.56
54.59
56.56
54.53
54.62
59.93
57.54
NA
57.36
52.58
58.94
57.93
53.36
56.84
NA
56.06
55.32
54.96
56.66
57.76
56.06
57.26
53.57
56.31
55.83
55.66
57.64
59.57
55.06
58.59
54.49
56.31
55.31
55.47
59.14
58.36
53.25
55.06
57.06
58.48
52.42
57.07
58.27
56.94
53.92
59.54
56.06
57.36
54.7
57.7
58.7
54.7
54.45
58.51
56.36
57.99
NA
56.45
56.36
58.11
54.63
56.41
57.58
58.46
54.3
54.4
58.95
55.04
NA
55.63
56.41
56.14
57.13
56.49
55.55
NA
61.59
55.71
58.16
NA
56.65
56.35
60.45
53.85
60.49
58.38
55.16
NA
NA
NA
59.65
55.37
56.89
55.16
58.08
53.77
56.97
NA
57.1
NA
56.2
56.65
NA
56.56
57.15
56.65
NA
NA
54.68
57.2
58.38
57.61
56.3
57.69
53.99
58.59
56.19
56.48
56.1
NA
NA
NA
NA
NA
NA
NA
55.49
59.69
59.29
56.69
56.79
55.49
57.69
55.85
54.58
58.68
53.88
55.96
53.84
56.73
56.26
NA
56.24
55.66
57.64
57.06
59.61
58.67
NA
59.5
55.42
54.15
56.43
58.53
56.47
56.36
55.53
55.89
56.83
56.52
56.44
56.71
57.43
56.25
56.23
55.95
56.21
55.81
55.13
56.18
56.19
55.17
56.76
57.26
56.01
57.81
56.97
56.04
56.39
NA
56.65
56.44
55.26
57.07
59.18
53.1
54.9
58.73
59.03
55.49
58.44
53.22
NA
NA
56.46
56.14
54.5
55.91
56.35
56.02
54.37
56.26
58.48
57.67
53.27
58.15
NA
54.56
59.58
56.17
55.34
56.72
54.23
55.65
59.32
56.49
53.1
56.36
56.82
56.55
54.28
56.24
56.1
56.0
56.6
56.2
56.97
56.08
NA
58.64
NA
NA
55.99
59.29
56.73
56.42
56.8
56.37
NA
55.24
57.04
56.64
58.94
NA
55.57
57.85
56.83
NA
58.83
56.29
56.23
57.68
56.81
56.87
54.89
59.53
53.5
56.06
NA
NA
56.63
NA
54.5
59.02
55.34
53.62
58.98
59.59
56.05
56.31
55.93
NA
55.12
NA
57.69
57.49
59.83
59.99
59.31
56.74
NA
60.07
58.06
56.6
58.06
57.63
54.75
54.9
56.75
58.73
58.65
58.62
58.99
58.45
58.45
58.33
55.9
57.97
58.11
56.03
55.91
56.24
54.02
58.64
56.41
NA
NA
NA
56.87
NA
54.47
NA
NA
NA
56.31
55.92
54.25
56.6
NA
57.84
54.4
56.81
59.51
54.41
59.11
55.27
52.93
54.43
55.67
54.39
55.94
56.77
52.29
56.79
52.35
56.23
55.99
54.33
56.23
58.6
54.2
57.5
60.16
53.61
56.81
56.52
54.72
60.05
56.28
54.5
56.98
59.45
NA
56.35
54.57
NA
NA
54.37
55.77
58.03
56.42
59.76
56.88
NA
56.97
59.88
59.28
57.88
56.7
57.9
55.9
55.72
58.19
58.79
57.28
56.71
56.69
55.44
56.54
56.63
51.93
NA
NA
62.56
56.15
56.88
54.38
58.44
NA
53.59
60.62
57.21
56.25
NA
56.14
55.34
54.74
52.2
58.62
59.0
57.15
55.19
56.2
57.04
56.83
55.41
56.41
56.81
57.11
56.8
55.79
56.23
56.29
56.09
56.84
56.36
55.7
56.09
55.29
56.5
NA
NA
58.11
56.77
58.34
NA
57.98
55.15
53.09
52.96
57.93
56.89
56.34
57.94
58.74
53.24
NA
NA
55.98
55.81
59.36
56.82
56.08
53.45
54.4
NA
NA
NA
54.37
57.08
59.28
57.62
55.95
57.92
54.75
57.83
55.63
53.78
56.39
58.75
53.91
58.04
NA
59.59
NA
57.32
57.12
59.28
57.56
55.35
57.63
57.09
59.19
57.55
55.32
59.4
56.47
55.51
52.76
56.56
58.36
56.09
NA
56.81
56.86
56.02
56.37
56.09
56.15
58.22
54.58
53.88
55.28
55.28
54.68
54.28
55.48
55.18
55.81
56.14
55.29
54.66
53.65
54.73
55.28
55.77
56.1
55.25
54.62
53.6
NA
54.89
53.98
55.87
55.63
54.86
60.37
59.25
58.56
53.93
56.11
54.65
54.55
56.87
56.88
56.11
56.18
56.22
55.36
55.96
52.92
57.28
56.81
56.83
55.41
56.05
52.98
57.42
56.78
56.97
56.06
57.06
55.36
54.96
54.36
56.46
57.36
56.96
NA
NA
56.69
NA
56.13
57.12
56.94
NA
57.76
59.19
55.51
58.84
58.83
55.1
57.68
58.05
58.97
54.87