32.44
32.72
33.05
34.66
32.8
32.9
33.5
32.47
32.68
NA
32.86
32.13
36.79
32.52
33.31
32.91
NA
NA
33.06
33.05
32.07
33.42
NA
32.81
33.05
32.72
33.16
28.47
32.72
27.86
31.81
28.93
32.29
32.34
33.41
31.94
33.32
31.76
31.76
32.75
28.29
34.9
33.29
NA
36.1
NA
31.9
33.26
33.1
32.55
33.3
32.27
32.2
33.43
33.06
31.17
32.41
32.1
32.84
28.28
34.25
33.64
32.1
NA
35.25
33.36
33.1
32.96
32.71
32.98
32.62
32.79
30.29
32.5
32.97
33.69
33.35
32.11
30.23
31.51
35.81
28.81
32.6
29.52
32.17
33.67
32.96
NA
NA
32.9
NA
NA
NA
33.23
NA
32.99
32.72
35.64
31.72
33.26
33.96
32.52
NA
32.84
33.18
NA
32.73
33.19
31.43
32.03
32.81
33.95
32.02
32.54
32.32
29.01
33.94
32.27
32.84
31.8
33.35
NA
35.18
NA
NA
NA
38.51
33.51
36.1
30.94
31.47
35.03
32.66
33.23
32.0
31.99
32.06
33.23
33.91
32.96
NA
35.79
30.43
32.79
32.73
31.98
32.22
32.69
33.42
NA
32.12
NA
32.2
33.38
32.15
34.04
35.56
33.46
32.85
32.81
32.19
NA
33.07
32.21
33.44
33.67
33.01
NA
36.31
32.18
30.24
32.35
32.65
32.59
NA
32.82
NA
35.76
35.73
32.66
32.27
32.22
32.74
29.87
35.49
32.0
32.21
29.67
32.83
33.11
31.06
31.93
32.48
33.39
33.07
32.36
30.85
29.21
32.69
32.77
32.05
34.45
30.68
32.27
32.93
NA
32.72
30.46
32.76
NA
33.35
33.38
32.73
33.63
32.41
33.02
33.54
33.27
35.76
NA
32.91
34.45
34.06
29.82
31.9
32.4
28.15
35.08
31.69
NA
31.65
28.03
NA
32.86
32.05
32.24
32.52
NA
30.4
31.6
31.96
31.6
32.86
33.0
32.83
30.59
28.82
36.23
NA
31.66
31.95
NA
32.58
33.75
32.77
33.31
28.96
33.39
34.07
32.77
32.91
32.34
34.48
33.0
32.67
29.85
NA
31.5
28.2
33.01
32.72
34.05
31.99
34.17
33.06
32.07
32.73
32.4
NA
30.49
32.32
33.5
31.55
32.32
28.58
NA
29.47
NA
33.06
34.79
32.56
33.01
32.49
33.87
33.95
32.79
32.91
33.41
32.04
28.65
32.91
32.96
32.07
31.62
31.88
32.67
35.87
31.82
33.16
31.6
35.83
34.86
32.92
NA
32.51
32.36
32.15
34.3
NA
33.25
32.79
35.2
NA
NA
32.98
31.87
32.57
33.05
33.16
30.5
30.6
35.7
28.01
32.72
31.19
33.12
31.51
32.6
32.47
NA
32.56
31.16
30.25
33.87
32.29
31.97
32.99
NA
NA
NA
NA
NA
NA
NA
NA
32.41
32.89
32.89
32.55
33.31
31.9
33.33
35.23
32.61
29.6
NA
31.79
31.91
31.33
31.4
NA
33.66
32.39
32.01
28.29
33.83
32.78
32.99
34.18
32.68
32.38
32.85
NA
32.94
32.74
32.38
31.69
32.76
34.81
32.48
32.19
32.29
31.86
32.73
32.77
33.07
32.44
NA
NA
32.69
34.23
31.67
32.98
33.29
32.32
29.3
32.61
34.51
29.44
33.12
32.26
32.13
31.68
33.02
33.33
32.71
32.03
32.53
32.67
NA
32.97
32.97
31.04
32.48
32.66
34.14
32.74
NA
31.71
32.49
32.86
32.56
32.21
32.33
32.33
33.56
31.86
31.51
33.98
32.79
31.76
NA
NA
NA
NA
32.93
33.03
31.61
NA
33.02
31.17
33.48
32.2
NA
34.67
34.41
29.53
NA
32.88
31.84
30.89
28.95
32.68
NA
NA
NA
NA
32.93
32.5
32.32
NA
32.77
30.35
31.89
33.1
33.88
30.04
32.43
32.47
32.5
32.1
32.92
32.83
34.44
33.42
33.05
33.99
NA
32.41
32.59
NA
32.87
32.95
28.83
32.71
NA
34.5
33.1
31.95
NA
32.34
NA
NA
NA
NA
NA
NA
32.41
32.64
32.98
33.07
34.05
29.03
NA
32.81
33.83
NA
NA
32.99
32.2
32.49
NA
32.51
32.32
34.02
32.21
32.52
33.61
32.05
30.47
33.47
31.02
32.26
35.67
32.96
31.75
31.46
33.39
29.13
32.35
33.23
NA
32.77
32.81
32.56
32.4
34.18
33.09
34.2
34.18
33.0
33.87
NA
32.84
32.26
NA
32.98
32.85
31.66
34.91
33.96
36.51
34.79
32.95
33.49
31.72
36.34
33.24
33.17
35.14
28.81
32.79
32.2
31.48
32.1
33.15
33.12
34.3
33.12
34.49
29.85
32.94
32.82
32.92
28.58
33.9
30.28
33.35
33.12
32.63
28.44
33.72
33.33
31.38
28.58
34.83
35.47
32.19
33.74
33.8
32.14
31.61
28.25
33.13
30.42
33.65
32.58
33.17
NA
29.03
31.63
29.54
34.68
32.1
32.98
32.95
31.64
32.08
33.8
34.2
32.34
32.82
32.64
NA
35.39
33.39
31.58
35.72
35.32
31.46
32.41
31.08
33.41
35.43
31.9
32.89
32.93
32.89
32.67
NA
33.29
33.51
34.56
NA
33.34
31.62
33.18
30.94
31.75
32.8
30.24
32.15
28.59
30.54
35.85
32.02
32.19
32.23
33.26
31.93
35.54
31.73
33.18
30.37
31.97
31.04
32.76
32.49
32.24
33.42
31.56
32.19
32.35
32.65
36.31
33.1
32.38
32.65
32.04
NA
32.31
29.23
32.01
32.73
32.86
32.2
32.47
32.73
32.63
32.94
32.71
33.01
33.05
32.93
32.99
NA
32.72
32.97
32.82
32.97
NA
32.82
32.76
33.22
33.08
NA
32.67
32.88
32.8
32.87
32.22
32.86
34.84
NA
31.84
33.68
32.29
32.7
32.36
NA
32.46
32.56
32.67
32.74
32.51
NA
35.15
NA
34.25
32.22
33.05
32.59
31.95
NA
NA
32.11
31.71
32.71
36.01
34.91
32.01
33.1
34.61
35.49
34.3
33.82
32.28
28.7
31.83
30.99
30.06
NA
NA
33.94
34.33
32.59
31.75
32.79
34.12
NA
30.66
30.1
NA
NA
33.79
34.39
32.6
31.87
29.93
34.11
NA
33.06
NA
32.98
NA
33.34
NA
28.89
NA
NA
33.28
35.36
33.27
34.83
31.99
33.05
33.06
34.91
33.41
32.46
33.81
33.49
34.86
NA
NA
28.05
NA
33.03
32.12
32.75
31.71
28.97
35.26
31.92
32.02
32.55
32.39
32.29
31.67
32.92
30.81
NA
35.75
NA
31.99
33.69
32.37
NA
32.05
31.88
33.08
34.45
32.79
34.7
31.8
NA
NA
NA
NA
33.18
28.98
32.05
31.65
34.75
32.19
32.35
35.21
30.83
33.01
28.19
33.06
33.42
32.72
35.82
NA
32.82
NA
NA
NA
NA
32.62
NA
NA
NA
31.46
32.05
NA
32.45
32.48
32.26
32.3
NA
33.08
30.65
32.34
34.74
33.64
33.34
32.83
NA
32.2
33.77
NA
33.8
32.21
32.94
33.54
32.84
32.94
32.54
32.64
NA
30.4
36.01
32.51
NA
NA
NA
35.72
NA
35.62
34.84
35.08
33.29
28.49
33.45
33.09
32.68
33.58
32.87
32.79
32.77
32.51
32.7
34.2
32.0
35.49
32.3
33.6
34.93
27.3
33.45
32.35
39.31
27.53
32.83
32.83
33.43
32.43
36.83
32.1
30.87
32.51
33.13
32.83
29.99
32.93
33.64
33.84
33.22
29.05
29.25
31.79
28.04
34.16
32.0
NA
34.9
33.27
32.75
32.58
32.68
NA
NA
32.55
32.15
32.51
32.67
32.49
33.84
33.28
31.78
32.08
33.24
33.02
35.71
NA
32.14
32.68
33.04
33.14
33.1
NA
28.43
32.49
33.84
33.28
33.05
32.21
32.42
32.51
NA
NA
33.8
NA
32.74
34.42
32.55
32.94
35.14
31.27
31.89
28.5
33.54
27.84
32.15
32.13
NA
NA
NA
NA
NA
NA
NA
NA
NA
NA
NA
NA
NA
NA
NA
NA
NA
NA
NA
NA
NA
NA
NA
NA
NA
NA
NA
NA
NA
NA
NA
NA
NA
NA
NA
NA
NA
NA
NA
NA
NA
NA
NA
NA
NA
NA
NA
NA
NA
NA
NA
NA
NA
NA
NA
NA
NA
NA
NA
NA
NA
32.55
32.51
NA
NA
33.09
NA
33.3
34.11
33.44
31.6
32.61
31.75
NA
NA
NA
31.77
NA
31.1
31.74
34.43
33.01
34.6
32.61
35.15
34.35
34.02
29.83
30.69
32.6
33.98
32.77
NA
32.69
NA
31.2
NA
32.5
30.5
32.5
32.63
32.2
28.3
32.9
31.53
29.76
35.34
33.87
NA
35.21
33.34
NA
34.3
NA
35.6
33.26
35.24
33.88
31.49
32.85
33.3
32.22
32.28
33.09
34.47
NA
32.75
32.71
31.32
NA
28.9
34.65
NA
33.02
32.45
32.95
34.04
32.74
NA
33.63
31.95
36.08
31.54
34.41
33.88
33.48
NA
33.03
32.47
32.1
NA
31.92
31.74
NA
NA
32.69
32.07
32.4
32.57
32.17
33.09
30.06
32.2
33.83
32.49
32.37
31.62
33.32
33.03
34.79
33.62
33.62
NA
NA
NA
NA
31.56
33.83
NA
31.51
NA
NA
32.55
32.09
32.42
32.59
32.19
33.1
30.07
32.22
33.03
35.55
33.39
32.9
31.73
28.97
NA
32.75
33.59
33.11
33.61
33.08
33.3
33.51
33.49
33.78
33.63
33.37
33.89
33.77
35.93
34.28
34.8
35.86
34.46
34.63
36.21
34.29
34.75
36.08
34.28
34.77
36.08
34.28
34.77
32.54
31.54
NA
32.12
33.68
NA
33.76
32.16
31.6
32.02
31.6
32.11
32.36
27.81
33.09
NA
28.16
32.22
NA
31.36
28.4
32.96
32.02
31.63
32.22
32.57
31.97
32.34
32.48
NA
32.9
32.0
31.56
32.09
NA
31.94
32.4
32.46
34.1
32.21
32.56
31.94
34.94
NA
33.18
33.23
NA
31.96
32.5
32.5
32.55
32.92
34.71
33.5
33.07
NA
33.41
32.71
35.7
32.9
34.3
33.77
32.1
32.73
NA
34.18
NA
NA
NA
34.43
NA
28.68
32.39
NA
NA
NA
30.74
32.6
32.54
30.09
33.36
31.97
NA
31.42
NA
32.18
31.44
32.0
29.64
32.35
32.65
32.46
32.64
34.4
32.14
NA
NA
29.08
34.78
34.76
32.16
NA
37.03
31.39
32.2
32.44
32.71
38.7
29.17
NA
NA
31.83
NA
37.07
30.99
32.34
32.6
32.73
NA
34.8
NA
NA
34.22
36.42
30.79
32.41
32.47
33.25
32.62
33.77
33.7
33.92
34.07
33.92
34.03
NA
33.99
34.01
32.32
31.94
33.15
NA
NA
36.27
32.28
33.69
36.27
32.28
33.69
36.32
32.38
33.73
36.22
32.4
33.77
36.27
32.23
34.09
32.22
33.07
34.39
31.76
32.34
NA
NA
NA
NA
NA
NA
28.3
NA
NA
NA
NA
NA
NA
NA
29.9
33.3
32.98
33.3
32.27
33.72
31.33
33.22
31.49
28.94
NA
NA
NA
30.86
32.62
34.01
31.81
33.54
NA
33.07
31.61
NA
32.46
33.06
34.93
29.64
33.51
31.97
32.57
35.57
31.17
NA
30.72
31.44
32.36
32.68
NA
32.42
NA
NA
33.59
33.66
33.5
33.71
34.8
32.65
32.73
35.34
33.22
34.69
32.57
32.88
35.21
33.03
34.85
32.55
32.86
34.96
33.18
33.09
31.91
32.68
NA
33.95
33.04
35.25
34.32
31.59
32.56
32.4
33.59
34.84
33.26
37.4
31.7
35.31
NA
31.94
32.71
31.57
31.1
34.67
31.87
32.55
32.78
28.53
32.84
32.9
NA
NA
NA
NA
NA
NA
NA
32.27
32.27
32.47
33.37
33.56
30.66
31.66
33.95
33.44
31.37
29.75
33.97
33.08
33.03
32.96
32.71
32.78
NA
32.82
31.19
32.02
32.04
32.91
34.39
31.55
32.25
32.75
28.65
32.2
NA
28.93
32.12
32.12
31.54
32.83
33.1
31.67
31.83
32.57
28.86
34.39
32.16
31.91
34.29
32.44
29.38
NA
NA
31.93
32.8
27.96
NA
NA
NA
NA
NA
NA
NA
NA
NA
NA
NA
NA
NA
NA
NA
NA
NA
NA
NA
NA
NA
NA
NA
30.44
32.97
31.99
NA
NA
NA
NA
NA
NA
NA
NA
NA
NA
NA
32.73
32.33
33.33
33.73
32.03
29.73
33.22
33.02
33.92
32.42
33.92
NA
NA
NA
32.0
32.55
32.82
31.17
NA
NA
NA
NA
NA
32.14
32.28
32.64
32.27
33.07
29.98
32.27
NA
31.8
32.7
NA
32.14
32.25
32.58
32.4
33.02
30.58
33.04
33.01
33.81
31.31
32.21
32.71
28.91
34.91
34.61
33.81
33.51
33.16
32.36
32.56
33.36
32.48
32.48
32.48
31.98
33.28
31.98
29.88
29.78
NA
NA
NA
32.48
32.18
33.68
31.48
33.18
31.78
33.28
31.48
32.78
33.48
NA
32.28
32.18
33.58
31.18
33.18
31.78
32.58
31.5
33.45
34.05
31.55
30.55
35.25
34.55
29.45
35.75
32.65
29.65
NA
34.95
NA
31.65
33.15
34.75
30.55
31.55
35.95
NA
34.64
32.54
32.84
35.44
33.34
33.69
32.49
33.29
32.19
31.79
28.59
31.49
31.09
32.39
32.67
32.22
32.64
31.75
32.13
33.36
32.7
32.91
NA
32.27
27.77
33.07
36.27
33.4
29.3
32.65
31.95
35.05
NA
35.95
NA
33.9
32.7
30.84
32.31
31.71
32.81
34.31
35.21
32.11
32.21
33.23
32.73
32.43
31.53
33.03
32.14
32.84
31.94
31.55
34.05
34.18
32.1
32.4
32.74
31.87
34.76
31.82
32.46
32.08
32.82
33.63
34.12
32.0
34.86
31.52
32.98
32.43
32.43
31.98
32.53
32.53
32.43
31.73
32.73
33.01
32.35
33.5
32.34
33.07
NA
NA
NA
36.08
33.02
32.31
32.31
NA
NA
NA
NA
NA
NA
NA
NA
NA
NA
32.2
33.04
32.2
31.78
NA
NA
NA
32.2
33.04
32.2
31.78
NA
NA
32.4
34.5
32.7
34.42
33.92
34.53
NA
32.33
35.93
31.73
31.63
31.88
32.78
34.28
32.82
33.42
29.82
32.22
32.32
32.72
33.12
33.39
NA
NA
NA
NA
NA
NA
NA
NA
NA
NA
NA
NA
NA
NA
NA
NA
NA
NA
34.31
32.11
32.61
32.21
32.61
32.81
28.97
28.56
32.68
NA
34.58
29.59
NA
33.98
34.81
35.41
32.41
35.81
31.91
31.31
32.64
32.54
32.44
32.58
NA
32.18
33.09
NA
34.83
33.62
32.03
32.87
32.74
34.14
32.64
32.64
34.04
28.44
32.74
32.74
33.47
NA
NA
31.84
36.8
31.9
NA
32.6
34.55
31.12
31.93
32.74
34.0
32.78
32.08
31.88
32.7
32.1
31.9
31.52
32.32
33.68
29.86
31.46
33.02
35.49
33.24
35.01
32.68
32.92
32.21
NA
31.82
NA
31.57
30.48
NA
32.63
32.93
32.81
31.63
34.17
NA
NA
NA
NA
NA
NA
NA
NA
NA
33.45
32.33
35.95
36.04
32.11
32.47
33.01
34.21
33.55
NA
NA
NA
NA
NA
32.99
34.21
30.61
34.51
33.01
34.33
34.43
35.13
33.93
32.73
NA
32.99
31.79
NA
32.84
32.54
NA
31.56
32.11
NA
31.53
32.08
33.74
33.04
32.77
32.57
NA
32.47
38.92
33.02
32.76
31.47
NA
32.65
31.57
32.75
32.95
NA
31.83
31.1
30.02
32.56
NA
33.26
33.0
NA
31.05
33.79
32.15
32.29
33.39
NA
32.79
NA
31.79
33.89
NA
NA
36.51
NA
NA
NA
NA
32.44
28.27
30.21
31.21
28.65
32.11
34.09
33.25
33.55
NA
34.42
34.02
32.32
34.82
29.12
NA
31.46
32.36
31.96
32.86
30.67
28.67
35.47
28.77
31.87
32.57
29.02
31.02
33.62
NA
NA
NA
NA
NA
NA
32.12
32.02
32.42
NA
32.98
29.45
34.73
32.4
35.37
32.01
27.36
NA
28.29
34.77
31.88
32.55
NA
NA
NA
32.35
31.94
31.86
32.82
33.07
32.28
35.97
33.05
35.06
33.12
33.12
33.52
31.62
NA
NA
NA
NA
NA
NA
NA
32.77
33.28
32.93
NA
32.25
33.28
30.16
NA
33.95
31.64
28.87
32.38
32.58
34.32
35.79
33.24
33.05
33.15
32.6
33.51
33.01
29.87
29.86
NA
NA
NA
NA
NA
NA
33.44
32.54
32.54
34.14
32.04
33.74
NA
NA
NA
NA
33.24
34.29
32.62
33.78
32.38
32.97
32.45
NA
32.43
33.0
NA
29.95
36.18
NA
28.93
36.2
32.39
32.21
33.04
25.7
NA
NA
NA
NA
NA
NA
32.54
NA
34.18
30.78
37.45
NA
32.85
31.95
32.15
32.65
33.14
31.98
29.02
31.82
33.42
32.5
33.21
32.32
32.5
31.71
32.16
33.54
32.01
32.24
32.15
32.24
32.6
32.84
33.19
31.27
31.84
28.98
32.96
32.58
29.98
32.62
32.68
33.6
32.84
33.13
34.36
32.67
NA
33.31
33.35
32.68
34.56
32.33
33.51
32.41
33.06
30.46
36.78
31.06
32.22
31.98
32.52
31.96
32.46
32.76
NA
32.15
36.56
NA
36.65
NA
31.14
32.64
34.24
32.24
32.04
31.94
34.09
34.94
31.91
33.75
32.83
33.97
31.53
32.65
32.25
NA
32.35
32.82
33.36
33.4
33.51
32.27
NA
32.94
32.52
33.44
34.86
34.64
33.04
32.12
32.36
33.31
32.74
32.54
33.06
30.46
36.78
31.06
32.22
31.98
32.52
31.96
32.46
32.76
NA
NA
NA
NA
32.62
33.82
33.31
32.87
32.52
32.35
32.75
34.54
32.27
30.76
35.96
29.76
32.76
31.76
32.56
31.84
33.22
NA
NA
34.1
34.5
32.5
36.94
35.65
33.77
30.54
35.41
32.29
32.5
32.95
32.57
32.79
32.02
33.92
NA
NA
28.92
NA
33.07
32.31
32.34
32.81
32.64
35.47
34.61
34.54
30.3
32.1
32.52
33.01
32.5
32.88
35.11
NA
29.45
NA
NA
35.89
33.14
32.08
31.32
34.42
29.22
32.32
28.72
38.43
NA
35.49
33.54
31.77
33.06
31.44
32.97
34.9
31.95
32.94
NA
33.04
30.24
32.74
NA
NA
32.84
32.74
32.14
33.46
33.46
31.46
33.66
32.49
32.79
NA
31.99
32.79
32.49
31.27
33.07
33.07
32.32
30.6
33.42
29.65
NA
NA
34.7
NA
32.53
31.9
32.5
33.0
32.26
27.59
34.09
32.4
32.86
32.16
31.6
32.17
33.18
34.08
31.68
30.48
35.38
34.48
29.48
35.88
32.58
29.98
32.58
33.18
33.88
35.76
32.5
32.81
32.81
41.83
31.73
32.64
33.44
NA
33.68
32.18
30.97
NA
36.45
31.27
32.34
31.1
33.73
32.2
32.6
31.73
37.42
33.1
NA
NA
32.68
NA
NA
NA
NA
NA
32.73
32.23
29.46
33.55
32.39
32.8
36.75
29.87
33.52
31.15
32.58
33.65
31.05
32.48
32.42
28.75
31.99
32.69
32.69
34.0
31.3
NA
32.13
NA
NA
32.56
32.43
34.39
33.39
32.41
32.31
34.18
31.83
35.73
31.83
32.53
32.28
32.38
33.98
32.38
32.98
32.68
NA
NA
NA
NA
NA
34.8
NA
NA
NA
NA
NA
32.12
32.32
32.73
39.21
32.81
32.17
33.43
32.34
33.07
33.57
32.67
32.07
32.67
NA
34.97
32.47
33.17
33.97
32.47
34.5
31.0
33.4
28.75
32.6
32.8
NA
32.8
33.5
NA
NA
32.8
33.54
32.05
32.7
35.46
33.97
31.98
33.32
NA
32.53
31.78
NA
35.76
32.09
33.59
28.0
NA
34.21
32.97
31.57
32.88
32.97
NA
31.67
33.05
31.07
32.17
29.79
29.95
38.92
NA
NA
NA
NA
NA
32.03
33.92
33.19
32.44
33.52
33.51
32.22
29.95
30.74
32.94
34.34
32.04
NA
NA
NA
33.54
32.44
32.74
32.84
32.84
32.74
33.14
33.24
33.14
33.54
33.19
32.23
34.43
NA
31.64
32.45
34.49
31.71
33.56
33.26
32.76
35.16
33.91
33.47
33.88
32.6
32.61
32.98
30.55
NA
NA
NA
32.42
33.43
35.23
32.22
30.94
NA
NA
NA
NA
35.23
32.18
32.92
36.37
32.51
33.86
32.64
33.9
31.97
32.28
32.52
NA
NA
NA
30.18
31.12
NA
32.47
32.76
33.27
32.19
32.57
32.67
34.52
29.2
32.1
33.54
32.96
33.26
33.22
32.51
31.77
34.06
30.75
32.74
31.52
31.79
NA
33.01
28.32
31.92
32.52
32.82
33.71
29.21
34.61
33.21
35.51
32.01
27.41
NA
28.31
34.71
32.61
33.79
28.69
35.09
32.49
35.29
31.89
27.39
28.59
28.29
35.09
32.19
32.59
35.23
NA
32.56
32.46
31.9
37.32
32.05
37.44
32.06
30.96
29.56
32.46
33.06
33.16
33.06
32.56
NA
32.99
32.78
32.6
32.59
33.49
32.29
33.35
NA
31.95
32.45
32.45
32.45
33.13
30.41
31.97
32.17
33.55
32.91
NA
NA
28.5
32.79
32.76
32.76
NA
33.36
33.7
NA
NA
33.5
31.18
34.4
NA
33.72
31.92
NA
32.47
31.97
NA
NA
NA
NA
NA
NA
32.55
36.11
NA
NA
32.32
NA
35.52
33.34
33.86
33.09
32.26
29.86
NA
NA
NA
NA
NA
NA
NA
NA
NA
NA
NA
32.51
33.39
31.41
35.24
NA
33.06
37.45
32.89
NA
32.82
36.44
33.06
32.46
32.66
NA
33.02
29.52
31.72
33.24
33.17
33.44
31.21
34.37
32.14
28.89
34.73
31.62
NA
34.43
33.69
33.85
NA
29.13
32.13
NA
NA
33.88
33.82
33.83
NA
NA
NA
NA
33.49
NA
32.97
35.05
35.89
32.73
36.34
34.76
33.24
32.78
32.09
31.17
32.27
32.6
32.19
32.54
32.52
33.34
32.84
29.34
32.84
32.64
34.14
32.64
33.74
33.08
31.67
35.16
28.78
32.59
32.05
31.77
29.61
30.81
31.12
30.85
31.98
32.75
33.55
32.89
NA
NA
31.56
32.2
32.04
32.86
NA
NA
32.18
34.11
33.47
33.44
NA
NA
32.02
33.12
33.52
31.62
34.32
32.62
32.52
31.52
29.82
33.92
31.62
33.12
32.92
32.82
32.62
32.52
33.12
34.52
32.62
33.12
33.22
NA
34.22
NA
32.66
NA
32.38
35.63
34.78
31.84
32.72
33.56
33.39
29.71
NA
34.27
33.3
32.65
32.85
30.05
36.65
34.45
33.03
31.19
34.03
31.57
32.53
NA
NA
NA
30.79
32.39
32.7
29.77
32.87
32.56
33.87
30.7
32.8
NA
34.02
32.8
NA
36.56
31.49
31.75
33.18
34.11
29.72
29.32
32.67
32.55
31.52
30.1
33.1
35.8
35.9
32.4
36.2
32.4
33.2
36.36
NA
32.85
32.65
37.05
35.45
32.46
32.86
NA
35.26
32.16
32.89
32.88
33.18
32.71
33.81
31.8
32.94
33.06
32.88
32.58
NA
32.53
32.23
34.83
33.13
31.65
28.75
31.77
33.18
32.37
NA
NA
NA
NA
NA
31.44
34.24
32.85
32.56
32.61
29.17
NA
34.34
NA
NA
NA
NA
31.52
31.22
32.92
32.12
32.46
NA
32.93
30.12
28.74
NA
28.71
NA
32.4
33.58
29.48
32.88
32.88
34.49
29.02
31.18
31.32
NA
33.07
36.79
32.55
33.7
31.92
33.93
31.23
32.56
34.4
NA
NA
30.09
NA
33.39
33.39
NA
32.46
32.25
31.95
33.15
33.15
31.25
31.25
31.95
28.05
31.29
33.13
32.63
NA
NA
NA
35.64
33.2
32.79
33.08
32.29
NA
NA
NA
NA
32.16
30.37
34.61
34.31
34.61
32.93
32.55
32.77
NA
NA
NA
35.21
32.88
NA
NA
NA
NA
32.83
36.53
32.53
31.83
NA
NA
NA
NA
30.09
32.89
33.19
33.23
33.44
32.32
31.87
31.66
33.4
33.23
33.39
33.58
33.74
32.2
32.46
NA
31.78
28.21
32.85
NA
31.09
34.43
32.63
NA
NA
32.83
32.84
32.04
NA
33.04
33.09
32.97
34.14
NA
NA
NA
NA
NA
NA
NA
NA
NA
32.03
32.5
32.58
31.8
NA
32.25
32.74
29.43
32.15
33.26
NA
32.64
32.44
32.24
32.44
32.44
33.44
32.34
33.61
31.71
35.19
29.94
35.88
30.79
32.07
33.16
33.22
32.53
32.74
NA
NA
32.46
32.29
32.54
29.82
33.44
33.97
32.42
NA
32.05
32.95
31.53
31.22
34.62
32.12
32.46
33.87
32.27
33.17
34.32
32.35
34.46
33.13
31.93
28.02
32.95
32.81
32.84
33.13
35.83
36.3
32.95
32.85
32.95
NA
33.85
32.42
34.52
32.96
30.61
32.68
32.93
33.69
36.79
32.55
33.69
32.47
31.67
31.91
31.74
29.69
35.51
31.72
32.64
32.18
32.49
31.95
32.65
32.25
NA
33.14
33.32
32.53
NA
32.65
32.75
32.95
32.31
34.69
32.42
31.26
31.86
NA
31.28
35.08
31.28
NA
31.78
32.18
31.68
NA
32.58
32.42
NA
NA
NA
NA
NA
NA
NA
NA
NA
NA
NA
NA
NA
NA
NA
NA
NA
NA
NA
NA
NA
NA
NA
NA
35.3
30.1
33.34
NA
NA
34.19
34.16
NA
NA
29.68
28.74
NA
NA
NA
32.75
32.77
32.74
33.04
33.06
32.46
32.78
31.89
30.47
28.5
32.46
33.07
30.17
32.37
34.67
36.77
33.57
32.37
31.96
35.49
32.49
29.29
NA
32.62
32.25
32.62
33.06
30.9
NA
30.49
33.4
33.63
32.32
33.31
NA
NA
33.82
32.84
31.98
31.78
32.68
32.4
32.83
NA
NA
31.82
NA
32.58
32.64
32.74
33.04
33.44
32.64
32.47
32.68
32.24
NA
28.33
NA
NA
32.99
31.11
28.99
31.66
30.51
32.02
30.46
32.04
NA
NA
34.0
NA
NA
NA
32.31
NA
32.01
33.91
35.21
33.71
35.79
35.21
30.71
32.54
33.6
31.69
32.13
34.93
33.37
32.04
33.56
32.73
33.07
33.31
NA
34.28
31.9
31.97
NA
NA
33.18
NA
29.03
32.87
32.24
32.57
32.3
29.76
31.84
36.78
33.19
33.0
31.91
32.68
32.89
35.14
32.45
32.74
34.0
32.1
32.74
32.93
33.25
34.83
NA
34.03
35.15
31.95
36.25
27.35
31.75
34.75
34.75
NA
32.95
35.48
31.89
31.36
NA
32.21
32.0
NA
NA
32.84
32.76
32.77
32.34
32.5
NA
NA
32.61
NA
32.28
29.61
33.2
32.44
32.49
32.85
NA
NA
NA
NA
NA
NA
NA
NA
NA
NA
31.59
33.47
32.37
NA
NA
NA
34.68
32.38
34.68
33.68
33.08
32.06
38.16
34.76
33.76
32.46
31.36
32.86
32.96
NA
NA
NA
NA
NA
NA
32.51
33.27
NA
NA
NA
NA
NA
NA
31.38
30.9
32.38
32.96
32.98
32.45
32.15
29.25
33.03
33.03
34.28
35.35
32.12
32.71
34.18
35.35
33.0
32.35
32.61
32.62
31.72
31.82
33.21
31.62
32.97
31.6
NA
NA
NA
NA
NA
33.29
NA
35.29
33.49
32.71
32.52
33.32
33.32
32.17
32.17
32.21
NA
32.59
33.64
33.06
NA
NA
29.41
28.67
31.74
32.57
33.38
33.0
NA
32.75
32.25
32.5
NA
NA
NA
NA
31.79
32.39
33.09
27.96
33.02
32.92
32.92
29.02
32.72
32.12
32.12
31.92
33.92
32.12
33.82
NA
NA
33.16
NA
35.0
31.78
35.07
34.3
32.25
34.04
33.51
35.41
33.02
34.67
32.02
34.01
34.73
31.95
32.85
34.79
35.12
34.71
33.54
31.96
28.59
31.73
37.94
NA
29.47
29.2
NA
NA
33.35
29.05
NA
33.99
33.34
32.14
32.74
NA
28.9
34.4
NA
27.4
32.6
35.0
37.0
33.08
34.38
32.18
32.18
32.28
32.68
NA
NA
NA
NA
32.88
31.65
33.19
31.8
29.18
31.8
35.24
34.14
33.64
33.54
NA
31.42
NA
31.61
32.21
29.11
32.62
32.03
31.45
27.95
32.03
32.91
34.41
31.41
32.11
32.11
NA
33.39
32.69
28.83
31.22
28.98
32.08
33.1
32.65
32.71
33.92
29.21
31.41
NA
35.49
32.65
NA
NA
NA
NA
29.11
32.13
33.42
34.98
34.04
NA
30.6
33.4
NA
32.1
28.77
31.76
NA
NA
33.02
32.03
32.02
32.7
32.32
NA
NA
31.07
32.97
32.77
31.23
33.17
32.85
34.14
32.54
33.03
34.69
32.81
32.06
32.88
32.96
32.96
32.96
34.16
33.24
NA
33.34
33.11
NA
32.36
34.16
32.16
33.66
33.76
32.76
32.56
NA
33.19
29.12
33.98
30.97
NA
NA
31.73
31.84
32.79
33.12
33.69
33.81
NA
34.37
NA
36.43
32.74
35.52
34.0
35.66
31.89
34.98
32.37
28.7
33.72
31.89
32.49
34.02
32.42
32.62
32.32
NA
31.29
32.66
32.9
33.08
32.05
32.73
31.19
32.71
31.69
34.99
35.49
NA
NA
29.27
32.18
33.64
NA
32.95
32.51
33.56
33.11
30.31
32.41
35.01
36.81
33.71
32.41
33.79
28.68
32.15
33.24
31.34
31.72
34.25
NA
NA
NA
NA
NA
32.37
33.97
32.67
31.84
32.93
32.73
32.34
33.0
33.19
32.69
32.0
30.39
27.74
32.82
32.92
32.4
33.25
31.67
35.69
31.67
34.42
30.79
NA
32.89
34.99
35.29
32.22
33.19
33.57
NA
NA
32.96
34.36
33.36
34.26
32.86
33.07
29.28
32.36
32.56
35.36
30.16
33.26
33.26
32.76
32.88
29.72
NA
33.32
31.32
34.12
30.11
34.37
32.49
32.95
34.53
28.04
32.43
NA
33.64
32.03
29.29
33.0
33.86
34.2
33.64
31.95
33.07
33.0
NA
32.9
33.3
NA
32.3
NA
31.7
33.3
NA
32.24
32.92
33.18
33.07
33.02
33.03
33.32
32.77
33.19
33.3
31.76
32.63
32.63
33.23
33.6
NA
32.91
NA
NA
34.13
33.66
32.31
33.14
33.04
32.01
34.68
33.55
33.12
NA
27.89
33.2
32.75
29.24
32.21
NA
NA
35.34
35.37
32.58
NA
32.2
29.77
NA
36.46
33.17
31.53
32.22
NA
NA
32.7
32.2
31.28
NA
33.6
37.13
34.47
31.54
NA
36.84
32.14
NA
31.69
32.23
34.63
32.43
29.83
33.23
29.3
34.3
33.2
32.5
32.24
33.68
33.47
32.03
32.97
NA
35.12
34.28
32.35
NA
33.52
32.92
31.2
33.76
31.8
32.64
32.2
NA
32.95
32.75
32.35
30.7
32.47
33.93
32.75
33.59
33.46
32.96
32.91
32.61
33.38
33.06
32.78
32.8
32.78
33.99
31.64
32.81
NA
35.34
33.79
30.41
31.48
NA
NA
35.08
33.03
32.73
32.51
32.61
32.69
32.3
32.16
31.2
32.81
33.03
32.65
28.11
NA
31.16
NA
33.75
29.11
34.81
32.61
33.31
32.21
33.01
28.77
32.49
34.81
NA
NA
33.73
28.1
32.92
32.52
NA
32.92
33.87
31.54
31.88
NA
33.04
33.74
34.94
31.84
36.74
30.04
NA
NA
32.74
33.04
31.04
NA
32.82
32.82
32.72
30.92
33.42
33.05
33.25
32.78
34.89
32.99
32.49
32.94
33.34
33.24
34.34
32.74
31.44
32.64
32.94
28.04
35.48
33.22
33.04
33.75
29.79
27.35
32.46
29.25
32.68
32.61
34.11
32.07
31.93
34.84
33.85
29.98
33.95
34.24
33.52
34.31
30.16
33.22
33.66
33.46
32.36
32.38
35.17
29.83
27.86
28.34
31.98
NA
32.65
35.13
30.55
32.31
32.82
33.66
32.77
32.45
32.88
33.82
32.64
33.16
27.86
32.86
33.94
33.12
34.36
NA
32.89
31.68
35.85
32.27
35.2
33.39
37.96
31.16
29.47
33.16
32.81
34.74
35.83
32.17
33.15
33.18
NA
31.62
32.75
32.73
32.73
32.88
32.89
32.72
32.84
30.54
31.01
31.45
NA
NA
32.73
NA
NA
NA
NA
NA
NA
NA
NA
27.73
31.83
30.93
NA
NA
NA
NA
30.49
31.89
31.73
34.53
NA
32.2
35.1
32.0
31.64
32.55
NA
31.87
32.67
28.23
32.85
32.45
32.3
32.89
29.59
34.52
32.64
33.68
34.83
NA
35.4
NA
33.11
34.34
32.54
32.82
33.85
32.4
33.35
32.98
31.92
32.23
32.63
32.7
33.0
32.85
NA
34.23
30.56
34.44
33.3
32.23
31.65
32.24
32.45
32.88
31.22
32.82
31.02
NA
NA
NA
31.52
32.91
33.08
32.44
36.49
NA
31.25
31.95
30.85
31.28
31.73
33.68
35.14
33.57
29.41
32.9
31.21
32.05
32.04
33.14
32.44
NA
31.63
32.26
31.65
32.14
32.98
36.2
32.57
NA
NA
32.3
32.38
35.31
30.26
31.3
32.27
32.39
NA
33.21
31.88
NA
32.25
NA
NA
NA
NA
NA
NA
NA
NA
NA
NA
NA
NA
NA
NA
33.33
35.86
NA
NA
NA
NA
NA
NA
32.38
28.73
32.13
31.64
35.32
32.77
NA
33.43
32.18
28.08
33.53
32.03
32.78
32.85
32.95
32.95
32.26
32.38
31.72
33.31
32.04
30.19
33.72
36.18
33.12
31.28
NA
34.62
28.8
NA
34.71
34.45
31.87
33.37
29.07
32.97
NA
NA
32.63
32.79
33.05
31.66
32.53
29.75
32.82
33.03
33.23
32.73
29.13
NA
NA
NA
NA
32.3
33.07
NA
NA
31.77
33.17
32.94
NA
NA
32.78
28.96
32.19
36.94
29.14
32.94
32.63
31.05
28.0
32.69
NA
NA
NA
NA
NA
NA
NA
NA
NA
35.22
NA
32.9
NA
34.25
NA
31.57
36.59
32.57
29.73
37.62
35.91
32.58
NA
NA
34.57
32.04
31.22
31.64
34.04
34.15
33.5
NA
NA
NA
NA
31.65
NA
30.03
32.3
31.59
34.13
NA
NA
31.91
32.93
33.77
NA
34.55
32.09
34.88
35.31
33.7
NA
NA
32.21
NA
NA
NA
30.61
33.41
30.89
30.97
NA
NA
NA
32.58
32.68
30.25
32.53
32.94
33.58
NA
NA
35.79
NA
NA
32.84
32.91
33.09
33.27
33.45
28.95
33.82
28.21
33.66
33.23
30.36
33.85
34.79
33.15
32.1
30.36
31.54
31.61
31.57
32.81
34.7
33.16
33.05
32.23
33.35
32.08
34.06
NA
32.2
32.5
33.19
32.41
32.64
31.43
31.43
31.64
33.56
33.44
32.83
NA
NA
32.76
NA
32.68
32.62
33.06
34.87
29.08
32.67
36.29
30.17
32.81
35.92
34.67
33.52
NA
33.91
32.92
31.81
35.97
NA
32.57
32.94
31.94
33.46
32.99
32.0
NA
34.34
33.34
NA
32.05
NA
NA
32.4
35.13
33.9
32.56
32.79
35.41
33.59
33.28
NA
33.2
36.45
NA
32.17
33.24
33.24
NA
NA
33.26
33.34
31.92
33.31
29.56
30.52
33.38
NA
32.28
32.81
33.7
NA
30.96
31.88
33.36
31.74
33.37
31.86
33.05
32.92
NA
NA
35.66
33.02
33.03
32.13
NA
31.81
32.24
32.64
32.78
31.61
NA
33.01
32.7
33.02
32.06
32.86
33.12
29.93
36.94
32.24
NA
32.74
32.51
33.91
33.76
32.96
33.06
29.55
34.9
33.5
35.5
32.18
32.34
27.35
NA
NA
34.92
32.67
27.96
33.14
31.11
NA
33.3
32.56
34.36
32.06
32.56
32.86
31.49
32.49
NA
31.83
33.81
33.1
32.74
31.33
31.74
31.52
32.7
34.44
34.81
30.23
32.97
33.37
32.04
34.01
32.29
34.49
32.53
32.31
33.88
33.43
32.24
33.0
NA
34.7
32.9
32.4
34.2
34.61
32.2
33.12
34.6
32.99
32.75
33.41
33.56
31.35
32.27
33.87
32.19
29.0
30.86
32.46
33.87
NA
32.21
NA
32.61
32.39
32.63
30.44
NA
28.27
39.54
32.19
NA
32.95
32.95
32.65
NA
NA
NA
NA
NA
NA
NA
32.41
33.79
31.83
31.83
31.71
32.51
29.19
NA
28.93
NA
33.4
33.3
NA
32.96
30.15
33.04
NA
NA
34.48
32.63
32.8
32.14
NA
33.4
29.79
32.69
32.99
33.05
NA
NA
NA
NA
NA
NA
NA
NA
34.79
31.99
32.09
33.39
28.89
33.19
33.69
33.31
34.38
32.18
35.48
32.28
35.16
33.03
32.71
NA
31.25
33.81
33.1
31.51
31.82
32.31
NA
33.47
33.02
34.68
31.2
31.39
32.76
32.7
33.05
32.62
32.42
32.69
32.48
32.68
32.54
32.86
32.72
32.97
32.49
32.96
NA
33.1
NA
35.23
32.38
32.81
32.95
32.45
33.16
33.4
33.16
NA
32.58
32.28
NA
27.7
31.19
NA
36.08
31.95
32.24
NA
32.83
NA
NA
NA
35.02
32.38
31.56
NA
33.15
33.51
31.64
32.35
32.2
30.77
34.07
32.35
NA
36.01
32.14
36.01
36.04
33.58
NA
33.55
33.95
32.91
36.89
32.83
32.55
32.89
32.02
33.09
33.21
32.8
32.7
32.8
32.32
32.88
NA
29.54
NA
NA
29.09
31.72
33.31
32.69
32.75
32.93
NA
30.64
29.44
33.94
32.24
NA
32.83
31.34
NA
NA
32.05
33.78
32.95
35.2
32.87
33.28
30.59
32.39
33.85
32.61
NA
NA
32.02
NA
33.07
32.14
35.96
32.33
29.55
NA
33.06
32.39
32.79
NA
32.02
NA
32.2
34.97
31.91
32.01
33.2
33.64
NA
31.01
33.02
32.11
28.81
33.09
35.28
34.02
32.75
NA
NA
NA
NA
NA
NA
NA
NA
NA
NA
32.27
30.46
32.4
34.98
31.65
28.89
NA
NA
NA
NA
NA
26.74
NA
NA
NA
32.04
NA
34.78
28.48
NA
31.4
32.86
32.51
32.41
34.41
34.31
34.12
32.22
32.92
33.77
33.7
NA
34.35
36.34
34.49
36.4
32.77
33.48
31.61
32.32
32.08
34.9
32.8
33.12
35.62
32.49
32.57
33.44
NA
NA
32.17
32.06
31.46
NA
33.31
32.52
NA
NA
33.52
32.89
32.89
35.15
NA
NA
NA
29.43
32.08
32.28
33.58
34.1
33.0
NA
32.87
28.47
32.35
32.26
33.29
32.95
33.04
NA
NA
32.53
NA
NA
NA
32.9
34.96
35.66
NA
NA
33.68
32.56
32.68
33.03
NA
32.84
34.74
31.14
33.24
31.82
31.87
32.14
34.55
33.93
32.47
32.72
35.41
32.71
33.81
32.11
32.48
33.2
32.76
32.91
31.86
32.68
31.66
34.02
32.91
33.08
32.86
32.92
NA
32.05
32.2
32.14
NA
33.24
32.02
33.72
33.2
33.93
32.19
32.74
32.84
NA
35.44
NA
NA
32.91
31.8
34.32
32.49
35.35
35.15
NA
NA
NA
NA
35.29
31.1
32.3
32.22
33.51
32.23
33.27
32.27
32.79
38.31
33.73
32.45
32.08
30.83
NA
32.81
NA
35.37
33.37
33.69
33.05
29.83
35.14
33.34
33.64
33.04
29.92
32.09
31.82
33.59
31.16
29.36
32.26
32.37
NA
28.94
33.25
37.01
32.83
33.08
33.07
33.29
NA
NA
NA
NA
29.7
NA
30.9
30.1
32.98
NA
33.2
36.62
33.07
NA
30.56
32.93
NA
33.16
36.57
33.02
NA
30.52
NA
33.47
33.0
33.98
34.75
31.58
33.02
32.45
32.95
34.04
32.74
32.48
32.46
32.84
32.84
32.94
35.88
31.52
33.59
33.11
32.26
33.9
35.94
31.51
33.57
33.12
32.29
33.88
33.86
32.66
NA
34.06
34.66
32.76
32.76
32.66
NA
NA
NA
NA
33.04
32.33
32.51
NA
32.26
32.57
31.17
32.82
32.26
31.51
NA
NA
NA
NA