177.43
179.42
179.11
179.26
179.12
177.75
177.33
178.65
179.62
180.01
178.75
177.91
179.03
NA
NA
NA
179.28
179.3
177.78
179.17
179.12
178.17
178.33
179.99
179.46
178.37
178.66
176.42
178.06
180.34
178.32
178.16
178.8
178.86
178.35
177.42
177.48
179.07
178.52
179.01
177.14
179.6
178.98
176.68
177.94
178.44
178.74
NA
178.28
NA
177.38
177.45
175.95
180.17
179.29
179.68
178.76
178.74
177.85
178.55
NA
177.74
178.58
177.83
179.5
178.87
179.25
179.05
177.88
178.61
177.03
179.01
177.22
177.92
179.23
179.13
178.3
179.59
179.76
177.0
178.65
178.69
178.13
180.37
NA
177.0
178.45
179.11
177.38
177.86
178.46
179.4
180.09
179.37
176.47
180.4
179.75
178.67
179.51
177.72
179.82
179.8
178.83
179.62
178.14
176.23
178.93
179.72
177.07
NA
179.7
179.65
178.44
NA
178.21
179.58
177.75
179.86
177.49
NA
178.2
NA
178.32
179.36
178.97
177.49
176.78
178.67
177.95
177.44
179.4
176.86
176.38
177.22
179.38
179.22
178.21
177.51
177.82
178.5
180.86
177.35
176.66
177.76
177.52
179.24
179.2
179.41
178.76
178.24
179.6
177.21
178.99
179.3
178.6
178.01
179.58
177.22
178.37
178.52
179.92
179.55
178.09
177.41
179.9
178.27
179.33
177.73
178.84
179.71
179.43
177.98
177.67
179.86
178.88
179.37
175.77
179.87
179.25
177.19
177.91
179.26
177.32
179.58
174.95
176.95
179.27
178.42
178.89
178.45
179.69
177.23
177.38
178.58
180.28
177.76
178.64
178.66
175.47
175.88
180.13
179.95
177.06
178.03
178.86
177.57
NA
177.11
176.51
178.8
180.14
178.08
179.71
178.4
176.82
178.71
180.16
179.32
176.88
176.87
179.8
179.62
179.05
176.96
180.16
176.73
179.64
178.44
176.27
178.49
178.74
178.46
179.25
178.34
177.86
175.56
178.55
179.91
177.35
178.76
NA
178.57
177.15
NA
177.45
NA
178.83
178.03
179.24
179.27
179.47
177.68
177.18
177.54
178.56
178.7
179.75
178.04
179.7
179.38
177.67
178.25
178.84
179.24
178.85
179.59
179.36
177.47
179.2
179.18
178.2
179.5
177.38
177.43
174.73
179.04
180.55
178.62
178.51
179.8
178.45
179.68
180.03
178.99
179.4
179.32
177.25
177.84
NA
177.76
178.0
178.59
181.93
178.06
178.63
177.14
177.43
179.17
179.5
178.57
177.48
NA
179.05
178.68
180.69
178.22
177.51
177.9
177.85
178.7
179.05
177.78
177.29
179.06
178.94
178.25
177.52
179.59
176.75
178.37
177.47
176.98
177.6
178.77
176.74
179.21
180.13
178.7
NA
176.85
179.75
178.77
177.92
177.74
177.73
177.7
177.69
177.85
180.0
179.25
178.91
178.4
177.94
177.69
177.01
178.58
179.58
NA
179.43
176.69
179.36
NA
178.35
179.58
180.26
178.18
178.78
180.19
178.54
178.68
179.17
178.7
177.27
177.84
178.55
177.96
180.26
178.54
177.44
178.19
178.65
178.82
179.01
176.18
NA
NA
NA
NA
NA
NA
NA
NA
178.69
178.12
179.49
173.02
178.27
179.36
178.74
178.52
178.31
180.5
179.91
177.67
179.21
176.68
179.34
179.2
179.57
178.98
179.42
176.39
177.55
178.06
178.93
177.25
178.11
178.84
178.66
177.87
179.88
179.67
179.88
176.35
179.44
178.17
179.41
176.84
177.49
177.92
177.71
179.59
178.12
179.36
178.83
178.07
176.88
177.95
176.58
177.78
179.13
NA
178.36
179.84
175.8
179.71
177.98
178.76
177.74
NA
177.26
NA
177.7
177.05
177.61
176.92
177.58
176.92
177.65
176.97
177.56
176.87
178.49
179.17
179.56
175.57
178.42
179.72
178.59
178.62
179.44
179.55
NA
176.86
177.21
NA
178.99
179.89
178.09
NA
179.81
178.01
177.5
177.37
NA
177.45
180.34
179.64
178.79
180.93
177.41
179.55
177.06
180.7
176.98
179.88
180.32
179.53
178.78
180.91
177.31
179.66
176.94
180.64
176.99
NA
178.76
178.16
177.06
179.96
NA
NA
180.86
179.06
178.89
NA
NA
179.89
NA
NA
180.99
178.99
178.89
178.49
177.19
180.09
178.69
178.09
NA
NA
NA
NA
NA
NA
NA
NA
NA
NA
NA
NA
NA
NA
NA
NA
NA
NA
NA
NA
NA
180.7
179.4
178.48
178.36
178.46
177.6
174.65
NA
178.87
178.82
175.86
NA
NA
178.71
179.02
177.55
180.14
NA
NA
NA
181.62
179.69
179.11
178.54
177.61
177.52
179.17
179.76
176.95
175.63
NA
NA
NA
178.8
179.13
NA
180.19
177.57
178.97
176.47
178.97
177.67
180.77
NA
NA
NA
NA
NA
NA
180.22
179.63
179.78
180.44
177.36
180.01
176.36
178.18
178.47
174.3
180.34
176.22
NA
NA
NA
NA
175.79
NA
NA
NA
NA
NA
NA
NA
NA
NA
NA
175.1
176.75
179.52
NA
NA
NA
NA
NA
NA
178.62
177.74
177.4
177.92
177.67
179.86
NA
NA
NA
NA
NA
177.06
178.86
179.16
178.86
177.66
177.46
178.86
180.66
180.36
179.86
178.36
179.66
178.66
178.86
178.89
180.02
179.47
177.37
179.32
177.29
177.15
178.31
179.91
175.28
177.22
NA
NA
NA
177.37
178.15
178.93
177.68
179.16
179.01
NA
NA
NA
NA
178.89
178.47
180.1
178.86
179.72
179.17
176.8
179.28
178.18
175.84
178.74
178.54
176.79
178.49
177.97
NA
178.04
176.84
178.7
178.11
178.14
178.4
179.12
178.05
177.82
NA
175.26
NA
NA
NA
NA
176.89
177.75
180.13
179.93
177.47
179.44
NA
177.73
175.73
180.12
176.88
177.19
178.08
180.14
178.08
179.51
NA
179.13
174.73
178.73
180.23
178.13
178.93
180.23
178.93
177.93
179.13
174.73
178.73
180.23
178.13
178.93
180.13
178.93
177.93
179.12
174.72
178.72
180.22
178.12
178.92
180.12
178.72
177.82
179.12
174.72
178.72
180.22
178.12
178.92
180.02
178.72
177.82
179.12
174.72
178.62
180.12
178.12
179.02
180.02
178.92
177.52
179.36
178.54
178.15
176.61
177.6
176.78
182.6
NA
177.44
177.76
178.61
180.47
175.8
178.15
178.19
180.25
178.65
178.95
178.65
178.45
179.85
178.75
179.85
179.85
178.56
179.59
178.56
NA
179.41
177.11
NA
178.12
178.38
178.28
178.89
NA
175.84
176.16
NA
175.83
177.6
176.67
175.38
176.1
176.18
178.98
180.28
178.68
178.38
178.98
178.58
180.28
178.58
179.98
178.78
179.68
178.48
178.08
NA
NA
178.52
179.62
177.82
177.22
177.85
179.4
174.98
178.63
176.49
178.36
180.51
176.95
178.79
179.53
179.18
178.29
181.41
177.74
177.98
179.66
178.95
179.75
178.55
NA
180.74
179.23
179.31
179.15
177.03
NA
NA
NA
177.42
NA
NA
NA
NA
NA
NA
NA
NA
NA
NA
NA
NA
NA
NA
178.32
179.64
176.84
177.14
NA
NA
NA
NA
NA
NA
NA
177.27
178.46
178.95
176.09
177.68
179.17
177.95
NA
NA
NA
NA
NA
179.81
180.45
177.63
180.38
178.17
179.25
177.42
176.47
179.78
180.47
177.62
NA
178.06
179.2
177.44
176.56
180.18
179.99
177.5
NA
NA
NA
NA
NA
NA
178.34
177.67
177.86
178.31
177.87
178.14
177.55
177.83
178.11
177.83
177.82
179.27
179.11
177.97
179.15
178.15
177.71
177.15
177.62
178.84
178.48
178.76
NA
NA
NA
NA
179.08
177.47
179.42
179.11
NA
NA
177.89
180.15
177.69
NA
NA
NA
175.72
179.8
NA
177.62
NA
177.5
178.15
179.61
177.88
179.96
177.63
179.52
179.82
176.62
177.02
NA
NA
NA
NA
NA
NA
NA
178.58
176.92
179.48
178.88
176.54
178.09
178.33
178.6
181.37
179.48
178.69
180.6
177.05
180.63
177.33
178.85
NA
NA
NA
NA
NA
NA
NA
NA
NA
NA
NA
NA
NA
NA
NA
179.47
178.91
176.62
178.16
178.4
178.9
181.43
179.52
178.58
180.36
177.23
180.78
177.28
179.0
177.53
178.34
177.75
177.94
178.49
178.16
177.9
NA
178.34
177.74
177.95
178.5
NA
NA
NA
NA
NA
177.67
180.07
179.63
179.43
177.87
177.97
177.08
177.84
177.18
177.95
180.37
178.38
179.35
179.38
179.32
NA
NA
NA
NA
NA
NA
NA
NA
NA
NA
179.82
179.22
177.82
177.82
179.32
175.22
179.22
178.72
NA
NA
NA
NA
NA
NA
181.63
NA
NA
NA
NA
NA
NA
NA
176.92
178.78
179.88
180.95
178.71
NA
NA
NA
NA
NA
NA
180.02
NA
NA
NA
NA
NA
NA
177.72
178.91
178.7
179.32
179.34
176.61
NA
NA
178.88
NA
NA
NA
NA
NA
NA
NA
NA
NA
NA
NA
NA
NA
NA
NA
NA
NA
NA
178.25
177.56
177.78
178.3
177.82
178.04
177.57
177.53
178.06
177.76
177.74
NA
NA
NA
NA
NA
174.39
173.12
174.88
176.43
171.05
174.98
174.71
173.71
175.27
177.4
174.04
NA
174.71
173.25
NA
171.57
170.25
172.01
173.74
168.51
173.01
172.44
171.11
172.44
174.6
172.88
170.7
NA
NA
180.24
176.76
180.72
175.84
179.82
NA
NA
NA
NA
NA
NA
NA
NA
NA
NA
NA
NA
177.19
178.81
178.78
174.92
176.81
178.12
178.26
178.24
178.24
177.96
179.94
179.38
177.96
177.94
179.38
175.38
179.4
178.9
NA
177.34
179.8
178.38
179.15
NA
178.96
180.17
177.72
179.84
178.44
176.84
176.24
178.74
178.94
178.74
178.54
176.24
177.42
180.42
177.62
179.72
NA
NA
NA
NA
NA
NA
177.75
178.56
177.89
177.13
177.4
179.84
176.95
178.48
178.82
179.46
NA
NA
NA
NA
NA
181.64
NA
NA
NA
NA
NA
NA
NA
NA
175.74
178.54
179.94
178.08
180.88
NA
NA
NA
NA
NA
NA
NA
NA
180.14
178.08
177.78
178.68
179.93
178.63
179.73
179.63
177.0
178.8
179.7
180.7
178.6
177.0
178.7
179.7
180.7
178.6
NA
NA
NA
NA
NA
178.86
NA
NA
NA
177.54
178.85
179.4
179.5
178.0
176.4
177.8
177.8
NA
NA
NA
NA
NA
NA
NA
NA
NA
NA
NA
NA
NA
NA
NA
NA
NA
NA
NA
NA
NA
NA
NA
NA
179.8
178.6
180.0
179.4
177.9
178.8
177.2
177.55
180.25
NA
NA
NA
NA
NA
NA
NA
NA
NA
NA
NA
NA
NA
NA
NA
NA
NA
NA
NA
NA
176.04
NA
NA
NA
NA
NA
NA
NA
NA
NA
NA
NA
178.25
NA
NA
NA
NA
NA
175.1
179.3
176.6
178.8
177.8
178.66
178.66
NA
NA
NA
NA
NA
NA
NA
NA
NA
NA
NA
NA
NA
NA
NA
NA
180.73
177.33
179.73
176.44
179.84
176.94
NA
NA
NA
NA
NA
NA
176.46
179.38
177.37
NA
180.72
180.12
NA
178.08
178.08
179.48
177.38
179.08
180.08
179.38
181.38
178.58
178.25
180.55
179.15
179.25
178.52
176.84
NA
NA
NA
NA
174.72
178.32
179.04
178.94
NA
NA
NA
NA
NA
NA
NA
178.59
178.99
177.69
178.99
179.19
177.59
178.79
178.37
178.67
177.47
178.77
178.97
177.37
178.47
176.57
181.84
178.76
NA
NA
178.89
177.19
177.5
179.16
177.32
178.4
178.35
NA
NA
NA
NA
177.8
179.72
179.47
178.69
179.14
177.67
177.15
NA
NA
NA
NA
178.94
177.09
178.02
178.27
178.51
178.95
175.65
177.25
173.85
173.55
177.94
178.76
177.56
176.06
178.16
178.09
177.19
179.36
179.29
174.33
180.26
177.64
178.46
176.89
178.32
178.64
179.39
178.74
178.44
177.74
177.91
NA
NA
NA
NA
NA
179.15
180.05
178.25
179.95
NA
NA
NA
NA
NA
NA
NA
NA
NA
NA
NA
NA
NA
NA
NA
NA
NA
NA
NA
NA
NA
NA
NA
177.9
179.2
177.3
178.3
176.91
175.6
179.9
180.31
178.4
177.12
177.33
NA
178.67
177.4
180.39
172.09
172.81
172.76
173.04
171.93
173.79
173.8
170.65
174.1
175.82
177.79
181.02
177.83
176.91
178.45
180.78
177.1
179.99
179.2
180.14
177.02
179.7
177.28
177.84
179.59
179.15
179.69
178.1
176.85
177.75
176.75
175.95
NA
179.75
176.89
179.72
176.68
NA
NA
NA
178.82
179.07
177.48
178.25
174.98
180.99
177.63
178.37
178.67
178.97
179.17
180.57
179.07
178.77
NA
NA
179.92
177.42
177.62
177.52
178.95
177.47
NA
178.1
179.7
179.6
178.23
178.44
179.15
177.69
176.8
179.79
181.54
180.28
178.77
177.71
178.83
177.22
177.38
178.6
176.13
179.84
NA
NA
NA
NA
NA
NA
NA
NA
NA
NA
NA
NA
NA
NA
178.75
176.59
NA
NA
NA
NA
NA
NA
175.65
179.77
179.75
177.67
178.89
177.71
178.23
179.39
177.76
179.49
177.69
NA
NA
177.21
178.76
179.08
178.14
177.88
179.49
177.14
179.83
180.63
NA
180.33
177.33
177.13
177.83
178.23
178.63
179.83
179.53
180.63
177.13
175.73
178.85
179.24
175.96
177.14
177.98
179.61
178.91
179.11
178.81
177.71
178.51
178.41
178.31
178.81
178.81
179.01
NA
NA
NA
179.78
NA
176.91
179.72
178.03
NA
NA
177.93
178.89
177.16
NA
NA
NA
NA
NA
NA
NA
NA
NA
NA
NA
NA
NA
NA
NA
NA
NA
NA
NA
NA
NA
NA
NA
178.16
179.75
179.85
178.44
177.51
179.4
179.36
178.9
176.37
178.85
178.55
174.85
178.85
180.7
NA
NA
NA
NA
NA
NA
NA
177.75
NA
178.15
NA
179.09
178.45
178.3
178.56
NA
NA
NA
177.66
178.06
176.56
178.53
NA
NA
NA
NA
NA
NA
NA
NA
NA
NA
NA
NA
NA
NA
NA
177.97
176.02
178.4
180.04
NA
177.28
179.0
NA
NA
NA
NA
NA
NA
179.53
179.82
177.5
180.03
180.17
177.36
177.64
177.99
179.15
178.29
178.4
177.45
177.48
177.76
178.18
178.72
180.0
177.65
177.45
176.41
NA
NA
NA
NA
NA
178.53
177.17
175.77
178.77
178.47
NA
NA
NA
NA
NA
NA
NA
NA
NA
NA
NA
NA
NA
NA
178.94
179.65
179.78
NA
NA
NA
NA
NA
NA
NA
NA
NA
NA
NA
178.84
178.38
NA
NA
NA
NA
NA
NA
NA
NA
177.96
177.36
179.46
180.06
173.24
176.1
178.27
178.6
179.12
179.16
178.22
NA
NA
NA
177.73
177.48
180.01
NA
NA
NA
178.51
180.23
178.89
177.7
NA
NA
NA
NA
NA
NA
NA
NA
NA
NA
NA
NA
NA
NA
NA
NA
NA
NA
NA
NA
NA
NA
NA
NA
NA
NA
179.32
179.99
179.9
178.48
180.28
178.08
179.68
177.88
177.78
180.08
177.68
NA
NA
NA
NA
NA
NA
NA
177.0
179.0
178.12
177.22
NA
NA
NA
NA
NA
178.83
177.22
177.22
176.48
173.01
174.58
NA
174.45
179.97
179.97
179.27
177.47
179.47
177.47
177.37
177.27
178.87
177.17
178.77
178.13
179.05
179.79
177.58
179.03
176.45
176.41
176.8
179.17
178.65
178.52
173.4
174.87
173.86
179.15
NA
NA
177.4
178.63
178.64
179.03
178.68
178.46
177.56
NA
NA
NA
NA
NA
NA
NA
177.97
NA
178.42
176.56
178.17
179.32
NA
178.34
179.03
177.56
178.4
NA
NA
180.61
178.61
178.61
178.51
NA
NA
NA
NA
NA
178.94
178.89
179.66
178.38
NA
NA
NA
181.89
176.28
175.48
175.98
173.68
174.98
179.68
180.68
177.08
176.48
175.88
174.48
NA
NA
NA
NA
174.8
NA
NA
181.75
178.02
177.86
178.69
177.91
179.19
179.77
179.53
178.92
179.98
178.09
NA
NA
NA
NA
NA
175.66
175.51
NA
NA
NA
NA
NA
NA
NA
NA
NA
NA
NA
NA
NA
NA
178.85
179.47
178.36
NA
NA
NA
NA
NA
NA
NA
173.86
178.76
178.16
180.66
177.16
179.1
180.0
179.1
177.5
177.0
178.6
181.1
176.9
NA
NA
NA
NA
NA
178.8
178.02
176.54
179.52
180.04
178.18
179.7
177.61
NA
NA
178.18
179.76
176.75
180.53
NA
NA
NA
NA
NA
NA
NA
NA
NA
NA
NA
NA
177.85
176.26
179.06
NA
NA
NA
NA
NA
NA
NA
181.27
177.87
177.87
177.87
177.94
177.07
178.69
179.7
178.11
179.51
180.45
181.86
177.4
177.87
181.39
176.94
180.24
178.24
176.44
179.24
176.54
176.67
179.07
180.79
178.85
178.83
180.13
175.99
178.31
177.73
178.39
180.01
NA
177.27
179.76
179.28
179.58
178.78
177.02
179.36
172.08
172.18
175.58
178.38
179.88
179.18
177.88
178.88
179.57
178.27
178.47
179.17
177.67
176.77
179.77
181.57
176.67
180.27
178.77
177.67
178.87
177.27
177.37
178.67
178.47
176.07
179.87
179.57
178.27
178.47
179.17
177.67
176.87
179.77
181.57
180.27
178.77
177.67
178.87
177.27
177.07
178.47
176.67
179.87
NA
NA
NA
NA
NA
178.33
179.13
178.73
NA
179.54
177.14
179.64
178.34
179.53
179.87
176.21
179.45
179.85
179.05
177.05
175.35
NA
180.35
178.55
180.85
178.78
177.67
181.8
180.15
178.47
180.85
177.83
178.85
180.03
178.62
NA
NA
NA
NA
NA
NA
NA
NA
NA
NA
NA
NA
NA
NA
179.75
178.05
NA
179.46
178.84
175.74
181.14
NA
NA
NA
NA
NA
NA
178.2
179.3
179.7
NA
NA
175.43
176.43
177.83
180.03
178.33
NA
NA
NA
NA
NA
NA
NA
NA
NA
NA
NA
NA
NA
NA
NA
NA
NA
NA
NA
NA
NA
NA
NA
178.72
NA
180.6
180.07
177.41
NA
NA
178.59
178.23
NA
178.15
177.98
177.91
177.72
177.64
NA
NA
178.15
177.86
178.01
178.16
177.24
178.24
NA
NA
NA
NA
NA
NA
NA
NA
NA
NA
NA
NA
178.97
177.24
179.05
178.56
NA
NA
NA
NA
178.65
177.05
178.25
175.85
177.45
179.15
179.15
177.15
179.15
178.25
176.55
177.75
179.06
174.65
178.32
180.08
178.02
178.85
180.16
178.68
177.93
178.29
178.05
179.8
179.85
176.22
178.57
179.38
180.06
179.78
179.56
177.68
180.72
179.74
180.76
178.54
178.5
178.56
180.53
178.85
178.96
175.88
178.71
179.02
180.16
178.92
178.18
178.21
177.23
178.5
178.77
179.95
178.52
179.22
179.57
179.27
178.17
177.73
177.93
178.93
177.93
179.72
177.82
177.37
179.73
175.29
NA
178.51
177.74
180.31
178.49
177.63
177.63
180.05
179.68
178.31
178.81
178.71
177.2
180.1
177.2
178.0
178.82
178.96
179.42
178.96
179.72
176.88
178.83
179.65
178.4
180.26
NA
175.93
176.59
178.85
177.64
178.78
178.08
180.54
177.65
NA
NA
NA
NA
NA
NA
NA
NA
NA
NA
NA
178.81
179.06
179.02
179.79
178.15
177.11
177.82
177.63
175.82
NA
NA
170.97
178.82
176.71
176.53
177.15
178.7
177.62
NA
176.36
176.55
177.85
179.68
178.36
178.69
177.69
178.49
178.69
178.79
177.79
176.39
179.28
177.29
177.51
177.89
177.94
177.64
178.74
178.13
177.7
178.17
179.87
179.57
NA
179.2
178.08
176.78
180.61
179.08
179.63
177.93
178.67
178.87
179.29
177.97
177.96
178.56
178.65
178.46
177.2
178.79
178.92
178.9
178.52
178.12
179.28
177.94
178.82
178.7
178.89
176.78
175.57
174.04
179.42
179.2
NA
NA
177.67
179.57
178.07
179.24
179.08
178.63
178.21
178.6
179.48
179.91
179.02
178.65
177.83
NA
179.3
177.85
NA
179.63
178.2
179.17
178.23
178.26
180.55
180.55
178.05
177.55
179.75
179.15
179.55
181.85
177.95
175.17
178.32
179.17
177.06
178.03
178.94
179.37
177.98
178.12
176.16
179.5
178.04
180.65
178.35
177.65
177.25
177.65
178.75
179.05
179.05
175.65
176.15
NA
NA
NA
NA
NA
180.18
179.28
178.88
177.18
179.58
179.48
179.38
179.08
179.08
180.18
179.98
178.98
179.48
178.48
177.83
176.93
178.73
180.73
179.93
181.33
176.93
179.73
177.83
179.44
178.92
178.39
178.41
179.19
179.69
177.39
176.29
175.89
176.95
179.62
178.64
176.23
179.46
NA
178.73
178.1
180.72
176.44
179.24
178.49
NA
NA
NA
NA
176.1
178.27
178.6
179.12
179.16
178.22
178.39
179.09
NA
NA
NA
NA
NA
NA
174.27
175.47
171.31
170.77
172.74
173.28
173.39
175.63
175.65
176.97
178.7
179.1
179.58
179.19
181.59
174.88
178.55
178.37
179.46
178.1
179.46
179.14
178.71
181.11
179.96
178.46
176.46
180.8
176.47
178.64
179.53
176.87
178.7
NA
177.36
179.66
179.16
177.46
178.75
181.25
178.98
180.48
177.88
178.88
178.18
179.78
179.58
178.08
NA
NA
179.23
180.02
178.39
178.48
180.05
178.41
177.8
180.98
179.47
177.84
177.65
177.48
178.21
176.49
179.32
176.59
179.4
NA
NA
177.63
NA
176.54
177.24
180.04
179.63
178.93
178.73
177.03
178.49
178.59
179.29
179.29
178.19
179.09
177.39
178.79
178.29
176.69
180.69
175.79
179.99
NA
175.31
177.8
177.63
179.26
179.48
179.18
177.68
NA
178.18
178.68
173.26
172.75
174.51
178.74
178.15
180.45
177.6
178.65
178.46
NA
NA
NA
NA
NA
NA
174.18
179.18
NA
NA
NA
NA
180.55
180.55
178.05
177.55
179.75
179.15
179.55
181.85
177.95
178.31
178.4
179.37
179.58
178.14
180.13
178.21
179.48
178.35
177.76
179.76
176.16
177.46
179.96
176.16
NA
177.96
176.06
NA
179.02
178.42
177.02
178.52
179.02
178.12
178.22
174.85
177.9
177.87
177.95
177.05
177.75
178.03
177.8
179.53
177.93
179.86
179.06
177.46
178.36
179.46
179.51
178.88
177.73
179.0
176.15
179.08
175.93
177.03
180.05
178.51
178.02
177.39
177.96
178.44
178.35
179.56
177.91
176.93
178.75
NA
NA
178.9
178.7
179.1
178.55
178.55
178.51
178.4
178.55
178.47
NA
NA
NA
NA
NA
NA
NA
NA
NA
NA
NA
NA
NA
NA
NA
NA
NA
NA
NA
NA
NA
NA
NA
NA
178.53
177.61
NA
NA
NA
NA
NA
177.68
177.99
178.55
179.75
177.85
178.13
179.28
177.27
NA
177.99
176.71
178.12
179.46
178.42
NA
179.28
179.46
173.94
NA
170.4
173.4
174.6
NA
NA
NA
NA
179.06
177.32
177.58
178.97
179.06
173.67
177.74
178.09
177.46
NA
NA
NA
NA
NA
NA
NA
NA
176.81
179.31
177.21
NA
NA
NA
NA
NA
176.95
178.93
179.19
179.49
177.29
177.19
176.09
177.93
178.73
177.63
178.73
179.13
178.03
180.43
177.14
177.46
179.31
NA
NA
NA
NA
178.29
NA
178.05
178.05
176.97
178.03
177.57
180.96
178.63
180.24
177.88
177.21
NA
NA
179.9
177.4
179.8
178.4
179.4
178.9
176.6
NA
NA
171.15
178.21
176.91
NA
NA
178.5
177.83
177.57
178.93
179.73
178.77
179.45
NA
179.44
174.73
172.26
179.73
177.77
177.23
179.38
174.64
178.54
180.04
179.34
176.24
NA
178.74
178.64
178.84
NA
NA
NA
NA
NA
NA
NA
177.79
177.86
178.02
179.42
177.8
178.29
177.62
178.72
177.7
NA
NA
NA
179.64
178.02
178.49
177.78
178.9
177.73
177.78
178.37
177.79
178.78
180.18
178.98
176.88
179.02
176.85
177.8
178.48
175.0
180.67
NA
NA
NA
NA
NA
NA
NA
NA
NA
NA
NA
179.39
177.69
180.69
177.99
180.19
176.79
177.49
178.71
178.81
175.61
179.71
179.91
177.21
177.21
179.51
179.81
180.71
178.21
178.41
178.61
180.21
179.31
176.79
179.59
179.79
178.65
178.88
179.18
179.88
NA
179.98
178.2
178.98
178.28
176.71
177.57
179.3
178.98
179.23
179.1
180.5
185.2
177.5
176.45
176.66
179.06
178.2
179.01
179.99
178.16
178.21
175.77
177.08
177.33
177.83
179.21
178.28
NA
179.28
NA
179.4
176.48
177.48
176.48
175.48
176.48
NA
NA
NA
NA
178.37
NA
NA
NA
NA
NA
NA
NA
NA
178.49
178.85
177.82
176.25
179.55
177.35
179.0
178.0
179.7
178.6
177.3
176.6
178.8
177.79
176.61
179.13
177.13
175.88
179.28
180.83
177.03
179.83
NA
178.93
NA
178.3
179.35
177.52
177.37
179.93
178.75
178.35
177.51
178.51
177.21
178.81
179.41
177.51
179.21
179.01
178.79
177.49
178.49
177.8
179.0
178.8
179.32
176.84
178.32
178.77
178.61
178.33
176.23
179.33
179.33
178.43
178.73
178.43
178.66
NA
NA
NA
NA
NA
NA
NA
NA
NA
171.03
174.33
172.33
173.03
171.43
172.93
173.03
NA
177.76
177.96
177.26
176.16
179.26
179.06
177.76
176.76
178.66
177.3
176.99
178.4
176.81
178.3
177.82
179.1
177.16
178.71
177.96
179.02
178.24
175.82
178.56
177.88
NA
NA
NA
NA
NA
NA
NA
177.81
178.34
179.95
177.66
177.93
177.78
178.39
NA
178.18
NA
NA
NA
NA
179.38
178.02
178.02
178.32
178.77
178.77
177.81
177.71
NA
NA
NA
NA
178.73
176.88
177.19
179.62
177.29
176.39
181.39
176.19
177.89
177.19
176.89
179.55
178.02
177.8
178.46
179.11
179.86
177.52
179.13
180.26
179.15
180.19
179.37
178.86
181.31
180.06
179.17
178.24
176.41
177.01
175.69
179.23
179.29
177.56
179.45
174.79
179.15
178.03
177.75
177.83
NA
NA
177.57
179.31
177.43
178.27
179.77
179.07
181.07
176.64
177.79
NA
NA
177.66
NA
NA
NA
NA
NA
NA
32.87
NA
NA
NA
NA
NA
178.23
174.77
174.87
180.87
178.12
179.12
179.72
NA
179.32
NA
178.92
177.02
178.02
177.42
NA
179.28
177.99
177.13
179.52
176.93
177.71
178.69
178.79
178.39
NA
NA
NA
NA
178.05
177.88
179.46
177.07
NA
NA
NA
NA
NA
NA
178.71
178.11
175.71
177.81
178.91
178.71
178.91
177.61
177.64
177.36
177.44
177.35
177.17
NA
179.59
178.79
178.81
175.86
NA
NA
NA
NA
NA
175.65
179.06
178.59
177.49
179.59
177.79
178.49
177.39
178.39
178.29
177.39
178.79
179.69
NA
178.01
178.01
NA
178.89
178.58
NA
NA
177.96
179.96
NA
NA
NA
NA
NA
NA
NA
NA
NA
178.26
177.17
179.73
178.9
180.26
177.52
178.57
177.67
180.45
179.67
178.64
NA
178.61
179.21
178.21
179.11
179.01
179.13
179.37
177.77
178.63
177.53
179.43
179.13
NA
177.78
179.44
178.84
176.86
180.52
180.05
179.37
NA
175.61
181.42
177.22
177.77
178.93
176.22
178.94
177.84
178.34
179.64
178.24
180.54
177.24
180.84
177.34
178.04
177.48
178.93
175.43
175.72
178.33
179.77
178.67
176.37
179.87
NA
NA
NA
NA
NA
NA
NA
NA
NA
NA
177.56
178.36
179.96
178.66
177.96
178.96
177.86
177.6
177.76
178.7
180.37
175.86
178.15
176.68
178.79
177.99
176.76
177.79
NA
177.31
176.67
NA
175.75
174.95
175.12
NA
176.43
179.14
178.14
177.48
179.72
178.06
NA
177.85
177.22
174.79
178.45
179.38
177.43
177.32
179.88
178.67
178.04
179.96
177.27
179.78
177.0
174.3
178.36
NA
NA
NA
NA
NA
NA
NA
NA
NA
NA
NA
NA
NA
NA
NA
NA
NA
NA
NA
NA
NA
NA
180.37
177.77
179.13
NA
NA
NA
NA
NA
NA
179.42
NA
NA
NA
NA
NA
NA
NA
NA
178.8
178.07
180.23
178.19
178.09
180.29
178.23
179.6
179.52
175.67
178.05
178.88
177.29
179.61
179.62
178.2
174.75
179.45
179.55
178.33
178.86
179.5
181.38
180.05
177.38
181.05
177.59
176.41
NA
NA
NA
NA
NA
NA
NA
NA
NA
NA
177.62
178.71
177.87
179.7
178.49
179.28
177.46
177.97
178.6
177.89
177.84
177.94
173.5
180.05
178.37
178.02
177.28
178.03
179.02
177.38
179.1
175.63
177.72
179.97
NA
NA
NA
NA
179.41
178.81
179.61
179.11
180.21
177.51
176.31
NA
NA
NA
179.66
179.5
177.2
178.5
177.7
177.3
181.19
NA
NA
178.84
179.64
178.94
NA
177.54
176.34
NA
NA
NA
179.34
177.75
NA
NA
NA
NA
NA
NA
180.28
180.05
177.6
178.85
174.39
176.32
NA
177.31
179.49
177.27
176.58
179.91
180.41
177.52
176.7
176.55
180.3
180.0
177.6
178.55
179.08
179.49
178.0
178.12
NA
179.18
178.66
177.21
178.78
177.52
177.21
178.16
179.17
179.05
178.65
178.85
179.6
178.46
178.64
178.04
178.84
177.34
176.04
177.84
177.67
177.77
181.22
177.52
178.52
177.62
177.52
NA
182.45
177.95
179.05
179.15
177.65
175.25
180.63
179.29
176.32
177.34
179.19
179.37
178.54
176.03
NA
NA
NA
178.95
178.64
178.77
178.93
179.12
NA
180.17
176.47
180.07
178.27
178.97
177.97
181.03
178.83
177.33
177.13
179.33
178.53
NA
NA
NA
NA
NA
NA
NA
NA
NA
NA
NA
NA
NA
NA
NA
NA
NA
NA
179.25
179.11
179.44
178.35
179.13
178.5
NA
NA
NA
NA
NA
NA
NA
NA
171.53
171.16
171.01
NA
NA
NA
177.06
179.68
178.36
180.11
179.24
179.78
177.5
176.29
NA
NA
NA
NA
NA
NA
NA
NA
NA
NA
NA
NA
NA
NA
NA
NA
NA
NA
NA
NA
NA
NA
NA
NA
NA
NA
NA
NA
NA
NA
178.67
NA
NA
NA
NA
NA
NA
NA
177.12
178.85
177.78
177.92
179.19
177.44
180.3
179.19
178.04
180.27
178.88
175.16
177.74
178.29
178.13
177.79
177.62
177.89
180.01
178.11
NA
NA
NA
NA
NA
NA
178.7
177.82
178.94
177.6
177.98
178.24
178.62
178.25
176.88
178.73
178.77
176.77
NA
177.65
178.29
177.48
178.83
177.93
179.13
NA
178.03
178.13
178.63
178.43
177.33
178.83
176.83
NA
177.72
173.89
171.91
172.05
172.35
173.33
174.77
172.9
172.49
174.76
178.25
177.93
179.92
179.16
NA
179.72
NA
NA
NA
NA
NA
NA
NA
NA
NA
NA
NA
178.63
178.18
178.21
178.61
178.61
175.41
177.61
179.01
177.41
180.29
180.49
180.7
178.46
177.7
NA
178.17
176.63
179.37
176.78
179.53
177.78
177.65
NA
NA
NA
NA
177.22
NA
177.1
178.58
NA
178.79
178.6
173.91
179.64
NA
NA
NA
NA
178.67
177.87
178.77
177.97
179.29
179.78
177.5
176.31
176.9
178.12
177.4
177.99
179.17
180.98
177.99
178.07
178.13
177.65
177.91
177.78
177.51
178.55
178.78
176.18
179.99
180.46
178.59
NA
176.78
177.78
179.17
179.62
NA
177.69
177.96
180.29
178.54
177.57
178.13
178.77
178.77
177.37
180.88
NA
NA
NA
177.29
178.15
178.03
179.64
175.98
179.37
176.9
176.83
179.22
175.19
179.02
178.87
NA
NA
179.19
178.08
178.88
NA
NA
NA
NA
NA
NA
NA
NA
NA
NA
180.21
181.06
178.25
179.15
NA
NA
NA
NA
180.46
NA
178.3
NA
NA
NA
NA
NA
NA
175.36
179.36
177.56
178.66
176.36
177.26
179.0
178.66
177.72
177.22
178.82
179.82
177.21
178.21
178.91
180.01
NA
NA
NA
NA
NA
NA
NA
NA
NA
NA
NA
NA
NA
NA
NA
NA
NA
NA
176.63
175.02
178.02
179.22
178.22
NA
NA
NA
NA
178.59
179.64
178.19
178.67
179.24
178.39
175.67
177.11
180.6
NA
179.48
NA
NA
NA
NA
NA
NA
NA
NA
NA
NA
NA
NA
NA
NA
178.99
174.82
176.99
176.87
178.12
178.3
178.86
179.37
177.36
179.65
180.3
176.94
178.42
178.53
178.23
178.25
177.93
179.92
179.16
NA
179.72
NA
NA
NA
NA
NA
NA
NA
NA
NA
NA
NA
NA
178.28
179.43
179.86
178.36
176.25
178.46
180.21
NA
180.75
179.33
179.73
177.93
180.03
178.89
178.6
181.13
176.69
179.49
176.9
NA
NA
NA
NA
NA
NA
NA
NA
NA
NA
NA
176.72
178.93
179.65
178.11
176.56
177.72
178.44
180.29
179.84
178.34
NA
NA
NA
NA
NA
NA
178.74
174.84
172.41
177.87
179.7
175.84
176.96
177.76
179.26
176.26
177.15
178.62
177.45
178.88
178.11
177.92
178.59
179.64
178.19
178.67
179.24
178.39
175.67
178.09
179.39
176.45
179.1
NA
178.27
179.15
175.45
180.39
179.17
176.47
178.27
179.25
181.06
176.97
176.45
178.34
177.21
178.03
179.06
176.59
NA
NA
178.29
178.1
180.18
178.2
177.56
177.83
178.28
177.47
178.52
177.25
NA
NA
176.99
NA
178.32
179.26
176.21
NA
175.5
NA
175.02
174.27
175.45
176.79
176.99
178.56
179.76
178.33
NA
NA
NA
NA
179.53
178.5
177.13
177.73
178.22
177.13
178.22
177.19
178.57
178.6
178.25
179.55
178.92
176.72
177.13
178.36
NA
NA
NA
179.36
178.46
177.38
179.71
179.52
176.21
177.6
179.36
NA
179.2
177.32
176.92
176.62
179.02
181.32
177.71
176.53
178.68
179.36
178.71
179.04
177.01
177.8
178.99
176.0
180.27
176.04
NA
NA
178.11
NA
NA
NA
NA
NA
177.53
NA
180.45
175.88
178.17
177.76
180.15
178.11
178.59
176.52
177.4
178.36
NA
NA
179.19
178.76
178.86
180.16
179.26
179.86
178.73
178.75
178.44
177.91
178.25
177.97
NA
NA
NA
NA
NA
NA
NA
NA
NA
NA
178.96
178.31
178.76
177.94
180.74
178.79
180.5
178.97
179.4
NA
178.61
NA
178.26
179.28
179.39
178.81
NA
NA
176.01
177.41
178.41
178.52
178.77
180.85
176.25
176.51
179.42
177.9
176.47
178.0
NA
178.87
179.28
177.83
177.85
176.52
179.17
177.82
177.83
176.51
NA
NA
NA
NA
180.32
180.52
177.92
178.7
177.56
179.25
180.12
179.33
179.06
179.99
178.99
178.11
174.9
175.47
178.08
178.68
NA
NA
NA
NA
178.16
177.27
179.25
NA
NA
NA
NA
NA
NA
179.22
178.62
177.99
178.79
179.39
177.49
180.29
NA
176.99
178.59
179.85
176.26
NA
NA
178.88
178.9
173.39
173.5
173.42
172.07
174.28
174.77
174.95
174.04
175.2
174.78
NA
NA
NA
NA
177.48
178.68
177.58
177.38
178.08
NA
NA
NA
179.7
179.5
178.53
NA
177.53
176.96
178.52
NA
NA
NA
NA
NA
179.63
179.89
176.78
NA
NA
178.46
179.37
177.47
177.37
179.84
NA
NA
NA
NA
NA
NA
NA
NA
NA
NA
NA
NA
NA
178.77
179.25
179.53
178.71
178.56
177.56
178.94
179.92
179.62
179.59
176.26
178.17
178.35
176.8
179.6
176.75
NA
NA
NA
NA
NA
NA
NA
NA
NA
177.75
175.52
178.32
180.29
180.47
179.31
177.06
176.88
176.91
180.87
178.55
178.56
179.02
180.26
179.98
NA
180.11
NA
NA
NA
NA
NA
NA
NA
NA
NA
NA
NA
177.99
178.5
180.5
178.32
178.09
176.46
178.29
178.39
174.15
179.69
179.6
177.55
177.83
178.95
179.76
179.17
179.19
179.27
178.05
179.43
177.04
179.91
178.82
180.02
179.22
NA
NA
NA
179.32
178.86
180.06
179.26
180.06
NA
179.66
178.96
NA
NA
NA
NA
NA
NA
177.87
178.59
177.57
179.14
177.96
176.4
178.36
NA
180.15
176.52
180.41
179.03
179.03
179.27
178.63
176.49
178.36
179.15
178.83
179.36
178.86
177.8
179.43
178.49
177.09
178.73
180.01
178.56
177.94
179.53
178.58
179.06
178.38
NA
NA
NA
NA
NA
NA
NA
NA
NA
NA
NA
NA
NA
NA
NA
NA
NA
NA
NA
NA
NA
NA
NA
NA
NA
NA
NA
179.0
179.55
178.47
177.98
180.2
179.58
180.45
179.12
180.37
179.3
180.74
179.9
176.91
NA
NA
176.92
181.22
178.52
177.42
178.5
180.7
176.9
NA
177.25
181.25
NA
NA