32.52
32.12
32.67
32.18
32.41
32.18
31.82
33.11
32.14
31.97
32.07
33.19
32.79
NA
31.45
31.34
32.2
31.67
33.21
32.33
31.84
32.89
32.6
32.46
32.8
32.44
32.61
33.25
32.93
32.27
32.34
32.48
32.32
32.44
31.52
31.76
32.75
32.19
32.53
32.18
32.46
33.22
32.04
32.5
33.56
31.64
31.28
33.51
31.91
32.83
31.73
32.23
NA
33.22
32.02
32.01
32.22
31.34
32.54
32.23
33.05
31.63
32.5
31.66
32.39
32.52
32.1
31.85
32.71
NA
31.88
31.54
32.27
32.01
31.94
32.72
31.97
32.21
31.49
33.1
32.35
31.98
32.06
NA
NA
32.31
32.87
32.56
30.78
32.48
31.41
31.62
32.24
32.02
32.55
31.83
31.8
32.27
31.61
32.17
32.38
31.38
32.22
32.58
31.39
32.58
32.28
29.76
32.31
32.44
32.19
32.28
32.97
32.01
32.75
32.69
NA
31.36
33.1
32.28
32.54
32.13
32.68
32.49
31.49
32.69
NA
32.23
32.9
NA
32.41
32.31
33.07
33.3
32.72
32.57
32.11
32.72
30.69
31.46
32.21
32.39
NA
34.12
32.09
31.86
32.2
32.78
32.83
32.75
32.07
31.9
NA
32.05
32.47
32.17
32.15
31.68
32.51
32.52
32.81
32.67
31.99
32.69
32.05
32.96
32.56
32.11
32.85
31.86
31.82
32.48
32.85
31.95
32.69
31.93
32.6
31.98
32.93
32.55
31.65
32.88
32.49
32.45
33.47
32.71
32.14
NA
32.23
31.38
31.98
32.39
33.04
32.26
32.18
32.03
32.34
NA
31.86
31.64
32.09
32.09
32.34
31.62
31.35
31.44
32.07
33.42
32.57
32.09
32.65
32.61
32.03
32.41
32.74
32.37
33.15
30.71
30.04
32.72
32.61
32.21
31.53
32.13
32.98
32.17
32.36
33.43
33.46
32.21
32.23
32.33
32.95
32.02
32.08
32.95
32.18
33.16
32.07
32.32
NA
32.41
32.03
32.5
31.89
32.9
32.16
32.16
31.96
32.53
31.75
32.59
32.57
32.49
32.04
31.75
NA
32.45
32.25
32.46
32.46
31.61
32.42
32.91
31.96
31.88
33.01
32.05
32.21
32.21
32.16
31.94
32.26
32.48
31.94
32.76
32.6
32.25
32.64
32.27
32.15
32.41
32.99
32.28
32.48
32.62
32.41
31.87
32.53
30.97
32.55
32.41
32.62
32.49
32.21
32.74
31.67
31.6
31.96
33.49
32.79
32.12
32.07
29.66
32.78
32.43
32.57
31.73
33.79
32.22
32.47
32.55
NA
31.33
32.3
31.5
NA
31.81
33.7
32.22
32.46
32.62
32.36
32.16
33.19
32.56
NA
32.86
32.69
33.54
33.29
30.64
32.24
32.61
34.0
32.01
32.16
32.09
32.22
31.37
32.15
33.96
31.88
32.25
33.35
33.27
32.28
NA
31.99
34.22
33.71
32.65
33.23
32.58
32.41
NA
32.27
32.35
33.07
32.02
32.02
32.42
32.14
32.02
32.81
32.33
30.72
31.4
32.22
32.76
32.73
31.7
32.44
32.4
NA
32.01
32.32
29.82
NA
32.32
32.95
NA
31.75
31.3
32.51
32.22
30.98
32.38
31.65
NA
31.89
31.46
31.95
32.69
32.87
31.57
31.8
33.4
32.67
32.44
31.72
32.23
32.85
30.9
32.07
NA
32.44
32.09
32.61
32.73
32.79
32.23
NA
32.7
33.2
NA
32.26
33.16
31.68
32.83
32.19
32.7
34.34
32.08
32.53
32.49
32.2
32.42
31.99
31.87
32.17
31.7
NA
NA
NA
32.48
33.51
30.93
32.05
32.25
32.23
32.71
32.04
32.04
32.0
32.2
32.0
32.0
32.0
32.0
32.14
32.07
32.58
32.86
32.59
32.5
33.22
32.57
31.51
32.4
31.92
32.9
NA
31.79
32.17
31.61
32.01
31.61
32.51
32.01
31.47
32.69
34.15
32.31
31.85
32.41
31.6
31.58
33.06
31.83
33.61
32.33
32.03
32.09
32.0
30.9
31.56
31.67
33.07
32.63
33.79
32.29
32.06
32.13
32.03
31.1
32.0
32.45
32.54
NA
NA
NA
29.17
NA
31.7
NA
32.5
NA
NA
NA
NA
NA
32.4
31.78
NA
NA
32.41
32.06
NA
NA
NA
NA
NA
NA
NA
NA
NA
32.13
32.44
33.55
NA
35.14
32.14
32.43
33.54
31.47
31.69
32.62
31.84
31.66
32.46
32.73
32.11
33.76
30.62
29.19
32.52
NA
31.96
32.3
31.82
33.05
31.83
33.64
32.32
32.59
31.85
NA
NA
31.81
32.02
31.68
31.89
32.17
31.89
31.69
31.22
32.44
32.99
32.25
NA
31.67
32.95
31.77
33.06
39.63
31.42
31.82
31.42
31.12
32.12
32.02
31.73
NA
NA
NA
30.13
32.24
32.68
31.74
32.54
32.17
32.39
32.67
32.74
31.47
32.63
32.45
31.5
33.28
NA
NA
NA
NA
NA
NA
NA
NA
NA
NA
NA
NA
NA
NA
NA
29.37
32.68
32.37
32.7
31.85
32.66
32.66
32.96
29.71
32.09
31.77
32.63
31.95
32.29
32.57
32.52
32.42
30.97
32.39
33.68
33.1
31.6
31.0
32.1
32.3
32.4
32.2
32.5
31.6
32.2
32.3
32.7
27.8
33.0
32.41
31.96
32.53
33.53
32.1
33.4
31.9
32.4
31.7
31.7
31.4
31.9
NA
NA
32.28
31.81
32.51
31.58
32.38
32.05
32.24
32.24
32.94
31.94
32.44
32.17
32.18
32.85
32.95
31.65
32.14
32.48
33.25
NA
31.42
30.99
33.22
31.61
30.84
31.96
32.55
33.03
32.55
32.24
32.07
31.95
32.22
32.43
30.94
31.96
32.92
NA
NA
NA
NA
32.46
32.02
33.63
33.29
34.0
32.21
32.55
32.7
33.12
32.98
29.77
33.27
35.3
31.8
31.83
31.91
32.11
NA
NA
NA
NA
NA
NA
NA
NA
NA
NA
NA
NA
NA
NA
NA
NA
NA
NA
NA
NA
NA
NA
NA
NA
NA
NA
NA
NA
NA
NA
NA
NA
NA
NA
NA
NA
NA
NA
NA
NA
NA
NA
NA
NA
NA
31.71
32.09
33.15
NA
NA
NA
31.4
31.92
32.98
32.13
33.0
NA
32.15
32.26
NA
32.4
32.6
31.2
33.09
31.8
32.9
32.79
32.5
32.2
32.06
32.11
32.73
30.62
32.29
32.32
NA
32.32
31.73
31.15
32.96
32.18
30.1
32.11
32.72
33.3
NA
32.91
32.95
31.93
33.61
31.5
32.6
31.5
31.5
31.8
32.0
32.6
32.0
32.1
30.9
32.6
31.8
32.8
NA
NA
31.31
32.27
31.15
32.53
31.77
32.29
33.86
32.0
32.48
32.34
32.12
32.82
32.05
32.6
31.77
33.47
31.96
31.5
31.63
31.71
31.83
32.37
32.59
33.53
31.86
31.84
32.3
32.47
32.54
NA
31.4
32.58
33.11
32.23
NA
32.74
30.93
32.36
31.95
33.39
31.95
33.03
33.75
33.88
32.28
32.18
31.96
31.71
32.24
33.16
33.05
33.7
33.66
32.35
32.28
32.42
32.29
32.29
32.62
32.27
31.68
33.25
32.54
32.02
32.54
31.12
32.64
31.19
33.19
31.93
32.48
32.03
31.51
32.34
32.35
32.25
31.98
31.84
32.52
32.05
NA
NA
32.42
32.18
31.95
31.74
33.35
32.97
33.66
32.19
32.36
30.72
34.8
33.7
32.39
32.97
32.76
NA
33.07
NA
33.18
NA
NA
33.18
33.13
33.18
31.7
31.65
NA
32.12
NA
32.39
NA
NA
32.12
31.86
32.07
32.0
32.28
31.95
32.07
31.88
33.03
32.42
32.56
NA
NA
34.14
31.83
29.69
NA
NA
NA
34.26
32.61
NA
31.76
NA
NA
31.94
33.22
32.06
33.49
32.06
NA
NA
NA
NA
31.47
31.91
NA
32.06
31.65
30.14
33.48
32.08
33.01
32.15
31.86
32.92
31.92
31.9
31.62
32.14
32.07
31.88
31.89
32.73
30.85
31.7
NA
NA
32.15
31.76
32.84
32.08
31.89
31.44
32.28
32.02
31.89
31.89
32.86
30.92
31.7
NA
32.15
31.83
32.86
31.96
32.6
31.96
32.21
32.28
31.89
31.96
NA
30.92
31.7
31.44
32.13
33.78
34.06
33.82
33.74
33.74
33.97
33.81
33.74
33.97
33.8
33.7
33.71
39.53
NA
NA
33.44
33.92
31.65
33.02
31.17
32.42
31.75
32.36
32.78
32.44
31.98
31.91
NA
NA
30.82
30.71
31.86
32.2
31.86
32.2
31.8
32.13
31.8
32.16
31.81
31.98
33.3
32.39
32.42
31.71
31.82
33.11
32.4
32.08
30.8
NA
NA
NA
NA
NA
NA
NA
NA
NA
NA
NA
NA
NA
33.26
31.99
31.92
32.39
32.26
NA
NA
NA
NA
NA
NA
31.55
31.89
32.86
31.62
32.24
32.09
NA
31.87
33.02
31.91
32.42
30.67
31.77
NA
NA
32.16
32.13
32.43
NA
32.19
31.96
31.98
31.79
NA
32.67
NA
NA
NA
NA
NA
NA
NA
NA
NA
33.29
33.52
33.56
33.29
33.47
33.82
33.38
33.66
33.66
33.49
33.57
33.42
33.56
32.12
33.71
31.97
31.63
31.65
32.83
32.55
31.12
32.02
31.05
31.21
32.09
32.55
31.32
NA
31.78
31.78
31.75
31.33
31.32
32.49
32.28
30.7
31.72
32.27
30.96
31.79
32.14
31.1
30.95
40.98
40.94
31.46
32.35
31.08
33.0
31.19
32.34
NA
32.49
32.02
NA
32.32
33.17
32.06
NA
NA
NA
NA
NA
NA
31.67
32.94
33.62
32.89
32.88
33.11
32.99
32.86
33.42
32.26
32.01
31.54
31.76
33.01
32.36
31.96
NA
31.66
30.17
33.01
32.35
NA
32.32
32.3
32.75
31.52
31.62
31.72
29.92
33.02
31.62
31.42
33.22
29.02
31.74
32.56
31.58
30.74
32.15
NA
32.35
33.56
33.22
33.85
NA
33.61
31.75
NA
30.91
31.44
32.42
32.08
32.61
32.86
NA
NA
NA
NA
NA
NA
NA
NA
NA
NA
NA
NA
33.97
NA
34.63
31.33
33.03
32.12
32.92
NA
NA
NA
NA
NA
NA
32.27
32.0
NA
32.7
31.8
31.8
31.66
32.06
32.46
31.66
29.98
31.98
31.38
32.48
32.18
29.88
31.88
31.78
32.38
32.08
31.9
31.9
32.7
31.9
33.5
31.97
NA
NA
31.51
32.45
31.45
31.69
31.69
31.69
32.89
32.79
32.79
31.88
31.79
31.14
32.6
31.9
32.79
31.34
32.05
32.13
32.15
31.71
32.51
32.11
NA
29.51
33.01
32.11
30.01
32.47
33.37
32.0
32.5
32.6
31.56
32.23
32.13
31.43
32.33
32.03
32.53
32.23
34.44
30.24
32.75
32.15
32.45
31.85
32.95
32.37
31.56
31.96
33.25
32.2
32.19
32.21
32.73
32.11
32.25
32.72
32.08
32.02
32.29
32.8
32.08
31.88
31.73
31.63
33.63
31.98
32.58
31.86
31.77
33.25
32.15
33.25
31.48
31.94
31.57
30.98
32.17
32.64
NA
NA
NA
NA
31.57
32.62
32.62
32.5
33.2
32.4
32.5
NA
NA
NA
31.53
32.33
31.93
32.53
31.93
32.13
32.43
31.03
32.13
31.98
32.08
31.88
32.92
31.82
32.22
NA
NA
31.81
31.51
32.11
30.63
32.11
31.82
34.29
29.7
32.28
31.88
30.11
32.31
32.11
32.11
32.51
32.11
31.21
32.11
32.11
32.11
32.14
32.14
32.14
32.14
32.08
33.01
32.57
31.87
31.87
32.57
33.04
32.74
NA
NA
32.19
32.0
NA
32.32
32.54
32.11
32.23
32.58
31.88
32.68
31.18
31.98
32.08
33.08
32.5
31.9
32.7
31.3
32.0
32.1
33.1
NA
31.85
34.12
NA
NA
32.48
31.98
33.44
32.17
32.23
32.56
32.4
32.22
32.53
33.16
32.42
33.36
31.32
32.62
32.5
32.37
32.37
32.99
NA
NA
NA
NA
32.93
32.64
32.42
32.93
32.93
32.41
32.91
34.71
32.41
33.71
32.51
32.18
34.26
34.51
32.87
NA
32.32
33.14
32.59
40.56
NA
31.5
32.07
31.91
33.96
33.6
33.64
33.67
33.87
33.8
33.92
NA
32.17
32.52
NA
NA
32.27
31.57
32.57
32.37
34.96
31.59
35.82
32.35
32.59
33.88
32.15
32.42
32.11
32.42
32.47
32.26
31.92
32.47
30.27
NA
32.47
32.47
NA
32.24
32.67
32.67
32.97
30.65
32.25
32.55
32.25
33.44
32.04
33.21
32.28
33.69
33.93
32.97
NA
31.8
32.97
32.03
32.17
29.05
31.78
32.2
31.27
31.76
32.0
32.02
31.82
32.91
31.72
31.72
29.96
34.16
31.39
30.81
32.69
33.0
31.91
31.17
29.65
31.95
28.68
32.21
31.39
32.03
31.96
31.9
NA
NA
NA
31.79
31.29
32.29
NA
NA
NA
NA
31.81
32.74
32.49
31.92
32.36
32.04
32.11
NA
33.59
32.05
32.15
31.35
32.35
31.55
NA
32.15
32.02
32.02
33.52
33.72
31.92
33.02
31.66
32.57
31.22
NA
NA
31.79
31.97
31.34
33.37
31.74
31.99
32.05
31.92
31.9
32.15
32.88
31.8
32.44
32.14
31.78
32.74
31.55
NA
NA
NA
NA
NA
NA
NA
NA
NA
NA
NA
NA
NA
NA
32.82
33.5
32.32
32.32
32.32
NA
32.64
32.33
34.24
32.32
32.27
NA
29.9
32.2
32.4
33.75
31.96
33.27
32.21
32.28
32.08
32.73
32.11
32.1
32.39
NA
32.29
32.18
32.01
31.61
32.31
32.01
32.11
33.01
33.11
31.81
32.31
32.61
32.31
31.71
33.01
32.91
32.57
31.78
32.83
32.99
31.55
NA
NA
NA
NA
NA
NA
NA
NA
NA
NA
NA
32.55
31.45
32.84
32.74
32.09
31.03
34.92
32.28
32.35
32.15
32.75
32.38
32.51
32.24
32.91
32.44
33.66
32.68
31.28
32.39
33.0
31.69
32.65
32.18
34.27
32.64
33.41
32.14
32.14
31.45
31.35
32.05
31.45
32.45
33.65
NA
32.25
32.1
32.03
32.39
32.19
32.63
32.29
31.65
31.68
NA
NA
30.62
32.22
33.58
32.71
33.15
31.67
31.96
NA
NA
NA
32.49
32.62
31.89
32.65
32.72
32.49
32.13
32.13
34.06
32.77
33.84
33.01
33.41
32.91
31.92
32.65
32.46
31.36
32.65
31.55
32.34
32.64
32.14
32.74
32.84
31.94
31.14
33.34
32.14
32.84
32.51
34.59
32.49
NA
NA
33.07
32.48
32.33
29.48
32.3
31.75
32.45
32.15
32.22
32.28
32.44
32.38
32.64
33.06
32.99
33.15
32.61
33.09
33.24
33.32
NA
32.46
32.46
32.84
32.72
NA
32.17
32.91
32.38
32.3
32.9
32.07
32.37
31.92
32.02
31.32
33.12
32.42
33.32
32.02
33.02
32.22
32.02
32.62
NA
32.53
NA
31.94
32.54
32.54
32.44
31.04
32.12
31.68
31.99
31.66
31.66
32.66
31.66
31.46
32.36
32.26
NA
NA
32.26
NA
33.0
31.83
NA
NA
NA
NA
NA
NA
33.8
31.8
30.55
33.25
NA
32.47
33.71
33.26
32.49
32.6
32.34
31.79
32.15
32.04
32.2
32.4
32.68
32.48
32.7
32.13
31.73
32.21
32.86
33.03
32.8
32.83
33.38
30.22
32.82
32.82
32.32
32.32
32.82
32.82
30.22
NA
31.82
32.82
31.82
31.32
31.82
31.95
32.4
32.44
33.04
32.84
32.14
32.74
32.54
32.74
32.54
32.24
31.76
31.06
31.06
NA
31.49
32.09
31.69
31.39
NA
32.29
NA
32.57
32.47
31.77
32.57
32.33
32.33
NA
32.69
32.16
32.54
32.52
31.99
32.41
NA
33.24
34.05
31.97
32.59
31.5
32.68
32.32
31.82
NA
32.07
31.74
32.34
32.54
33.44
32.04
32.64
32.34
32.04
32.04
32.94
31.82
31.43
32.85
33.21
32.38
32.85
32.58
33.73
31.48
32.32
31.26
32.32
32.52
32.72
31.84
31.68
NA
NA
32.24
NA
32.64
NA
32.52
31.82
32.65
32.41
31.73
31.94
32.67
32.75
32.59
31.78
32.79
NA
33.28
34.71
33.01
32.76
30.24
33.21
33.02
32.13
33.15
32.32
31.42
32.4
29.5
32.6
31.7
31.93
32.63
32.73
32.33
31.93
31.23
32.01
32.36
31.91
NA
31.74
NA
32.11
33.19
32.29
32.19
32.69
32.69
32.39
31.89
32.69
32.39
32.89
33.29
32.58
31.52
NA
NA
NA
NA
28.5
32.34
32.3
32.13
32.81
NA
31.93
32.12
32.34
32.94
32.82
32.23
31.73
31.43
31.93
32.08
32.38
NA
NA
NA
32.4
NA
NA
32.23
NA
32.12
32.02
32.32
33.72
30.52
31.82
31.72
NA
32.43
32.78
32.65
32.09
31.2
32.68
29.9
33.52
32.68
33.69
33.6
31.3
32.8
32.0
32.4
30.86
31.76
31.46
30.16
32.36
32.06
31.96
32.96
31.86
NA
32.33
32.09
32.09
32.36
33.32
34.87
32.36
32.09
28.26
32.7
32.8
32.35
32.35
32.02
32.98
32.43
32.0
34.9
31.47
35.41
31.93
32.43
33.9
34.96
31.59
35.82
32.35
32.59
33.88
32.53
32.74
31.75
34.9
31.47
35.41
31.93
32.43
33.9
32.06
33.04
32.14
30.04
32.44
33.07
32.27
33.72
33.53
31.62
32.18
31.67
31.63
32.18
32.18
31.67
32.68
32.23
32.33
33.13
NA
32.73
32.76
32.59
32.15
32.69
NA
31.99
31.64
30.76
32.59
32.81
32.87
29.66
33.28
32.16
32.64
32.04
32.66
32.67
32.39
33.4
32.26
28.92
31.42
32.52
32.22
30.02
32.32
31.81
32.01
31.41
33.41
31.81
31.91
32.11
32.01
32.41
31.91
32.21
33.01
31.81
32.51
32.31
31.81
31.91
32.81
31.61
31.89
31.99
31.39
33.29
31.79
32.09
32.09
31.99
32.09
32.19
32.89
31.89
32.49
32.29
31.89
32.89
31.59
32.04
32.0
31.15
31.86
31.71
31.78
32.28
31.98
NA
31.16
32.06
32.36
31.96
31.53
31.67
31.87
32.26
32.66
32.26
32.06
31.46
32.56
32.66
32.26
32.06
31.53
31.57
31.16
32.89
29.39
32.09
31.89
32.29
32.89
33.19
32.05
32.45
32.45
32.35
32.76
32.1
32.3
32.5
32.2
32.2
31.6
32.2
32.99
NA
32.46
32.61
33.5
32.07
31.87
NA
31.87
NA
NA
NA
31.82
32.12
32.03
32.12
32.56
32.46
27.46
32.76
32.92
32.22
32.82
32.42
33.32
31.94
31.54
32.64
32.34
32.24
31.74
32.34
32.24
32.48
30.38
NA
NA
NA
32.32
32.64
33.42
32.04
32.92
32.49
31.3
32.7
30.65
32.9
32.54
31.97
32.78
30.81
33.06
32.4
33.2
NA
NA
NA
NA
NA
NA
NA
NA
NA
NA
NA
NA
NA
NA
31.99
30.19
32.37
32.9
31.77
32.14
31.94
31.54
32.64
32.34
32.24
31.74
32.34
32.24
33.25
32.52
32.72
32.17
31.51
31.17
31.49
31.88
32.64
32.14
33.04
33.34
32.74
32.34
32.24
31.24
31.84
32.54
31.34
30.94
31.98
33.13
32.33
31.91
32.53
30.96
32.26
31.32
33.08
31.51
NA
NA
NA
NA
NA
NA
NA
NA
NA
NA
NA
NA
NA
NA
NA
NA
NA
NA
NA
NA
NA
NA
NA
NA
NA
NA
NA
NA
NA
NA
NA
NA
NA
NA
NA
NA
31.52
31.62
32.42
32.59
32.59
32.11
31.81
32.46
NA
31.71
31.83
32.44
32.74
34.1
31.93
32.05
32.45
32.43
32.36
32.08
32.55
32.75
32.25
32.55
32.07
32.42
32.18
31.88
32.11
32.34
30.97
31.6
32.06
30.6
NA
32.27
32.67
31.89
33.39
32.66
32.38
32.89
31.27
32.37
31.96
33.93
31.96
32.19
30.56
32.17
32.6
31.5
31.24
32.19
31.83
33.31
31.53
32.43
31.19
32.65
30.58
32.2
33.09
32.45
31.41
31.45
32.18
30.08
33.06
31.65
31.59
32.69
31.96
32.48
32.91
32.26
32.98
32.57
31.68
NA
32.18
31.18
31.68
32.18
30.28
31.36
32.53
33.23
31.93
32.65
33.75
32.88
32.2
32.45
32.29
31.81
NA
NA
NA
30.74
31.97
32.74
32.67
30.91
NA
NA
31.73
32.07
NA
31.86
32.05
32.19
32.39
32.22
32.12
32.15
31.79
31.26
31.9
32.26
32.06
32.01
32.11
32.27
32.53
32.98
NA
31.52
32.93
32.1
32.0
32.18
32.88
32.58
32.88
31.63
32.0
31.72
32.31
32.0
32.48
31.87
NA
32.22
32.78
30.64
31.64
NA
32.36
32.14
32.35
32.38
31.7
31.68
31.5
32.52
34.47
32.82
30.78
32.84
32.12
32.29
32.96
32.37
31.71
33.44
31.77
31.85
31.72
32.22
32.54
NA
NA
NA
NA
32.19
33.09
32.19
32.89
32.99
30.39
32.99
32.69
32.99
NA
31.96
33.06
31.96
31.96
32.16
31.36
31.86
32.56
31.96
34.56
32.06
32.56
32.36
31.86
32.16
33.06
32.06
30.16
30.55
31.35
32.15
31.35
30.35
31.55
31.85
31.25
31.45
31.76
31.95
32.16
31.71
NA
NA
NA
NA
32.7
32.95
31.62
31.86
30.76
32.29
NA
32.74
30.59
32.31
31.62
32.45
32.25
31.05
32.39
33.25
32.47
33.24
32.47
32.58
32.32
31.77
32.13
33.21
32.61
NA
NA
NA
NA
NA
NA
NA
NA
NA
NA
NA
NA
NA
NA
NA
33.18
32.09
31.28
32.63
32.12
33.14
30.48
32.46
34.2
31.93
32.15
32.61
32.03
32.35
32.15
32.43
32.63
32.23
30.84
32.82
32.04
32.25
NA
32.11
32.97
32.64
32.04
32.04
32.24
32.37
32.07
32.21
32.99
32.99
32.49
NA
31.69
32.79
32.49
32.51
31.92
32.34
32.3
31.66
32.56
31.75
32.19
32.43
31.06
31.55
33.07
32.09
32.42
31.4
32.66
31.83
31.68
32.1
NA
NA
31.72
NA
33.38
30.33
31.86
32.06
32.33
32.51
32.72
32.12
32.52
32.72
32.32
32.82
32.22
32.22
32.32
32.72
32.43
31.01
32.95
31.27
31.72
31.47
32.27
31.88
31.56
31.57
31.91
33.26
32.46
32.16
32.46
31.85
31.84
32.41
32.2
32.62
31.9
30.79
32.42
33.01
32.95
32.65
32.95
32.55
32.45
33.25
35.21
32.33
32.05
31.09
31.93
32.51
31.68
31.5
32.52
34.47
32.82
30.78
32.84
32.12
32.29
32.25
32.04
31.74
32.19
30.75
31.9
32.5
31.62
31.51
32.19
31.38
31.91
39.39
30.43
31.76
NA
31.68
33.11
28.62
32.57
32.61
33.0
32.33
32.34
32.29
31.96
29.42
31.83
30.18
32.36
31.67
31.98
32.14
33.52
31.99
32.06
32.55
31.35
32.45
32.05
30.47
31.71
33.88
31.63
32.17
32.99
NA
33.13
32.16
32.35
32.48
31.52
32.66
32.88
32.87
32.47
32.46
32.4
32.79
32.18
32.22
32.22
32.38
31.18
31.78
NA
NA
NA
NA
NA
NA
31.54
32.45
34.65
32.53
34.44
32.18
33.43
32.49
32.49
31.86
NA
33.11
NA
32.14
32.17
32.29
32.75
32.24
32.88
32.49
32.21
32.75
32.39
32.56
32.02
31.97
32.62
32.62
31.73
32.92
31.58
31.94
32.77
32.57
32.54
NA
32.17
32.37
32.81
32.73
30.64
30.75
32.44
32.1
32.51
NA
32.37
32.32
32.12
32.74
32.12
32.96
32.16
32.19
32.61
32.39
31.54
NA
32.36
29.86
32.05
NA
32.99
32.05
31.88
NA
31.86
32.13
32.66
32.29
31.9
31.99
32.54
NA
32.2
32.5
31.7
NA
NA
32.21
NA
NA
32.9
33.54
32.52
32.82
32.42
32.92
33.22
32.91
32.21
35.01
33.31
32.61
32.04
32.04
32.45
32.05
32.05
32.41
31.9
32.42
28.94
NA
NA
32.14
32.4
33.0
32.6
30.1
NA
32.7
32.94
32.7
32.02
30.18
33.08
32.48
32.28
31.98
32.98
31.78
31.48
33.28
32.39
32.44
32.34
33.18
33.38
32.85
29.75
32.1
32.74
32.1
31.47
32.74
32.1
31.47
31.91
32.71
32.67
31.03
32.64
31.92
32.39
31.92
30.05
31.75
31.85
32.55
32.15
32.85
31.35
32.35
32.85
31.88
34.5
32.73
31.94
31.53
NA
32.1
31.26
32.52
32.67
32.73
32.35
32.67
32.65
32.28
32.27
32.91
32.98
33.37
32.61
32.44
32.49
32.39
32.13
32.13
NA
NA
NA
NA
NA
NA
NA
NA
33.05
32.06
30.7
31.98
32.38
32.56
32.31
NA
32.05
NA
NA
32.05
NA
NA
31.29
32.38
31.98
31.68
31.68
35.08
33.38
31.98
32.68
32.16
31.26
30.16
31.76
32.06
NA
NA
NA
NA
NA
NA
NA
NA
NA
NA
32.16
33.39
32.04
32.11
NA
NA
NA
NA
NA
31.45
32.04
31.92
32.11
NA
NA
30.45
32.27
30.92
31.92
32.42
32.12
32.31
32.32
32.28
32.72
32.11
32.51
31.85
31.95
32.0
32.6
32.69
32.65
31.82
32.29
29.81
32.29
32.29
32.29
31.07
NA
32.04
32.04
NA
32.5
32.54
32.25
32.29
31.44
32.52
32.22
32.42
31.42
31.12
32.42
32.42
NA
32.51
28.67
33.27
29.41
31.81
31.81
31.65
32.55
31.35
32.25
33.15
31.65
31.85
33.02
31.79
32.33
32.3
32.25
32.72
32.57
33.54
33.09
31.95
32.6
32.32
29.82
31.26
31.11
32.05
31.34
32.23
31.81
32.24
32.04
31.54
31.74
32.54
31.65
32.75
32.85
32.7
32.9
33.0
31.88
30.78
32.08
32.35
33.19
32.42
31.34
33.34
32.54
33.54
32.14
32.64
33.24
32.64
33.24
32.31
32.03
32.03
30.86
31.45
30.86
32.03
40.79
32.03
NA
32.29
33.59
31.79
33.19
32.19
33.59
32.29
32.69
32.71
32.21
31.91
32.11
31.51
32.21
32.51
32.91
31.84
31.82
33.06
30.39
32.24
31.83
31.54
32.62
33.17
32.72
NA
32.24
32.9
33.66
32.75
32.7
NA
32.74
32.17
33.1
32.11
32.64
NA
32.55
32.06
31.75
31.6
31.94
32.42
NA
31.68
31.59
32.01
32.47
32.3
32.85
32.14
32.26
32.82
32.17
32.7
32.15
32.66
32.76
32.8
32.84
33.11
31.98
32.94
32.92
33.1
32.03
34.29
NA
30.99
32.29
31.69
31.69
31.79
31.79
31.79
32.58
32.11
32.26
32.49
32.21
31.79
32.45
31.99
31.84
32.87
32.17
31.93
32.03
31.21
32.47
NA
32.37
32.97
32.6
32.6
32.17
32.41
33.35
31.78
32.28
32.07
32.12
31.42
35.27
32.16
32.26
33.27
32.49
31.89
32.09
33.69
31.79
32.66
31.92
32.75
32.11
NA
33.5
32.3
32.18
31.61
29.5
32.55
26.62
31.68
32.42
32.53
33.78
32.25
33.34
31.74
32.77
32.89
32.49
32.69
32.29
32.49
31.49
31.99
33.19
33.19
32.99
32.05
31.8
31.79
32.48
32.21
32.19
32.03
31.5
32.7
32.7
30.96
32.26
31.06
32.46
32.5
32.44
32.16
32.84
32.26
31.56
33.06
32.86
32.66
32.66
32.12
NA
30.52
31.82
32.32
31.62
32.82
32.12
32.61
32.86
33.26
32.99
31.1
32.4
32.4
32.83
31.25
33.72
31.95
33.07
32.0
33.3
32.1
32.35
32.65
31.63
32.63
31.13
32.53
34.03
32.73
32.13
32.33
32.93
31.93
31.83
33.6
NA
33.07
NA
31.93
32.26
32.34
NA
31.85
32.25
32.34
32.34
33.11
32.69
32.89
33.04
32.97
32.64
32.84
33.59
34.59
32.32
32.24
32.07
32.22
33.23
32.46
32.69
31.82
32.21
31.84
32.41
32.01
32.01
31.81
32.41
31.89
32.28
32.12
32.64
NA
NA
32.34
NA
32.26
32.45
34.9
31.1
32.0
32.87
32.58
31.25
32.07
32.03
31.15
32.44
32.92
32.05
31.93
32.43
32.43
32.43
32.23
32.33
31.63
31.83
33.33
32.33
32.49
32.19
31.59
32.02
32.77
32.0
32.8
33.6
32.7
NA
32.38
31.76
31.96
31.19
32.69
32.56
33.28
32.32
32.52
32.05
31.9
31.63
32.05
NA
31.23
32.3
32.84
32.21
32.9
NA
32.15
32.13
32.86
32.76
32.36
32.24
33.79
30.83
NA
32.18
32.88
32.78
NA
31.88
32.48
32.18
32.83
33.53
31.54
31.96
33.59
29.55
32.39
32.04
32.5
30.0
31.59
31.6
32.3
31.62
32.51
32.27
32.23
32.1
33.1
30.59
31.63
31.78
32.9
31.76
31.85
31.28
31.99
32.74
33.14
32.14
32.04
31.54
32.84
33.64
32.04
32.72
33.32
32.32
33.42
33.32
32.42
32.08
32.28
32.59
33.04
32.64
31.98
32.55
32.25
32.46
32.96
32.26
32.46
32.76
32.38
32.18
NA
32.17
32.37
31.87
32.41
32.31
31.3
33.56
32.87
32.88
33.51
33.0
33.0
32.29
31.47
31.81
NA
32.31
30.07
32.28
32.2
28.74
31.58
30.82
30.69
30.56
31.35
32.29
31.98
32.23
31.66
31.73
31.36
32.74
32.23
32.09
32.22
31.6
31.66
31.54
32.75
32.23
32.43
32.03
32.37
32.56
32.6
32.37
33.16
32.36
33.21
31.45
31.45
32.48
31.62
32.07
29.37
32.19
31.65
32.78
32.07
31.6
32.15
31.56
32.49
32.77
32.87
31.98
33.71
33.17
33.11
33.13
32.12
32.02
NA
32.12
32.22
31.92
31.82
NA
NA
NA
31.53
31.91
32.73
31.91
32.46
32.46
32.33
30.88
NA
32.17
NA
NA
NA
NA
NA
NA
NA
NA
32.6
32.62
31.99
33.0
30.95
31.62
31.9
NA
33.72
33.28
34.16
32.66
31.24
32.75
31.19
32.16
32.39
32.67
32.57
34.63
32.43
32.46
30.96
32.23
33.44
33.34
34.04
32.24
32.41
31.42
32.36
33.55
31.51
32.21
32.1
32.12
32.54
32.2
32.2
32.22
32.28
31.68
32.32
31.86
31.48
32.59
31.29
31.11
31.9
31.78
32.18
30.78
32.68
32.48
30.22
32.22
NA
32.32
30.52
32.82
NA
NA
NA
NA
NA
NA
31.79
32.22
33.11
32.46
32.68
32.01
32.25
34.15
33.13
NA
32.01
33.58
32.06
31.68
32.06
32.62
33.09
NA
32.95
32.85
32.35
31.25
32.45
31.84
32.24
32.54
34.14
31.64
32.64
32.1
NA
32.17
32.33
32.16
31.5
31.69
32.52
32.44
31.46
32.28
33.4
32.34
32.26
32.55
NA
32.32
NA
32.22
31.49
31.71
31.41
32.11
32.03
NA
NA
31.41
31.26
31.63
31.93
NA
NA
NA
31.79
NA
31.87
31.67
32.41
33.01
32.03
31.48
32.7
31.59
32.12
32.18
32.7
32.72
32.12
32.22
32.04
33.46
31.72
32.34
32.34
31.24
30.77
31.83
31.04
31.78
31.54
31.56
31.8
32.44
32.07
32.27
29.77
34.17
32.79
31.83
32.01
31.66
31.4
32.79
32.88
NA
NA
32.03
32.33
34.73
NA
33.23
31.93
32.43
32.03
31.66
31.39
32.47
31.66
31.12
31.7
32.31
32.21
32.46
29.37
31.71
30.45
32.07
32.48
32.87
32.48
32.85
32.48
31.94
33.54
39.69
31.75
32.59
31.75
32.34
31.99
NA
NA
NA
NA
NA
NA
NA
NA
NA
NA
NA
NA
NA
NA
NA
NA
NA
NA
NA
NA
NA
NA
NA
NA
NA
NA
NA
32.17
32.69
32.37
31.5
32.14
32.82
NA
32.28
32.26
32.24
33.19
32.18
32.58
32.45
32.44
32.2
32.25
32.5
32.9
32.4
31.2
32.7
32.2
31.59
NA
31.97
32.35
NA
37.05
31.34
32.31
32.41
29.01
30.11
31.81
31.41
32.51
33.13
29.8
NA
NA
32.15
32.19
31.14
32.66
31.59
31.74
31.98
32.36
33.15
31.38
33.08
32.19
32.04
33.19
32.74
32.41
32.47
32.33
32.91
31.92
31.85
31.78
NA
NA
NA
NA
31.31
32.26
32.59
30.94
33.1
32.04
31.57
31.68
32.41
31.91
31.41
30.07
31.62
32.52
31.96
31.99
30.8
31.68
31.85
NA
32.61
32.24
31.78
30.35
31.78
31.47
NA
NA
NA
NA
32.02
31.83
33.04
32.59
32.06
32.54
34.61
33.34
30.71
31.88
32.32
32.19
30.01
30.97
32.09
33.28
43.3
30.77
29.32
31.6
32.13
32.03
NA
32.68
32.23
31.79
32.41
31.83
NA
32.42
33.2
32.45
32.45
32.68
32.82
32.31
32.47
32.55
31.08
32.45
31.95
31.82
NA
32.03
32.03
32.31
30.07
32.53
32.7
31.85
31.83
31.34
31.97
32.66
32.35
32.15
33.14
NA
32.89
32.8
31.14
31.34
31.34
32.74
33.44
32.34
NA
32.59
32.21
32.41
32.11
32.51
32.56
32.16
32.26
32.46
31.87
32.13
31.45
33.5
31.86
32.07
32.17
32.05
32.5
32.0
33.01
31.86
32.65
32.27
31.87
31.96
32.83
31.72
31.98
35.46
31.86
32.86
32.06
32.31
32.54
31.77
31.83
32.29
32.02
32.36
32.46
32.14
32.44
33.01
34.69
32.11
32.33
32.2
NA
32.04
32.28
32.29
32.29
NA
NA
31.8
31.8
32.04
32.29
32.35
32.3
31.56
32.29
30.62
31.29
32.57
32.44
33.33
32.04
31.51
31.97
NA
32.96
32.37
33.61
30.68
33.03
32.22
32.62
32.48
32.47
32.23
32.28
31.13
32.32
32.22
31.64
32.03
32.92
32.67
32.31
32.01
31.94
34.03
32.18
31.15
32.45
32.11
32.25
30.72
31.52
32.1
32.1
30.89
32.55
32.05
33.25
31.85
32.61
32.17
32.79
32.7
33.48
32.48
31.95
32.46
32.48
31.87
32.31
31.82
32.63
32.67
32.05
32.76
32.24
32.24
32.26
32.85
32.68
31.56
33.29
32.82
32.92
33.82
32.52
NA
NA
NA
NA
32.89
31.65
29.98
32.18
31.96
30.96
32.06
31.97
32.73
33.03
33.13
32.63
31.62
32.06
NA
32.02
32.06
32.35
32.29
32.02
32.36
32.46
32.14
32.44
33.01
NA
31.88
NA
NA
31.96
31.83
31.72
32.37
31.77
32.28
NA
32.47
32.29
33.47
31.91
32.4
32.5
31.45
32.35
32.15
NA
32.42
NA
31.4
32.51
32.7
32.56
NA
32.65
31.31
31.35
32.14
31.63
31.37
27.73
31.3
NA
32.86
31.95
NA
34.6
33.72
33.47
32.47
32.22
31.77
31.52
32.35
32.07
32.09
33.15
32.59
31.4
31.83
31.26
32.05
32.3
31.4
32.33
32.05
31.86
32.44
32.14
31.63
33.21
31.79
31.92
32.06
33.34
33.11
32.44
33.76
NA
NA
32.1
32.0
31.99
31.91
31.96
32.34
32.84
32.08
29.98
31.54
31.84
32.64
33.94
32.74
31.94
32.22
32.77
31.86
31.93
32.45
NA
32.41
32.21
32.15
32.31
32.04
33.23
NA
29.24
31.85
NA
NA
NA
NA
NA
NA
32.94
32.57
32.07
32.04
33.24
32.14
31.91
31.95
31.64
31.77
33.66
32.18
32.23
31.95
31.2
31.63
32.06
32.23
31.94
31.91
31.81
NA
NA
NA
NA
NA
NA
NA
NA
NA
NA
NA
NA
NA
NA
32.14
31.97
31.93
32.78
NA
32.56
NA
32.14
32.12
NA
31.5
NA
31.99
31.96
31.83
31.89
32.64
32.52
31.61
32.21
32.21
31.63
32.05
32.05
32.17
31.93
33.6
32.3
33.81
32.32
32.05
NA
31.71
32.28
32.43
32.18
31.9
32.37
32.55
32.32
32.56
34.21
31.8
31.14
34.3
33.3
34.3
32.52
32.52
33.82
32.37
32.37
32.61
31.41
32.13
32.37
33.09
28.98
33.22
32.43
32.17
32.46
32.01
33.36
NA
NA
NA
NA
NA
32.59
32.43
33.03
32.21
31.98
31.38
31.9
31.9
31.6
32.0
32.2
32.1
NA
NA
32.83
32.57
28.13
32.27
NA
31.86
31.49
32.2
34.64
32.2
32.92
31.49
32.92
32.2
30.49
32.92
31.48
NA
32.51
33.33
32.51
32.11
32.21
33.31
31.91
32.56
32.29
32.36
32.38
31.69
31.82
33.62
32.49
33.33
31.18
32.43
33.03
32.69
31.94
31.54
32.12
32.13
32.3
32.45
NA
NA
NA
NA
NA
NA
NA
NA
31.49
32.61
35.41
30.8
33.01
32.53
32.11
32.51
32.04
31.54
32.36
32.23
32.64
32.44
32.54
32.27
32.6
32.31
32.15
32.57
32.32
33.6
32.2
31.89
30.59
32.12
32.71
32.08
33.66
31.28
31.64
31.25
32.41
32.49
32.48
32.57
32.61
NA
32.11
32.83
NA
32.15
32.44
32.4
31.93
NA
34.41
33.58
32.29
28.8
35.09
NA
32.91
32.44
32.23
31.97
31.49
NA
33.44
32.28
28.84
35.02
NA
32.98
32.35
32.24
32.16
32.89
32.22
32.05
33.26
32.46
30.67
32.07
32.14
32.05
31.57
31.97
32.63
32.83
32.75
31.81
32.93
32.57
33.14
32.14
NA
NA
NA
NA
NA
NA
NA
NA
27.5
NA
28.9
NA
28.9
NA
31.97
30.61
32.25
31.93
30.57
32.2
32.05
31.91
32.39
31.96
31.17
30.39
31.74
29.81
32.29
33.31
33.35
35.58
32.22
32.64
32.0
32.48
32.34
31.74
32.91
32.89
32.22
33.11
32.26
32.53
32.18
31.78
32.66
29.97
31.78
31.91
32.9
32.5
31.98
31.32
31.61
32.67
30.3
31.29
31.27
32.51
31.86
31.33
32.06
32.6
32.12
32.06
32.16
33.95
32.38
32.57
32.1
32.16
33.92
32.37
32.52
32.49
33.19
31.99
33.59
33.09
33.31
31.81
32.23
32.19
32.67
31.8
32.47
32.27
32.3
31.73
32.43
31.82
33.42
NA
NA
28.84
33.11
32.56
32.77
31.11
32.94
32.48
NA
NA
NA
NA
NA