60.98
59.16
58.81
60.22
59.98
59.01
58.35
59.28
59.24
59.83
58.17
58.48
59.72
57.52
59.13
59.16
59.78
59.48
59.54
59.75
60.0
59.49
57.46
60.74
60.04
59.89
59.53
58.3
58.36
59.5
60.36
59.68
59.67
58.91
58.68
59.01
60.76
59.45
59.45
58.93
56.79
59.8
58.98
59.41
58.5
61.51
58.88
57.9
60.76
58.45
59.43
59.79
57.53
59.74
59.88
59.66
59.85
59.87
59.1
58.96
59.37
60.02
60.6
60.01
59.36
60.51
60.13
59.62
60.35
59.06
57.97
59.26
58.86
60.59
58.9
59.69
58.85
60.29
59.14
58.11
60.35
59.53
59.45
58.81
NA
59.87
58.97
59.17
58.79
57.65
60.18
59.39
60.57
59.87
60.02
59.86
60.47
59.34
60.64
59.02
59.51
59.58
61.08
59.55
60.04
60.19
60.89
56.75
58.55
58.91
60.7
59.98
58.69
59.12
59.83
59.52
60.13
58.96
57.28
60.96
59.86
60.5
58.99
59.72
58.3
58.73
59.61
59.53
58.47
58.61
59.92
59.25
56.13
57.66
60.15
57.37
58.76
59.56
57.39
61.22
60.37
61.16
58.44
53.55
61.17
61.17
58.36
59.81
59.67
59.37
59.09
58.08
59.94
59.48
59.35
60.45
59.34
57.34
60.32
58.66
59.19
60.46
59.12
57.96
58.89
61.15
59.1
59.8
59.06
60.91
59.37
58.71
57.69
58.63
59.94
60.9
54.96
58.52
59.2
57.66
60.88
58.79
58.98
60.34
55.68
60.6
59.25
61.05
59.64
60.18
59.93
58.55
59.01
58.7
59.3
58.97
59.6
59.14
54.44
56.9
60.17
59.43
59.06
58.73
58.12
58.83
59.48
57.17
58.54
60.31
61.62
60.47
59.29
59.6
58.9
59.27
60.18
57.96
60.6
56.11
59.66
59.55
59.99
59.76
61.05
59.34
59.34
59.75
57.46
59.25
59.85
60.8
59.23
59.54
58.79
56.48
59.69
59.86
59.21
59.62
NA
59.95
57.02
58.89
59.34
58.19
59.35
59.8
59.53
60.97
59.72
59.34
58.84
59.15
59.02
58.72
60.78
59.19
59.68
59.94
58.76
58.52
59.33
60.58
60.51
59.63
59.83
60.32
59.8
59.44
58.46
59.73
58.87
58.02
55.15
59.9
59.91
59.58
59.42
60.73
59.88
59.86
59.07
59.78
59.71
59.67
59.35
58.68
59.47
58.36
61.05
60.27
59.86
58.98
58.38
57.53
60.93
59.41
59.03
58.59
59.47
58.68
60.18
56.55
60.24
58.88
57.7
59.99
58.48
59.85
60.87
57.91
57.95
57.68
59.01
60.87
60.36
59.7
59.9
59.1
58.13
57.32
60.98
59.32
57.74
60.7
60.38
60.31
58.49
57.7
59.94
57.19
59.88
60.84
58.17
59.31
58.62
58.25
60.58
59.32
59.78
58.57
60.65
58.53
58.16
59.3
60.52
NA
58.71
56.66
59.74
58.24
59.27
58.18
60.84
58.56
60.47
59.44
60.68
59.02
59.02
59.43
59.8
61.18
59.37
59.98
57.85
58.4
59.1
58.44
60.3
59.18
58.9
59.71
58.74
59.25
59.25
57.69
58.67
59.25
60.19
58.13
60.65
57.03
59.18
60.6
56.58
59.74
57.98
58.74
59.06
59.76
59.02
59.04
57.87
57.97
58.86
60.21
59.68
60.07
59.51
58.83
59.35
57.26
59.77
58.66
59.65
58.84
60.04
58.8
59.93
59.8
58.69
61.25
56.61
58.41
60.17
55.8
59.42
58.25
59.19
59.6
60.42
59.69
59.87
59.08
59.05
59.51
60.98
59.32
60.1
58.38
60.51
59.45
60.12
61.03
58.3
58.44
58.81
60.35
58.6
56.9
60.85
60.02
60.85
60.02
60.81
60.09
60.72
60.06
60.88
60.06
60.75
60.08
59.46
54.32
61.01
59.69
58.81
59.9
59.33
60.27
59.66
59.38
57.78
61.51
59.91
58.51
58.81
57.91
59.78
58.56
59.29
59.05
58.8
60.45
61.81
59.72
55.87
58.85
60.84
59.51
59.96
59.37
59.26
61.29
NA
NA
NA
NA
NA
NA
NA
NA
NA
NA
59.47
57.61
55.71
58.11
60.08
57.49
59.56
59.34
59.11
NA
55.51
58.04
NA
NA
59.21
NA
59.32
58.25
55.61
58.37
60.34
60.46
NA
NA
59.5
60.72
59.67
58.7
58.48
59.23
61.09
60.26
58.95
58.75
59.22
61.08
60.38
58.94
58.74
58.53
57.13
58.79
59.03
58.98
59.69
59.53
60.26
59.18
56.76
55.54
58.11
59.01
57.14
54.57
59.18
58.22
59.09
59.82
60.56
59.58
60.35
NA
NA
59.59
59.57
59.62
60.12
59.65
59.5
60.11
59.24
58.54
59.64
59.44
NA
57.44
60.35
60.27
NA
58.19
58.82
58.82
57.82
58.92
57.82
59.42
59.14
NA
NA
NA
57.98
59.93
60.02
59.97
59.03
59.59
60.74
59.62
56.24
60.82
60.94
59.29
57.43
57.57
NA
NA
NA
NA
53.33
NA
NA
NA
NA
NA
NA
NA
NA
NA
NA
60.52
56.28
59.76
58.16
58.61
59.41
58.71
57.41
56.46
59.26
60.18
58.25
59.1
59.3
59.31
61.1
55.97
57.99
60.58
58.25
56.0
58.0
58.6
60.5
58.1
57.3
59.8
59.2
60.2
59.9
60.3
59.1
58.2
60.0
59.58
60.24
59.83
59.23
59.8
56.9
60.3
59.8
58.1
60.1
59.4
59.6
NA
NA
59.0
61.11
59.22
60.87
59.46
58.21
60.64
60.04
60.44
57.34
60.01
59.45
58.31
59.75
59.56
58.76
59.22
59.08
58.3
54.77
61.18
58.37
57.82
60.46
57.8
59.39
58.61
57.52
59.83
57.88
59.41
59.03
58.44
59.66
57.8
59.39
56.48
NA
NA
NA
NA
60.36
59.01
59.17
59.72
58.06
60.43
54.63
60.8
60.99
59.4
60.8
58.24
57.45
60.05
59.48
60.32
58.3
58.88
56.38
60.78
59.78
57.48
58.38
59.78
59.48
59.08
58.88
56.38
60.78
59.78
57.48
58.48
59.78
59.48
59.18
58.79
56.39
60.79
59.79
57.39
58.49
59.79
59.49
59.19
58.82
56.42
60.92
59.82
57.42
58.52
59.72
59.62
59.12
58.76
56.36
60.86
59.76
57.46
58.36
59.76
59.56
59.26
58.59
59.52
58.82
58.16
60.14
58.96
59.58
59.71
57.56
57.81
59.69
59.72
58.27
58.62
60.8
59.8
59.3
59.0
58.61
60.0
60.5
57.3
59.4
59.6
61.37
59.24
59.35
55.77
60.42
58.08
62.18
58.67
61.01
60.42
59.03
58.17
52.7
59.11
58.44
59.78
NA
60.77
56.17
57.68
56.95
58.4
60.5
58.4
58.8
60.3
60.3
59.6
59.4
59.4
58.5
60.3
58.4
60.3
NA
NA
59.82
59.09
58.82
57.68
60.31
58.98
57.63
58.13
57.57
59.41
59.78
60.22
59.51
59.23
59.63
62.5
59.02
58.89
58.79
NA
60.13
59.15
55.9
56.7
58.86
60.03
60.59
59.57
60.21
NA
57.97
59.46
58.06
59.69
59.33
59.7
55.65
59.84
59.47
60.55
59.47
59.01
59.16
55.88
58.69
60.56
58.57
58.13
58.83
58.19
58.25
57.04
57.06
59.89
59.98
59.96
59.93
59.93
60.99
59.25
57.46
57.62
57.7
60.24
57.74
58.55
60.92
59.89
58.9
58.07
60.77
58.96
59.8
59.04
59.35
59.67
57.64
58.14
60.79
58.92
59.77
NA
59.38
59.68
57.6
58.15
59.25
59.82
58.04
61.32
56.25
58.11
60.62
58.38
58.4
57.81
57.38
57.3
57.59
57.54
57.11
57.3
57.57
57.32
57.49
57.19
59.13
58.59
60.57
59.02
59.45
57.34
58.27
60.11
58.48
60.06
58.54
58.76
59.51
59.37
59.37
58.51
58.19
59.57
60.07
58.47
NA
57.11
59.67
58.86
54.68
NA
NA
56.57
59.21
59.61
59.03
59.91
57.85
59.9
60.76
58.53
59.62
58.42
59.74
59.04
56.04
57.54
59.19
59.11
NA
61.01
59.89
57.95
59.47
58.99
60.36
59.28
60.62
55.84
59.21
59.2
59.95
57.43
60.48
59.71
59.7
55.76
59.41
60.28
59.28
54.84
59.26
60.59
55.85
59.19
59.17
59.85
57.41
60.47
59.6
59.62
55.77
59.48
60.39
59.28
59.27
60.6
55.66
59.27
59.51
59.17
57.29
60.37
59.72
59.39
55.63
59.51
60.61
59.41
58.38
57.61
57.2
57.64
57.88
57.25
57.32
56.47
57.54
57.1
57.55
57.9
57.18
57.2
57.28
57.28
54.95
57.31
57.96
58.9
58.98
60.47
59.42
60.07
59.72
60.42
59.65
59.76
60.68
58.25
NA
58.32
57.78
58.99
57.78
58.99
57.73
59.03
57.68
58.9
57.87
58.88
60.17
59.88
58.48
58.83
59.27
55.26
59.32
59.92
62.1
NA
NA
NA
NA
NA
NA
NA
NA
NA
NA
NA
59.99
58.39
60.31
59.23
59.94
59.49
59.23
NA
NA
NA
NA
NA
NA
59.14
59.4
59.52
58.09
60.1
60.18
57.03
59.66
59.27
59.28
60.25
58.3
58.37
NA
NA
60.48
61.3
60.24
57.17
59.52
59.85
59.39
60.22
59.29
59.84
NA
NA
56.7
59.42
59.53
59.06
59.76
NA
59.57
57.38
56.87
56.95
57.39
57.18
56.79
57.12
57.02
56.95
56.87
56.95
56.69
56.15
59.44
59.5
60.48
59.3
59.27
59.56
56.61
59.68
59.58
59.62
57.18
59.02
57.24
59.46
NA
60.17
58.32
60.0
58.86
58.78
59.11
56.18
59.19
59.17
59.19
56.68
58.5
56.76
59.2
58.58
57.31
57.56
59.23
60.22
57.33
54.8
60.45
60.0
NA
58.83
59.68
NA
59.06
60.2
60.19
NA
NA
NA
NA
59.14
58.96
60.27
54.63
56.58
58.81
58.13
58.26
57.9
58.14
60.41
59.95
58.49
58.94
59.32
55.22
59.38
59.9
NA
58.93
59.52
60.96
59.75
NA
59.69
59.48
55.6
60.87
59.42
55.82
56.52
58.92
60.52
57.22
60.32
52.92
55.95
60.36
59.24
57.93
59.55
NA
61.13
59.11
59.62
58.09
59.83
59.57
59.59
57.81
60.95
58.36
60.65
59.13
59.95
59.5
60.25
59.15
59.75
59.45
59.15
60.57
59.82
58.82
57.52
58.52
59.42
NA
59.69
59.43
55.93
57.43
59.93
60.42
58.72
60.51
60.17
57.92
56.02
59.52
59.69
60.09
57.33
59.97
59.5
60.5
59.2
60.76
59.86
59.06
60.66
60.28
59.18
59.78
59.48
59.18
60.38
59.28
59.88
59.58
59.18
59.6
58.8
59.4
58.6
56.9
58.27
NA
NA
58.31
57.25
61.05
59.79
59.19
58.49
56.09
61.29
60.19
58.06
59.2
58.91
58.57
58.84
59.19
58.74
59.89
59.58
58.36
NA
NA
NA
NA
NA
NA
NA
NA
59.37
59.57
59.7
58.5
57.3
57.69
59.93
60.53
59.43
60.23
60.53
58.83
56.93
60.44
56.94
59.95
62.45
60.25
58.75
59.55
60.05
58.42
56.89
60.14
59.84
60.25
59.27
58.34
59.7
60.82
59.75
58.9
60.8
60.64
60.05
57.82
58.86
59.01
59.21
58.43
58.36
58.91
59.13
59.88
59.58
59.41
59.68
57.68
59.45
61.34
57.95
58.28
59.54
59.77
56.27
58.27
57.77
57.97
58.92
58.92
60.3
58.0
60.9
60.3
NA
NA
56.43
58.33
57.53
59.13
59.63
60.03
59.63
59.53
58.83
58.43
60.18
60.88
59.08
57.52
59.92
60.02
58.59
57.59
58.91
59.71
59.31
54.78
58.28
59.11
57.54
62.51
60.18
59.28
56.51
58.61
58.61
59.41
60.81
60.61
59.11
59.61
59.61
58.51
58.84
59.44
59.44
58.74
58.96
60.37
58.17
58.17
58.77
58.47
60.74
58.34
60.14
58.64
58.87
60.11
59.35
60.16
60.43
54.29
60.99
59.68
59.38
58.28
58.28
59.78
59.98
60.08
59.7
59.5
58.3
58.3
59.8
60.0
60.2
59.41
60.41
56.94
NA
NA
60.08
58.78
60.32
60.3
61.47
59.78
59.38
59.75
58.18
57.73
60.3
60.4
59.78
59.39
60.04
59.53
58.24
58.15
59.92
58.28
57.95
60.13
60.91
59.36
56.25
59.1
59.88
59.51
58.41
56.91
59.51
57.51
58.76
60.64
58.36
55.64
59.31
58.77
55.33
60.87
58.95
60.21
60.08
59.19
59.14
58.14
57.4
57.3
58.7
58.2
57.98
57.97
56.8
56.76
59.51
59.25
59.18
59.15
60.07
58.27
60.57
59.37
57.42
59.68
60.94
59.88
58.8
58.82
60.07
56.35
59.28
59.24
60.0
59.45
60.56
59.45
59.6
58.35
60.56
59.57
56.7
58.9
59.87
57.57
57.57
58.55
59.25
59.25
59.65
61.21
55.35
56.5
59.56
59.78
55.34
59.32
57.55
59.8
56.99
59.11
59.9
59.71
59.93
58.83
57.5
61.0
58.67
59.6
58.84
57.67
59.16
59.99
56.99
55.43
59.77
57.68
61.28
58.79
60.61
59.21
57.07
57.88
53.12
60.13
58.62
60.11
60.32
58.99
59.49
58.89
58.89
57.89
56.29
56.89
59.95
59.74
60.47
NA
58.59
59.4
59.33
58.16
59.88
59.5
56.74
59.0
58.96
60.15
59.25
59.15
61.15
59.25
60.15
59.95
59.92
58.82
59.62
58.42
60.32
61.22
60.86
58.87
61.62
57.47
58.57
59.41
59.82
59.42
58.57
59.88
58.24
60.42
58.95
59.71
59.94
56.15
61.72
60.26
58.45
60.56
56.18
59.8
58.95
60.59
59.79
59.1
56.75
NA
NA
59.28
60.95
59.22
59.44
NA
NA
58.49
59.73
56.87
60.12
58.92
59.42
57.64
60.1
57.96
56.33
59.11
59.39
59.03
59.6
58.14
59.74
60.6
58.44
59.55
58.37
60.08
59.48
57.17
59.13
59.26
55.85
56.2
59.42
59.61
59.81
59.01
60.51
59.51
58.11
56.01
56.21
57.81
60.11
59.81
59.51
58.91
57.41
54.71
60.02
58.38
55.99
55.6
59.1
57.79
60.39
60.09
57.09
58.09
59.19
58.89
57.09
59.29
60.29
56.89
59.65
59.65
57.04
59.24
60.24
58.34
59.33
60.14
59.85
59.35
60.26
60.37
57.87
58.82
59.81
58.6
57.84
59.78
58.48
59.16
58.08
62.07
59.49
60.44
57.8
59.73
56.49
60.04
59.44
58.95
58.95
58.85
58.25
58.55
57.85
NA
61.28
59.6
59.79
59.95
61.02
59.12
60.49
59.59
57.54
58.72
58.62
63.12
60.22
59.88
57.81
59.57
58.81
59.57
56.27
NA
NA
60.03
60.58
60.56
58.74
59.91
59.41
58.4
59.38
59.23
59.82
57.89
60.01
59.01
56.11
59.66
59.55
60.06
57.36
60.05
57.55
59.84
60.54
59.94
58.34
58.94
59.34
57.44
56.94
58.44
58.94
60.45
55.56
60.01
59.58
NA
61.4
59.64
59.42
58.7
58.1
59.32
59.95
59.15
59.37
59.47
60.48
59.56
58.02
58.0
57.16
57.58
57.71
57.43
57.11
56.88
54.54
58.46
58.96
58.46
57.63
58.26
59.57
56.34
59.53
57.24
56.95
59.1
59.44
59.66
60.02
58.12
59.92
57.72
58.35
59.51
59.26
60.02
59.42
59.32
58.2
60.9
56.75
58.34
60.44
58.34
58.24
56.34
59.84
59.64
59.03
NA
59.56
59.86
58.96
57.56
60.46
58.96
NA
NA
59.46
56.36
59.94
59.14
59.27
58.47
58.77
60.07
55.77
59.97
59.1
58.7
59.03
56.04
59.51
59.92
55.04
60.35
59.71
59.61
59.41
59.31
59.33
59.52
60.54
58.74
58.56
55.36
60.57
59.48
58.6
58.44
59.35
60.82
59.79
58.35
59.09
57.72
58.22
55.12
58.72
59.82
59.82
59.22
54.62
NA
58.22
60.32
59.82
57.72
59.82
60.55
60.46
58.34
56.44
59.74
59.34
60.54
59.84
59.34
56.04
60.34
59.86
56.76
59.16
60.79
59.89
61.49
59.89
59.49
60.39
59.49
59.49
59.57
59.37
59.67
61.37
59.93
59.73
59.67
60.95
59.19
60.12
57.27
59.09
59.3
59.32
59.72
57.99
61.45
58.52
58.97
56.98
59.73
61.05
NA
58.84
59.24
60.14
60.24
60.44
60.54
59.64
58.54
55.14
60.14
57.64
58.29
57.33
59.71
61.53
59.02
60.32
58.09
58.04
59.58
59.16
57.16
58.8
59.86
60.34
58.69
59.88
NA
NA
58.92
60.27
59.04
60.88
59.7
58.61
57.96
60.69
58.44
59.84
56.8
59.22
59.48
60.77
59.57
59.39
58.83
57.88
55.9
58.72
61.95
58.24
58.7
61.28
58.58
59.13
58.06
59.3
58.6
60.2
59.3
59.33
57.53
59.33
60.03
60.13
60.59
60.44
60.61
59.59
59.24
57.85
53.14
59.77
56.39
58.99
60.09
58.49
54.09
58.99
57.49
58.09
58.39
59.99
56.69
59.91
59.58
58.75
58.84
58.07
58.16
55.55
59.46
57.39
59.24
58.05
60.83
59.57
59.59
60.62
60.27
61.07
58.02
61.43
58.53
59.13
58.38
58.68
59.76
60.17
NA
59.76
58.8
59.03
59.65
NA
58.52
58.72
59.12
59.32
59.72
60.02
58.82
NA
59.72
59.7
58.54
60.42
58.12
59.37
56.26
60.04
57.18
58.35
60.8
56.9
59.0
59.1
57.3
60.86
59.66
59.96
57.26
58.76
58.26
59.06
55.56
58.81
59.05
61.39
60.69
59.28
60.42
58.87
57.69
59.61
59.65
59.05
58.84
60.45
59.06
58.44
59.78
58.63
59.77
58.92
57.47
59.76
60.76
60.26
59.27
58.72
57.42
59.68
60.94
59.88
58.8
58.82
60.47
55.14
59.52
57.47
59.76
60.76
60.26
59.27
58.72
58.86
59.44
59.24
56.64
58.04
60.13
56.63
57.49
60.04
58.6
60.02
58.5
59.0
59.0
60.02
59.0
58.5
59.33
59.53
57.33
59.33
56.13
56.33
59.94
59.76
59.9
58.76
60.17
59.07
57.07
59.94
59.95
59.57
55.73
61.5
61.66
59.46
58.67
59.81
60.67
59.33
59.02
57.59
54.62
59.02
59.72
60.92
56.72
59.82
59.41
59.91
59.51
58.61
59.91
58.31
60.51
59.01
55.11
59.71
60.01
56.21
61.81
60.31
58.41
60.71
59.31
56.31
59.91
59.49
59.89
59.49
58.69
59.99
58.39
60.49
58.99
59.69
59.99
56.19
61.79
60.29
58.29
60.39
56.89
59.79
57.8
58.78
60.24
60.57
58.75
58.78
60.78
58.68
NA
60.56
60.36
60.66
59.66
60.59
60.83
57.09
60.46
59.66
60.16
58.46
57.96
57.96
59.36
60.16
59.16
59.43
60.73
59.2
59.09
60.19
59.59
59.69
61.49
59.29
58.49
59.65
59.55
59.65
57.35
57.76
58.3
59.6
59.1
58.2
60.1
58.0
58.1
56.29
NA
59.63
58.02
58.2
58.37
NA
58.57
59.17
NA
NA
60.0
60.52
59.43
58.47
60.55
59.25
59.86
59.46
58.16
54.72
58.92
59.82
59.32
57.82
60.34
60.14
58.24
58.34
54.94
56.94
61.04
59.94
59.68
56.68
57.58
NA
NA
59.61
57.98
58.17
58.36
58.86
59.55
58.14
58.76
60.31
59.89
59.37
61.02
58.84
60.74
59.95
57.89
59.31
58.81
59.21
58.21
58.51
58.71
58.41
57.91
57.91
55.51
58.51
58.71
58.91
58.41
58.81
58.99
56.89
60.78
58.68
59.29
58.88
60.34
60.14
58.24
58.34
54.94
56.94
61.04
59.94
59.66
59.78
57.9
58.89
58.6
58.71
59.32
59.78
60.04
57.74
59.04
55.94
57.84
59.74
60.94
59.54
59.44
58.44
55.24
57.84
59.01
56.67
61.34
60.04
57.79
58.55
60.1
59.87
59.32
59.13
58.96
59.46
60.2
56.26
59.34
59.97
60.06
59.73
58.19
59.2
60.0
60.05
60.09
56.48
59.84
60.64
60.03
60.78
59.11
56.87
59.04
59.51
59.53
59.5
58.27
58.65
60.67
59.59
59.29
58.69
59.23
58.86
59.24
58.47
56.66
60.08
59.42
59.92
58.82
59.86
62.15
59.97
58.28
59.24
NA
59.28
59.73
59.69
58.94
58.12
58.14
58.91
58.26
60.3
59.56
58.46
61.25
59.35
58.25
58.15
59.42
59.42
61.04
59.81
59.58
58.96
59.62
60.53
59.8
58.31
53.61
59.33
55.35
60.0
60.45
60.01
59.79
60.06
58.49
58.04
60.63
57.53
60.45
59.77
57.49
59.72
60.61
60.04
59.25
58.11
58.51
57.51
59.86
58.95
58.82
57.17
60.05
59.4
57.76
59.04
57.96
59.75
59.27
61.42
56.24
58.05
60.47
60.11
60.36
56.49
56.47
57.68
60.13
58.55
59.38
58.68
58.78
58.78
58.78
57.98
56.78
58.26
60.83
60.23
58.73
60.35
58.25
59.87
59.44
60.12
59.7
59.09
59.72
NA
58.79
57.7
59.64
60.32
59.37
58.62
61.21
59.74
59.88
60.55
58.62
58.52
58.91
59.53
58.46
58.74
60.7
59.39
58.76
60.17
58.87
58.98
59.24
58.77
59.43
59.33
58.41
56.28
60.03
56.61
58.84
59.9
59.4
57.38
60.08
58.48
59.44
58.56
60.45
59.47
59.68
59.8
59.75
59.01
59.25
58.76
57.86
59.56
60.3
61.74
59.62
59.08
60.36
60.13
59.96
60.63
59.13
59.1
56.16
58.14
60.63
59.81
60.16
58.84
56.02
58.07
59.59
55.89
60.95
58.67
58.57
58.14
59.28
56.11
58.66
59.23
56.69
59.49
56.99
58.79
58.89
59.79
57.79
57.09
59.59
55.69
60.66
60.66
56.36
61.96
58.86
59.96
58.96
59.16
59.46
59.76
59.86
59.66
59.06
58.26
59.26
59.86
59.66
59.06
56.56
60.15
59.25
59.85
59.55
57.65
59.05
56.15
60.15
58.45
59.5
59.26
58.96
58.48
60.14
59.14
56.94
60.04
60.31
60.59
58.66
58.84
57.86
60.82
NA
58.21
60.53
59.35
59.18
59.39
58.89
58.52
58.9
59.61
61.08
60.33
59.69
59.59
59.39
59.29
59.31
61.01
58.61
60.31
59.67
60.33
59.78
60.3
59.76
59.5
59.73
59.38
59.04
54.26
NA
59.73
NA
NA
60.18
59.16
58.63
60.31
60.48
59.0
54.05
58.82
59.38
60.2
59.98
59.79
59.67
60.45
60.25
59.93
59.73
59.13
58.34
56.22
59.59
60.2
55.31
59.25
58.62
59.24
58.64
60.64
58.74
60.37
60.17
58.81
60.69
59.49
59.09
59.49
59.39
59.79
58.99
62.24
59.93
59.9
59.01
59.17
59.65
58.24
59.51
59.02
57.34
59.65
59.3
58.93
58.93
59.77
59.18
60.12
59.52
60.39
NA
NA
57.66
NA
60.21
56.82
59.36
60.28
59.64
59.57
57.93
58.22
58.52
59.02
58.72
59.12
59.62
59.92
59.62
59.92
60.11
57.19
54.78
60.3
60.32
58.32
59.41
58.14
58.66
58.47
59.22
60.86
58.66
60.76
59.46
58.26
61.46
60.41
59.28
58.97
59.28
58.48
59.22
60.4
56.35
56.95
56.95
60.05
59.75
57.35
57.17
60.74
58.91
58.29
59.26
59.41
60.63
59.13
59.1
56.16
58.14
60.63
59.81
60.16
58.84
58.31
60.06
59.76
59.66
57.47
59.55
60.51
60.12
59.25
57.89
59.35
54.58
58.78
57.88
61.73
57.82
60.4
60.03
60.18
57.27
59.4
58.16
58.37
59.36
58.83
60.29
56.4
60.11
57.89
60.25
58.72
57.83
58.42
59.99
59.59
59.19
60.05
58.15
58.65
59.92
57.39
60.06
57.01
60.98
60.09
55.45
59.81
57.71
60.73
59.85
59.15
59.37
57.28
60.2
59.6
59.14
59.96
58.67
57.55
60.28
60.22
58.72
61.58
59.88
59.68
NA
NA
NA
NA
NA
NA
58.06
60.38
55.39
60.46
55.17
59.99
59.36
58.74
59.36
60.93
59.68
59.36
60.93
59.14
58.31
60.3
58.66
59.86
57.12
58.44
60.0
58.44
60.06
58.23
58.8
59.67
59.3
61.16
59.57
59.57
59.57
60.46
59.54
58.74
58.03
58.59
58.87
59.43
59.89
60.43
57.24
59.96
60.55
58.73
58.56
NA
59.03
59.51
59.06
60.84
58.68
61.39
57.86
60.29
59.9
59.16
60.47
59.29
59.29
57.73
58.35
59.29
NA
NA
58.93
58.37
59.15
59.06
59.62
59.11
59.17
58.9
59.73
59.08
58.4
61.4
60.1
NA
NA
60.61
NA
NA
57.04
58.82
59.82
59.72
59.52
60.62
56.12
61.01
59.71
57.91
59.71
60.61
58.54
59.64
55.97
57.74
58.97
59.73
59.28
58.64
62.03
59.74
NA
59.15
59.99
56.37
57.82
57.23
59.17
60.63
59.53
56.17
58.7
59.68
58.72
60.58
57.98
59.58
57.98
58.98
59.08
56.88
59.43
61.59
57.64
60.46
60.77
60.75
57.25
60.0
60.63
59.36
60.0
59.36
59.36
59.36
59.36
59.36
58.92
57.02
60.02
62.34
60.11
58.59
54.55
60.25
59.05
59.85
53.25
55.15
59.55
59.95
60.05
58.96
58.88
60.36
57.14
59.36
59.1
58.28
60.46
57.79
59.11
59.63
59.19
59.83
58.71
59.11
58.55
59.26
57.72
56.91
59.5
59.3
59.9
58.78
58.78
58.29
59.25
59.76
60.21
58.12
59.03
60.19
59.51
56.94
57.03
60.14
59.71
59.57
59.12
58.7
60.73
57.56
60.56
59.7
57.45
59.84
60.66
60.23
59.3
58.12
57.38
60.18
58.58
61.08
60.28
59.78
59.68
60.16
57.66
61.86
59.06
59.86
56.91
56.91
60.31
60.01
59.41
58.91
59.11
60.61
59.71
59.11
60.51
60.3
57.6
57.81
59.38
58.88
58.88
NA
59.38
58.15
59.81
59.6
57.23
59.69
60.39
57.04
60.16
57.32
61.32
60.42
59.32
57.85
61.3
59.22
58.08
59.36
59.75
60.96
60.86
58.35
58.91
56.88
58.52
60.41
58.05
59.13
59.94
60.88
60.65
59.25
58.95
60.83
60.05
58.23
59.88
59.34
57.14
60.49
58.86
59.82
58.12
57.82
59.82
59.32
58.32
55.32
57.22
59.63
59.63
60.91
54.61
58.91
59.21
57.95
58.65
60.35
58.95
60.45
59.25
59.25
59.88
56.99
59.33
59.31
53.71
59.37
59.23
62.45
60.32
60.44
59.65
58.38
56.81
59.73
59.91
55.96
59.37
60.01
58.92
59.64
59.74
60.54
58.84
59.14
59.85
59.95
59.55
58.5
61.0
59.9
59.78
58.98
62.08
58.4
60.07
60.07
60.38
57.14
60.74
57.24
58.54
57.94
59.84
58.84
58.94
57.71
59.48
59.48
58.89
56.56
58.89
60.06
56.56
58.89
NA
58.39
56.69
59.19
60.29
59.19
58.89
58.59
59.24
61.61
58.71
59.31
59.11
59.61
61.01
58.61
57.31
60.3
61.78
60.0
56.87
60.12
58.65
58.88
60.18
59.63
60.45
58.25
59.02
58.16
57.89
60.24
59.0
59.49
59.41
59.82
60.76
59.86
58.89
NA
59.14
60.25
59.23
59.84
59.65
58.77
59.9
59.68
57.83
59.52
60.46
60.62
58.62
58.84
59.67
59.62
58.84
61.32
61.7
60.86
59.16
58.11
55.3
60.15
59.04
58.07
55.35
60.13
59.02
56.69
54.19
58.89
55.29
59.09
57.49
58.29
59.96
61.21
60.58
59.02
59.96
59.29
59.72
58.16
58.76
58.58
58.31
59.4
58.91
59.29
58.85
59.49
59.32
59.34
59.78
57.29
59.42
59.79
57.62
60.28
55.58
59.57
58.85
58.45
59.34
57.97
57.45
60.21
58.97
57.96
61.29
58.79
58.59
59.49
57.6
60.0
60.0
59.3
59.61
NA
60.71
59.27
58.46
59.08
57.21
59.1
55.98
59.94
60.88
59.99
59.2
59.17
54.94
55.97
58.64
61.29
59.69
59.49
58.69
58.59
57.79
59.49
56.79
58.79
58.39
59.05
59.05
58.67
60.17
59.45
61.21
57.9
58.6
60.8
59.3
58.66
59.36
57.56
59.76
59.19
58.72
59.47
57.45
59.36
57.26
57.66
57.46
58.96
58.96
59.02
59.12
56.02
58.82
57.82
59.52
59.52
59.12
60.43
57.35
57.88
57.29
58.71
58.92
59.85
59.15
58.43
56.86
59.51
60.07
55.01
60.1
59.1
56.7
58.84
58.83
61.53
56.83
59.03
59.13
59.33
59.83
59.13
59.43
58.83
59.23
57.1
60.22
58.64
NA
60.8
59.45
59.84
60.04
58.98
59.81
58.37
58.81
NA
61.34
58.82
58.01
56.38
59.34
56.14
57.6
57.13
59.67
59.62
58.72
59.53
58.63
60.24
59.41
60.9
60.72
61.64
60.21
59.31
59.51
59.11
59.11
58.85
58.32
58.13
59.54
58.94
NA
60.64
NA
61.0
59.68
59.56
55.29
58.74
59.95
59.17
56.36
55.52
59.89
60.97
59.04
60.79
58.59
59.43
59.73
60.23
58.53
59.13
58.33
58.33
57.43
59.13
59.33
60.47
59.38
54.94
55.45
60.17
59.0
58.0
57.4
59.8
NA
58.34
59.49
58.54
58.96
59.52
59.52
NA
60.42
60.22
59.21
60.45
59.75
58.95
58.95
60.65
58.75
57.58
57.77
59.59
59.62
58.25
58.65
59.03
60.46
60.46
59.83
58.35
61.34
56.39
61.08
59.58
58.98
NA
59.58
59.28
57.48
59.93
57.43
57.02
58.93
59.62
60.75
60.51
57.03
59.75
56.94
59.65
59.75
55.69
59.21
59.85
58.77
59.13
59.53
61.05
57.96
55.53
59.14
57.64
59.36
59.35
58.37
58.43
60.14
55.94
58.84
59.04
58.54
59.74
59.84
58.94
60.92
60.22
60.62
57.72
60.42
58.02
58.28
59.38
57.99
59.74
59.84
61.04
56.45
59.45
59.86
56.66
59.26
59.16
60.78
60.18
59.28
55.58
59.77
56.67
59.37
59.81
59.31
58.38
60.14
59.98
59.54
60.14
59.99
59.56
59.34
57.31
55.73
58.96
59.91
53.7
60.39
60.67
56.58
56.68
58.95
58.86
58.99
58.27
60.6
59.93
59.42
59.08
60.52
60.11
56.21
60.6
59.95
59.47
59.03
60.18
60.16
56.14
59.83
56.83
59.53
59.02
59.81
59.28
59.93
60.43
59.8
60.62
59.59
58.7
60.97
59.05
59.93
60.57
59.76
59.21
59.4
59.14
60.61
59.36
58.22
60.55
55.66
59.37
58.55
57.19
58.0
57.27
57.37
59.42
59.12
57.32
59.42
59.42
59.22
56.52
NA
NA
NA
58.25
58.7
57.06
58.98
59.25
58.98
59.93
58.13
NA
59.27
57.57
59.37
NA
59.27
56.67
NA
NA
NA
60.38
58.75
59.56
60.99
58.06
55.52
59.12
60.59
59.24
59.64
58.04
60.88
53.5
60.04
61.79
61.35
59.31
57.83
57.45
56.33
58.83
60.56
53.54
55.85
59.24
59.84
58.24
59.7
59.36
58.17
59.22
56.25
59.58
59.13
59.53
60.58
58.36
60.36
58.95
59.87
59.71
58.77
58.53
59.17
60.29
58.43
60.73
57.16
59.44
58.26
56.33
56.66
60.68
58.08
58.12
61.32
57.82
59.52
58.42
56.42
57.79
60.99
57.69
59.09
58.19
56.29
59.71
60.82
55.61
61.3
60.37
59.48
57.87
56.31
56.71
56.04
59.41
NA
58.87
58.57
58.82
59.56
56.41
58.35
55.25
58.95
58.15
56.55
60.55
59.14
58.64
58.34
57.44
59.84
60.44
58.88
57.75
60.07
59.32
58.86
60.54
58.31
59.18
59.46
58.66
58.56
59.73
59.65
61.02
59.16
NA
58.24
57.55
59.39
57.25
61.08
57.3
59.61
59.76
NA
NA
60.76
57.19
59.1
59.13
NA
NA
NA
60.26
NA
58.55
60.44
58.83
60.73
59.9
60.07
59.58
60.23
59.22
57.22
56.6
59.6
59.58
59.35
58.58
59.04
59.97
59.4
59.41
59.23
60.69
59.73
59.58
57.22
59.2
58.88
59.91
59.15
60.17
60.57
62.37
56.97
59.94
60.28
60.02
59.94
59.67
57.93
56.45
NA
NA
60.48
59.13
54.73
59.73
56.23
59.33
60.13
59.03
59.43
59.36
60.51
59.43
59.7
58.62
60.75
60.86
59.66
57.48
60.01
55.12
57.69
59.52
59.13
58.77
57.98
58.39
58.54
59.54
59.41
61.05
59.41
60.82
59.65
58.71
60.11
59.32
58.74
56.98
60.23
57.88
58.74
58.43
56.97
58.07
59.19
56.55
58.35
60.34
58.29
57.68
60.08
59.28
58.78
NA
59.98
57.48
58.88
58.38
57.28
58.68
56.38
58.85
57.71
58.62
59.15
59.63
60.38
58.83
56.29
59.22
59.73
56.89
60.47
59.01
58.48
60.07
57.29
59.68
59.1
60.3
57.7
58.3
59.6
60.1
NA
NA
58.89
59.55
59.32
54.59
58.97
58.91
61.21
57.31
54.81
59.71
58.71
57.81
59.01
58.27
59.15
59.3
58.8
58.81
59.63
58.97
59.77
59.39
60.46
59.79
57.84
60.57
55.62
59.36
59.12
57.85
59.85
60.01
60.28
59.46
59.38
59.57
58.97
60.18
NA
NA
NA
NA
58.21
59.53
58.7
59.82
59.99
58.94
58.2
61.06
56.89
59.29
58.82
59.13
59.92
60.2
59.75
58.86
61.19
60.48
58.35
57.55
59.07
59.87
59.94
55.35
59.6
59.73
59.32
56.49
57.49
57.09
59.34
58.94
55.1
59.09
59.22
58.93
61.2
56.5
57.47
61.34
60.31
59.36
57.59
56.7
60.02
59.05
59.55
58.71
56.34
60.01
59.17
59.32
56.94
60.42
59.14
57.01
60.01
59.37
NA
59.48
59.7
58.45
59.45
58.22
58.36
56.13
59.67
59.65
57.02
60.1
59.96
59.5
NA
58.78
59.2
60.21
56.95
59.83
58.73
58.91
59.41
58.79
58.34
60.23
59.27
60.6
60.25
59.31
60.22
59.27
57.64
59.34
59.74
59.54
60.24
57.24
59.61
59.61
58.61
59.61
60.21
59.61
57.76
59.56
60.26
59.56
59.4
59.84
59.45
58.6
59.87
58.19
60.43
58.89
54.98
59.71
56.05
61.74
60.29
58.4
60.56
58.86
56.05
59.81
56.31
56.06
60.36
59.66
58.76
59.72
60.09
59.29
58.55
60.89
59.74
60.69
60.0
59.84
59.24
55.8
58.37
59.16
60.57
59.84
59.33
58.74
60.2
59.92
59.54
59.29
59.27
58.26
60.93
58.98
60.68
59.77
58.96
57.3
59.48
61.51
59.43
56.01
59.36
59.19
59.72
57.61
58.85
59.44
59.61
59.16
60.61
56.81
57.2
60.2
59.05
58.52
60.1
57.32
59.71
57.29
59.08
60.02
60.03
59.47
55.58
57.93
59.82
60.51
58.87
58.67
57.75
56.73
59.71
58.9
59.52
58.64
59.98
60.17
58.17
58.65
58.95
58.25
57.75
58.85
59.58
60.2
59.4
59.18
59.88
57.28
59.97
59.93
58.71
59.31
60.42
60.14
59.37
60.61
59.41
59.89
59.06
56.02
60.02
60.4
59.27
59.42
57.89
59.12
60.52
60.67
58.82
NA
NA
NA
NA
56.89
58.73
58.88
59.78
59.35
58.24
58.9
59.52
59.43
60.13
61.13
56.03
59.62
60.41
57.95
60.11
60.05
57.93
60.89
59.74
60.69
60.01
59.84
59.24
55.81
58.44
59.57
60.93
59.3
58.51
58.67
58.58
56.98
59.38
59.2
57.2
59.75
59.24
60.31
56.16
59.56
59.06
57.24
58.75
60.02
59.41
57.43
56.83
59.75
61.51
60.15
58.01
57.94
59.7
59.66
57.99
60.5
59.29
58.65
59.34
60.04
59.62
56.99
58.73
59.91
58.44
56.37
60.43
57.98
59.66
59.52
60.43
57.86
54.83
59.12
61.32
60.37
61.08
60.13
58.24
59.15
59.4
58.23
58.84
59.72
58.71
59.44
60.29
58.01
59.86
59.62
59.86
59.14
60.05
58.19
59.34
58.35
56.88
57.04
59.0
58.5
60.59
59.98
59.37
58.54
59.96
58.66
60.58
60.34
59.74
58.84
57.24
59.74
59.64
NA
60.28
60.39
58.44
60.11
NA
57.78
59.05
59.92
59.35
59.61
60.97
NA
59.04
59.01
NA
NA
NA
NA
NA
NA
59.54
59.78
58.4
58.8
57.89
58.33
60.92
59.26
57.81
58.66
61.03
59.21
59.31
59.47
57.93
59.02
60.02
58.66
59.01
62.07
59.59
58.73
58.43
58.4
58.33
57.68
58.53
58.19
58.52
58.79
58.16
58.17
63.26
NA
58.28
59.51
59.44
59.02
56.56
59.95
60.17
59.15
59.51
56.23
NA
58.34
NA
NA
58.87
59.17
59.27
56.09
59.54
52.81
58.61
58.41
58.43
58.41
59.57
58.84
55.51
59.73
59.7
58.58
60.56
60.21
59.39
59.17
59.12
60.99
58.12
59.36
59.23
61.21
58.11
60.23
60.96
60.1
58.12
59.3
60.5
58.7
58.86
57.72
59.12
60.57
60.57
59.6
57.19
59.85
59.12
56.23
60.72
59.6
59.84
59.7
60.78
59.36
60.99
59.49
59.3
58.84
NA
NA
59.91
61.42
59.14
59.62
59.48
59.58
60.9
58.8
59.6
59.9
60.1
58.7
56.5
58.2
60.57
60.46
58.43
58.87
59.42
58.57
58.62
60.05
60.05
59.34
60.51
59.34
60.05
59.77
59.74
57.91
58.99
58.75
59.31
56.5
59.91
58.91
59.01
60.01
58.11
55.85
59.78
60.03
60.1
59.79
58.68
57.01
62.58
59.85
61.34
55.13
56.93
58.49
59.24
58.74
60.39
59.61
56.88
59.56
59.5
NA
NA
NA
NA
NA
NA
NA
59.05
60.55
54.63
59.98
59.17
59.23
57.61
58.98
59.64
59.15
59.12
59.4
59.93
60.7
59.14
57.49
57.1
60.31
60.24
60.22
60.42
56.0
57.91
58.81
58.83
59.82
57.42
58.12
55.29
58.81
59.35
58.08
58.03
57.05
58.85
56.9
60.54
55.65
59.66
58.76
59.68
59.01
59.6
59.34
59.02
58.51
58.72
60.84
60.21
56.37
60.41
NA
59.73
59.6
59.39
59.16
NA
NA
60.83
60.2
56.39
60.41
NA
59.79
60.47
59.89
60.05
59.57
59.56
58.69
57.36
59.16
53.93
60.72
59.87
59.14
60.12
60.28
60.18
60.12
59.35
59.52
58.82
59.07
57.6
59.32
60.68
57.78
58.68
60.38
54.98
60.38
59.48
60.68
57.58
58.58
60.48
56.08
60.38
59.38
59.64
58.27
59.98
59.44
57.69
59.93
59.37
59.52
59.04
60.2
58.67
55.29
59.38
62.12
59.01
60.48
60.13
59.91
60.16
61.11
58.13
57.57
59.41
58.44
58.79
60.52
59.19
58.13
59.31
58.81
57.62
59.92
59.51
56.7
60.2
60.12
58.71
59.5
58.97
58.47
57.13
58.23
58.75
58.28
57.26
58.55
59.16
58.51
57.17
58.28
58.93
59.52
60.04
57.1
58.68
59.25
59.58
60.11
57.1
58.84
59.26
60.59
58.39
59.89
59.29
54.89
59.73
60.69
58.64
58.09
60.12
60.08
59.07
59.62
60.14
59.92
59.73
59.93
56.9
NA
NA
57.4
60.51
59.57
57.84
59.51
60.13
56.08
56.68
57.87
60.25
NA
NA