175.21
NA
177.16
175.31
NA
175.57
176.22
179.22
174.42
175.93
177.1
NA
NA
175.58
176.02
NA
177.21
174.97
175.89
174.95
174.83
177.6
174.58
174.87
174.87
174.77
177.4
177.2
175.11
171.62
174.38
176.52
175.75
173.31
175.26
174.59
174.46
172.29
176.06
176.14
174.6
174.93
175.53
NA
171.96
175.77
173.23
176.21
174.99
175.98
174.71
176.87
177.54
176.44
175.38
176.08
175.6
174.6
176.9
176.08
176.98
174.47
176.54
172.12
175.48
177.97
176.82
175.35
175.55
176.34
175.24
178.39
NA
175.9
176.44
175.57
175.76
176.42
176.86
173.92
175.96
175.39
174.96
173.11
174.72
173.49
175.84
174.4
NA
NA
178.01
175.33
177.28
176.63
174.34
177.01
177.9
NA
175.73
175.18
174.9
174.76
174.71
173.84
175.62
177.42
176.69
176.07
174.14
175.39
177.65
175.58
175.83
176.77
174.28
176.48
178.77
174.99
176.56
173.94
174.65
NA
NA
174.14
173.35
175.45
175.83
177.35
174.21
174.21
173.31
175.8
176.06
175.37
176.56
176.8
175.66
176.41
174.03
175.57
175.21
175.18
175.71
175.64
175.83
177.02
176.12
177.09
177.55
175.6
174.19
173.78
174.9
178.27
175.98
NA
173.7
179.23
NA
174.19
174.84
173.8
175.06
174.74
176.39
176.77
176.18
174.15
174.54
175.86
175.36
176.03
176.26
178.44
173.66
174.96
175.09
174.37
176.12
173.74
175.06
173.73
178.14
177.56
175.93
172.63
173.51
173.99
175.06
174.17
173.79
175.49
175.87
176.65
173.41
175.49
173.88
173.86
174.94
176.57
178.45
176.36
176.07
176.06
174.55
177.09
172.97
176.63
173.32
175.35
175.76
175.78
176.97
176.46
175.18
173.97
174.73
174.72
173.71
175.51
176.19
177.95
175.41
174.05
174.32
175.78
172.53
178.21
176.59
174.86
174.53
176.48
174.91
173.38
174.81
175.33
175.21
176.18
174.93
NA
174.53
178.04
174.71
174.42
175.39
174.86
173.92
175.31
176.15
174.58
175.15
175.33
175.05
174.08
175.99
176.21
175.86
175.21
173.32
175.84
175.29
174.63
174.24
175.7
175.99
174.74
173.69
175.96
176.77
174.2
174.06
174.54
177.31
177.38
175.97
NA
176.91
176.31
174.91
176.49
175.01
176.27
175.06
177.27
173.38
NA
NA
176.55
174.28
175.93
177.39
174.57
175.67
173.8
175.57
174.26
177.65
173.97
175.57
175.82
175.45
175.1
174.56
176.54
175.92
178.1
173.56
175.02
178.02
173.86
177.7
174.93
174.21
177.02
177.73
174.11
NA
175.94
176.11
177.32
NA
176.53
177.98
174.76
NA
177.24
175.74
175.91
175.86
NA
174.32
174.51
175.42
174.77
174.17
176.27
173.67
174.91
175.47
174.17
174.63
174.78
175.29
NA
177.42
176.42
175.5
NA
NA
NA
NA
NA
174.73
NA
176.1
175.83
176.18
173.24
NA
176.03
174.88
175.29
175.19
176.18
173.91
177.25
177.79
175.97
174.94
176.78
175.17
NA
175.88
175.39
176.84
174.06
176.2
176.4
174.12
177.29
176.1
177.36
175.42
175.84
174.46
175.13
175.64
175.56
175.67
174.95
173.64
174.79
175.51
173.62
174.04
176.18
175.25
174.62
175.52
171.92
177.62
175.79
175.23
174.57
177.8
176.37
177.64
175.9
175.27
174.65
177.71
176.42
174.57
175.65
175.56
NA
NA
NA
NA
NA
NA
NA
NA
NA
NA
NA
NA
176.75
175.85
175.46
177.81
177.5
NA
175.56
174.51
177.42
175.78
175.48
176.83
177.28
174.37
175.83
175.6
177.57
172.75
175.14
175.4
178.49
176.59
176.04
NA
177.28
174.27
NA
175.24
174.53
173.88
174.73
NA
NA
174.04
174.62
178.07
174.53
172.98
176.78
NA
175.98
174.61
174.06
173.43
176.16
174.11
174.68
176.06
NA
174.34
173.28
175.48
176.26
178.44
177.23
174.25
NA
177.66
176.71
173.69
175.61
176.78
175.1
175.96
176.15
174.84
174.36
NA
175.65
NA
175.34
175.24
NA
175.64
175.66
175.86
175.97
175.22
176.86
175.19
177.4
174.99
173.53
174.81
176.03
174.61
177.33
175.96
173.01
175.29
176.9
175.38
173.65
177.23
174.56
174.68
175.32
176.11
173.88
175.64
174.93
176.2
176.99
174.7
173.79
175.23
175.96
177.37
176.68
176.39
NA
176.58
NA
174.22
176.66
175.59
176.01
174.92
178.45
174.62
177.2
NA
NA
NA
176.08
174.23
175.36
177.45
174.68
175.79
173.41
175.68
175.79
173.9
174.33
173.94
175.67
175.06
NA
NA
175.18
177.53
174.42
174.3
NA
175.22
175.96
175.77
175.77
178.4
174.82
172.79
175.39
176.45
NA
174.44
174.89
174.55
174.47
175.42
175.4
175.71
NA
174.62
175.23
175.92
175.7
175.77
173.76
175.62
NA
175.65
176.83
174.77
174.67
175.35
176.05
174.79
174.71
173.74
176.02
174.47
177.05
174.65
174.63
176.96
175.35
175.08
176.35
177.01
176.91
174.03
NA
173.82
177.32
173.73
176.1
175.02
174.38
179.0
176.36
NA
176.57
176.97
176.1
173.18
176.19
175.38
175.84
175.86
175.49
176.36
175.86
173.25
174.52
175.34
175.47
176.69
175.91
175.91
176.93
175.45
176.08
175.14
176.57
176.66
174.0
175.75
177.07
175.71
175.76
174.06
174.55
176.63
173.59
176.4
174.59
175.09
176.74
176.13
173.01
177.2
175.71
174.89
176.37
177.0
175.24
174.99
174.52
176.25
176.05
176.49
175.75
175.57
173.36
176.08
177.34
174.74
175.72
175.27
173.62
173.09
178.23
177.89
NA
NA
175.2
175.22
175.46
174.41
177.33
172.98
182.26
175.94
175.19
177.05
175.73
174.13
175.21
176.31
176.24
173.99
172.52
174.45
NA
175.89
174.77
175.5
175.78
176.68
174.88
172.91
174.57
175.12
173.53
176.38
175.77
173.28
176.08
174.92
173.29
175.52
174.74
174.37
176.24
174.61
175.02
175.51
175.2
174.47
174.2
173.75
174.46
174.33
173.98
173.81
173.63
175.43
176.29
174.55
NA
NA
NA
176.11
174.58
175.76
176.61
175.71
174.25
176.12
173.58
175.43
176.0
174.74
175.82
174.92
NA
NA
NA
NA
NA
NA
176.99
176.12
175.61
174.57
177.45
176.4
177.08
176.57
174.95
172.39
172.44
NA
NA
175.31
NA
174.41
NA
174.41
175.51
175.51
172.69
175.99
174.99
174.49
177.06
177.93
174.66
174.15
174.5
176.92
176.19
176.26
176.01
173.14
174.82
NA
173.7
176.68
176.65
174.81
176.71
176.66
174.66
NA
NA
176.54
NA
174.99
NA
NA
NA
NA
NA
NA
NA
NA
NA
NA
175.71
NA
NA
NA
NA
NA
NA
175.3
176.5
177.5
174.8
173.84
176.76
180.59
175.61
NA
NA
NA
NA
NA
NA
176.8
NA
NA
NA
NA
175.02
175.82
175.3
175.69
175.27
175.09
174.15
174.09
175.27
176.27
174.57
177.27
175.27
176.47
176.07
175.24
175.38
NA
175.85
176.0
177.76
NA
NA
NA
NA
NA
NA
NA
NA
174.72
176.41
174.57
174.31
173.55
176.77
178.82
174.08
174.57
174.28
177.14
174.93
NA
NA
NA
NA
NA
NA
NA
NA
NA
175.6
176.8
176.9
177.3
176.1
NA
NA
174.36
174.68
NA
175.91
NA
176.57
178.07
176.37
NA
NA
NA
NA
NA
NA
NA
178.11
178.62
175.1
175.24
176.78
NA
NA
174.99
173.31
175.5
174.58
174.71
174.22
176.0
NA
NA
NA
171.25
175.05
173.75
176.18
175.88
NA
NA
NA
NA
NA
NA
NA
175.97
176.36
175.77
176.33
175.48
175.13
176.26
177.43
174.41
177.09
175.32
177.07
176.26
175.08
NA
NA
NA
NA
176.88
175.63
177.44
174.21
173.97
174.67
175.87
176.67
176.37
176.2
175.04
176.91
175.23
175.27
177.19
177.46
175.5
NA
176.64
174.54
177.41
175.2
175.75
176.34
174.75
174.92
174.57
175.8
176.09
174.84
175.21
176.43
176.14
176.11
177.43
176.58
NA
175.08
175.18
NA
NA
175.4
177.36
175.52
175.56
173.93
176.69
174.89
174.48
175.71
176.0
174.74
175.11
176.34
175.66
NA
NA
177.75
174.2
174.89
176.25
180.42
175.22
174.92
177.47
175.93
175.8
174.61
176.3
174.36
175.77
173.93
NA
176.13
174.43
174.03
180.73
173.93
177.53
175.03
176.23
174.43
174.03
180.83
174.03
177.53
175.03
176.22
174.42
173.92
180.72
173.92
177.52
175.02
176.22
174.42
173.92
180.62
173.92
177.42
175.02
176.32
174.32
173.82
179.52
174.02
176.32
175.02
176.89
176.6
175.85
175.56
NA
NA
NA
NA
176.68
176.29
177.23
NA
174.15
178.01
173.91
NA
175.59
NA
175.45
172.6
175.55
174.5
174.8
174.0
178.25
176.19
174.45
174.71
176.37
NA
NA
176.14
NA
NA
NA
175.29
177.65
177.33
174.21
176.58
177.11
173.76
174.41
174.5
177.07
NA
175.39
174.61
NA
178.33
175.67
175.94
175.07
NA
177.06
NA
174.64
174.2
174.3
175.52
174.29
175.17
175.73
174.29
174.6
NA
177.47
NA
NA
176.06
175.96
174.16
173.36
176.56
172.86
NA
NA
NA
176.93
174.54
174.01
175.13
176.86
174.57
176.32
176.14
175.31
176.82
176.51
175.67
NA
178.21
173.23
175.35
174.44
176.41
176.89
176.51
174.13
176.67
NA
NA
NA
NA
NA
NA
NA
NA
NA
175.13
176.43
175.43
175.28
NA
NA
NA
175.46
177.04
NA
NA
173.23
175.35
174.44
176.41
176.89
176.51
174.13
176.67
NA
NA
NA
173.68
175.78
176.9
174.36
174.75
173.85
NA
177.19
175.83
174.5
177.78
176.53
NA
NA
NA
NA
NA
NA
NA
NA
NA
NA
NA
NA
NA
NA
NA
NA
NA
NA
NA
NA
NA
NA
NA
NA
NA
175.31
172.87
173.76
175.26
175.75
175.94
178.11
175.53
176.02
178.38
NA
NA
NA
NA
NA
NA
NA
NA
175.09
177.19
175.7
174.77
173.88
175.98
174.99
174.13
177.61
174.84
176.44
175.5
174.04
176.24
175.02
177.82
177.57
177.15
175.6
176.14
NA
177.64
177.34
176.59
175.63
174.21
175.0
176.31
180.02
174.87
175.09
177.52
175.96
NA
NA
NA
NA
NA
NA
NA
NA
NA
NA
NA
NA
177.59
174.95
176.77
NA
175.89
177.33
NA
177.44
NA
NA
178.11
NA
NA
NA
NA
NA
NA
NA
NA
NA
NA
NA
NA
174.46
172.88
174.27
177.42
172.31
173.67
172.95
175.93
175.06
177.93
174.02
176.86
176.78
176.08
NA
NA
NA
NA
NA
NA
NA
NA
NA
NA
174.98
172.88
174.48
NA
172.36
NA
173.4
175.36
174.94
177.65
178.24
176.82
173.72
173.52
173.52
175.72
174.62
174.92
173.02
173.92
174.62
174.62
NA
NA
NA
NA
NA
NA
NA
NA
176.81
174.47
177.19
174.92
173.23
NA
NA
NA
NA
NA
NA
NA
174.74
174.57
176.79
174.34
176.03
NA
NA
NA
173.84
172.69
173.97
175.01
NA
NA
NA
NA
NA
NA
NA
NA
NA
NA
NA
NA
NA
NA
NA
NA
NA
NA
NA
NA
176.01
NA
175.87
176.48
175.67
177.64
NA
NA
172.44
172.89
173.75
172.97
175.21
176.35
177.33
NA
173.37
173.87
176.03
176.54
175.21
NA
NA
NA
176.48
175.68
177.78
176.18
173.68
177.58
173.35
174.68
175.57
176.48
172.56
175.35
172.89
174.43
175.37
NA
173.44
174.45
174.89
178.59
175.65
175.61
176.46
174.22
175.29
175.01
176.88
173.98
173.64
173.64
175.73
176.45
175.06
173.25
174.12
174.58
174.59
NA
177.04
175.74
175.04
174.92
176.56
176.04
174.59
176.79
173.7
176.56
179.85
174.42
177.9
NA
NA
NA
NA
NA
NA
NA
NA
NA
NA
NA
NA
NA
NA
174.94
175.93
NA
174.11
173.36
177.39
173.97
177.54
176.17
NA
NA
NA
NA
NA
175.94
177.14
173.64
NA
NA
NA
175.31
175.33
175.41
175.94
173.84
175.84
174.74
176.54
175.94
180.34
175.14
176.34
NA
NA
NA
NA
176.14
174.94
175.74
173.54
178.34
174.14
173.27
175.37
174.47
176.37
176.87
176.47
174.17
176.57
173.23
175.53
174.53
176.53
177.03
176.53
174.23
176.63
NA
NA
175.83
NA
NA
176.6
174.6
177.1
177.4
175.0
172.9
176.6
174.4
NA
177.8
174.8
173.0
176.56
177.06
NA
175.75
177.2
175.29
175.13
173.95
175.76
174.64
175.88
175.95
175.56
175.54
174.07
174.7
175.22
175.07
176.96
178.15
176.25
175.05
174.25
178.05
176.25
NA
NA
NA
NA
NA
NA
NA
NA
NA
NA
NA
NA
174.29
173.99
175.29
176.09
174.19
175.29
173.79
176.69
176.19
180.19
175.81
175.29
176.6
175.55
175.15
NA
NA
NA
NA
NA
NA
NA
NA
NA
NA
NA
NA
177.64
174.95
174.65
175.15
177.15
174.35
176.14
175.79
NA
NA
NA
NA
NA
NA
173.3
175.1
NA
171.2
NA
NA
NA
176.64
176.64
NA
NA
NA
174.95
178.45
NA
NA
NA
NA
NA
NA
NA
173.83
174.34
178.14
174.54
173.25
174.85
176.25
174.95
NA
NA
NA
NA
NA
NA
NA
NA
NA
NA
NA
NA
NA
NA
NA
NA
NA
NA
NA
NA
NA
NA
NA
NA
NA
175.25
177.0
176.12
177.82
177.52
175.02
175.22
176.52
175.48
NA
174.05
173.45
177.37
175.43
175.03
174.98
175.38
174.38
173.98
173.88
177.08
NA
NA
NA
NA
NA
NA
175.22
176.52
175.02
175.02
176.12
174.32
175.84
NA
NA
NA
NA
NA
176.52
NA
175.19
174.5
175.99
174.39
174.79
NA
NA
NA
NA
176.64
174.68
177.99
176.08
174.6
175.62
174.55
174.59
172.79
176.5
175.35
173.24
176.45
176.8
175.3
173.23
174.04
176.6
174.96
173.99
177.35
176.74
174.05
174.25
177.4
NA
NA
NA
NA
NA
NA
175.45
174.05
176.95
174.45
174.45
174.45
175.05
NA
NA
NA
NA
NA
NA
NA
NA
NA
NA
NA
NA
NA
NA
NA
NA
NA
175.05
175.75
NA
NA
NA
NA
NA
NA
NA
177.84
175.24
172.74
174.74
178.54
178.64
174.02
176.79
176.4
175.78
175.32
176.07
175.4
177.61
175.69
175.47
175.65
176.02
174.98
176.25
175.25
176.67
175.72
174.01
175.52
174.16
175.49
175.41
175.51
174.21
177.21
175.31
176.11
174.72
175.27
177.67
176.17
NA
NA
NA
NA
177.32
174.42
176.72
173.95
176.15
174.65
175.45
NA
174.15
173.65
173.75
174.75
173.25
NA
174.87
NA
175.25
174.75
NA
176.35
177.45
175.75
174.75
175.45
174.95
175.95
NA
175.38
177.7
176.71
173.56
174.19
175.04
NA
175.18
177.6
177.52
176.35
NA
175.15
175.74
176.23
176.75
174.3
176.0
174.38
176.45
173.89
176.15
173.79
174.05
176.67
NA
NA
NA
NA
174.21
175.89
175.2
176.06
174.81
NA
176.29
178.2
NA
175.91
175.68
NA
174.5
177.04
175.93
NA
173.49
172.62
175.35
177.78
NA
NA
NA
NA
NA
174.38
174.98
175.58
175.88
NA
NA
NA
NA
NA
NA
NA
NA
NA
NA
NA
NA
NA
NA
NA
NA
NA
175.74
177.44
NA
NA
174.38
174.69
171.31
176.98
177.11
175.37
175.97
173.65
177.85
NA
175.35
177.75
178.15
NA
NA
NA
NA
NA
NA
NA
174.79
176.8
178.23
174.42
173.47
174.27
176.79
179.05
176.05
174.16
175.73
173.39
174.14
173.87
176.81
175.41
NA
175.3
NA
NA
NA
NA
NA
NA
NA
NA
178.47
176.51
NA
NA
NA
NA
176.39
177.04
177.18
174.65
176.2
177.42
175.15
173.26
NA
NA
NA
NA
NA
NA
NA
NA
NA
NA
NA
NA
NA
NA
NA
NA
NA
NA
NA
NA
175.46
175.93
175.69
174.72
175.62
175.86
177.39
176.67
175.37
178.22
NA
175.09
175.6
176.0
NA
174.24
174.99
NA
173.35
173.05
176.77
NA
176.39
177.04
177.18
174.65
176.2
177.42
175.15
173.26
NA
NA
NA
NA
NA
NA
NA
NA
NA
NA
178.15
NA
NA
NA
NA
NA
NA
NA
NA
NA
NA
NA
NA
NA
NA
NA
NA
176.36
176.46
173.96
177.36
175.86
174.49
NA
NA
NA
NA
NA
NA
180.31
175.54
174.48
176.37
174.42
175.93
177.03
175.05
175.47
175.36
177.44
NA
176.82
175.35
NA
NA
NA
177.48
176.78
NA
175.73
NA
NA
NA
NA
NA
NA
NA
NA
NA
NA
NA
NA
NA
NA
NA
NA
NA
176.28
174.77
173.58
174.84
174.2
177.0
173.37
173.52
NA
176.23
173.46
176.52
173.98
174.78
173.68
NA
NA
NA
176.89
176.51
175.79
NA
NA
NA
NA
174.31
174.09
175.48
NA
NA
NA
NA
NA
NA
NA
174.61
177.23
176.34
177.62
174.87
NA
175.88
177.28
175.38
175.18
173.98
175.88
174.98
175.98
176.52
177.39
174.77
176.26
174.58
178.38
176.08
176.7
176.07
173.27
174.27
175.97
178.16
174.46
174.4
178.11
178.98
NA
174.14
176.74
180.08
176.23
176.78
175.78
NA
NA
176.56
175.66
175.76
NA
176.78
173.03
174.75
NA
NA
NA
174.45
177.15
173.35
NA
176.05
NA
NA
173.12
174.35
174.33
175.35
175.0
175.83
177.8
177.77
176.29
177.79
176.2
174.2
176.5
175.42
177.8
176.19
174.23
176.49
175.49
NA
NA
NA
NA
NA
NA
NA
175.01
177.0
175.18
176.18
176.78
175.07
173.64
174.68
175.22
177.52
174.56
176.61
178.57
174.72
177.55
178.89
176.9
176.06
176.71
174.97
173.46
NA
175.26
177.42
174.51
176.8
178.37
174.69
NA
NA
NA
NA
NA
NA
NA
173.58
176.3
173.38
NA
NA
173.7
174.2
175.1
175.7
175.3
174.8
177.3
173.9
177.5
NA
NA
177.52
177.24
176.12
174.33
172.43
175.53
174.34
NA
NA
NA
NA
NA
NA
NA
NA
NA
173.71
NA
NA
NA
NA
NA
NA
NA
NA
NA
NA
NA
NA
NA
NA
NA
NA
NA
176.12
177.24
174.18
NA
NA
NA
174.87
175.27
174.57
174.27
179.98
171.55
NA
174.74
175.24
177.33
176.63
175.29
177.46
175.36
178.06
174.94
NA
NA
NA
NA
NA
NA
NA
NA
NA
NA
NA
NA
NA
NA
NA
NA
NA
NA
NA
174.19
174.53
174.67
173.4
175.23
174.95
173.68
172.84
177.76
176.38
177.28
175.98
174.48
176.98
175.78
175.68
176.98
174.98
173.18
173.68
177.88
176.28
174.88
175.37
177.77
176.67
173.67
174.17
174.97
NA
175.17
175.37
177.67
176.97
173.87
174.27
175.07
NA
175.17
NA
NA
NA
NA
NA
174.53
NA
174.71
177.59
176.25
175.95
176.45
173.25
177.05
175.85
175.25
173.65
174.55
173.65
NA
174.05
176.75
173.52
173.55
175.41
175.63
174.91
174.9
176.82
172.01
176.04
175.94
174.92
176.53
175.04
NA
NA
NA
NA
NA
NA
NA
NA
174.57
177.27
173.97
176.47
176.67
177.47
174.77
176.37
176.27
174.17
NA
178.47
NA
NA
NA
NA
NA
NA
NA
176.39
174.9
NA
173.38
172.94
NA
NA
NA
NA
173.14
173.84
177.24
NA
NA
NA
NA
NA
NA
NA
174.53
176.34
175.06
174.76
173.65
174.98
175.07
173.32
175.26
176.28
174.94
177.27
174.56
175.53
176.5
177.9
175.8
178.1
174.8
172.48
175.58
175.01
172.98
174.91
176.53
177.5
175.09
NA
175.29
176.89
NA
174.16
NA
173.73
174.73
174.73
176.03
174.43
178.63
176.23
NA
NA
NA
NA
NA
NA
173.63
178.0
NA
NA
NA
176.49
174.93
NA
NA
NA
NA
NA
NA
NA
NA
NA
NA
NA
NA
176.84
175.34
175.94
174.14
175.24
NA
174.84
NA
NA
176.44
176.44
174.64
175.31
175.48
174.68
174.83
174.37
182.11
175.45
178.55
178.25
174.45
176.45
174.71
175.61
173.41
177.21
176.11
174.62
174.18
180.07
173.75
175.89
175.03
176.12
176.39
174.43
176.76
176.07
176.28
174.98
176.78
174.44
174.57
NA
NA
NA
175.28
175.13
175.66
177.04
172.87
175.72
177.63
173.75
175.79
176.73
176.13
175.13
174.53
177.43
174.03
177.03
175.43
177.63
176.06
NA
NA
NA
NA
NA
NA
NA
NA
NA
NA
NA
177.89
174.29
175.42
177.25
176.41
176.41
176.91
177.01
176.11
174.4
178.0
175.7
NA
173.8
175.4
175.33
176.48
175.75
177.44
NA
NA
175.86
NA
175.31
174.97
175.98
176.73
174.39
NA
173.85
176.54
NA
174.72
173.62
177.83
174.22
174.93
174.16
173.54
175.44
176.4
175.0
NA
NA
NA
NA
NA
NA
NA
176.17
177.0
177.41
174.87
175.39
176.5
173.85
NA
NA
NA
NA
NA
NA
NA
175.32
175.0
171.6
175.0
175.9
173.83
175.03
NA
175.33
NA
NA
NA
NA
175.78
174.98
NA
174.59
176.99
NA
174.34
175.54
175.14
NA
178.06
176.13
174.31
174.12
175.53
174.87
175.72
175.71
174.01
176.64
175.95
NA
174.71
174.75
176.67
175.14
NA
177.78
NA
175.53
173.58
174.99
173.24
NA
NA
172.81
NA
175.87
174.87
177.15
178.33
176.75
176.34
173.32
176.3
174.44
178.4
177.32
NA
176.71
174.07
175.55
NA
NA
NA
NA
NA
NA
NA
NA
175.88
174.98
175.08
176.04
175.55
173.83
175.53
174.23
NA
NA
173.62
176.1
173.29
176.0
179.2
175.26
177.09
NA
174.21
NA
174.64
NA
NA
178.59
NA
173.54
173.74
173.94
172.84
NA
NA
177.03
175.05
175.47
175.36
176.39
176.73
174.63
174.83
176.13
177.73
173.33
177.03
NA
NA
NA
NA
NA
NA
NA
NA
NA
NA
NA
NA
NA
NA
NA
177.11
NA
171.2
176.46
171.1
NA
176.07
175.47
175.17
174.47
NA
NA
173.46
176.18
173.41
176.18
176.69
174.17
176.2
176.84
179.28
176.01
175.77
174.4
176.96
174.33
174.41
173.71
175.21
174.31
174.91
174.01
175.06
174.76
175.66
176.56
177.26
174.16
173.26
176.0
173.9
176.4
176.2
176.58
174.76
NA
NA
NA
NA
NA
NA
NA
NA
NA
NA
174.36
175.26
176.76
175.56
176.06
175.26
173.86
175.56
174.55
173.75
175.35
174.45
174.75
174.15
176.58
176.08
178.08
175.48
174.48
173.88
175.08
NA
174.58
175.68
NA
177.2
175.68
176.32
175.56
175.48
175.81
175.12
176.85
175.34
179.04
173.54
173.29
173.79
176.09
175.79
175.19
176.14
175.64
175.24
174.74
NA
176.24
175.58
175.94
NA
175.2
177.07
175.85
NA
174.97
175.65
174.56
174.79
175.56
173.56
176.29
172.73
176.04
177.15
174.56
175.36
173.76
175.96
175.06
175.28
176.06
174.57
175.45
NA
175.46
176.36
176.76
176.36
174.06
175.56
175.26
175.18
175.08
173.33
176.9
NA
NA
NA
177.35
174.35
177.15
176.65
176.45
174.75
174.55
176.35
NA
174.6
174.6
177.7
173.2
174.4
176.9
176.9
175.3
175.25
175.25
175.31
175.1
175.35
175.17
175.23
172.23
175.73
175.93
175.27
173.53
176.1
NA
NA
NA
NA
173.9
NA
NA
NA
NA
NA
NA
NA
NA
NA
NA
NA
NA
NA
NA
NA
NA
175.61
173.46
172.11
177.31
177.21
176.01
NA
NA
NA
NA
NA
NA
NA
NA
NA
NA
NA
NA
NA
174.57
176.47
175.87
176.47
NA
NA
176.07
175.67
NA
NA
NA
173.64
175.74
177.04
NA
175.8
174.57
175.76
177.15
176.91
175.48
176.53
NA
NA
NA
NA
176.67
177.17
174.64
173.66
173.8
179.59
174.67
174.17
175.67
177.71
175.62
174.59
174.44
177.21
178.24
174.51
175.07
178.52
NA
NA
NA
NA
NA
NA
NA
NA
NA
NA
175.96
177.3
176.04
177.55
172.76
173.51
175.18
176.2
175.1
177.08
176.59
NA
NA
NA
174.45
175.4
174.76
175.2
174.79
178.09
NA
NA
NA
NA
NA
NA
175.01
172.81
175.82
175.4
175.33
176.24
177.82
175.47
174.41
175.37
177.05
175.48
175.41
175.34
174.89
NA
NA
NA
NA
NA
NA
179.05
177.28
176.08
175.88
178.26
177.13
175.8
NA
NA
NA
NA
NA
177.56
175.63
174.96
176.74
176.04
NA
177.18
175.64
174.15
175.38
174.28
175.05
NA
175.48
177.36
NA
174.21
175.14
176.95
177.42
173.11
172.41
174.61
172.11
174.61
174.61
173.51
178.31
174.88
NA
173.18
177.98
173.63
173.94
173.94
173.0
174.25
173.0
174.4
174.1
175.2
170.4
NA
175.72
174.75
176.48
175.88
175.29
175.01
174.15
172.38
174.71
175.46
174.2
175.91
NA
175.81
175.35
175.19
175.7
179.2
174.31
178.33
174.52
176.35
174.78
177.69
173.95
176.33
176.03
175.43
174.83
175.93
175.02
175.12
173.25
175.77
175.48
NA
NA
NA
NA
NA
175.53
176.9
175.18
175.28
177.18
178.88
176.98
174.38
NA
NA
NA
NA
NA
NA
NA
NA
NA
NA
NA
NA
NA
NA
NA
NA
NA
NA
NA
NA
NA
NA
NA
NA
NA
NA
178.15
178.71
176.0
175.81
NA
NA
NA
178.24
178.23
175.18
175.41
NA
174.96
176.47
174.78
178.64
172.85
175.05
173.05
177.37
174.85
175.75
174.13
175.46
178.27
175.74
176.83
177.03
NA
175.1
173.9
176.18
174.5
177.05
177.53
175.1
NA
174.23
175.8
176.24
177.02
177.58
173.63
175.66
174.84
NA
NA
176.38
174.68
NA
177.04
174.62
175.22
NA
NA
NA
175.81
177.66
177.17
174.33
174.65
176.88
NA
NA
NA
175.77
174.35
174.25
175.39
175.79
174.09
178.19
176.79
176.89
NA
173.59
NA
173.59
NA
176.29
176.59
175.39
174.79
NA
174.19
NA
174.23
NA
175.4
175.5
176.0
176.2
NA
172.46
174.56
NA
NA
NA
177.09
176.99
176.59
176.79
175.69
174.23
175.73
174.33
173.83
NA
NA
NA
NA
NA
NA
NA
173.66
174.96
NA
NA
175.25
174.53
176.59
175.39
174.94
176.51
175.59
174.73
175.76
175.69
NA
NA
NA
NA
NA
NA
NA
NA
NA
NA
NA
NA
NA
NA
175.11
175.55
177.0
NA
NA
NA
176.78
172.38
175.71
176.46
175.13
174.07
175.57
176.47
175.47
174.67
175.41
180.01
174.81
176.31
NA
174.21
175.29
174.79
175.59
174.09
172.49
173.29
174.69
174.39
179.79
175.89
175.49
173.32
172.72
170.32
169.32
172.12
173.12
174.42
173.92
175.16
176.47
176.31
176.48
176.44
NA
NA
175.98
175.84
NA
NA
NA
NA
NA
NA
NA
NA
NA
175.0
175.31
175.03
177.41
176.28
176.84
176.2
NA
NA
NA
NA
NA
NA
NA
NA
175.76
176.6
NA
NA
175.58
176.51
175.97
173.37
175.11
176.78
174.61
173.02
NA
NA
174.17
175.19
177.27
NA
NA
NA
NA
NA
NA
NA
NA
NA
177.26
177.46
176.06
173.63
174.31
NA
174.38
NA
NA
NA
NA
NA
NA
176.87
175.13
177.51
175.67
176.07
175.97
NA
177.05
173.18
179.06
173.75
NA
173.32
174.52
175.02
176.32
177.92
175.52
175.02
177.22
173.92
174.68
178.91
NA
177.0
177.3
NA
NA
174.81
176.71
173.51
173.51
174.8
176.04
175.08
175.43
176.8
171.41
175.7
176.73
177.56
178.71
176.39
175.35
175.07
174.68
175.94
175.18
NA
NA
NA
NA
NA
NA
NA
173.16
174.39
175.18
175.79
177.19
174.79
174.59
177.05
176.6
177.5
175.23
176.19
172.99
177.12
NA
NA
173.06
176.66
NA
176.89
NA
174.17
174.67
176.27
174.27
176.27
177.57
176.47
174.97
175.47
175.77
174.77
177.62
174.92
173.27
NA
175.56
175.11
178.06
175.52
177.29
175.91
175.68
NA
176.57
175.67
173.77
175.27
174.97
177.07
176.07
176.45
172.75
174.99
176.01
177.04
172.72
175.33
173.97
173.07
174.67
172.97
175.17
173.87
176.34
175.44
176.35
176.51
173.67
173.57
176.07
175.57
177.07
NA
NA
NA
NA
NA
NA
NA
NA
NA
NA
176.19
174.99
175.39
174.29
175.79
175.39
174.99
176.29
177.89
176.89
175.01
175.11
175.68
175.51
177.7
176.46
177.66
NA
174.19
178.06
173.84
177.08
175.39
174.99
175.49
174.29
175.89
175.39
175.19
176.29
NA
176.79
174.69
175.47
176.14
173.59
175.2
175.12
175.05
176.8
174.65
173.85
174.55
NA
176.61
177.34
174.8
175.28
174.15
173.37
178.06
177.78
173.91
173.52
179.67
NA
175.74
174.44
175.84
176.84
173.54
NA
NA
NA
175.3
174.2
NA
178.0
174.3
174.55
173.83
173.57
174.7
175.4
174.81
175.35
174.9
176.75
174.63
177.15
174.19
174.32
175.69
177.63
177.12
174.33
NA
NA
174.66
NA
176.26
NA
NA
NA
NA
NA
NA
NA
NA
NA
NA
NA
NA
NA
NA
NA
NA
NA
174.97
174.37
174.47
175.07
175.67
175.59
175.09
174.78
174.96
177.12
NA
NA
178.66
175.79
177.39
177.78
174.97
173.15
176.03
175.15
173.71
174.99
174.4
174.75
174.68
174.27
174.22
177.81
174.89
NA
NA
174.32
174.71
172.33
175.45
173.74
NA
NA
NA
175.88
174.28
173.78
174.38
175.08
174.58
177.78
171.58
173.38
174.98
175.08
173.98
175.28
176.31
175.77
176.05
178.47
178.19
178.37
178.3
174.18
NA
175.11
173.98
NA
173.83
175.73
175.52
174.89
178.94
175.46
174.38
176.04
175.76
178.15
176.92
177.85
176.77
173.77
178.16
174.76
174.8
173.04
177.73
177.53
175.12
174.77
172.05
174.28
176.61
173.94
174.88
NA
175.31
175.01
175.5
NA
177.7
174.49
175.49
174.19
173.79
175.79
NA
NA
NA
NA
NA
NA
NA
NA
NA
NA
NA
NA
176.17
176.55
173.29
177.06
176.78
176.64
NA
NA
175.15
176.65
175.11
173.92
175.21
NA
NA
NA
NA
NA
174.4
175.02
176.39
175.5
175.0
177.56
174.98
173.22
175.33
NA
NA
NA
176.71
177.41
174.61
174.17
175.41
NA
174.3
175.1
176.4
175.1
175.1
177.6
175.86
176.57
174.94
174.77
175.22
175.17
173.65
175.74
176.01
177.61
175.05
176.67
NA
175.33
177.58
175.01
175.74
177.24
174.67
175.67
176.97
176.32
174.72
176.12
176.25
174.25
176.25
174.29
174.51
174.58
175.13
NA
NA
NA
NA
NA
NA
NA
NA
NA
174.76
174.62
176.64
177.86
174.94
176.99
176.09
175.69
174.89
174.69
174.69
175.39
173.29
174.3
174.54
172.71
173.42
NA
177.93
NA
NA
NA
NA
173.98
174.95
176.0
178.05
NA
NA
175.16
NA
172.94
173.83
174.91
172.05
173.8
175.2
172.95
NA
NA
174.27
178.95
173.91
176.03
NA
NA
NA
NA
NA
NA
NA
NA
175.04
NA
175.82
175.49
174.51
174.71
175.51
174.41
174.5
174.9
177.4
177.4
NA
NA
NA
NA
NA
NA
175.79
175.73
176.91
174.33
174.37
175.51
174.42
176.87
177.27
174.51
177.03
174.02
175.58
176.95
174.76
174.51
176.47
NA
NA
NA
NA
NA
NA
177.79
175.36
175.87
174.56
177.57
NA
176.23
NA
NA
174.22
176.9
NA
NA
NA
NA
NA
177.15
NA
174.7
NA
NA
NA
NA
NA
175.08
172.86
175.45
173.38
176.84
175.76
176.15
NA
174.53
175.05
174.48
174.77
NA
NA
NA
NA
NA
174.88
176.41
179.34
NA
173.97
174.17
174.37
174.27
172.84
171.84
177.29
174.2
175.39
173.08
177.32
177.1
174.18
176.22
174.53
174.86
NA
175.46
177.23
177.6
173.71
174.93
173.16
175.03
177.01
176.22
176.1
173.96
175.49
174.04
174.42
176.13
176.49
176.15
174.18
175.42
174.85
172.26
173.44
NA
NA
NA
NA
NA
NA
NA
NA
176.1
176.48
175.74
174.95
NA
174.96
176.57
175.29
175.5
174.32
NA
172.9
175.49
176.34
176.41
175.64
176.64
177.51
178.65
176.2
176.92
174.32
180.76
174.35
176.66
175.26
177.87
175.09
175.39
173.89
175.59
176.63
176.43
176.39
NA
NA
NA
NA
NA
NA
NA
NA
NA
NA
NA
NA
NA
NA
NA
NA
NA
NA
NA
NA
NA
NA
NA
NA
NA
NA
NA
NA
NA
NA
NA
175.61
175.86
176.73
175.31
175.06
176.15
NA
174.46
NA
174.27
175.91
NA
NA
174.14
175.52
176.55
175.15
173.71
174.81
174.75
176.22
176.82
172.75
174.67
177.61
174.8
174.22
176.87
176.39
175.11
NA
174.27
175.09
175.35
177.34
NA
NA
NA
175.3
NA
NA
NA
NA
NA
174.66
174.81
NA
NA
175.76
175.74
NA
NA
NA
NA
NA
NA
NA
NA
NA
176.13
NA
175.13
175.72
173.12
173.42
174.52
172.22
175.02
175.81
177.37
174.86
174.74
177.41
173.95
176.17
173.11
173.17
172.47
175.47
173.47
175.39
176.67
174.64
174.96
173.99
179.0
174.02
174.41
176.9
174.99
175.49
175.69
178.49
175.09
176.29
174.99
175.89
173.99
177.03
174.02
175.58
176.95
NA
NA
NA
NA
NA
NA
NA
NA
NA
NA
NA
NA
NA
NA
NA
NA
NA
NA
NA
NA
174.47
175.01
177.19
173.74
176.73
NA
174.53
175.48
174.67
173.53
176.7
174.0
174.43
176.33
176.03
NA
NA
173.92
175.08
176.74
174.49
176.08
NA
175.87
176.73
176.34
175.53
NA
NA
NA
NA
NA
NA
NA
173.33
172.5
NA
175.63
174.12
175.52
NA
176.22
174.38
174.55
175.18
177.13
176.45
171.42
172.9
177.67
175.6
174.83
175.6
175.09
174.83
177.03
177.28
178.08
176.23
NA
175.73
175.12
174.62
174.92
NA
NA
NA
NA
NA
NA
NA
NA
NA
NA
NA
NA
171.84
171.74
169.94
173.84
172.94
174.74
174.17
NA
170.82
174.76
176.26
175.46
174.96
175.99
174.89
174.46
176.89
NA
177.55
176.9
176.43
174.36
NA
175.58
176.78
176.17
175.07
174.85
NA
NA
177.78
176.8
NA
NA
173.31
174.13
176.28
175.64
NA
174.33
176.49
177.26
176.02
176.0
175.22
175.95
176.05
176.63
177.76
174.52
174.43
175.01
175.68
174.78
NA
174.0
174.7
NA
173.9
175.3
175.0
172.4
177.81
174.45
177.44
176.9
175.5
177.6
175.28
175.76
176.11
175.71
176.11
176.61
173.21
174.71
175.15
174.0
174.72
176.92
176.14
172.87
NA
175.44
175.31
NA
176.25
173.85
177.25
174.84
174.38
176.19
176.12
NA
176.3
174.76
174.45
174.2
175.3
175.58
176.04
173.61
174.5
175.57
176.02
NA
174.2
178.11
174.08
174.97
174.53
176.24
NA
NA
NA
NA
NA
NA
NA
NA
177.26
NA
NA
174.36
175.86
NA
175.03
173.5
175.64
175.48
176.15
178.28
173.41
176.77
173.74
177.03
177.05
174.84
173.52
174.95
176.94
177.07
174.66
NA
175.46
179.32
173.83
175.13
174.43
174.81
173.92
NA
176.7
173.7
175.9
175.8
176.21
175.61
NA
NA
NA
NA
175.09
NA
175.97
176.0
175.57
174.85
NA
NA
NA
NA
NA
NA
176.09
NA
173.51
174.81
173.51
175.21
174.71
173.91
178.07
174.57
175.97
177.67
174.17
173.7
173.4
175.26
176.83
174.55
173.71
173.41
175.24
176.84
174.53
174.72
175.42
176.82
175.52
175.22
174.37
172.21
176.46
173.81
175.58
173.07
NA
NA
NA
NA
NA
NA
NA
NA
NA
NA
NA
NA
NA
NA
NA
NA
NA
NA
NA
177.76
178.89
173.79
176.49
175.69
174.79
178.09
177.89
174.99
173.99
NA
173.9
175.7
171.39
174.31
175.57
NA
NA
176.77
NA
NA
NA
NA
NA
NA
NA
NA
NA
NA
NA
NA
NA
NA
NA
NA
173.83
176.79
173.27
NA
NA
177.08
NA
175.99
175.51
176.72
176.61
176.18
175.96
174.92
176.45
174.27
175.02
175.32
177.34
176.57
176.14
174.58
174.57
174.41
173.27
176.01
174.18
174.82
173.92
174.61
176.7
177.27
176.64
177.41
NA
NA
NA
NA
NA
NA
NA
NA
174.94
175.27
NA
NA
NA
NA
175.67
177.62
177.12
174.33
NA
176.76
NA
NA
NA
NA
NA
NA
NA
NA
NA
NA
NA
NA
NA
NA
176.04
177.15
177.45
174.51
176.1
176.22
174.53
NA
174.93
179.02
176.39
175.64
176.35
173.18
174.1
173.92
175.89
175.29
NA
NA
NA
NA
NA
NA
NA
NA
178.55
175.57
176.12
176.12
NA
177.73
174.12
NA
NA
NA
NA
NA
176.01
178.36
175.02
175.28
NA
174.64
174.2
174.3
175.52
NA
NA
NA
NA
NA
NA
NA
NA
NA
NA
NA
NA
NA
NA
NA
NA
NA
NA
NA
NA
NA
NA
NA
NA
178.06
180.02
179.06
176.99