179.6
177.52
180.2
176.82
179.52
177.63
180.19
179.1
177.65
178.31
180.17
180.1
179.37
179.02
179.21
179.22
NA
NA
178.76
178.76
NA
NA
178.76
NA
NA
178.76
NA
NA
NA
NA
NA
NA
NA
180.44
180.21
174.46
178.83
177.77
177.44
177.04
177.75
177.92
179.31
179.95
178.14
178.74
177.93
177.58
177.28
176.58
177.68
180.37
179.01
176.34
177.57
NA
179.21
179.2
178.35
176.84
178.98
178.98
178.41
176.58
179.43
179.38
177.23
179.26
177.97
178.39
179.5
178.03
178.22
178.72
NA
182.16
179.38
178.11
177.77
NA
177.97
177.29
177.09
NA
177.71
177.27
177.58
180.04
178.1
177.81
177.76
178.03
180.67
179.64
178.38
179.16
176.82
177.99
179.02
178.78
178.69
179.04
178.95
177.61
178.23
178.83
178.36
179.97
179.29
177.57
176.66
177.83
177.5
179.44
177.06
179.89
NA
177.41
178.73
179.36
177.3
179.2
179.34
NA
176.8
179.83
NA
178.93
180.19
178.91
178.04
178.29
177.9
178.14
177.51
178.19
177.91
177.6
179.3
177.73
NA
NA
177.13
179.21
179.95
178.29
178.74
178.36
181.74
178.81
176.83
180.02
176.75
175.69
178.71
177.99
NA
177.33
177.33
179.53
178.92
177.98
NA
NA
176.94
179.9
178.52
179.61
178.73
180.16
179.14
179.43
177.52
179.07
178.19
179.19
175.83
179.02
178.22
178.27
NA
178.42
178.09
181.15
179.81
178.02
177.05
180.88
180.3
178.16
179.13
179.28
179.35
178.65
179.35
177.9
178.59
178.25
178.4
177.91
179.73
177.57
179.15
178.69
179.48
178.55
177.69
179.13
180.02
179.02
177.11
177.47
177.81
178.76
177.34
180.42
176.67
179.08
177.66
179.58
177.97
178.42
175.89
179.12
179.69
NA
179.78
180.59
178.17
180.61
177.57
178.58
178.83
175.79
177.12
175.91
177.94
178.67
178.91
179.25
178.0
179.14
178.35
179.42
178.99
176.83
176.74
178.26
180.19
180.0
177.97
178.42
178.18
177.31
180.25
178.49
178.53
176.4
175.17
177.73
179.27
178.82
177.2
178.45
177.88
180.5
176.85
180.76
177.77
177.94
NA
NA
179.37
180.32
178.06
178.35
179.86
177.87
177.53
178.94
179.66
177.53
178.9
178.74
179.97
177.65
179.93
177.24
178.97
177.85
176.53
179.74
178.1
177.33
176.62
177.38
NA
179.64
178.32
179.07
177.46
178.62
177.05
179.88
179.47
177.73
180.1
177.46
179.1
178.38
178.75
180.91
177.85
179.57
178.13
177.72
179.26
177.9
178.63
178.94
180.21
177.76
179.07
177.6
178.65
177.34
177.22
178.2
178.69
180.17
178.42
179.49
178.19
177.54
177.43
179.56
178.04
177.28
177.52
179.11
176.08
177.87
177.0
176.87
176.95
176.43
179.3
177.3
179.26
177.36
179.1
178.27
NA
NA
NA
177.96
NA
178.05
179.65
179.28
179.74
178.18
177.67
177.44
176.73
178.56
179.02
177.16
180.05
178.68
179.04
178.95
178.44
178.56
177.78
177.61
178.0
180.11
177.67
NA
178.71
180.1
178.33
178.36
180.67
179.35
178.6
179.08
178.56
179.67
178.89
178.31
179.4
178.79
179.74
177.4
179.94
178.99
176.6
178.55
178.0
180.84
179.03
176.93
178.3
178.06
177.68
176.36
180.17
179.99
178.43
179.3
178.56
179.1
178.38
179.33
177.69
177.69
NA
178.03
178.7
177.95
178.73
177.63
178.39
177.37
178.0
178.68
176.52
177.69
177.91
178.94
177.72
178.3
179.13
178.23
176.24
178.35
178.07
177.44
179.04
180.38
177.97
179.04
180.2
178.67
178.63
179.43
179.02
178.6
177.6
178.08
178.78
177.42
178.06
180.49
179.68
178.71
175.99
NA
176.87
179.07
179.34
180.47
178.01
178.18
178.62
180.07
178.54
177.6
177.06
178.27
177.93
177.35
179.97
180.23
178.73
177.18
178.32
177.13
179.48
178.93
177.23
177.37
178.25
177.69
178.71
178.37
178.47
178.2
178.03
180.31
177.95
178.34
178.34
178.67
177.9
180.12
179.34
179.44
179.34
178.46
180.96
178.59
179.18
178.32
178.36
180.33
NA
178.99
175.39
178.68
NA
NA
NA
NA
NA
178.52
178.03
178.64
178.42
178.5
178.12
177.53
177.85
179.31
178.08
178.52
178.88
180.08
177.47
178.48
177.7
178.75
178.82
177.48
176.77
177.91
178.34
181.55
180.37
177.95
179.49
177.55
177.28
177.27
177.96
180.85
180.82
177.48
175.46
178.36
180.75
178.45
177.59
178.91
177.06
177.5
178.38
178.53
178.91
177.73
178.35
177.57
178.85
178.27
178.92
178.68
177.37
178.73
177.04
177.52
177.46
177.36
178.95
178.11
179.58
179.94
177.98
173.83
177.53
177.13
178.16
179.88
178.12
176.12
177.81
175.77
178.83
177.68
178.63
178.36
180.45
179.26
178.85
180.0
177.19
180.05
175.66
178.31
178.59
178.87
177.3
179.21
178.86
177.77
179.09
180.69
178.09
NA
178.19
178.27
176.55
180.15
177.95
178.8
178.77
177.74
178.85
174.57
178.16
176.1
177.77
177.88
180.16
179.52
180.17
179.64
179.27
178.66
176.84
179.13
182.78
177.67
178.48
178.76
177.93
176.12
179.59
179.45
178.63
176.78
179.06
182.71
NA
178.5
178.68
177.69
176.0
177.96
179.16
177.86
177.26
177.06
180.56
178.56
175.36
180.06
179.26
179.26
179.96
179.76
178.96
178.56
178.76
178.86
180.36
180.16
178.09
179.29
NA
NA
NA
180.49
NA
177.79
179.89
NA
179.29
179.99
180.69
178.29
178.49
178.59
178.79
180.29
180.09
177.79
178.29
NA
176.89
NA
NA
178.69
NA
179.99
179.49
179.29
179.79
180.19
175.89
NA
178.79
175.59
NA
179.59
NA
NA
NA
NA
179.2
176.3
178.1
180.06
178.68
177.5
178.01
178.64
178.58
179.25
NA
NA
177.01
NA
179.52
NA
NA
NA
NA
NA
NA
NA
178.65
181.08
177.83
179.15
178.3
180.32
178.19
177.26
179.99
180.58
178.4
178.28
176.11
NA
NA
NA
NA
178.64
177.38
180.76
180.48
178.78
177.12
178.89
179.05
178.32
177.39
176.74
175.45
176.62
176.9
178.87
179.18
177.12
175.08
177.57
178.87
177.81
NA
NA
NA
NA
NA
NA
178.33
NA
NA
178.48
NA
178.67
178.37
179.97
NA
NA
NA
NA
NA
NA
NA
180.22
176.32
180.06
178.61
176.28
178.62
180.4
178.93
177.89
177.08
179.85
180.47
178.26
178.56
178.44
176.63
NA
NA
NA
NA
NA
NA
NA
NA
NA
NA
NA
NA
NA
NA
NA
NA
NA
NA
NA
NA
NA
NA
NA
NA
NA
NA
NA
NA
NA
NA
NA
NA
179.1
177.87
177.9
178.02
178.58
177.86
180.34
NA
NA
NA
NA
NA
NA
177.84
179.24
177.59
177.93
NA
NA
NA
NA
NA
NA
NA
NA
NA
NA
NA
NA
NA
NA
NA
180.86
179.06
179.66
180.56
177.46
178.96
180.36
177.26
180.06
178.16
180.66
177.86
178.86
181.14
179.38
179.18
176.18
176.93
178.67
179.05
NA
176.43
177.65
178.86
178.6
177.36
179.2
178.21
179.45
175.8
176.29
NA
178.53
NA
NA
NA
NA
NA
NA
NA
NA
NA
NA
NA
178.99
178.38
177.84
179.16
179.48
177.68
178.99
177.52
178.7
NA
NA
NA
NA
NA
NA
NA
NA
NA
178.14
176.74
176.14
178.92
177.96
176.11
178.84
178.19
178.1
179.66
180.86
176.96
178.66
179.56
NA
NA
NA
179.56
181.36
NA
178.36
178.06
176.86
177.96
177.01
179.22
179.09
178.35
176.97
177.18
179.35
179.27
NA
178.05
178.47
179.36
177.18
NA
179.93
178.8
177.98
176.76
175.07
178.65
177.98
177.09
179.26
179.27
177.43
175.04
177.84
180.87
180.55
178.72
178.95
179.6
179.08
180.13
NA
175.72
179.26
178.71
175.41
178.9
179.14
177.48
180.46
NA
179.06
180.0
178.46
175.29
177.02
180.15
174.39
NA
NA
177.83
179.23
180.23
178.93
178.03
179.53
180.23
180.23
179.13
180.63
179.63
177.83
179.23
180.23
179.03
178.03
179.53
180.23
180.23
179.13
180.63
179.63
177.82
179.22
180.22
178.92
178.02
179.52
180.22
180.22
179.12
180.62
179.62
177.82
179.22
180.22
179.02
178.02
179.52
180.22
180.22
179.22
180.62
179.62
177.82
179.32
180.02
178.92
178.12
179.62
180.22
180.22
179.12
180.62
179.72
178.36
177.91
179.11
179.03
177.24
NA
179.39
179.71
178.13
NA
178.26
176.75
180.45
177.85
179.45
NA
178.28
178.26
175.21
179.19
178.33
177.38
181.96
176.63
179.16
177.45
178.43
178.27
NA
NA
NA
177.8
NA
NA
NA
NA
NA
NA
NA
NA
NA
NA
NA
176.71
178.87
181.9
178.78
177.78
179.19
178.99
176.66
177.28
NA
178.28
177.36
176.78
175.69
177.76
NA
NA
176.21
NA
177.58
179.38
179.38
177.28
178.38
177.98
177.68
NA
NA
NA
NA
NA
NA
177.78
178.52
178.52
177.22
178.62
179.42
NA
176.12
177.19
180.28
178.32
178.86
176.71
177.83
179.55
178.55
179.79
177.07
180.61
177.82
179.09
178.96
178.62
178.66
NA
NA
178.0
178.94
177.97
178.39
179.52
179.0
177.16
177.85
179.05
178.51
179.08
176.49
177.81
177.55
178.85
176.55
NA
178.85
178.15
176.15
179.53
175.57
178.51
177.83
178.66
179.21
NA
NA
NA
176.47
180.09
178.52
175.58
NA
NA
NA
NA
NA
NA
NA
NA
NA
NA
177.81
NA
NA
NA
NA
NA
NA
180.05
176.4
177.64
NA
NA
NA
NA
NA
NA
180.4
175.9
178.42
NA
178.69
NA
NA
NA
NA
NA
NA
NA
178.22
178.41
177.49
180.8
180.07
176.8
178.25
179.04
178.15
178.36
173.53
180.78
179.96
176.74
178.11
178.99
NA
NA
NA
NA
NA
NA
NA
NA
NA
NA
NA
NA
NA
NA
NA
NA
NA
178.79
178.59
NA
NA
NA
NA
NA
NA
178.16
178.1
178.17
176.79
178.41
178.35
NA
177.89
178.82
179.08
179.11
177.89
177.34
177.72
181.25
179.21
180.22
179.0
178.59
179.5
176.25
177.65
178.32
176.67
177.52
178.92
177.52
178.62
178.92
178.12
176.62
NA
NA
NA
NA
NA
NA
NA
NA
NA
NA
NA
NA
178.99
178.85
NA
NA
NA
NA
NA
175.86
178.37
177.33
178.48
179.56
176.82
177.25
175.55
179.65
181.36
179.29
178.88
180.47
176.65
177.61
177.45
178.56
178.85
179.37
178.57
176.19
NA
NA
NA
NA
NA
NA
NA
NA
NA
NA
NA
NA
NA
NA
NA
NA
NA
NA
NA
NA
NA
178.39
177.46
178.49
179.61
176.86
177.38
175.82
178.4
181.52
179.47
178.11
180.09
175.92
176.38
177.23
178.31
179.19
179.05
178.77
174.81
177.49
178.13
179.17
178.88
178.76
178.63
178.82
179.05
178.98
179.52
178.27
179.17
178.83
178.77
178.6
178.85
179.07
179.06
179.8
179.04
178.51
178.94
178.51
178.66
180.42
179.27
178.85
177.63
179.52
181.11
178.85
177.91
176.52
179.15
178.72
180.62
179.55
177.71
178.92
177.96
176.27
179.64
NA
NA
NA
NA
NA
NA
NA
NA
NA
NA
NA
NA
NA
NA
NA
NA
NA
NA
NA
NA
179.22
178.52
177.12
176.82
178.02
176.72
178.32
177.52
178.02
NA
NA
NA
NA
NA
NA
NA
NA
NA
NA
NA
NA
NA
NA
NA
NA
NA
178.74
179.12
179.12
NA
NA
NA
NA
NA
178.9
181.25
177.5
179.13
NA
NA
NA
NA
NA
NA
NA
NA
NA
NA
NA
NA
NA
NA
NA
178.96
178.26
177.75
178.71
178.63
178.61
177.39
NA
NA
NA
NA
NA
NA
NA
NA
NA
NA
NA
NA
NA
NA
NA
NA
NA
NA
NA
NA
NA
NA
NA
NA
NA
NA
NA
178.69
NA
NA
NA
NA
NA
NA
NA
NA
NA
NA
NA
NA
NA
175.47
NA
175.33
172.88
175.2
173.62
172.86
174.14
178.95
172.9
172.45
NA
171.19
170.25
173.18
171.13
170.25
171.56
171.99
172.01
177.93
178.77
179.27
NA
NA
NA
NA
NA
NA
NA
NA
NA
NA
NA
NA
NA
NA
NA
NA
NA
NA
NA
NA
NA
NA
NA
NA
NA
NA
NA
NA
NA
NA
NA
NA
NA
NA
NA
NA
NA
177.93
176.47
175.68
176.08
177.44
177.55
180.25
179.35
179.22
178.23
177.36
176.94
178.07
176.77
178.4
177.62
178.16
180.7
NA
NA
178.76
177.46
178.2
180.01
179.79
178.04
176.94
180.22
177.13
NA
178.44
178.74
178.24
177.24
NA
177.44
180.54
181.04
179.04
179.84
178.94
177.89
178.82
179.23
176.6
NA
NA
NA
NA
NA
NA
NA
NA
NA
NA
NA
NA
177.41
179.16
177.12
177.39
178.64
180.27
178.49
178.36
180.52
178.73
177.59
NA
NA
NA
179.44
NA
NA
NA
NA
NA
NA
NA
NA
NA
NA
177.96
178.14
176.84
178.24
180.44
179.54
178.94
179.08
NA
NA
NA
NA
NA
177.77
179.58
178.78
179.18
177.48
177.83
NA
NA
177.83
180.83
178.23
NA
NA
NA
178.8
173.9
179.0
179.0
179.1
179.1
NA
NA
NA
NA
178.76
177.16
177.96
177.86
NA
NA
NA
NA
NA
NA
NA
NA
NA
179.34
NA
178.0
179.1
177.2
NA
NA
NA
NA
NA
NA
NA
NA
NA
NA
NA
NA
NA
NA
NA
NA
NA
NA
NA
NA
NA
NA
NA
NA
NA
NA
NA
NA
NA
NA
NA
NA
178.5
179.1
178.2
177.5
178.6
179.1
177.9
178.5
178.7
178.5
179.1
178.0
178.65
178.85
180.75
179.85
179.15
178.45
178.65
NA
NA
NA
NA
NA
NA
NA
NA
NA
NA
NA
NA
NA
NA
NA
NA
NA
NA
NA
NA
NA
NA
NA
179.84
177.74
177.14
177.74
178.34
177.44
179.14
NA
NA
NA
NA
NA
NA
NA
NA
NA
NA
NA
NA
NA
NA
177.45
177.45
NA
NA
NA
NA
178.8
178.3
177.7
178.8
NA
NA
NA
NA
NA
NA
NA
NA
NA
NA
NA
NA
NA
NA
178.32
178.0
180.34
178.32
178.0
180.34
NA
NA
NA
NA
NA
NA
180.25
177.55
NA
NA
NA
NA
NA
NA
NA
NA
NA
179.43
180.23
NA
179.43
179.64
178.64
NA
NA
NA
NA
174.99
179.38
179.66
179.51
177.42
179.03
178.35
177.32
178.42
176.02
NA
178.78
178.78
179.48
178.68
178.18
178.28
178.08
177.48
178.55
178.75
178.83
178.76
178.9
NA
178.13
179.46
178.49
NA
NA
NA
176.94
NA
177.3
176.5
177.8
177.84
NA
NA
NA
NA
NA
NA
NA
NA
NA
NA
NA
NA
178.69
177.39
178.47
177.27
177.19
NA
179.08
178.83
176.94
NA
178.19
178.69
179.44
180.39
177.34
NA
NA
NA
NA
178.25
178.44
NA
NA
NA
NA
183.55
183.65
177.03
177.47
176.15
177.14
176.21
177.52
177.88
177.24
176.65
180.85
176.35
179.35
179.15
178.55
177.94
178.01
178.46
179.59
176.29
179.06
177.56
178.24
177.79
177.94
179.1
179.2
179.41
178.85
179.52
179.55
178.81
NA
NA
173.25
176.35
179.11
178.31
177.21
179.81
177.01
178.01
179.61
179.01
178.61
179.51
NA
NA
NA
NA
NA
NA
NA
NA
NA
NA
NA
NA
NA
NA
NA
NA
NA
NA
NA
NA
NA
NA
NA
177.65
178.65
178.35
180.75
NA
NA
NA
NA
NA
NA
NA
NA
NA
NA
NA
NA
NA
NA
NA
178.64
179.34
177.44
178.84
179.04
NA
NA
NA
NA
NA
NA
NA
NA
NA
NA
NA
NA
NA
NA
NA
NA
178.5
178.1
179.9
178.8
177.1
179.0
178.62
178.62
178.98
180.08
177.3
NA
182.04
181.5
179.18
178.99
178.02
176.74
177.9
178.43
178.2
179.37
175.16
172.2
171.82
174.2
173.21
174.44
179.12
178.54
178.44
180.86
179.28
178.6
178.99
178.38
178.96
178.64
176.1
178.75
178.29
176.84
178.47
179.25
179.45
178.75
179.07
181.67
177.86
179.55
178.97
177.89
178.43
NA
179.31
NA
NA
NA
NA
NA
NA
NA
NA
NA
NA
178.71
178.43
179.33
177.55
176.72
179.55
176.94
178.25
176.51
178.21
176.8
177.87
178.37
178.27
177.57
178.17
176.77
NA
180.57
177.17
178.07
178.27
179.57
NA
NA
NA
NA
177.92
180.42
180.42
179.82
178.32
178.42
177.52
179.75
178.37
NA
178.27
177.07
NA
174.87
179.67
NA
177.15
177.65
178.65
177.45
NA
179.75
178.45
173.25
179.1
177.4
181.0
179.7
NA
177.7
177.6
178.2
179.1
177.4
177.1
178.6
NA
178.83
176.0
179.21
180.62
176.73
178.36
178.09
179.08
178.39
177.1
178.86
179.58
178.87
178.74
179.24
NA
NA
NA
NA
178.43
178.89
179.99
NA
NA
NA
NA
NA
NA
178.78
176.04
175.5
180.35
179.21
178.6
179.21
176.15
177.72
178.29
176.25
179.22
178.21
177.69
177.7
178.28
179.21
176.85
175.14
177.07
180.64
178.37
177.39
178.0
179.81
180.39
177.73
176.63
178.53
180.23
178.73
178.63
180.53
176.53
180.63
178.03
178.57
179.75
179.49
179.0
178.72
178.85
178.5
178.18
179.49
178.32
179.46
179.33
179.41
177.31
178.91
177.81
178.31
179.11
179.51
178.81
178.11
177.41
179.61
179.31
179.11
179.11
177.21
NA
NA
NA
NA
NA
177.78
NA
NA
178.46
176.99
178.25
178.84
178.24
180.58
178.27
NA
NA
NA
NA
NA
NA
NA
NA
NA
NA
NA
NA
NA
NA
NA
NA
NA
NA
NA
NA
NA
NA
NA
NA
NA
NA
NA
NA
NA
NA
NA
NA
NA
NA
NA
NA
179.04
178.79
179.72
179.65
NA
178.25
177.75
179.35
NA
178.07
178.37
176.45
177.75
177.45
NA
NA
NA
NA
NA
176.61
NA
NA
NA
NA
NA
NA
NA
NA
NA
NA
NA
NA
NA
NA
NA
178.0
178.76
179.93
178.59
178.35
178.24
NA
177.97
177.57
178.21
178.83
178.79
177.94
175.86
178.36
179.26
180.06
177.96
178.76
178.46
179.56
178.76
178.76
175.76
NA
NA
NA
NA
NA
NA
NA
NA
NA
NA
NA
NA
NA
NA
NA
NA
NA
NA
NA
NA
NA
NA
NA
NA
NA
NA
NA
NA
NA
NA
NA
NA
NA
NA
NA
NA
NA
NA
NA
180.27
NA
178.0
178.39
NA
178.79
179.06
179.58
178.36
178.1
179.23
NA
179.1
178.8
178.4
NA
NA
NA
179.39
178.94
177.75
180.23
177.26
179.16
179.02
180.14
179.2
178.23
177.61
179.09
175.77
178.17
176.89
179.11
177.61
176.76
177.67
177.64
177.99
179.92
179.18
177.66
177.95
178.65
176.65
178.32
177.69
177.49
178.03
NA
NA
NA
NA
NA
178.47
179.47
178.87
177.37
179.67
179.97
179.97
NA
NA
NA
NA
NA
NA
NA
NA
NA
NA
NA
NA
NA
NA
NA
NA
NA
NA
NA
NA
NA
NA
NA
NA
NA
NA
NA
NA
NA
NA
NA
NA
NA
NA
178.42
178.85
177.62
177.24
177.94
178.84
179.66
177.64
180.59
177.4
176.87
179.29
NA
NA
NA
NA
NA
NA
NA
NA
NA
NA
NA
NA
179.76
177.89
178.13
178.31
178.36
180.24
180.06
NA
NA
NA
NA
NA
NA
NA
NA
NA
178.17
NA
177.16
NA
NA
176.86
179.05
178.27
177.89
NA
NA
NA
NA
NA
NA
NA
NA
NA
NA
NA
NA
NA
NA
NA
NA
NA
NA
NA
NA
NA
NA
NA
NA
NA
NA
NA
NA
NA
NA
NA
NA
NA
NA
NA
180.09
178.23
179.99
180.17
179.53
178.33
180.1
179.68
177.18
177.88
178.18
176.88
178.28
180.28
180.68
179.08
179.38
173.18
178.68
178.78
NA
NA
NA
NA
NA
NA
NA
NA
NA
NA
NA
178.57
NA
NA
NA
NA
NA
178.65
178.43
176.99
178.38
173.32
172.15
173.52
173.14
173.9
NA
179.67
179.17
179.97
180.17
180.67
179.87
179.97
181.97
180.13
178.33
177.14
178.46
177.26
178.85
177.25
178.94
179.07
178.26
178.79
179.53
176.88
174.48
173.21
173.92
173.33
NA
174.32
178.35
174.85
177.65
NA
NA
NA
NA
NA
178.76
178.55
177.09
177.33
178.19
178.2
NA
NA
NA
NA
NA
NA
NA
NA
NA
NA
NA
NA
NA
NA
NA
NA
NA
NA
NA
NA
178.38
179.35
179.24
NA
NA
NA
NA
NA
178.01
177.81
176.11
NA
NA
NA
NA
NA
NA
NA
NA
NA
NA
NA
NA
NA
NA
NA
178.09
177.97
180.79
177.7
179.75
179.32
177.92
177.88
180.26
179.71
179.57
177.56
177.92
178.35
178.46
180.33
179.69
175.64
176.85
176.63
181.3
178.65
NA
178.27
175.95
180.64
179.07
174.88
175.08
179.18
178.08
176.98
179.58
175.88
176.88
NA
NA
NA
NA
NA
NA
NA
NA
NA
NA
NA
NA
177.59
177.8
NA
178.3
180.17
179.56
175.45
176.8
176.67
181.24
178.56
178.26
177.94
175.94
180.52
178.71
177.24
179.67
178.87
178.69
180.58
177.59
178.3
180.68
175.97
178.54
179.38
178.68
NA
NA
NA
NA
NA
NA
NA
NA
NA
NA
NA
NA
NA
NA
NA
NA
NA
179.35
178.92
178.45
180.44
175.94
NA
NA
NA
178.56
179.26
178.36
177.96
177.86
180.36
179.96
178.16
178.06
177.26
176.3
179.3
177.7
178.7
NA
NA
NA
NA
NA
NA
NA
NA
NA
178.06
177.9
179.51
176.77
178.3
180.12
175.71
179.85
180.55
177.27
178.33
NA
NA
NA
176.56
178.28
178.53
177.79
177.09
NA
NA
NA
NA
NA
175.33
177.16
177.74
180.85
177.71
NA
NA
NA
178.47
178.97
176.87
177.77
177.87
179.87
178.23
180.11
179.77
177.05
176.77
177.31
180.22
179.75
176.94
177.94
179.54
179.04
NA
NA
178.04
179.35
179.16
176.82
177.97
179.93
175.57
178.94
179.36
178.22
178.04
177.93
178.42
178.21
178.76
178.86
179.22
178.33
178.12
179.25
179.05
179.86
176.76
176.76
179.49
179.98
NA
NA
NA
179.61
178.32
NA
177.08
175.28
177.88
179.18
182.78
177.08
176.38
178.78
176.78
179.38
178.77
176.07
179.27
180.67
176.67
178.37
178.07
179.17
178.37
177.07
179.77
179.97
178.87
178.77
175.47
179.27
180.57
176.97
178.37
178.17
179.17
178.37
177.07
179.77
178.67
178.97
NA
NA
NA
NA
178.03
179.13
178.43
178.83
178.83
NA
NA
NA
NA
NA
178.04
177.94
180.74
177.64
180.74
179.34
177.94
177.84
180.24
179.64
179.54
177.43
178.43
174.03
177.53
178.68
174.38
178.35
174.55
180.15
178.55
177.95
179.65
179.95
176.35
176.75
179.72
177.19
179.24
179.02
178.05
178.68
179.37
179.84
179.03
179.78
175.09
179.5
177.91
177.93
175.65
177.55
179.65
178.29
174.72
177.8
178.49
179.25
NA
179.22
179.93
NA
NA
NA
NA
NA
NA
NA
NA
NA
NA
NA
NA
NA
NA
NA
NA
NA
NA
179.54
179.01
NA
NA
179.34
178.03
179.23
NA
NA
NA
NA
NA
NA
NA
178.4
177.1
178.79
179.3
177.65
179.05
179.19
179.1
178.2
177.7
180.3
178.6
178.96
178.73
176.63
178.43
NA
NA
NA
NA
NA
NA
NA
NA
NA
NA
NA
NA
NA
NA
NA
NA
NA
NA
178.48
NA
NA
NA
NA
NA
NA
NA
177.29
178.74
176.58
177.98
177.39
NA
NA
179.74
179.94
179.2
179.38
178.85
179.44
179.03
179.3
178.69
177.81
178.35
178.81
NA
179.2
178.31
178.61
179.64
178.94
177.74
176.74
177.55
177.88
177.88
178.82
179.89
178.01
NA
NA
NA
NA
NA
NA
NA
NA
179.6
179.2
177.92
179.58
178.97
177.22
177.95
NA
NA
NA
NA
NA
NA
NA
NA
177.45
178.65
178.15
177.15
177.72
179.13
180.05
178.8
177.86
179.56
180.11
180.09
178.92
180.46
179.55
178.69
178.73
179.15
178.88
179.34
180.92
179.12
177.19
177.19
177.84
179.33
177.86
178.51
180.33
179.39
178.97
178.25
178.09
179.95
178.56
177.24
177.23
180.23
177.83
179.83
175.93
177.03
179.73
177.73
178.63
180.13
177.93
178.89
177.54
179.29
178.12
177.94
177.84
172.84
177.0
NA
NA
177.44
179.63
178.86
178.41
179.29
180.25
179.09
179.24
181.0
179.81
176.51
178.11
178.51
NA
179.7
179.4
177.7
175.9
179.4
178.06
178.12
177.74
177.82
NA
176.74
177.02
177.12
NA
179.35
177.8
179.4
181.49
179.35
174.23
176.44
178.77
178.5
178.35
176.3
178.03
180.66
178.83
179.2
179.43
178.71
177.29
177.92
NA
NA
NA
NA
NA
NA
NA
NA
NA
NA
NA
NA
NA
NA
NA
NA
177.86
177.28
178.72
176.99
178.53
178.86
178.07
176.29
NA
NA
NA
NA
178.66
NA
NA
NA
NA
NA
NA
NA
NA
NA
180.62
178.71
177.58
178.7
178.53
177.77
178.17
176.47
177.67
180.17
177.57
177.68
NA
NA
NA
NA
NA
NA
178.91
177.66
177.59
178.15
178.62
178.14
177.49
177.19
178.69
176.19
176.29
178.48
178.68
179.58
179.28
178.58
178.38
179.08
178.98
178.78
178.18
176.89
179.19
175.29
177.09
177.79
178.59
180.79
177.24
178.24
178.44
178.71
NA
177.61
177.97
178.82
179.59
177.59
180.58
177.18
176.75
179.15
NA
179.7
177.5
178.62
177.9
178.74
178.87
178.9
178.25
180.19
177.34
177.35
178.53
179.04
178.81
177.04
177.86
177.71
179.18
178.0
177.27
178.25
180.0
NA
178.99
178.12
178.85
176.99
177.52
176.64
NA
180.51
178.3
181.11
178.23
179.03
179.25
NA
181.3
177.5
178.99
177.9
177.37
178.49
177.81
178.23
178.33
178.38
NA
176.42
177.34
179.71
NA
178.77
174.42
174.36
178.98
179.19
179.07
177.47
177.57
178.07
178.37
177.67
179.23
179.8
178.74
179.35
178.8
178.17
176.54
177.91
177.91
177.91
179.42
NA
178.3
NA
179.17
179.01
177.59
177.89
179.65
178.85
179.45
180.45
178.65
180.05
177.05
180.35
178.69
179.78
178.63
179.47
178.81
178.93
177.04
178.47
178.44
177.64
178.21
179.13
180.19
175.18
179.76
177.68
172.04
178.11
179.14
178.24
177.07
178.89
179.94
176.33
177.84
179.81
178.68
178.75
180.15
178.65
179.95
178.45
180.15
178.65
180.55
178.85
177.25
NA
NA
NA
NA
NA
NA
NA
NA
NA
NA
177.28
181.08
178.58
178.08
178.78
177.78
178.88
178.88
180.18
177.08
178.48
176.48
179.88
177.28
177.57
178.43
179.43
179.63
179.53
178.23
178.43
NA
174.73
179.43
174.03
178.83
179.23
178.53
180.83
179.93
177.53
179.02
179.35
181.04
177.17
177.02
176.58
178.5
178.02
175.51
177.79
178.89
177.39
178.39
178.89
178.49
177.29
178.21
179.96
179.4
180.63
180.51
179.13
179.4
179.89
177.87
179.58
178.28
180.84
180.44
178.74
177.44
NA
NA
NA
NA
NA
178.13
178.31
178.36
180.24
180.06
177.99
178.39
179.23
178.33
179.93
NA
NA
NA
NA
NA
NA
175.14
171.31
175.25
NA
178.38
176.95
176.95
176.64
179.18
178.98
179.11
177.61
177.61
179.21
176.71
178.66
179.96
179.2
177.8
177.27
177.78
180.57
178.8
NA
NA
178.96
178.26
179.45
177.65
178.75
179.25
176.75
180.08
176.48
178.98
177.68
179.78
179.98
182.38
177.78
180.38
179.38
177.58
NA
NA
177.54
178.09
179.04
177.64
177.91
177.59
176.3
178.58
177.86
178.68
180.09
179.16
178.14
179.78
177.99
179.36
178.42
179.88
178.56
179.1
178.02
177.8
179.37
177.73
177.06
177.15
177.79
177.41
179.56
179.47
178.4
179.59
178.67
178.67
179.24
177.72
NA
NA
NA
NA
177.74
178.63
177.93
180.03
177.03
178.73
178.39
179.09
178.19
179.29
175.89
176.79
177.19
179.89
178.19
178.69
179.29
NA
NA
NA
177.52
177.18
180.59
175.85
178.42
177.82
176.44
177.75
178.69
178.28
179.18
178.58
179.28
179.18
179.18
177.08
178.38
178.28
177.88
177.98
178.58
176.38
178.58
177.98
NA
174.3
179.17
178.98
NA
NA
NA
NA
NA
NA
NA
179.41
179.4
177.48
NA
NA
NA
NA
NA
NA
NA
NA
173.48
179.65
178.85
179.45
180.45
178.65
180.05
177.05
180.35
178.15
179.39
177.74
177.55
178.28
NA
178.55
NA
177.15
177.64
178.09
NA
179.98
177.95
177.15
177.29
NA
179.46
179.76
178.96
175.06
176.56
178.66
176.96
179.46
174.16
179.36
177.96
177.62
178.22
178.62
178.52
178.92
177.62
176.72
177.92
178.12
178.52
178.72
178.32
177.62
NA
176.91
179.45
175.3
178.33
175.81
NA
178.66
178.3
179.49
176.73
179.26
179.37
178.84
180.28
177.98
177.94
178.51
177.67
179.47
177.66
178.74
176.83
178.01
178.79
178.44
177.22
177.06
178.8
178.45
179.32
177.51
178.18
178.05
177.25
177.05
178.35
174.95
181.15
179.05
NA
179.2
NA
179.6
178.8
177.9
178.8
178.6
178.7
177.6
NA
179.4
178.9
177.9
177.88
NA
NA
NA
NA
NA
NA
NA
NA
NA
NA
NA
177.67
177.98
179.79
179.31
NA
NA
NA
NA
NA
179.09
179.49
178.44
177.77
178.91
179.4
179.04
176.5
179.69
178.3
178.62
NA
180.46
179.48
175.65
178.78
NA
178.65
179.86
175.09
179.22
177.66
180.87
177.97
179.27
178.87
179.57
178.37
178.3
176.03
178.66
177.31
NA
NA
NA
NA
NA
NA
NA
NA
NA
NA
NA
178.2
176.04
177.74
177.33
176.19
176.92
176.92
179.07
178.8
176.24
178.65
181.12
NA
NA
NA
NA
NA
NA
NA
NA
NA
NA
NA
NA
NA
NA
NA
NA
NA
NA
NA
NA
NA
NA
NA
NA
178.01
NA
179.21
178.31
178.71
178.51
NA
175.71
178.51
NA
NA
NA
178.6
180.1
174.4
176.9
178.1
NA
177.79
178.09
177.79
177.73
176.63
180.03
179.03
178.03
177.93
177.43
180.83
175.63
178.83
180.23
177.93
180.13
178.18
171.18
176.12
178.28
178.74
174.81
NA
NA
NA
NA
175.24
179.64
176.52
177.35
179.31
179.76
175.82
NA
NA
NA
NA
178.8
178.95
178.63
178.44
176.77
178.4
179.7
178.2
180.1
179.9
172.17
170.45
171.63
NA
180.67
180.48
175.32
177.28
175.95
179.31
NA
NA
NA
179.42
179.12
178.98
NA
175.61
178.16
175.47
178.16
175.51
173.59
172.08
173.65
173.22
177.77
178.66
177.41
179.2
177.95
178.54
177.24
178.14
179.64
178.24
178.94
179.34
181.94
178.04
179.34
180.24
181.34
177.94
178.54
181.74
178.04
179.44
181.44
179.34
179.24
179.74
179.24
179.24
177.54
179.34
178.44
NA
NA
NA
NA
NA
NA
NA
179.2
179.23
177.78
178.75
178.57
177.21
NA
NA
NA
179.62
178.06
178.97
178.76
177.35
178.34
174.52
176.42
180.09
178.99
177.49
178.9
179.52
179.15
178.99
178.38
175.78
177.8
178.78
177.75
178.73
179.09
178.52
178.26
178.12
178.61
NA
NA
NA
NA
NA
NA
NA
NA
NA
NA
NA
NA
NA
NA
NA
NA
179.39
180.59
178.19
180.39
176.39
177.69
176.69
177.09
179.79
178.31
180.11
179.41
180.31
180.41
177.61
179.11
NA
180.31
179.16
180.39
177.57
180.09
177.09
179.79
180.29
179.48
178.58
177.98
180.18
176.44
177.0
178.58
179.67
179.0
179.9
177.76
178.41
178.06
176.87
178.86
180.07
177.98
174.97
180.24
177.51
175.58
NA
NA
179.1
185.7
178.17
NA
176.57
NA
NA
175.77
179.32
178.76
178.11
178.37
179.42
179.61
179.58
180.65
178.21
178.28
180.02
178.18
179.4
178.92
177.71
176.23
179.93
179.09
177.82
178.28
178.28
178.09
177.76
179.49
179.93
180.15
NA
179.31
177.69
175.48
178.48
175.48
NA
177.48
176.48
177.48
175.48
NA
176.48
NA
176.48
177.48
NA
176.48
NA
NA
NA
NA
NA
NA
179.75
177.2
178.35
178.53
175.71
179.99
177.7
NA
NA
NA
178.82
177.55
178.71
179.91
181.82
178.72
178.09
178.95
177.95
178.35
177.75
181.25
179.8
179.1
178.3
177.4
180.3
NA
179.7
179.2
178.4
180.2
181.61
181.88
176.21
179.36
174.7
179.92
172.82
179.22
176.85
177.7
NA
NA
NA
NA
179.1
179.07
178.16
177.31
178.34
179.21
181.28
180.85
180.2
178.24
179.2
176.93
178.33
177.54
178.43
179.2
178.38
178.93
177.81
177.31
176.11
178.61
NA
176.91
178.09
178.29
179.39
178.79
178.0
178.4
179.0
178.66
177.73
177.91
177.37
180.49
179.53
180.53
176.43
179.53
177.66
178.56
178.36
176.76
176.36
179.96
176.56
178.16
NA
NA
NA
NA
NA
NA
NA
172.33
171.73
171.23
170.33
172.93
172.33
170.73
NA
NA
178.76
179.26
178.96
177.36
178.36
178.47
178.15
178.91
177.21
178.82
178.66
178.8
177.49
178.1
179.21
178.43
178.47
180.08
177.8
177.07
174.77
178.59
NA
NA
NA
NA
NA
NA
176.7
177.01
178.55
177.25
176.35
177.33
177.24
177.8
NA
NA
NA
NA
178.02
177.52
179.02
178.2
178.4
178.9
179.9
175.9
175.98
179.08
179.18
178.08
178.38
178.58
178.78
177.46
178.19
180.24
179.67
179.27
NA
178.23
178.49
177.51
178.81
178.69
177.99
179.39
175.79
178.69
179.88
179.22
178.89
178.35
177.25
174.84
176.48
179.55
177.25
179.11
176.15
176.8
179.31
179.04
176.53
177.69
178.75
179.21
175.6
177.45
179.8
177.46
178.93
177.31
NA
NA
NA
177.11
179.16
NA
177.53
178.26
177.65
173.94
178.79
177.8
179.75
178.15
178.11
178.09
178.34
179.37
NA
177.66
176.61
178.51
179.19
179.13
177.77
179.69
178.47
177.97
177.97
178.17
176.07
178.1
178.69
179.66
179.89
175.68
NA
NA
NA
179.36
178.44
176.95
NA
178.75
NA
176.61
NA
177.74
179.24
NA
NA
NA
NA
NA
NA
NA
NA
NA
NA
NA
NA
179.09
178.46
173.27
NA
173.27
173.77
171.87
178.6
NA
178.22
178.32
180.12
177.42
177.12
178.72
179.32
178.32
179.01
178.52
177.34
NA
176.86
178.85
178.65
179.62
177.69
180.14
NA
NA
174.99
178.09
177.89
NA
NA
NA
NA
NA
NA
NA
NA
NA
NA
178.26
178.76
NA
NA
NA
NA
NA
NA
NA
NA
179.15
178.6
178.61
179.91
178.61
178.47
177.87
179.68
179.7
179.27
180.23
180.37
179.25
NA
180.83
178.01
177.7
178.56
NA
176.27
177.66
177.98
179.96
177.25
179.36
176.45
178.32
178.7
180.14
174.41
179.76
178.54
177.19
NA
NA
NA
NA
NA
NA
NA
NA
NA
NA
177.85
178.57
178.5
178.19
178.19
177.39
179.19
178.29
179.09
177.79
177.89
179.29
177.89
NA
178.37
178.42
177.37
179.3
178.39
178.75
177.73
NA
NA
NA
NA
177.06
177.86
179.66
177.96
179.16
NA
NA
NA
NA
NA
NA
NA
NA
NA
175.37
178.85
177.49
178.72
180.34
178.16
179.37
180.43
180.0
177.48
180.4
NA
178.01
178.11
177.51
178.21
179.01
179.21
178.71
177.51
178.81
177.91
180.01
178.01
178.49
NA
178.37
177.54
178.04
178.75
179.89
177.43
178.83
178.53
178.13
178.03
179.07
179.34
178.73
178.38
177.86
178.08
178.37
178.04
178.82
176.79
NA
NA
NA
179.94
179.71
177.45
178.12
178.32
176.77
176.44
179.53
177.2
178.58
178.61
178.86
178.69
178.39
177.47
NA
179.54
177.17
179.47
177.87
175.87
179.5
176.68
175.08
175.67
NA
178.03
179.92
178.64
179.74
177.64
179.54
175.44
178.34
178.64
175.94
176.64
176.25
176.43
180.37
177.83
178.36
175.44
177.86
178.65
180.65
176.74
180.08
179.97
177.07
176.27
177.57
NA
NA
NA
NA
178.99
179.79
177.89
178.19
178.49
179.69
178.47
176.9
180.28
179.44
178.66
177.97
178.96
178.36
178.69
179.36
180.38
180.16
178.16
178.76
179.06
178.56
177.46
179.76
178.11
176.42
178.78
179.4
178.99
179.79
177.89
178.59
178.49
179.69
178.01
174.51
178.77
179.01
178.21
176.69
177.75
177.4
176.67
177.06
178.12
NA
178.08
176.52
NA
174.34
NA
177.73
179.8
179.27
178.58
178.13
176.54
177.99
179.38
178.8
174.68
176.53
175.96
180.28
178.81
178.88
177.48
177.5
NA
177.7
NA
179.65
180.65
178.45
178.15
177.66
176.73
177.92
177.52
178.69
178.09
176.99
178.15
179.08
179.04
178.1
177.27
178.29
179.14
181.23
180.8
180.16
178.16
179.11
178.28
177.51
178.35
179.14
178.33
178.93
179.86
179.06
177.86
178.32
178.79
179.47
177.98
177.11
NA
NA
NA
NA
NA
NA
NA
NA
NA
NA
NA
NA
NA
NA
NA
NA
NA
NA
NA
NA
178.78
178.18
180.38
178.88
176.48
177.88
179.48
NA
NA
NA
NA
177.47
179.57
176.97
176.07
179.97
179.14
180.39
177.74
177.04
178.46
NA
178.87
180.22
179.41
179.92
177.05
176.54
179.08
178.1
177.91
177.93
176.95
178.68
178.84
180.98
180.5
178.91
178.92
180.66
179.62
175.55
176.37
179.92
179.44
179.06
180.81
178.71
178.09
179.39
179.96
178.11
NA
178.73
179.58
179.46
178.75
NA
NA
NA
NA
NA
NA
178.62
177.66
181.1
178.01
178.55
178.42
180.6
177.18
175.98
180.19
179.1
180.24
178.63
NA
178.28
NA
177.76
178.92
179.01
180.29
179.06
NA
NA
178.67
175.85
179.38
181.06
179.59
177.97
177.5
177.38
180.4
179.42
179.39
178.93
179.81
NA
178.61
178.51
181.61
178.81
180.71
180.21
179.31
176.31
178.91
179.21
178.61
178.41
177.01
NA
NA
NA
NA
NA
NA
NA
NA
NA
178.41
177.91
177.4
177.4
NA
NA
179.19
NA
NA
NA
177.37
179.38
179.25
NA
178.34
178.54
181.94
NA
NA
NA
179.64
176.44
178.84
179.14
NA
178.44
177.04
NA
NA
NA
NA
NA
NA
NA
NA
NA
NA
178.24
177.73
178.42
NA
NA
NA
NA
NA
NA
NA
NA
NA
NA
NA
NA
NA
NA
NA
NA
NA
178.34
179.14
178.65
178.49
178.2
179.03
179.33
177.82
178.62
179.71
176.54
179.29
179.43
178.85
179.59
179.32
178.71
180.26
177.18
179.72
178.43
176.75
178.36
180.42
177.94
176.24
NA
176.14
177.04
178.84
178.04
178.14
178.07
180.4
179.4
178.88
178.84
179.16
176.01
177.93
178.17
180.37
178.87
178.87
178.92
177.72
178.52
176.92
177.72
179.75
178.05
179.25
178.65
175.55
178.67
179.67
178.27
179.45
179.36
178.36
178.51
178.35
NA
NA
NA
NA
179.04
175.2
178.23
177.48
178.43
177.98
179.84
179.29
NA
178.63
178.79
178.95
177.32
177.36
179.38
179.52
179.66
178.33
NA
NA
NA
NA
NA
NA
179.72
178.76
177.37
177.47
177.67
175.27
178.53
177.33
179.33
175.73
NA
NA
NA
NA
NA
NA
NA
NA
NA
NA
NA
NA
NA
NA
NA
NA
NA
178.41
178.63
180.28
180.24
178.5
179.29
178.82
177.09
177.41
179.36
NA
NA
NA
NA
NA
NA
177.79
178.89
177.56
176.07
179.08
179.44
174.57
178.74
178.35
177.85
178.88
177.38
178.42
178.94
178.42
177.26
NA
NA
NA
NA
NA
NA
NA
NA
NA
NA
NA
NA
NA
NA
NA
NA
NA
NA
NA
NA
NA
NA
NA
NA
NA
NA
NA
NA
NA
NA
NA
NA
NA
177.18
178.59
NA
NA
NA
NA
NA
NA
NA
NA
NA
NA
NA
NA
NA
180.31
177.0
177.94
178.88
178.18
177.17
178.7
176.83
178.41
178.79
180.42
178.28
NA
177.61
178.48
179.04
178.41
179.5
179.76
179.24
179.85
174.42
179.34
177.89
176.92
176.87
178.16
178.25
178.69
178.43
178.76
178.51
178.05
179.81
180.51
180.21
179.11
178.51
179.21
177.11
NA
NA
NA
NA
NA
NA
NA
NA
NA
178.51
179.02
178.67
178.18
178.15
178.3
178.7
178.95
178.97
NA
178.51
178.65
177.63
178.5
178.44
178.59
NA
178.64
178.31
NA
178.74
180.0
179.14
177.24
178.73
179.13
178.83
178.33
178.03
178.23
178.73
179.63
178.33
178.33
178.63
178.93
177.73
178.63
178.43
178.93
178.13
NA
NA
NA
NA
179.39
178.69
176.02
180.27
178.77
176.69
182.19
172.32
178.41
181.09
180.01
177.86
178.07
180.12
179.08
175.16
178.1
178.58
NA
NA
NA
NA
NA
NA
NA
NA
NA
NA
NA
NA
NA
NA
177.95
177.68
177.81
NA
179.91
179.51
178.11
179.11
181.31
180.01
179.11
179.41
NA
178.51
179.51
179.31
179.91
NA
180.9
179.58
175.92
179.44
NA
179.71
178.67
179.22
178.07
177.87
179.41
177.83
177.28
177.34
177.88
177.46
179.64
179.45
178.48
179.62
178.75
178.87
179.43
177.68
178.48
177.59
178.29
177.27
NA
NA
178.1
177.63
178.23
177.36
179.48
NA
178.68
177.86
175.04
175.74
NA
NA
176.97
179.97
179.77
177.79
180.37
177.97
180.2
178.28
180.91
176.55
177.92
180.02
178.48
177.64
178.98
179.4
178.6
178.23
177.06
178.09
178.42
179.45
177.87
180.77
177.38
180.42
178.43
177.47
180.15
177.08
177.54
175.32
179.6
177.29
177.18
179.08
179.38
178.08
176.58
177.88
176.88
179.61
177.8
178.92
178.31
182.05
178.9
179.49
176.52
NA
NA
176.9
177.74
NA
179.19
178.35
NA
NA
176.85
175.64
177.34
178.42
178.44
180.38
179.97
178.56
178.56
179.22
175.84
176.6
176.98
175.64
NA
NA
NA
176.18
177.61
177.91
179.91
177.21
179.33
176.37
178.19
178.65
180.09
178.87
178.65
180.51
178.37
178.77
178.15
177.73
177.91
178.33
179.15
NA
NA
NA
NA
NA
NA
NA
NA
NA
177.89
175.66
179.17
177.72
178.4
179.1
178.9
179.35
176.58
178.6
178.07
177.56
178.96
175.41
178.13
178.09
178.19
178.69
178.49
NA
177.32
178.7
178.43
180.22
179.12
NA
NA
177.86
178.16
178.74
178.6
NA
NA
NA
NA
NA
NA
NA
178.56
178.46
178.26
181.06
179.46
178.46
181.06
178.66
177.26
179.26
177.86
177.44
NA
174.73
179.62
177.32
178.72
178.42
178.12
180.51
178.11
178.81
178.31
178.31
NA
NA
NA
NA
NA
NA
NA
NA
NA
NA
NA
NA
179.23
177.22
177.72
179.52
174.32
178.42
177.52
179.52
178.52
179.72
176.42
179.42
177.12
NA
176.92
181.32
178.02
178.52
179.32
NA
NA
NA
178.87
178.41
176.71
179.87
178.46
178.99
178.47
177.81
177.8
NA
179.52
NA
NA
178.62
176.87
177.19
NA
NA
NA
NA
NA
NA
177.15
177.95
179.29
178.39
176.78
178.45
176.42
178.06
178.08
177.09
180.1
179.45
178.58
178.16
177.84
179.5
181.09
178.66
180.14
NA
NA
NA
177.1
NA
NA
178.41
181.09
180.01
177.86
178.07
NA
NA
NA
NA
NA
NA
NA
NA
NA
NA
NA
NA
NA
NA
NA
NA
179.46
180.51
179.24
177.77
178.92
178.27
177.32
178.45
177.9
NA
176.7
177.27
NA
173.61
179.48
173.89
179.04
179.18
NA
178.43
179.23
176.23
178.83
176.43
177.93
179.63
178.83
180.73
179.23
179.01
179.38
176.11
176.26
NA
178.26
178.8
179.5
NA
NA
NA
NA
NA
NA
NA
NA
NA
NA
NA
NA
NA
NA
NA
NA
NA
NA
NA
NA
NA
NA
178.31
179.76
177.8
NA
178.42
177.82
178.42
177.42
178.14
179.02
178.44
178.43
175.54
NA
178.95
177.76
178.86
177.76
177.26
178.86
177.99
177.19
180.39
176.29
180.45
179.11
179.76
179.55
177.85
NA
178.87
178.41
176.71
179.87
179.63
179.19
NA
177.76
178.89
178.01
181.17
175.59
176.24
178.89
179.61
177.08
181.17
178.28
179.43
NA
NA
178.63
179.04
179.61
180.07
NA
178.68
179.0
177.55
NA
NA
178.17
177.6
178.15
177.81
177.84
177.92
177.84
176.07
177.22
171.97
177.56
175.98
177.62
177.89
NA
178.76
177.87
176.82
176.04
174.09
174.44
175.09
179.54
178.42
179.26
179.86
177.35
179.37
180.58
181.5
176.98
179.86
179.71
178.1
NA
NA
NA
NA
NA
NA
NA
NA
NA
NA
NA
NA
177.5
178.1
179.2
179.38
178.58
178.33
179.38
177.66
179.38
179.14
176.9
NA
178.34
178.74
NA
178.96
177.12
179.33
176.5
179.71
178.08
179.5
178.35
177.9
176.82
178.03
178.27
178.22
177.85
178.17
179.13
178.26
178.96
178.16
178.5
178.72
180.89
179.1
178.19
180.39
179.65
178.8
180.04
178.64
179.71
180.07
179.53
179.19
179.62
179.96
179.27
178.0
180.22
178.42
176.22
178.32
178.42
177.48
178.44
178.95
178.36
179.76
179.11
179.36
176.98
177.78
NA
NA
177.3
179.84
178.16
176.27
NA
177.36
177.79
180.16
176.06
179.96
182.36
179.66
178.51
178.38
178.36
177.62
177.54
178.91
178.44
180.25
179.85
179.21
180.31
179.01
178.75
177.97
179.09
179.12
177.79
177.02
178.22
178.61
181.81
177.08
180.55
178.27
179.81
179.29
177.25
176.96
179.84
NA
NA
NA
NA
178.93
177.56
NA
178.96
179.36
NA
177.89
179.32
179.08
178.92
178.79
178.89
179.11
179.07
179.56
178.28
NA
NA
NA
NA
NA
NA
NA
NA
NA
NA
NA
178.18
176.54
174.9
178.23
177.22
176.76
177.87
179.95
NA
NA
NA
180.14
175.65
NA
NA
178.41
176.63
NA
NA
NA
NA
180.11
178.21
180.49
177.73
180.86
180.38
180.84
180.33
176.08
179.95
179.34
176.07
177.67
178.97
178.64
178.4
178.37
177.76
178.64
178.41
178.38
177.76
NA
NA
NA
NA
NA
NA
NA
NA
NA
NA
NA
NA
177.82
180.21
175.76
177.25
179.24
174.62
178.12
178.99
177.38
175.66
179.21
174.94
178.74
NA
175.39
NA
NA
NA
NA
NA
NA
NA
NA
NA
NA
NA
NA
NA
NA
NA
NA
NA
NA
179.03
179.17
180.21
178.65
NA
NA
NA
NA
NA
NA
NA
NA
NA
NA
NA
NA
NA
NA
NA
NA
178.02
177.52
177.82
178.62
175.72
178.19
176.29
175.69
179.69
176.29
177.39
NA
179.49
177.49
178.09
180.69
179.69
178.74
180.17
178.85
177.53
178.69
177.82
NA
NA
NA
NA
NA
NA
NA
NA
NA
179.41
178.9
175.06
175.52
173.39
173.1
174.96
175.03
174.27
174.51
173.42
NA
NA
NA
NA
NA
177.08
176.08
167.68
177.48
179.38
NA
NA
NA
NA
180.79
179.51
177.99
177.01
178.64
177.31
178.85
179.64
177.11
179.18
NA
177.86
178.74
179.93
NA
NA
NA
NA
NA
NA
NA
NA
NA
NA
NA
179.07
NA
178.14
177.3
178.27
179.12
181.2
180.83
180.19
178.16
179.15
176.9
178.26
177.53
178.36
179.15
178.35
NA
NA
NA
NA
NA
NA
NA
NA
NA
NA
NA
NA
NA
NA
NA
NA
NA
NA
NA
178.09
178.21
179.07
178.59
177.53
178.07
179.2
178.18
178.61
NA
NA
NA
NA
NA
NA
NA
NA
NA
177.74
181.84
177.34
NA
179.04
180.74
179.74
178.04
179.64
NA
178.64
176.68
178.56
179.78
177.83
179.56
177.43
177.99
178.98
180.03
NA
178.7
178.17
176.74
177.62
179.68
177.54
180.36
NA
NA
NA
NA
NA
NA
NA
179.34
179.65
180.89
179.06
179.59
178.69
177.99
179.19
NA
180.89
177.99
178.69
178.59
178.12
178.91
178.96
179.01
178.45
176.81
178.68
178.58
176.73
179.91
178.6
177.25
179.19
178.52
177.45
178.2
180.82
178.12
178.42
180.96
178.06
178.36
NA
NA
NA
NA
177.85
177.67
179.17
178.47
178.29
180.7
177.96
180.7
176.79
179.53
177.16
178.27
177.46
179.03
178.96
178.62
178.66
NA
NA
177.98
177.12
178.69
177.6
178.54
179.85
178.21
178.1
179.65
177.46
178.5
177.89
178.66
179.71
178.15
177.97
178.45
NA
NA
NA
NA
NA
NA
NA
NA
NA
NA
NA
NA
NA
NA
NA
NA
NA
NA
NA
NA
NA
178.42
178.0
178.49
178.52
NA
180.36
176.26
179.89
178.68
176.92
178.55
180.28
178.94
177.8
180.24
175.91
180.09
178.56
176.17
178.75
180.73
179.18
177.62
179.07
178.53
178.32
181.32
182.82
NA
178.02
176.12
178.0
180.1
176.7
NA
177.4
178.0
176.3
177.75
181.65
NA
NA
177.95
176.15