NA
NA
NA
NA
NA
NA
NA
NA
55.91
NA
NA
NA
NA
NA
NA
NA
NA
NA
NA
NA
NA
NA
NA
NA
NA
NA
NA
NA
55.32
55.31
NA
NA
NA
NA
NA
NA
NA
54.82
55.3
NA
NA
55.64
55.19
NA
NA
NA
NA
NA
NA
NA
NA
NA
NA
NA
NA
NA
NA
NA
NA
NA
NA
NA
NA
NA
NA
NA
NA
NA
NA
NA
NA
NA
NA
NA
NA
NA
NA
NA
NA
55.6
55.4
55.0
58.0
58.0
NA
NA
56.0
56.7
NA
NA
NA
NA
NA
NA
54.96
NA
NA
55.19
55.38
NA
NA
NA
NA
NA
NA
NA
NA
NA
NA
NA
NA
NA
NA
54.87
NA
NA
53.1
54.77
55.31
NA
NA
NA
NA
53.39
53.7
53.27
53.65
56.66
53.62
53.65
52.78
53.28
NA
52.61
53.38
53.27
NA
56.59
NA
NA
NA
NA
NA
NA
NA
NA
NA
NA
NA
NA
NA
56.5
55.56
NA
NA
NA
NA
NA
NA
NA
NA
NA
55.0
55.33
53.16
53.03
NA
NA
NA
55.34
55.37
NA
53.76
57.28
58.09
57.9
57.67
57.46
58.24
57.99
58.11
57.5
57.62
58.04
58.86
57.45
56.7
57.91
58.12
58.33
57.74
55.79
55.39
55.42
52.81
52.61
56.34
55.84
56.61
55.41
55.11
54.58
NA
55.39
55.1
55.45
55.09
56.36
55.33
54.71
55.31
55.46
53.83
53.7
54.17
53.78
54.68
52.01
51.77
59.56
52.27
55.42
58.0
NA
NA
55.11
55.26
55.76
55.52
55.18
55.13
55.2
57.49
57.35
57.41
58.15
57.54
58.25
58.33
55.24
54.46
58.03
52.09
55.56
57.04
53.25
52.68
52.68
56.99
54.91
55.04
NA
NA
54.81
54.93
57.49
55.53
NA
55.29
52.74
55.84
55.55
NA
NA
56.24
55.0
NA
54.92
NA
NA
NA
56.86
56.28
55.75
53.23
53.57
55.31
55.39
54.87
55.11
55.98
NA
54.53
57.1
NA
52.59
55.48
55.47
53.64
54.3
55.11
54.15
56.37
55.14
55.21
55.09
55.62
55.09
55.35
56.57
NA
NA
NA
NA
55.81
NA
NA
NA
NA
NA
NA
NA
55.2
55.41
55.01
55.35
55.25
NA
NA
NA
NA
55.21
NA
55.43
51.9
53.51
50.97
NA
55.51
58.22
57.12
55.22
55.2
58.17
57.27
55.17
54.98
54.92
54.84
55.23
54.88
54.76
51.13
NA
54.94
55.18
56.71
NA
NA
NA
55.13
55.34
NA
55.15
NA
NA
NA
NA
55.2
NA
55.25
NA
NA
NA
NA
58.1
57.88
57.68
53.37
55.14
52.76
NA
NA
55.92
55.36
54.86
52.63
NA
NA
54.97
NA
53.32
56.02
55.12
NA
54.79
NA
NA
NA
NA
55.07
55.11
54.58
54.95
NA
NA
NA
NA
53.69
NA
NA
NA
54.79
55.07
55.39
55.04
55.54
NA
NA
NA
NA
55.65
NA
NA
53.52
53.02
55.17
NA
54.8
53.58
53.28
57.08
NA
53.48
51.18
57.68
NA
56.31
NA
NA
NA
56.73
NA