54.58
55.76
55.78
52.98
55.42
NA
56.4
55.69
56.36
54.56
55.43
56.04
56.14
55.34
55.53
62.6
55.41
56.13
55.23
55.27
53.46
55.43
55.94
55.74
56.33
NA
55.71
52.8
NA
53.22
NA
55.07
54.54
56.63
54.18
55.13
55.65
55.0
55.4
55.37
53.6
55.7
55.68
56.52
54.69
55.0
55.74
55.2
NA
56.94
55.55
53.8
55.64
60.25
57.2
52.62
55.7
NA
55.47
56.39
55.4
57.1
55.43
55.61
56.73
55.83
54.7
52.66
52.39
56.76
54.83
53.36
54.36
54.5
53.15
56.37
55.18
NA
NA
54.8
NA
53.2
55.45
56.7
52.27
58.01
55.03
56.42
55.02
59.12
55.57
53.26
55.48
54.3
55.6
56.34
57.46
55.52
NA
NA
53.89
55.56
56.36
58.51
55.75
55.73
55.48
53.25
55.17
55.85
54.27
53.85
55.77
53.96
54.33
59.9
55.07
55.87
NA
NA
54.24
58.01
56.1
54.8
54.49
54.01
54.92
55.45
52.88
57.13
NA
57.07
56.37
57.24
55.14
53.43
NA
55.37
53.42
54.2
NA
NA
NA
NA
54.32
53.67
NA
55.7
55.87
55.4
58.81
54.82
53.57
NA
NA
NA
57.06
NA
54.92
NA
54.99
NA
55.61
55.69
56.15
58.95
NA
55.35
58.75
56.19
54.17
NA
55.97
NA
NA
52.92
NA
57.04
NA
53.25
NA
54.74
55.74
54.64
NA
55.96
54.82
55.73
55.83
55.4
57.2
55.97
58.67
55.8
55.02
50.11
56.89
55.23
54.64
54.74
60.34
54.04
NA
NA
55.47
55.66
NA
59.35
55.85
NA
56.35
54.88
55.96
NA
54.49
52.14
56.35
53.6
53.73
NA
56.2
54.53
54.44
55.97
58.53
57.89
54.78
54.78
54.79
54.82
54.76
56.4
54.99
54.53
57.5
53.73
NA
57.39
NA
55.67
55.42
56.4
NA
56.2
NA
NA
NA
54.18
NA
53.73
56.91
57.07
58.84
58.42
NA
56.92
57.08
55.94
NA
NA
53.29
56.48
54.62
56.24
55.43
54.92
NA
54.07
54.17
NA
53.59
53.65
58.67
58.54
55.96
54.43
53.6
55.48
55.52
56.73
56.75
54.36
NA
54.75
55.08
52.33
NA
55.74
54.78
52.35
NA
56.29
54.76
52.33
53.24
54.05
53.86
55.49
49.53
53.86
NA
55.42
55.11
52.15
NA
60.51
NA
53.76
54.98
55.05
55.16
55.02
54.9
NA
54.28
NA
55.72
55.46
NA
55.13
57.16
57.21
55.81
NA
NA
53.79
55.46
53.42
57.52
57.32
56.52
54.35
NA
55.95
NA
54.82
NA
NA
58.74
52.5
55.47
57.05
57.17
57.13
57.13
56.21
54.86
54.48
55.5
53.57
55.04
55.19
54.69
56.23
NA
55.36
55.54
55.2
55.92
NA
NA
NA
55.25
55.21
55.6
55.9
55.1
NA
56.12
55.52
NA
56.92
57.18
57.03
56.59
56.07
54.93
54.73
55.11
NA
56.72
56.9
54.33
NA
NA
54.27
54.15
53.59
55.48
57.16
55.36
56.8
56.2
57.7
54.88
55.57
55.73
56.77
52.11
56.11
NA
57.96
58.88
55.26
NA
54.11
NA
55.83
NA
59.79
55.71
59.76
55.68
55.8
54.57
53.57
59.72
NA
NA
53.95
55.57
54.55
56.04
54.4
52.15
NA
NA
54.28
59.97
54.26
53.68
54.37
54.57
NA
54.79
54.98
55.25
NA
52.72
NA
54.69
54.66
53.17
54.13
55.92
57.05
56.51
NA
54.62
57.78
54.93
57.02
54.56
55.89
58.19
NA
55.34
NA
57.85
NA
55.48
54.68
55.14
56.49
54.41
55.21
56.66
54.51
53.82
NA
50.5
51.0
57.74
54.15
55.08
55.98
58.8
57.85
56.3
51.03
56.63
57.84
51.14
56.68
55.33
58.98
55.31
54.6
56.64
55.11
55.6
58.3
56.05
54.37
51.4
NA
53.26
NA
NA
54.05
56.25
60.64
55.5
55.33
52.91
54.88
56.94
NA
59.25
57.99
NA
58.94
56.22
NA
51.4
57.22
55.96
54.57
56.94
NA
58.25
55.37
54.4
NA
57.02
56.67
55.13
56.45
56.03
NA
NA
NA
62.26
53.49
53.2
53.45
55.04
55.04
NA
56.44
54.15
53.9
53.34
NA
55.24
57.24
56.86
55.46
NA
NA
55.2
53.48
NA
56.67
55.54
54.47
54.75
56.84
NA
54.29
57.37
NA
NA
56.47
55.46
55.69
53.44
NA
NA
NA
54.89
56.79
58.49
53.1
52.94
53.63
NA
55.83
NA
NA
55.25
NA
NA
56.2
55.41
54.26
57.77
53.7
NA
NA
55.29
54.88
54.72
NA
NA
NA
NA
54.72
55.65
55.8
NA
55.06
55.65
56.14
56.45
54.55
55.37
54.84
63.61
56.07
61.68
55.7
55.67
52.91
54.42
NA
54.71
54.89
54.71
55.26
56.29
NA
55.16
NA
56.53
NA
54.91
55.99
56.69
NA
54.11
NA
52.05
56.05
55.25
56.06
NA
55.69
NA
NA
54.97
55.67
56.26
52.48
NA
55.36
NA
55.96
NA
55.56
55.66
NA
54.92
54.22
55.44
NA
55.7
56.68
NA
56.99
55.24
54.51
56.17
55.44
55.44
54.12
55.44
NA
55.01
56.67
53.12
55.21
NA
56.08
53.75
NA
52.93
53.05
55.95
54.75
54.93
NA
55.34
56.38
53.27
54.98
55.0
56.8
NA
NA
53.89
56.39
NA
56.95
55.05
55.15
55.15
55.55
59.34
58.9
53.87
55.56
55.13
54.73
55.16
NA
55.75
58.65
NA
55.66
NA
55.35
54.02
54.76
54.98
55.72
NA
54.59
54.78
56.85
55.06
58.15
55.38
52.87
55.61
57.48
55.03
55.67
56.33
NA
NA
56.79
57.96
57.56
55.06
55.71
55.05
54.75
59.9
NA
55.21
53.61
55.51
NA
55.06
53.39
55.11
NA
NA
55.3
NA
57.69
55.17
55.44
54.64
NA
NA
53.97
53.58
NA
55.14
54.52
55.66
56.04
55.76
55.29
54.78
55.22
NA
54.1
55.57
56.07
55.42
55.75
55.58
59.58
55.37
56.4
NA
54.86
NA
54.15
55.06
58.15
56.19
55.97
62.81
54.74
55.14
58.97
55.35
54.68
NA
55.44
56.28
55.25
56.35
54.45
55.31
53.28
57.12
54.18
55.43
55.4
52.23
55.29
NA
51.96
56.67
53.16
53.28
55.53
55.72
55.14
58.67
54.78
55.4
55.35
55.73
NA
NA
55.26
56.0
56.36
56.55
55.59
NA
56.47
54.28
NA
61.2
50.88
56.66
NA
56.5
NA
NA
55.06
54.51
57.6
NA
NA
55.71
56.94
54.59
55.1
54.58
NA
57.45
53.49
NA
56.0
57.77
56.65
55.11
55.53
55.53
56.45
55.49
53.5
NA
NA
54.58
56.19
56.93
55.61
53.98
NA
NA
NA
56.55
NA
NA
NA
56.21
53.68
55.65
54.85
NA
54.11
53.6
56.02
54.95
54.99
55.95
55.33
54.73
57.22
55.62
54.32
55.92
51.69
54.93
56.3
NA
53.51
53.03
55.38
54.65
54.78
55.89
55.89
55.79
NA
56.89
56.59
59.67
56.56
NA
55.11
54.65
53.33
55.87
54.56
59.37
58.28
56.3
53.03
55.54
53.53
55.3
56.1
NA
NA
54.44
NA
55.39
57.14
56.51
NA
NA
56.31
55.56
55.63
NA
NA
55.14
56.48
55.9
56.67
54.62
54.93
57.74
NA
NA
NA
55.77
55.33
NA
55.67
54.64
55.54
55.7
52.49
56.55
NA
55.86
56.34
NA
55.74
NA
58.36
NA
58.21
55.6
54.69
NA
59.13
57.78
55.59
56.09
NA
55.83
57.5
58.81
55.0
56.02
57.67
55.25
55.42
55.07
55.79
NA
57.79
NA
55.6
55.56
56.2
54.16
56.16
NA
NA
52.72
55.93
56.07
54.83
56.76
55.39
55.53
55.51
NA
54.61
57.91
57.22
55.02
53.1
55.34
55.57
NA
56.43
NA
56.03
55.58
58.22
57.56
54.71
55.24
58.3
55.48
56.81
54.64
56.24
53.44
NA
57.51
55.06
55.72
54.81
NA
55.1
53.84
53.4
50.94
56.83
55.42
55.31
55.03
56.3
54.32
56.53
55.95
55.32
NA
55.16
NA
56.23
NA
55.23
55.21
NA
55.74
54.15
55.25
55.81
NA
55.85
58.24
NA
NA
55.53
NA
56.09
55.41
NA
55.84
NA
NA
54.72
NA
57.85
55.08
58.78
54.38
NA
55.44
59.24
56.64
54.75
52.8
56.82
53.65
59.95
60.36
NA
NA
59.28
53.57
59.77
53.81
53.37
55.14
52.61
54.16
55.42
55.15
57.14
55.45
57.11
53.63
60.23
55.13
NA
59.22
57.29
NA
56.16
56.92
56.27
54.52
NA
NA
NA
53.24
54.99
53.27
55.02
56.6
56.77
56.22
NA
56.43
55.56
NA
54.29
54.44
55.34
55.73
NA
54.44
53.8
56.06
NA
54.94
NA
55.62
57.82
55.39
57.69
55.8
NA
NA
55.59
57.02
NA
54.94
NA
NA
54.17
NA
NA
55.5
54.89
56.63
57.21
57.0
NA
NA
55.3
59.63
55.73
55.12
57.81
NA
53.15
NA
55.15
NA
56.12
54.28
55.34
56.56
56.58
55.9
57.9
55.6
55.11
54.55
56.46
54.67
52.88
55.71
NA
NA
NA
NA
NA
NA
53.76
NA
53.41
55.51
59.12
57.82
53.53
58.31
NA
55.89
55.63
55.57
55.16
NA
NA
55.9
NA
56.75
53.23
54.4
52.97
53.58
56.18
55.47
55.76
54.86
56.87
56.29
56.29
54.97
55.63
54.5
55.61
NA
NA
NA
55.93
56.49
55.53
55.65
55.32
52.82
55.7
59.2
54.49
54.62
NA
56.8
54.75
57.51
55.32
55.86
54.83
59.07
57.83
54.86
NA
54.64
59.34
57.85
54.59
NA
57.16
55.26
53.96
NA
57.16
57.37
NA
53.2
54.88
55.6
56.0
NA
55.45
55.7
NA
57.83
55.06
54.9
54.79
NA
57.6
54.82
58.64
NA
55.84
55.32
NA
53.2
56.47
56.67
55.28
NA
54.98
55.78
56.41
55.19
56.36
55.49
NA
57.29
54.18
52.28
NA
55.63
55.59
57.37
NA
57.04
53.88
55.55
54.2
55.39
NA
NA
54.96
54.98
NA
56.22
55.39
57.99
56.31
NA
NA
53.71
NA
55.4
54.13
60.97
54.07
NA
54.95
NA
55.12
56.25
54.64
52.54
58.54
54.92
55.44
57.94
55.62
56.74
56.49
55.06
52.67
54.14
NA
56.14
NA
NA
57.52
54.84
54.3
NA
57.15
54.97
56.62
NA
55.17
56.76
NA
NA
54.97
53.59
55.24
NA
55.53
NA
54.73
56.01
55.38
NA
NA
55.64
55.19
NA
55.75
55.28
NA
54.1
54.4
56.09
53.55
54.0
55.27
54.3
63.11
NA
NA
NA
55.79
53.71
55.28
55.68
55.2
54.2
55.62
NA
NA
NA
NA
NA
NA
55.4
54.02
55.47
61.01
56.71
55.41
55.45
NA
53.2
NA
52.59
NA
55.32
NA
55.46
NA
NA
NA
55.13
NA
NA
54.79
53.2
57.58
57.82
55.76
55.72
54.66
53.81
55.63
55.34
56.52
57.02
55.61
56.7
54.98
54.78
54.63
56.43
60.03
54.41
54.59
55.96
59.99
54.37
NA
56.18
54.71
NA
54.74
NA
54.79
54.77
NA
55.56
NA
NA
NA
55.14