175.3
176.33
177.82
173.16
176.57
NA
NA
NA
NA
176.12
174.01
177.79
176.09
177.91
175.77
174.64
175.55
176.21
NA
174.95
175.79
174.64
176.05
176.34
175.98
NA
176.32
173.52
NA
175.63
NA
171.67
174.6
177.53
173.78
175.74
177.48
175.45
175.82
175.59
172.9
174.12
176.03
176.55
175.57
173.67
176.32
175.34
NA
176.78
176.14
175.14
175.9
NA
175.58
171.13
NA
NA
175.76
NA
175.98
NA
NA
176.28
174.74
NA
174.82
NA
173.78
175.13
175.77
175.66
NA
174.05
174.26
175.42
NA
NA
NA
172.15
NA
173.68
174.79
177.35
173.13
177.68
174.55
NA
176.36
174.79
175.46
173.94
176.84
173.27
175.79
176.75
175.67
174.89
NA
NA
174.2
176.25
176.4
174.82
175.02
174.94
176.37
175.37
175.59
177.78
176.33
174.47
176.14
174.34
176.78
175.79
174.5
176.16
NA
NA
NA
NA
176.27
176.51
175.05
175.44
NA
176.1
174.93
177.34
NA
177.35
177.03
177.16
175.56
NA
175.59
172.5
174.23
175.31
NA
NA
NA
NA
176.52
173.41
173.38
175.54
175.86
NA
176.1
174.28
174.4
NA
NA
NA
NA
NA
174.97
NA
177.34
NA
175.15
175.28
174.85
173.82
NA
175.8
177.3
NA
NA
NA
176.25
NA
NA
NA
NA
174.06
NA
NA
NA
175.25
176.41
NA
NA
NA
173.2
175.9
NA
174.32
177.68
177.78
176.67
NA
NA
NA
176.34
172.07
NA
NA
NA
NA
NA
NA
175.96
176.09
NA
175.86
NA
NA
175.82
171.58
173.74
NA
176.07
175.31
175.73
NA
175.46
NA
176.51
175.36
170.11
174.9
NA
NA
175.43
175.43
175.42
175.42
175.42
177.06
NA
176.13
178.25
NA
176.07
NA
NA
176.15
NA
175.58
175.52
177.68
NA
NA
NA
175.19
NA
NA
177.19
177.57
176.13
NA
NA
177.19
177.57
NA
NA
NA
NA
175.45
170.29
NA
NA
NA
NA
175.24
175.4
NA
174.24
174.38
NA
NA
NA
NA
NA
NA
175.65
177.21
176.78
171.99
NA
174.71
175.79
176.73
NA
174.45
NA
NA
NA
174.19
175.69
176.9
174.43
175.32
174.52
174.82
177.22
NA
NA
NA
175.7
175.47
NA
NA
NA
NA
NA
NA
NA
179.07
176.37
NA
173.36
NA
NA
NA
NA
NA
NA
180.72
174.88
NA
179.48
174.49
174.94
NA
NA
172.84
175.24
NA
NA
NA
NA
NA
NA
NA
NA
NA
175.04
177.17
177.47
177.23
177.53
NA
171.73
NA
NA
177.76
172.75
176.4
NA
NA
NA
NA
NA
NA
NA
NA
NA
NA
NA
NA
NA
NA
NA
NA
176.84
NA
NA
NA
NA
NA
NA
175.96
174.72
174.12
173.08
NA
NA
NA
171.91
NA
NA
174.01
173.71
176.51
174.99
NA
NA
176.16
174.63
178.4
NA
176.74
175.53
173.59
NA
NA
NA
NA
NA
NA
NA
NA
NA
NA
NA
NA
NA
NA
NA
NA
NA
NA
NA
NA
NA
NA
NA
173.5
172.74
174.5
177.88
NA
NA
NA
175.91
NA
NA
176.71
175.31
NA
NA
174.86
174.97
NA
176.65
NA
173.17
173.55
176.25
178.02
NA
NA
NA
NA
175.25
NA
171.25
177.28
NA
176.71
176.41
NA
NA
NA
NA
NA
NA
NA
NA
NA
NA
NA
NA
NA
NA
NA
NA
NA
NA
NA
170.79
174.84
174.97
NA
NA
NA
NA
NA
NA
NA
175.73
NA
175.65
NA
NA
NA
NA
NA
NA
NA
177.71
NA
NA
NA
NA
NA
NA
NA
NA
NA
NA
175.55
178.6
NA
NA
178.04
NA
175.28
NA
NA
177.71
NA
NA
NA
NA
NA
178.09
NA
NA
NA
176.46
NA
172.94
174.49
177.48
NA
NA
NA
NA
175.0
177.88
174.01
NA
NA
NA
NA
NA
NA
NA
NA
NA
NA
174.36
174.66
NA
NA
171.63
NA
NA
175.85
176.97
175.33
175.56
NA
NA
176.77
175.07
NA
NA
175.7
NA
175.67
173.97
NA
NA
NA
178.38
176.28
175.08
NA
NA
NA
NA
NA
NA
NA
NA
NA
NA
175.92
NA
NA
NA
NA
NA
NA
NA
170.47
174.52
NA
NA
NA
NA
NA
NA
NA
NA
175.31
NA
175.97
174.77
172.17
176.69
175.54
174.83
175.34
174.06
175.4
176.66
175.08
174.39
NA
173.17
173.07
NA
NA
NA
NA
NA
NA
175.05
172.05
175.1
178.61
173.05
NA
NA
NA
NA
174.97
173.07
NA
NA
175.26
NA
NA
175.54
174.64
NA
174.53
174.8
175.5
NA
NA
NA
174.5
NA
NA
173.73
174.73
NA
NA
NA
NA
NA
177.92
175.62
174.94
176.25
NA
NA
NA
175.85
NA
175.37
176.73
174.26
175.76
NA
175.39
176.57
NA
175.43
NA
176.1
174.5
176.11
NA
NA
NA
NA
NA
NA
NA
NA
NA
NA
NA
NA
175.53
175.13
176.53
175.73
NA
NA
177.77
173.97
NA
175.57
173.89
176.28
NA
175.94
NA
NA
175.29
NA
174.2
172.49
176.19
NA
175.87
NA
175.67
173.77
175.92
172.05
174.85
175.93
NA
176.19
176.81
175.87
176.03
176.03
NA
NA
176.05
NA
NA
NA
175.56
175.03
175.73
177.8
NA
176.21
NA
175.24
NA
176.03
175.79
175.92
NA
NA
176.23
NA
NA
NA
NA
174.96
NA
NA
175.95
177.04
NA
175.59
176.18
175.45
175.91
175.24
175.64
175.29
NA
NA
173.29
NA
NA
NA
175.44
177.75
174.8
175.52
176.4
NA
179.66
NA
NA
172.05
174.85
NA
173.52
177.26
176.66
175.82
176.92
174.06
175.78
NA
NA
NA
174.56
177.56
173.19
175.56
176.65
NA
NA
NA
NA
NA
NA
NA
NA
NA
NA
NA
175.07
175.56
174.18
173.51
NA
175.75
175.81
174.19
NA
NA
178.7
175.1
174.6
NA
NA
NA
177.65
NA
177.61
179.11
NA
176.94
NA
175.01
NA
NA
170.91
176.35
175.09
177.59
NA
174.03
NA
NA
NA
NA
NA
NA
NA
NA
174.15
172.41
173.46
175.11
176.4
NA
NA
176.15
175.53
NA
NA
175.82
174.0
177.43
176.34
174.9
NA
171.58
174.24
NA
171.59
174.36
NA
NA
NA
174.3
174.6
NA
176.91
175.64
NA
176.46
175.33
NA
176.04
NA
176.0
177.5
168.4
178.18
176.58
175.09
175.6
NA
NA
NA
NA
NA
NA
NA
NA
NA
NA
NA
NA
177.66
178.14
NA
175.65
174.9
169.6
173.38
175.16
178.32
179.78
177.22
176.31
176.01
NA
173.59
NA
NA
NA
171.03
NA
NA
NA
176.19
NA
NA
176.76
174.99
176.1
NA
NA
NA
NA
NA
176.17
177.4
177.57
NA
NA
NA
NA
175.32
176.5
NA
175.2
175.28
NA
175.52
176.94
175.0
NA
NA
177.03
NA
176.15
NA
172.25
NA
175.81
175.36
174.99
NA
178.13
NA
176.07
174.47
NA
NA
NA
173.66
173.6
NA
NA
NA
173.97
172.63
176.15
NA
NA
NA
175.39
NA
NA
NA
NA
NA
NA
177.11
174.72
176.97
175.93
177.46
174.53
177.56
173.45
NA
172.17
179.41
178.14
171.75
NA
175.52
176.09
NA
175.29
NA
175.93
175.25
175.4
NA
176.16
NA
178.81
175.81
NA
NA
NA
NA
NA
176.21
175.83
176.85
174.98
NA
173.9
176.87
178.99
174.02
174.74
175.52
175.14
181.61
176.37
NA
NA
NA
175.69
NA
175.39
NA
NA
NA
175.54
175.5
NA
NA
NA
NA
175.5
NA
175.55
NA
NA
NA
NA
NA
177.16
NA
NA
NA
NA
NA
NA
NA
178.18
NA
NA
NA
NA
175.07
178.07
175.67
179.89
176.18
175.62
NA
NA
NA
NA
NA
NA
NA
NA
NA
174.9
175.07
176.5
175.4
175.38
NA
NA
NA
NA
NA
NA
NA
NA
174.88
174.65
NA
NA
177.21
176.04
175.3
NA
NA
NA
NA
NA
NA
171.78
NA
177.24
177.09
NA
NA
NA
NA
NA
170.27
172.21
175.91
NA
170.3
NA
178.67
NA
175.64
NA
173.12
175.32
172.95
175.45
176.24
NA
NA
175.78
175.58
NA
175.03
NA
NA
175.05
NA
NA
176.14
174.78
NA
NA
NA
NA
NA
175.73
NA
NA
175.43
177.55
NA
NA
NA
175.98
NA
176.59
176.81
NA
176.6
176.73
176.49
176.89
175.69
176.06
170.73
175.45
174.71
175.88
171.84
NA
NA
NA
NA
NA
NA
NA
NA
NA
175.81
NA
NA
172.53
173.48
NA
175.98
NA
175.53
174.27
182.45
NA
175.87
NA
175.84
177.35
176.28
173.7
174.19
176.99
172.53
176.61
170.99
175.96
174.48
176.38
175.02
177.5
172.03
NA
NA
NA
NA
175.64
177.11
174.48
175.77
175.59
173.45
175.81
174.25
NA
NA
NA
NA
174.83
175.79
NA
177.35
NA
NA
NA
174.92
NA
176.26
180.06
177.38
NA
NA
176.52
175.82
172.92
NA
173.22
NA
NA
173.76
NA
176.09
NA
NA
176.28
171.84
NA
NA
NA
NA
NA
NA
176.17
174.63
177.21
176.33
NA
173.43
NA
174.03
176.33
176.15
NA
NA
175.35
173.79
NA
175.81
178.25
175.62
NA
NA
NA
174.14
NA
175.36
175.19
NA
NA
177.31
176.14
NA
NA
176.52
NA
NA
NA
175.45
NA
174.72
176.17
176.38
176.59
NA
176.6
175.46
NA
NA
NA
172.3
173.7
NA
172.32
NA
175.8
NA
175.21
176.21
177.21
174.02
173.3
175.92
175.11
NA
172.47
174.69
174.13
176.3
NA
NA
NA
NA
NA
172.11
176.85
NA
NA
175.66
176.68
NA
175.43
175.05
NA
NA
178.1
174.81
174.91
NA
NA
NA
NA
177.41
175.78
NA
NA
177.46
175.41
NA
177.46
175.43
NA
NA
170.52
173.44
176.77
175.71
176.9
174.32
NA
NA
NA
NA
NA
175.47
NA
174.02
NA
176.29
174.68
NA
NA
NA
NA
NA
NA
174.12
NA
NA
173.58
175.08
174.68
NA
NA
NA
NA
NA
NA
NA
NA
NA
179.83
NA
175.88
NA
NA
NA
172.19
176.23
177.27
175.53
174.87
NA
172.19
172.31
176.22
176.02
177.09
176.13
175.96
176.18
176.72
176.56
NA
NA
NA
NA
NA
NA
NA
NA
174.46
176.78
176.79
NA
171.83
NA
NA
NA
NA
NA
NA
NA
NA
175.2