41.57
41.03
39.97
42.17
42.4
39.1
NA
39.1
42.2
42.14
NA
39.34
38.57
38.22
40.69
40.17
40.42
42.84
42.94
39.05
NA
38.13
40.57
35.34
37.07
39.74
39.64
40.6
NA
38.92
38.92
37.57
40.72
40.22
38.17
41.08
37.83
NA
39.0
42.57
42.64
38.44
39.79
39.1
36.95
39.27
39.24
41.13
42.44
41.52
40.86
39.95
41.36
NA
NA
40.81
40.15
40.74
43.18
39.74
39.45
37.37
41.49
37.25
38.83
39.6
37.54
42.23
40.74
NA
42.99
38.55
40.87
42.94
39.89
41.18
39.09
39.79
41.21
41.07
40.55
38.15
38.29
36.9
37.55
40.09
NA
39.47
40.16
37.76
39.64
46.8
41.7
39.28
38.76
37.81
39.78
42.37
NA
38.29
42.7
42.1
42.36
41.3
37.7
40.08
46.35
41.64
37.96
42.65
39.68
39.22
40.72
40.45
42.22
40.61
41.32
39.57
40.02
37.65
39.75
42.31
40.35
39.16
39.51
41.61
38.84
38.13
38.88
41.2
41.34
42.97
41.09
41.4
38.16
38.44
36.39
39.05
41.71
39.7
40.36
38.11
42.15
35.73
40.66
46.59
39.21
39.9
39.95
38.72
41.37
43.34
40.74
39.28
38.35
38.47
40.89
40.19
NA
42.0
42.08
42.05
41.98
41.31
40.16
NA
40.51
41.21
43.72
37.37
38.04
NA
41.11
41.1
38.54
43.35
40.3
38.66
44.27
41.91
NA
NA
39.85
42.31
39.29
NA
37.32
38.3
43.32
38.28
40.55
39.59
37.2
38.53
38.97
NA
40.62
44.34
NA
NA
39.97
42.09
40.34
37.14
38.54
38.61
39.98
38.21
37.51
NA
38.57
40.33
39.2
39.4
NA
40.42
38.88
40.25
39.26
NA
NA
NA
NA
NA
NA
NA
NA
NA
NA
NA
35.84
41.68
NA
NA
NA
NA
42.34
43.32
NA
39.97
40.23
37.72
43.72
41.68
40.29
39.37
38.32
37.0
43.77
39.23
NA
39.13
40.72
37.24
40.44
38.38
44.28
39.48
37.18
38.78
38.54
38.91
42.38
40.89
41.54
41.64
40.93
39.15
43.14
43.93
43.29
38.39
43.6
NA
39.17
37.72
39.69
NA
40.91
42.38
39.29
40.3
39.22
39.34
38.38
39.06
39.53
39.46
39.31
41.75
39.62
38.75
43.54
NA
39.55
38.67
43.47
41.71
40.06
38.88
43.5
41.84
40.1
38.82
43.55
41.84
40.1
38.82
43.55
44.54
38.64
42.74
39.15
38.57
37.56
38.86
40.68
40.29
37.6
40.53
42.62
38.33
43.91
41.98
41.17
38.49
44.42
41.15
38.4
44.37
43.91
42.96
40.06
38.43
NA
36.19
39.45
41.51
38.76
44.48
41.36
40.27
38.91
39.15
42.79
39.16
NA
39.69
41.54
38.96
39.2
43.02
39.2
NA
39.14
38.82
43.15
39.14
NA
39.43
44.12
41.87
38.44
NA
NA
NA
36.22
39.53
41.65
38.38
43.51
36.77
NA
42.1
41.2
42.32
39.6
38.17
46.47
40.07
38.97
42.57
40.57
41.96
41.45
41.43
41.98
41.27
41.52
41.0
43.68
39.28
43.9
39.39
38.13
37.68
37.63
NA
NA
NA
NA
NA
NA
NA
NA
NA
NA
NA
38.23
41.53
37.43
39.83
42.13
44.12
39.72
39.22
39.82
39.71
38.9
NA
NA
40.96
41.03
37.91
41.06
40.08
39.28
39.57
38.75
40.95
42.95
39.35
40.79
40.17
40.85
41.05
40.15
44.1
42.9
42.41
43.13
37.54
42.18
39.87
46.37
40.4
41.72
38.67
NA
NA
NA
39.88
42.48
39.79
40.44
39.94
37.99
41.77
41.33
40.84
37.64
41.04
38.06
36.73
41.98
41.96
43.56
NA
40.56
37.96
41.26
39.86
35.63
39.75
NA
43.82
39.67
43.3
43.3
37.6
41.74
39.15
36.55
40.33
39.83
39.09
NA
44.86
41.84
39.81
NA
44.83
41.81
39.78
38.24
42.54
41.17
40.07
42.48
NA
NA
NA
NA
NA
38.35
39.82
42.66
41.96
43.36
43.27
36.97
39.22
43.32
37.78
42.85
NA
38.84
38.5
42.69
41.35
39.44
37.44
NA
40.24
41.01
NA
38.94
38.28
38.45
37.41
43.95
38.7
39.74
39.06
38.35
41.53
39.7
41.55
39.58
39.1
38.0
NA
38.24
39.08
40.93
44.62
37.72
NA
40.45
39.13
40.26
42.21
NA
37.88
40.4
41.78
40.87
37.54
41.14
NA
40.46
38.74
38.89
43.01
40.95
43.92
40.54
NA
NA
41.86
39.76
42.55
40.4
41.78
40.87
NA
33.5
NA
38.62
41.22
42.29
NA
40.59
41.2
NA
37.94
42.82
37.25
38.65
35.55
42.85
41.75
41.95
39.95
NA
37.45
37.95
36.95
40.15
41.05
37.21
38.47
35.73
42.9
41.79
42.99
40.2
NA
37.55
38.21
37.1
40.01
41.21
39.03
42.88
43.56
39.96
38.16
37.8
38.97
41.92
39.0
38.88
39.21
39.72
39.39
37.04
41.44
40.98
39.48
38.39
37.26
NA
41.45
39.45
37.39
35.78
40.88
42.08
39.88
39.88
42.08
39.28
40.91
37.84
41.39
43.77
40.49
40.47
42.9
40.9
44.0
40.5
39.11
41.46
43.03
38.77
38.68
39.55
41.5
43.05
39.45
38.8
42.43
39.25
40.88
NA
NA
38.46
39.87
NA
NA
44.18
42.33
42.7
41.8
37.83
NA
41.67
42.1
44.78
41.21
41.68
41.21
42.63
37.4
41.37
42.48
NA
41.37
42.85
39.85
40.55
41.15
39.77
36.69
40.51
NA
38.94
39.23
38.74
NA
35.22
NA
38.21
40.79
39.84
37.21
37.21
38.91
39.52
37.47
38.62
NA
39.62
37.91
42.51
NA
38.91
37.79
42.89
37.49
38.89
38.4
NA
40.86
39.9
40.11
40.84
41.35
39.2
42.31
NA
39.72
39.32
38.72
40.33
38.45
NA
38.48
36.98
41.85
39.15
38.66
37.92
38.92
39.73
41.39
43.21
38.96
43.83
40.56
37.21
43.36
39.19
43.9
40.58
37.17
40.42
38.29
38.99
37.39
41.49
42.04
39.23
43.33
42.03
39.73
41.23
39.68
37.86
41.53
40.38
41.49
40.29
38.84
NA
NA
NA
40.98
39.99
39.72
38.17
41.09
42.25
42.25
43.25
39.52
NA
43.06
42.3
NA
40.7
41.12
39.04
43.87
40.19
39.71
38.42
41.39
38.65
38.59
39.61
39.9
37.87
38.56
42.26
40.25
39.45
38.65
39.01
37.34
41.76
42.09
38.57
42.9
39.81
41.2
39.44
38.06
38.49
37.82
39.93
38.69
NA
NA
NA
38.32
35.52
39.42
40.43
41.36
39.02
38.41
38.3
40.28
39.28
38.78
37.06
38.76
39.86
NA
NA
36.05
37.71
NA
42.11
37.12
39.96
38.47
38.29
NA
NA
NA
NA
NA
NA
42.03
NA
42.13
39.74
37.84
42.64
NA
NA
NA
NA
38.86
42.86
38.91
39.91
40.11
42.56
36.35
39.17
37.72
40.47
37.03
41.84
43.42
42.35
NA
38.78
38.78
38.47
44.75
38.65
42.85
39.35
39.98
40.65
41.6
42.58
37.88
42.38
38.78
38.52
NA
NA
NA
NA
NA
NA
39.4
42.2
41.2
37.99
40.79
40.92
40.3
39.36
38.43
NA
38.59
37.52
40.31
39.54
37.97
43.37
42.57
42.48
42.15
40.89
40.29
39.79
40.49
39.78
43.31
39.12
42.11
NA
40.99
42.22
38.06
42.1
40.3
NA
39.71
NA
43.01
41.13
41.44
38.94
41.76
38.72
39.12
42.02
40.38
42.3
38.88
39.98
40.28
39.98
40.71
38.99
39.0
42.95
37.34
39.48
41.42
40.55
39.75
37.65
41.25
39.9
41.65
38.33
NA
NA
NA
NA
NA
NA
NA
NA
38.86
40.46
NA
NA
36.68
41.09
NA
41.14
NA
40.19
40.74
38.42
37.73
38.73
39.75
36.99
39.85
NA
38.77
41.61
41.35
43.62
43.5
NA
44.16
39.94
41.73
41.9
40.52
42.6
NA
40.41
NA
39.68
NA
37.13
37.88
38.45
39.04
38.92
37.46
41.1
NA
39.5
40.4
40.2
42.5
41.4
42.8
39.3
NA
38.78
38.72
44.82
39.76
37.36
37.59
41.58
38.2
42.54
43.94
41.52
38.46
45.99
38.39
41.08
38.18
38.68
40.08
39.43
40.15
NA
NA
40.0
38.82
39.62
39.99
40.08
39.03
34.92
40.31
39.99
38.39
NA
NA
42.22
37.55
38.63
38.41
45.01
42.61
36.39
41.4
39.38
41.18
37.27
41.92
38.83
38.91
38.46
39.36
37.26
NA
37.62
39.52
39.66
NA
41.27
37.18
43.94
38.47
37.02
38.7
38.57
39.83
36.44
41.61
45.03
37.93
44.51
40.64
41.48
43.46
40.81
41.31
40.06
44.9
44.19
39.33
38.96
40.16
42.1
41.11
38.53
39.21
39.9
36.69
38.58
39.79
39.23
37.13
41.52
42.6
39.14
39.53
42.46
37.48
41.36
41.52
38.63
38.23
41.08
41.83
39.93
37.63
40.61
36.87
40.03
44.53
36.95
41.09
38.51
37.08
42.04
40.78
36.64
44.04
38.88
36.49
44.99
41.44
NA
42.06
37.97
38.18
38.21
40.8
37.8
41.58
NA
41.64
38.57
39.41
NA
42.07
39.67
38.84
39.33
40.84
37.32
38.72
37.72
37.86
NA
40.23
NA
37.2
37.82
NA
39.77
38.01
38.65
38.09
46.22
39.01
41.63
44.46
40.87
41.62
38.44
40.16
41.06
39.35
41.35
39.35
37.18
41.66
39.97
40.17
39.13
41.74
38.54
38.39
39.44
37.64
42.45
41.04
42.29
38.11
38.79
37.86
39.76
39.0
39.76
41.94
38.03
39.57
40.69
39.17
41.39
42.08
40.15
42.09
40.19
NA
38.21
38.99
42.43
40.99
42.32
40.42
38.43
NA
NA
43.21
41.33
42.33
NA
NA
38.5
40.14
39.7
40.64
40.17
42.46
42.25
39.63
40.37
38.43
39.21
39.82
39.67
44.09
38.33
NA
40.09
43.45
36.8
44.02
NA
NA
NA
NA
NA
42.16
40.98
38.22
NA
42.32
40.41
39.51
41.9
40.64
40.21
40.8
37.75
42.78
NA
38.85
38.49
39.77
41.67
42.65
39.06
40.89
44.34
NA
37.39
40.97
38.2
37.9
40.19
38.45
39.39
41.8
37.18
40.63
42.19
38.85
NA
39.18
43.85
40.8
41.42
38.14
39.61
38.68
41.49
38.99
38.89
40.67
39.52
38.45
38.67
41.41
39.37
38.06
37.83
39.86
38.44
39.03
40.8
39.19
36.77
41.49
40.88
40.02
42.0
36.8
39.24
41.04
38.04
41.54
38.34
38.91
40.45
39.16
39.54
42.32
38.46
36.87
38.4
41.36
37.87
38.31
38.07
36.79
43.25
34.15
37.72
38.52
NA
41.93
38.97
40.63
42.34
39.31
39.85
43.59
39.5
39.7
39.02
NA
39.73
42.73
NA
40.31
39.74
42.74
40.1
40.4
41.48
39.54
39.93
40.81
40.66
41.14
40.02
41.69
41.05
38.57
37.84
39.37
40.13
39.93
39.99
43.64
36.54
42.45
40.34
42.7
43.46
40.27
41.82
43.51
37.73
38.85
40.55
40.72
43.1
37.67
40.63
38.57
43.41
37.73
40.43
43.07
37.34
40.33
38.54
NA
42.24
38.18
38.28
NA