173.41
173.85
177.4
174.39
174.24
173.67
174.45
176.57
173.1
173.89
174.15
174.87
174.71
177.75
173.67
172.72
176.08
175.45
172.63
174.69
NA
NA
176.0
175.39
174.37
172.85
174.05
174.45
NA
173.98
175.76
172.09
172.42
177.07
176.52
173.9
175.78
NA
173.58
173.55
173.88
174.36
175.4
174.86
174.22
173.67
174.7
NA
174.74
172.83
171.8
173.83
174.19
NA
176.99
NA
NA
173.96
174.26
174.56
174.02
173.84
171.9
NA
174.12
174.66
175.7
175.59
174.39
173.57
173.82
174.58
175.52
175.79
173.38
174.74
175.8
173.44
174.35
174.13
174.51
174.61
174.69
175.16
NA
174.46
175.47
174.14
176.37
173.33
172.04
NA
175.12
174.24
174.68
175.31
174.6
173.45
175.24
NA
172.28
172.48
174.91
173.69
NA
174.86
171.7
172.42
175.68
174.67
173.95
174.45
173.65
174.4
173.48
174.16
173.18
173.94
176.6
173.65
174.0
172.28
174.29
176.02
174.22
173.04
175.63
175.41
172.83
175.29
175.79
NA
NA
NA
NA
NA
174.07
175.49
173.84
175.15
174.47
176.2
172.07
173.95
173.36
173.62
172.0
175.56
176.24
176.5
173.35
173.66
176.59
174.08
175.19
173.36
173.18
173.97
NA
174.07
174.1
174.08
NA
174.27
173.86
NA
173.69
NA
172.02
173.49
173.87
NA
NA
NA
174.53
NA
NA
NA
172.8
172.87
NA
NA
174.11
174.54
NA
NA
174.2
176.16
172.14
NA
175.6
NA
NA
175.99
175.26
NA
173.97
NA
NA
NA
173.85
174.33
175.86
NA
NA
176.12
173.38
NA
NA
NA
175.61
173.17
174.41
174.55
174.33
174.87
172.88
175.76
175.35
NA
176.63
177.73
176.63
177.73
176.62
177.62
176.62
177.62
176.72
177.52
173.92
NA
176.0
173.69
174.91
174.37
174.36
172.0
174.59
173.2
173.53
NA
NA
174.04
172.32
NA
174.42
NA
174.38
178.04
175.14
175.88
173.33
177.04
NA
174.26
173.06
174.16
175.16
176.46
NA
NA
174.73
172.21
NA
NA
NA
NA
NA
NA
NA
174.65
172.88
NA
NA
NA
174.88
NA
172.21
NA
176.61
173.26
175.04
175.04
174.74
175.14
NA
NA
NA
NA
NA
NA
NA
NA
NA
NA
NA
NA
NA
NA
NA
NA
NA
NA
NA
NA
NA
NA
NA
173.71
172.81
174.11
174.21
NA
NA
NA
NA
NA
NA
NA
NA
175.69
173.36
175.08
173.41
177.81
170.4
173.28
177.78
170.37
NA
NA
174.88
172.18
174.72
NA
NA
NA
NA
NA
NA
NA
174.63
175.06
173.03
175.46
NA
173.23
NA
NA
NA
NA
NA
NA
174.7
174.85
173.11
175.45
NA
173.92
173.12
176.42
175.92
NA
NA
NA
173.32
170.76
173.41
177.87
NA
176.09
NA
180.41
NA
NA
NA
172.28
172.88
174.98
175.18
172.08
175.68
173.94
173.62
173.01
173.64
172.7
173.2
172.49
173.53
173.88
173.01
176.43
175.89
174.53
NA
NA
NA
174.04
174.48
NA
173.91
174.47
173.9
174.48
174.55
173.97
176.74
175.14
173.14
NA
175.24
173.38
174.68
173.68
174.68
NA
NA
174.94
176.54
171.97
172.03
NA
174.83
NA
NA
175.96
177.67
174.31
172.12
174.68
173.6
NA
NA
NA
NA
NA
NA
175.19
NA
172.74
173.35
175.5
175.7
NA
176.75
174.05
NA
NA
NA
173.92
172.12
174.99
NA
173.51
NA
NA
NA
174.92
NA
174.72
NA
173.25
173.99
NA
NA
NA
NA
NA
NA
NA
NA
174.55
NA
172.7
174.23
174.44
174.4
173.29
174.47
175.73
NA
175.85
175.85
173.98
NA
NA
NA
NA
NA
NA
NA
NA
NA
NA
173.15
174.15
NA
173.04
174.14
173.68
172.26
175.67
175.87
NA
174.95
174.25
173.25
NA
172.57
174.75
173.25
175.72
175.5
NA
177.23
NA
172.73
172.74
175.96
174.88
NA
NA
175.2
174.99
175.63
NA
175.55
173.93
173.28
NA
173.58
NA
NA
NA
NA
NA
NA
NA
NA
NA
NA
NA
171.22
172.85
178.15
174.55
NA
NA
NA
175.24
NA
174.9
173.79
174.51
171.66
NA
172.6
NA
176.75
174.7
175.4
NA
NA
NA
NA
175.45
NA
172.85
172.54
174.9
173.79
174.51
171.66
NA
NA
NA
NA
NA
172.21
NA
NA
176.41
NA
173.61
172.32
NA
NA
NA
NA
NA
NA
NA
NA
NA
NA
NA
NA
NA
NA
NA
NA
NA
NA
NA
NA
NA
NA
NA
NA
NA
NA
NA
175.07
173.98
175.24
176.68
NA
175.74
171.63
177.13
177.78
174.95
177.01
177.54
172.37
174.67
172.86
172.76
179.19
174.58
NA
174.86
174.0
172.9
173.25
171.05
NA
173.85
177.95
NA
NA
172.49
175.08
173.88
175.88
174.17
174.17
172.91
177.21
177.41
176.41
174.58
176.32
173.42
174.49
174.3
174.3
176.29
173.29
174.52
175.39
NA
NA
NA
NA
NA
177.7
NA
NA
NA
172.83
174.46
175.68
172.95
NA
NA
NA
176.42
175.67
NA
NA
NA
NA
NA
NA
NA
NA
NA
173.17
174.17
174.67
NA
172.48
175.01
176.78
NA
NA
NA
NA
NA
NA
NA
NA
NA
176.42
174.52
173.54
175.97
176.78
177.08
174.08
178.08
173.88
175.67
175.67
173.47
177.17
175.67
175.47
173.37
177.17
NA
NA
174.95
NA
NA
174.37
NA
NA
NA
NA
174.07
174.17
175.17
174.27
173.98
NA
NA
172.03
173.24
174.36
175.8
174.53
NA
176.04
NA
NA
NA
NA
NA
NA
172.71
172.92
177.04
176.7
176.73
NA
173.34
176.04
172.04
172.84
176.15
172.91
172.81
174.21
173.71
173.81
176.42
177.67
174.78
174.83
174.79
174.83
172.88
173.65
174.03
175.64
172.13
173.91
NA
NA
174.91
175.2
174.3
171.3
172.25
NA
172.83
172.54
173.54
175.69
172.63
173.38
172.6
174.65
173.46
174.58
173.47
175.04
170.89
174.89
NA
172.89
NA
NA
173.2
173.53
NA
NA
176.09
173.47
172.46
174.39
171.69
176.06
173.72
174.77
174.09
175.37
175.44
174.48
173.22
175.23
174.63
174.13
175.28
174.68
174.18
170.79
174.72
175.22
174.11
NA
173.07
173.47
174.85
NA
175.48
174.18
175.23
174.99
173.22
176.08
176.24
170.04
NA
173.33
173.33
NA
NA
NA
NA
NA
173.83
176.24
174.67
NA
175.46
173.8
175.1
172.8
175.84
173.5
175.77
175.92
NA
NA
NA
174.08
174.78
171.92
172.51
174.64
NA
174.32
172.71
177.23
172.69
176.73
NA
NA
174.85
174.42
173.58
172.48
173.88
174.4
NA
172.46
NA
170.85
174.25
173.55
175.65
NA
174.65
174.45
174.71
174.5
174.75
174.47
NA
172.93
174.93
173.55
NA
NA
NA
NA
NA
NA
173.81
173.8
172.16
175.22
176.11
174.31
175.21
NA
NA
NA
173.97
NA
175.07
173.79
173.37
172.98
NA
NA
NA
174.37
175.12
172.72
176.23
NA
NA
NA
173.22
174.41
NA
173.53
NA
174.3
173.89
176.29
172.48
174.6
NA
176.9
174.3
173.8
173.05
175.89
175.85
176.88
175.44
175.85
175.97
177.28
176.04
NA
NA
179.28
180.11
NA
174.89
175.46
174.48
172.39
173.18
174.3
173.19
174.31
175.91
174.81
174.81
NA
173.68
172.91
NA
172.38
NA
NA
NA
NA
175.76
173.49
174.06
173.88
NA
NA
NA
NA
NA
NA
NA
NA
NA
173.03
173.96
173.05
176.01
177.88
NA
175.79
174.96
175.11
NA
173.93
176.29
174.51
NA
174.74
173.92
175.29
NA
NA
174.39
174.79
173.69
173.99
173.39
174.99
175.89
NA
NA
NA
171.89
173.54
173.56
NA
NA
173.88
171.68
174.37
172.27
172.39
173.19
174.62
175.12
175.22
174.29
174.9
174.1
176.74
NA
NA
NA
NA
NA
NA
NA
NA
NA
NA
174.97
NA
NA
172.23
175.32
NA
176.26
174.36
175.16
173.2
173.81
NA
174.39
178.07
178.17
NA
174.98
NA
NA
NA
175.21
177.51
175.91
174.87
174.08
174.07
176.7
172.47
175.38
178.12
NA
176.23
173.59
NA
173.96
174.3
175.41
173.26
175.08
172.64
173.42
174.34
174.03
175.05
174.25
173.97
173.82
NA
174.45
173.98
174.67
NA
NA
NA
NA
NA
NA
NA
NA
173.59
174.4
173.98
175.11
173.49
173.71
NA
175.79
174.5
174.56
175.66
173.34
172.94
175.24
173.9
174.36
NA
175.35
NA
175.65
175.93
NA
NA
NA
NA
NA
NA
NA
NA
173.77
177.05
173.62
174.89
NA
NA
176.78
176.28
173.94
NA
NA
177.36
NA
NA
175.74
175.65
173.51
172.94
174.34
176.33
175.17
174.86
177.86
NA
172.39
NA
NA
173.81
172.23
173.81
175.09
NA
NA
174.74
174.75
174.23
171.85
175.61
174.75
174.95
174.27
174.28
NA
NA
NA
NA
170.92
173.28
174.64
173.73
NA
174.93
176.62
172.67
173.1
172.51
173.61
174.89
174.81
NA
NA
175.45
174.42
175.56
172.21
NA
NA
173.18
174.56
175.38
174.59
174.41
170.83
173.12
NA
NA
176.14
NA
176.91
NA
NA
174.78
172.77
179.13
173.67
173.07
174.37
173.77
173.07
176.22
175.17
174.93
174.81
174.2
172.28
172.81
173.71
172.33
NA
NA
NA
NA
172.41
175.28
177.94
175.11
180.38
172.42
NA
NA
NA
173.64
174.74
173.83
176.04
NA
174.91
NA
NA
NA
173.51
172.54
NA
174.64
175.96
NA
NA
NA
NA
NA
174.73
174.53
NA
173.52
172.02
176.39
NA
176.52
171.98
175.49
174.89
174.41
NA
NA
NA
NA
NA
173.84
173.53
174.67
NA
NA
NA
NA
174.08
NA
175.86
NA
NA
NA
174.36
174.17
176.83
173.41
174.54
176.04
176.05
174.99
174.05
175.52
NA
173.71
NA
174.98
172.92
174.18
172.55
174.26
178.56
173.91
171.81
176.11
174.21
NA
174.42
174.9
174.99
173.71
174.4
NA
NA
173.88
NA
175.29
NA
NA
NA
172.97
171.44
175.43
173.8
NA
173.81
NA
172.95
173.23
174.01
173.47
NA
173.8
174.56
173.67
NA
NA
NA
NA
NA
NA
NA
NA
174.19
173.97
174.77
NA
173.78
172.46
174.27
173.19
NA
174.84
176.11
175.95
172.61
NA
NA
NA
NA
NA
NA
174.6
174.05
175.56
NA
NA
NA
174.59
173.89
175.11
173.33
NA
NA
NA
NA
NA
NA
NA
NA
NA
NA
NA
NA
NA
174.32
174.5
174.45