174.47
176.47
172.49
174.8
175.61
173.78
174.89
176.18
174.58
174.15
175.56
174.15
173.09
175.73
174.95
174.95
171.5
172.37
174.07
175.07
174.88
175.98
174.35
NA
NA
NA
NA
NA
174.78
173.82
174.68
175.02
174.68
173.82
174.7
174.11
174.48
172.91
176.5
175.07
176.07
175.99
174.65
172.31
NA
NA
175.37
173.67
175.29
174.71
175.76
173.84
173.16
175.44
174.6
NA
173.91
173.89
176.78
172.21
172.43
176.64
174.76
175.04
174.61
172.0
176.11
176.93
174.43
173.71
174.23
174.45
174.59
174.81
173.73
175.22
174.4
176.01
176.07
NA
NA
175.04
173.63
174.13
173.97
174.55
173.76
174.72
176.91
172.97
173.07
NA
174.53
174.53
NA
172.52
174.98
175.39
175.41
174.05
174.72
174.9
177.11
176.38
175.24
174.28
176.56
174.11
NA
176.51
175.13
173.81
175.33
173.88
NA
173.09
173.71
176.86
NA
174.8
175.72
173.69
176.93
173.7
174.45
173.43
174.66
173.01
175.19
174.14
173.01
175.9
175.25
NA
NA
175.31
173.28
176.99
173.56
174.28
175.04
174.51
174.29
174.9
175.29
174.31
175.52
NA
174.3
175.96
174.81
173.85
175.89
172.04
NA
174.75
176.55
174.69
174.96
174.76
172.3
175.28
174.82
174.91
173.96
173.3
173.9
175.27
174.69
177.07
172.99
173.99
175.64
174.29
NA
175.53
173.77
176.94
174.52
NA
NA
173.69
175.1
175.84
175.09
173.0
175.0
173.65
171.79
175.19
174.38
175.09
174.77
174.82
173.52
NA
174.13
172.94
173.33
175.25
173.44
171.5
175.71
173.33
175.3
173.25
175.12
174.55
174.61
176.18
NA
NA
174.64
175.85
175.33
175.13
174.88
174.92
NA
174.6
171.95
177.27
174.18
175.33
176.6
NA
175.63
175.79
176.12
173.53
175.07
173.78
NA
176.61
NA
173.59
174.05
174.02
174.62
NA
NA
NA
NA
174.29
NA
174.82
175.06
174.82
173.68
174.04
171.51
172.62
174.05
175.12
174.38
175.22
174.88
176.95
NA
NA
NA
NA
174.77
NA
174.3
175.27
175.92
175.0
175.25
174.7
175.43
174.58
177.2
175.38
174.88
174.8
176.04
177.88
173.73
174.09
174.17
174.01
176.46
174.62
175.11
172.22
175.52
174.46
173.69
174.45
175.44
175.27
173.32
176.11
174.9
173.31
174.1
173.55
174.6
174.65
174.08
174.44
175.63
173.29
175.0
175.89
174.83
174.58
NA
172.95
174.52
174.84
NA
173.66
174.51
174.05
173.47
174.65
174.85
175.28
NA
174.39
174.55
NA
NA
NA
NA
174.44
173.17
NA
174.29
174.44
NA
173.27
175.17
175.27
174.73
175.03
173.29
176.38
174.64
173.71
174.61
175.27
174.63
173.74
171.81
174.76
NA
NA
NA
NA
174.53
NA
NA
174.27
174.44
172.26
174.08
174.86
NA
174.02
174.82
173.96
172.38
174.75
173.56
173.89
175.6
176.91
177.18
175.71
173.79
173.34
NA
175.91
NA
NA
176.97
173.63
175.13
NA
NA
NA
173.95
173.38
174.09
172.1
174.23
170.68
174.83
174.41
172.39
NA
170.95
173.67
NA
NA
173.43
175.57
NA
NA
173.64
NA
172.77
170.58
NA
173.51
NA
176.52
172.86
173.83
NA
172.89
176.54
174.44
173.54
175.27
174.4
NA
174.22
176.1
NA
NA
NA
174.51
175.34
174.47
173.87
173.96
173.42
NA
174.22
176.02
173.49
174.31
174.62
176.45
174.04
175.07
173.46
175.35
NA
NA
NA
175.4
174.77
174.22
175.12
NA
175.71
176.15
176.98
175.44
174.05
171.55
172.57
175.83
176.78
176.52
172.9
171.19
174.4
174.33
174.65
174.68
172.96
174.25
176.36
176.45
175.63
174.61
174.8
175.29
173.07
175.51
173.07
176.11
175.24
175.27
175.53
176.16
174.86
178.15
173.99
175.19
175.41
175.25
174.78
NA
NA
175.41
174.62
173.92
174.53
174.96
175.57
174.09
173.49
173.61
NA
NA
174.38
NA
176.79
177.2
174.94
174.5
173.61
177.97
172.37
175.12
173.87
175.36
NA
NA
175.01
175.28
NA
175.99
NA
175.47
175.0
176.24
173.57
175.23
173.96
171.88
175.71
178.0
174.39
172.62
175.19
170.96
174.37
173.28
175.46
175.36
175.98
175.05
177.29
174.47
173.87
NA
172.15
NA
175.12
NA
174.74
173.32
174.12
174.12
175.67
173.72
173.98
174.66
174.0
174.64
175.16
173.99
174.62
175.11
174.01
174.62
175.17
173.85
174.54
175.21
176.13
172.22
175.14
NA
NA
NA
174.09
175.53
NA
170.67
173.75
NA
176.03
173.16
174.62
174.1
173.66
175.23
174.3
174.98
174.13
174.1
174.21
174.51
NA
172.91
175.81
NA
NA
NA
172.59
174.69
NA
174.19
175.49
174.59
174.97
174.39
177.57
176.19
176.01
176.39
172.86
174.17
173.57
177.37
174.61
173.93
173.42
176.79
173.77
174.38
172.33
173.51
173.18
172.41
NA
173.13
178.36
178.49
NA
174.74
174.99
NA
NA
NA
NA
NA
NA
NA
NA
NA
NA
NA
NA
NA
NA
NA
NA
NA
175.6
175.3
173.5
NA
175.87
176.71
175.46
175.44
NA
NA
NA
NA
NA
NA
NA
NA
NA
NA
175.49
NA
174.44
173.54
175.85
NA
NA
NA
NA
NA
NA
172.24
176.2
174.33
172.85
175.74
175.22
NA
NA
NA
NA
NA
NA
NA
NA
175.69
175.99
176.58
175.48
174.57
175.17
174.27
177.97
NA
NA
NA
NA
NA
NA
NA
NA
175.87
173.88
174.32
173.35
175.26
176.16
176.56
175.4
176.66
173.26
173.87
173.37
176.79
175.77
174.95
174.35
NA
NA
175.35
175.49
NA
NA
NA
NA
NA
NA
NA
NA
NA
NA
NA
174.91
NA
174.93
176.76
176.11
174.57
173.52
174.51
172.93
174.17
NA
NA
NA
NA
NA
NA
175.36
175.96
175.96
175.26
175.38
175.07
175.47
175.87
176.27
175.07
175.27
175.27
172.87
176.28
NA
176.74
NA
174.99
174.45
175.96
174.77
175.64
172.54
174.43
171.43
NA
175.04
174.84
174.59
174.95
174.61
174.52
174.33
NA
174.79
174.58
173.78
174.72
175.27
NA
174.87
175.25
175.74
174.86
174.52
174.43
174.24
NA
173.95
NA
NA
NA
NA
NA
NA
NA
NA
176.18
173.92
NA
173.98
176.17
173.56
174.2
173.89
NA
176.13
176.33
176.13
176.33
176.12
176.32
176.12
176.32
176.12
176.32
173.89
NA
NA
170.7
176.06
178.48
175.95
174.69
175.36
173.94
170.68
173.86
NA
176.02
176.9
NA
175.33
176.17
175.47
NA
173.31
173.49
176.5
NA
NA
174.35
NA
NA
NA
173.64
174.05
174.99
173.9
NA
NA
NA
NA
NA
NA
175.92
174.19
174.31
NA
NA
174.85
177.79
173.44
178.11
174.97
171.93
175.6
NA
NA
NA
174.07
NA
NA
NA
175.66
174.56
NA
176.26
175.56
NA
NA
NA
NA
NA
174.46
172.76
176.77
179.68
173.9
176.51
174.02
176.5
NA
NA
NA
NA
NA
NA
NA
175.95
175.75
175.23
173.47
NA
NA
NA
178.31
176.97
174.0
NA
NA
173.9
176.51
174.02
176.5
NA
NA
NA
NA
173.29
175.51
NA
NA
174.13
175.84
175.34
175.54
175.14
NA
NA
NA
NA
NA
NA
NA
NA
NA
NA
NA
NA
173.51
173.41
177.71
176.08
173.41
172.72
174.63
174.09
175.71
175.2
174.56
173.78
174.9
174.47
174.36
175.98
175.47
174.82
174.05
NA
NA
NA
NA
NA
NA
174.05
174.57
173.18
172.29
173.36
175.03
173.25
175.2
173.94
NA
NA
NA
NA
NA
NA
NA
176.41
176.46
175.31
175.49
NA
NA
NA
NA
NA
NA
174.44
174.43
171.12
175.61
176.98
NA
NA
174.06
NA
NA
NA
NA
NA
NA
174.85
174.88
176.32
174.77
174.16
171.92
176.82
175.92
NA
NA
NA
NA
NA
NA
NA
NA
NA
NA
NA
NA
NA
NA
NA
175.38
177.85
NA
170.3
NA
173.8
NA
NA
NA
NA
NA
NA
NA
173.68
176.67
175.45
177.93
175.04
NA
NA
173.77
176.07
176.14
174.3
177.82
NA
173.02
175.82
172.93
NA
173.63
NA
NA
NA
NA
NA
NA
174.68
174.42
177.98
NA
NA
NA
NA
NA
NA
NA
NA
NA
NA
NA
177.81
176.4
173.1
NA
172.82
176.09
NA
NA
173.73
173.5
174.0
176.83
174.72
176.32
175.47
176.91
174.01
NA
NA
NA
174.61
NA
NA
NA
NA
NA
NA
NA
NA
177.6
177.22
181.31
NA
177.5
NA
NA
NA
174.61
174.19
NA
NA
174.63
173.72
NA
175.09
174.16
174.96
174.85
174.09
175.4
174.79
176.31
176.16
174.88
NA
NA
NA
NA
NA
174.98
175.08
175.28
177.65
175.8
177.34
175.56
175.62
176.26
NA
NA
176.48
174.52
174.77
NA
175.05
175.37
177.22
172.59
174.53
173.14
175.91
178.64
NA
NA
NA
NA
172.56
173.64
175.73
NA
NA
NA
NA
NA
NA
NA
173.95
175.25
175.4
177.32
174.13
176.36
NA
NA
NA
NA
175.74
170.64
172.94
175.04
176.84
NA
NA
NA
NA
NA
NA
NA
174.27
176.04
175.54
175.04
174.54
175.54
174.24
174.14
175.44
173.74
175.44
175.14
173.94
174.48
175.78
175.58
174.38
173.18
NA
NA
NA
NA
NA
175.84
175.94
172.54
177.04
176.14
176.64
174.54
172.54
173.97
173.17
173.97
176.47
NA
173.68
174.78
176.38
NA
174.03
173.23
174.03
176.53
NA
NA
175.63
175.13
NA
NA
NA
NA
NA
NA
NA
174.2
177.9
176.5
174.5
174.7
177.5
176.3
169.96
174.56
175.66
174.76
173.56
177.94
174.38
173.75
174.99
174.11
175.8
174.25
173.2
174.9
174.2
173.8
175.6
NA
NA
NA
NA
NA
NA
NA
NA
NA
NA
NA
NA
NA
NA
NA
NA
NA
172.49
174.19
173.99
173.59
175.3
175.85
176.05
178.35
177.15
175.65
173.45
177.45
NA
NA
NA
NA
NA
NA
NA
NA
NA
NA
NA
NA
NA
NA
NA
NA
175.42
NA
NA
NA
NA
NA
NA
174.8
173.6
177.6
NA
NA
NA
NA
NA
NA
174.45
175.05
175.25
NA
NA
NA
NA
177.73
173.33
174.73
175.54
175.24
175.34
174.94
176.15
174.65
175.35
174.65
175.65
NA
NA
NA
NA
NA
NA
NA
NA
NA
NA
NA
NA
NA
NA
NA
173.58
174.32
NA
175.22
173.72
175.52
173.37
174.58
175.23
NA
175.3
173.98
174.28
NA
174.48
NA
NA
NA
NA
NA
NA
175.22
177.22
174.44
175.16
NA
NA
NA
NA
NA
174.79
174.67
175.18
176.26
NA
175.38
175.69
NA
NA
NA
NA
177.09
176.31
173.87
NA
NA
NA
174.91
175.49
NA
NA
178.05
175.8
174.93
174.7
NA
174.1
175.48
179.25
176.59
173.06
176.59
177.03
NA
NA
NA
NA
NA
NA
NA
NA
NA
174.48
173.98
177.41
NA
176.21
NA
NA
NA
NA
NA
NA
NA
NA
NA
NA
NA
NA
176.05
172.15
174.55
NA
NA
NA
NA
NA
NA
NA
NA
NA
NA
175.24
NA
174.44
176.44
174.64
173.24
173.44
175.34
NA
NA
NA
176.7
174.5
172.96
174.99
177.55
174.4
175.54
177.32
176.75
175.83
177.78
174.06
176.49
176.12
176.13
173.5
174.15
175.65
NA
175.67
175.88
175.67
174.52
176.98
NA
178.81
175.51
NA
NA
NA
NA
NA
174.17
174.32
174.65
176.37
174.17
176.57
176.47
NA
NA
175.12
174.85
173.95
176.75
175.25
175.55
172.05
175.15
175.25
176.87
174.35
NA
NA
178.25
177.05
176.55
NA
NA
173.55
NA
NA
174.75
176.5
177.47
175.35
NA
172.57
175.39
NA
176.13
176.24
175.2
175.58
175.36
NA
NA
NA
NA
NA
NA
NA
NA
175.99
174.06
173.28
175.2
NA
NA
NA
NA
NA
175.5
NA
174.71
174.92
176.2
174.65
174.11
NA
NA
174.28
175.9
174.79
174.64
175.2
173.28
175.35
174.65
176.28
174.06
172.13
NA
NA
174.22
NA
175.81
174.68
NA
NA
NA
NA
NA
171.85
NA
NA
NA
NA
NA
NA
NA
NA
NA
NA
NA
NA
NA
NA
NA
171.44
173.34
NA
173.94
175.94
175.74
NA
NA
NA
NA
NA
NA
173.22
174.87
175.35
171.83
175.3
175.75
NA
NA
NA
NA
NA
NA
175.97
174.46
174.83
175.54
174.21
174.16
NA
NA
175.76
NA
NA
NA
NA
175.52
175.5
176.45
173.41
176.87
176.43
NA
NA
175.05
174.26
173.73
172.61
175.33
174.27
173.91
NA
NA
NA
NA
NA
NA
NA
NA
NA
NA
NA
NA
NA
175.53
173.05
173.34
173.58
NA
174.32
175.05
174.02
NA
NA
174.55
174.8
NA
175.1
173.5
NA
NA
NA
NA
NA
NA
NA
NA
NA
NA
171.58
175.61
174.74
174.65
175.25
NA
175.71
NA
175.05
174.26
173.73
172.61
175.33
174.27
173.91
174.17
176.77
NA
NA
NA
NA
NA
172.85
174.29
173.84
NA
NA
NA
NA
NA
NA
NA
NA
NA
NA
174.36
176.66
177.92
175.44
176.04
173.37
174.42
NA
175.44
175.77
175.37
175.35
NA
173.53
182.2
NA
175.26
NA
NA
NA
NA
NA
NA
NA
NA
NA
NA
NA
NA
NA
173.98
173.97
171.64
176.21
NA
NA
NA
NA
NA
NA
NA
173.14
173.51
175.38
171.68
NA
NA
NA
NA
NA
NA
NA
NA
174.87
NA
NA
174.55
172.12
173.91
175.59
173.95
NA
NA
176.19
175.63
174.07
176.58
174.58
173.78
172.07
173.46
173.96
174.06
170.46
173.76
175.15
172.88
NA
172.81
173.26
174.94
173.86
175.16
175.5
173.94
175.77
175.5
174.77
173.18
176.95
177.33
174.25
178.45
176.65
172.85
175.65
174.64
176.63
175.35
176.33
174.13
NA
NA
175.65
174.46
173.33
173.4
173.75
174.71
176.59
173.4
173.75
174.74
176.6
NA
176.81
174.61
176.71
177.11
173.31
176.11
NA
NA
NA
NA
176.08
175.45
NA
175.64
NA
172.65
174.68
178.48
174.78
177.38
176.88
NA
NA
NA
NA
174.41
176.22
172.33
NA
NA
NA
NA
NA
NA
NA
173.65
175.75
175.28
173.44
175.63
175.21
NA
NA
NA
NA
NA
NA
NA
NA
NA
NA
NA
NA
NA
NA
NA
NA
NA
NA
NA
174.66
175.86
178.46
175.16
174.16
176.4
176.8
173.1
177.1
175.8
NA
NA
NA
NA
176.01
175.85
NA
NA
NA
174.74
NA
174.12
176.64
176.27
NA
175.31
NA
NA
NA
NA
NA
NA
NA
NA
NA
NA
NA
NA
NA
NA
NA
NA
NA
NA
NA
NA
173.88
174.49
174.11
175.57
175.83
NA
NA
NA
175.77
174.47
174.37
174.17
174.47
174.47
173.4
174.29
176.66
NA
175.06
175.53
173.89
174.44
174.94
173.94
NA
NA
175.41
176.22
175.56
174.37
173.67
NA
174.1
NA
NA
174.42
174.56
172.06
177.56
NA
173.36
177.16
174.34
175.33
173.41
NA
NA
NA
NA
NA
NA
NA
NA
NA
NA
NA
176.07
173.82
175.79
174.95
NA
NA
NA
NA
174.94
177.88
175.58
176.58
177.47
175.27
NA
172.57
175.37
NA
176.07
NA
176.27
175.17
175.27
177.57
175.37
NA
172.97
175.37
174.77
176.07
176.27
175.17
175.97
NA
NA
175.34
176.04
175.44
NA
174.93
175.05
175.45
172.35
174.55
173.85
175.05
174.85
NA
175.5
174.13
175.81
175.55
173.85
NA
NA
NA
NA
NA
NA
NA
NA
NA
NA
NA
NA
NA
NA
NA
NA
174.37
175.57
174.87
175.27
174.77
174.87
173.97
NA
NA
NA
NA
NA
NA
NA
NA
NA
175.23
173.09
174.73
173.89
NA
NA
NA
174.94
NA
NA
NA
NA
NA
NA
NA
175.03
176.43
174.73
NA
NA
NA
174.34
173.56
NA
NA
173.63
NA
NA
173.99
174.53
176.61
174.59
NA
175.63
172.53
175.03
NA
174.0
NA
NA
173.36
177.23
174.82
174.85
175.79
172.95
174.66
175.5
174.3
NA
NA
175.62
NA
NA
173.23
173.14
175.13
NA
NA
NA
NA
NA
NA
NA
174.48
174.92
174.67
175.2
173.09
NA
176.6
177.39
173.41
NA
NA
NA
NA
NA
NA
176.74
NA
NA
173.82
NA
NA
NA
173.95
174.65
175.85
178.41
171.61
173.91
175.01
NA
178.31
175.21
176.06
176.19
172.93
NA
176.06
172.25
NA
NA
174.13
174.19
175.04
173.68
173.9
NA
171.01
174.43
175.03
176.41
NA
NA
NA
173.14
176.85
170.01
NA
175.51
175.71
174.6
173.4
173.5
175.0
173.3
173.1
177.2
175.0
174.52
174.12
174.79
173.22
NA
174.91
172.66
172.12
175.18
NA
NA
175.66
175.34
NA
173.43
NA
173.11
173.49
173.93
176.38
177.33
174.76
175.93
173.63
173.65
175.41
173.81
176.47
177.65
NA
NA
NA
NA
173.91
176.63
175.87
NA
NA
176.01
175.22
NA
NA
175.85
NA
174.63
174.43
174.37
176.57
NA
NA
NA
NA
NA
175.77
174.55
175.15
174.52
174.34
174.99
174.94
173.9
175.43
174.93
172.09
173.73
174.5
175.49
173.39
174.39
175.68
NA
175.74
NA
NA
NA
175.64
176.74
175.17
176.26
175.06
175.87
172.0
175.42
173.81
NA
171.31
174.03
173.55
174.87
173.48
176.05
175.12
173.27
173.87
174.2
175.69
175.1
176.99
175.09
176.15
NA
175.67
175.92
172.86
177.56
NA
NA
NA
173.67
178.77
173.61
180.53
175.04
NA
174.65
174.95
176.04
175.24
176.25
174.13
174.49
174.69
177.4
175.38
173.76
178.3
174.28
NA
174.35
NA
NA
NA
172.95
NA
NA
173.68
172.58
173.13
175.93
174.33
175.33
NA
171.63
170.63
174.73
174.92
172.09
176.79
175.99
173.69
175.81
175.3
173.54
175.88
175.28
175.78
173.16
174.67
176.5
NA
173.12
172.94
176.44
177.64
174.44
176.64
176.04
173.37
174.42
NA
NA
NA
175.39
176.59
176.09
175.93
NA
NA
NA
NA
NA
NA
NA
NA
174.37
175.37
174.37
173.54
175.64
175.27
173.57
175.4
175.23
175.6
176.11
173.79
174.97
NA
174.06
NA
NA
173.46
NA
NA
NA
174.74
175.1
173.73
177.39
NA
NA
NA
NA
NA
NA
NA
NA
NA
NA
174.66
174.86
177.16
173.66
179.56
176.78
175.78
175.88
174.58
NA
NA
175.17
171.91
175.57
175.83
172.76
174.57
174.32
NA
NA
173.98
174.89
174.84
NA
174.84
172.64
174.19
NA
174.09
174.89
174.79
174.09
175.29
174.99
176.19
176.09
174.89
NA
NA
NA
175.18
174.92
NA
173.48
176.08
175.04
174.56
174.05
175.68
174.27
NA
NA
NA
NA
175.55
173.8
176.06
NA
NA
NA
176.21
NA
NA
174.65
174.95
174.59
175.06
174.56
175.86
NA
175.06
176.56
174.42
175.82
173.42
175.29
174.94
174.37
175.58
175.1
173.58
173.78
NA
173.36
177.06
174.96
174.28
175.61
NA
NA
176.35
175.45
175.15
174.55
173.95
176.86
174.49
NA
174.45
NA
177.65
177.95
NA
NA
NA
173.3
175.5
NA
174.85
174.05
174.75
174.01
174.71
174.0
174.7
174.05
174.65
173.87
174.67
174.53
174.33
175.53
173.93
177.68
175.87
NA
NA
NA
NA
NA
NA
NA
NA
NA
NA
NA
NA
NA
174.38
174.78
174.35
172.85
171.85
173.99
176.11
174.11
175.11
NA
NA
174.77
NA
NA
177.57
175.27
NA
NA
NA
NA
NA
NA
176.54
177.06
175.68
175.54
174.82
174.58
172.86
177.15
NA
176.84
176.45
173.85
NA
NA
176.47
175.75
175.2
173.68
175.77
175.55
175.03
NA
NA
NA
NA
NA
NA
NA
NA
NA
NA
NA
174.86
NA
NA
NA
176.45
NA
173.79
NA
NA
176.31
NA
NA
NA
173.7
173.1
NA
NA
176.36
176.66
174.99
171.89
174.69
173.99
175.59
174.19
175.13
176.43
NA
173.9
NA
NA
NA
NA
NA
175.82
175.62
174.17
174.68
NA
NA
NA
NA
175.05
NA
NA
NA
177.76
174.67
174.57
175.03
173.02
173.12
NA
NA
NA
173.83
174.84
175.04
176.04
173.94
178.34
174.74
174.34
NA
174.04
178.04
178.04
NA
NA
174.88
173.82
174.23
NA
NA
172.0
173.49
NA
173.18
173.7
176.88
173.89
174.51
175.45
175.04
NA
174.72
173.3
173.49
NA
174.07
177.82
175.54
174.13
175.6
174.23
174.99
174.59
175.69
174.21
175.01
175.61
176.51
174.91
176.09
175.49
NA
174.88
174.25
174.88
175.19
174.1
177.4
NA
173.93
NA
175.12
176.42
174.75
172.64
173.55
174.59
174.84
173.44
NA
174.05
170.65
173.48
173.85
174.07
170.62
176.63
176.64
175.51
174.92
NA
NA
175.93
NA
175.99
NA
NA
174.2
174.31
176.18
175.87
173.6
175.01
174.65
175.0
NA
181.48
181.48
NA
181.48
175.98
NA
NA
NA
NA
NA
NA
NA
NA
NA
NA
NA
NA
NA
NA
NA
174.8
175.76
173.07
NA
174.45
174.74
175.68
172.6
NA
178.0
174.4
175.83
178.18
176.33
177.34
174.58
NA
NA
175.4
173.28
176.72
174.25
NA
NA
NA
177.03
175.66
173.32
174.91
174.21
174.91
174.81
176.57
NA
174.99
175.49
173.03
NA
172.39
175.89
174.69
NA
NA
175.91
176.75
NA
175.63
175.73
174.3
174.2
NA
NA
175.59
173.89
NA
NA
NA
NA
NA
175.86
172.76
174.86
175.07
175.47
173.68
173.93
NA
174.45
NA
NA
NA
NA
NA
NA
NA
NA
NA
NA
NA
174.58
174.62
NA
174.18
NA
NA
NA
NA
174.62
174.71
174.75
175.43
NA
178.0
175.48
175.3
173.01
174.45
174.76
174.94
174.67
174.07
175.07
174.37
175.69
NA
176.18
175.61
174.71
175.51
174.81
NA
173.38
174.59
174.07
175.52
173.82
171.42
174.16
NA
176.62
173.38
175.6
178.38
179.24
175.95
176.57
NA
NA
NA
175.45
174.85
173.66
NA
175.46
175.31
NA
NA
NA
NA
NA
NA
NA
NA
NA
NA
175.22
NA
174.48
174.81
174.52
NA
NA
176.07
175.37
175.64
174.46
173.68
176.97
175.31
NA
174.22
175.47
NA
NA
NA
NA
NA
175.46
174.26
175.06
NA
174.24
NA
176.02
173.73
NA
NA
NA
NA
NA
NA
NA
NA
173.04
NA
NA
173.44
174.66
174.34
174.91
176.35
175.45
175.15
174.55
173.95
175.97
174.97
176.53
175.32
174.48
172.61
175.22
173.32
NA
172.42
171.29
NA
174.37
NA
174.9
174.81
NA
175.39
173.69
NA
NA
NA
174.36
176.83
NA
NA
NA
174.77
175.43
175.7
175.43
175.11
174.71
176.06
175.21
174.88
174.6
NA
NA
NA
NA
173.66
174.94
173.79
NA
NA
NA
NA
NA
175.14
174.8
173.69
175.59
175.79
NA
NA
NA
NA
176.37
NA
174.63
173.56
175.53
NA
175.16
174.96
175.46
NA
NA
NA
NA
NA
175.47
171.01
NA
175.5
NA
175.43
174.88
NA
NA
NA
NA
NA
NA
NA
NA
174.49
174.65
NA
174.29
177.4
NA
172.7
176.44
NA
NA
176.1
NA
175.52
176.03
NA
171.35
NA
174.55
175.96
173.84
174.17
174.57
174.77
175.13
173.37
175.54
175.14
175.14
174.04
175.74
NA
175.82
174.15
174.67
175.19
175.82
175.1
174.15
174.22
173.07
NA
NA
174.79
174.59
NA
173.35
172.16
175.66
NA
176.05
173.69
175.16
174.49
174.79
174.49
173.99
174.96
176.1
175.34
NA
172.36
175.04
174.08
NA
NA
173.94
174.64
174.34
175.54
NA
NA
NA
NA
NA
174.3
NA
174.28
177.36
175.1
175.75
177.04
175.66
174.83
173.3
176.34
NA
NA
NA
NA
NA
NA
NA
NA
NA
NA
NA
NA
NA
NA
NA
NA
NA
NA
NA
NA
173.97
175.37
173.97
175.77
175.32
173.18
176.91
175.22
175.28
173.81
NA
176.0
175.08
175.32
NA
NA
NA
NA
NA
NA
NA
NA
NA
NA
NA
NA
NA
176.74
178.11
174.18
173.71
NA
NA
NA
NA
NA
NA
NA
NA
NA
NA
NA
NA
NA
178.98
169.91
177.39
175.14
176.82
176.65
174.72
175.78
173.32
175.79
173.11
175.39
175.82
NA
NA
NA
NA
NA
NA
NA
175.63
175.81
174.66
NA
176.94
175.54
174.79
176.47
176.81
NA
175.04
174.23
174.58
174.42
174.51
175.91
175.53
175.24
175.74
174.54
176.21
177.21
174.29
176.49
NA
NA
NA
177.41
173.31
174.87
175.09
174.91
173.7
173.8
176.3
174.8
NA
NA
NA
NA
NA
NA
NA
NA
NA
NA
NA
NA
175.25
174.18
176.24
NA
173.44
174.64
177.29
174.5
NA
NA
NA
NA
NA
NA
NA
174.07
NA
NA
172.31
174.51
NA
NA
173.16
NA
174.0
NA
174.28
173.01
175.27
179.25
175.19
175.89
176.07
174.99
175.74
173.84
NA
NA
175.07
NA
173.12
173.79
173.4
175.5
174.73
174.43
NA
NA
175.49
NA
175.27
173.95
178.49
174.05
NA
175.53
173.03
NA
NA
NA
NA
NA
NA
NA
172.88
174.28
NA
NA
NA
174.15
173.86
175.67
NA
NA
NA
175.59
175.59
176.2
175.86
174.6
169.2
176.76
175.98
NA
NA
NA
NA
NA
NA
NA
NA
NA
NA
NA
NA
NA
NA
NA
NA
NA
NA
173.63
NA
NA
NA
NA
NA
176.36
NA
NA
175.82
174.57
173.38
174.34
NA
172.47
174.9
173.81
175.52
175.56
175.31
175.1
174.9
174.7
174.7
NA
175.13
175.58
175.24
175.23
175.63
NA
173.79
174.79
174.89
175.02
176.87
177.05
174.0
175.01
175.17
174.46
173.91
NA
NA
175.43
NA
NA
NA
NA
NA
NA
173.46
176.91
173.92
174.68
177.39
NA
NA
178.31
NA
NA
NA
175.34
NA
172.11
175.71
NA
NA
NA
NA
NA
NA
176.61
173.76
174.74
177.52
176.07
NA
173.31
NA
NA
NA
NA
NA
173.53
NA
175.62
175.56
173.26
179.41
174.54
174.77
174.77
176.37
177.17
173.4
175.49
177.36
174.47
177.45
173.92
173.57
176.41
175.91
176.68
174.37
173.12
176.91
174.46
174.78
NA
174.59
176.37
174.1
172.5
NA
175.73
178.62
NA
NA
NA
NA
NA
NA
NA
175.59
175.64
NA
176.26
174.94
NA
174.06
NA
171.3
173.83
NA
NA
NA
NA
NA
173.63
NA
175.54
174.96
NA
NA
NA
NA
NA
NA
NA
NA
NA
NA
NA
NA
NA
NA
NA
172.81
175.03
174.49
NA
NA
174.38
NA
NA
NA
NA
NA
176.14
174.74
173.48
176.38
174.6
175.52
174.92
174.0
174.02
174.45
175.43
174.38
NA
NA
174.95
NA
NA
NA
NA
NA
176.23
NA
NA
NA
175.76
176.26
174.26
174.82
175.72
176.22
176.22
175.91
176.51
176.51
NA
NA
NA
NA
NA
NA
NA
NA
NA
NA
NA
175.33
174.33
175.43
174.42
174.22
172.52
173.22
NA
NA
NA
174.92
177.13
172.66
175.48
173.78
174.99
176.04
NA
173.78
175.36
174.6
NA
NA
NA
176.66
176.82
175.14
NA
175.18
177.21
174.45
174.19
177.59
175.49
174.09
175.55
174.46
173.91
NA
NA
NA
NA
NA
NA
NA
NA
NA
NA
NA
NA
NA
175.54
NA
NA
174.45
174.35
NA
171.03
173.83
NA
NA
175.03
174.93
NA
NA
174.34
NA
NA
NA
NA
175.63
173.25
176.29
175.66
174.55
174.96
NA
177.2
174.97
NA
NA
NA
174.6
174.83
NA
174.69
175.35
NA
NA
176.53
177.32
NA
NA
NA
NA
NA
NA
NA
175.64
176.34
173.64
NA
176.7
175.16
174.96
174.66
172.59
176.22
175.61
174.68
174.69
NA
NA
NA
NA
NA
173.73
NA
174.92
174.31
NA
NA
175.09
NA
NA
177.77
175.81
NA
172.29
174.41
176.42
NA
176.47
NA
174.96
175.64
175.61
172.83
NA
NA
NA
173.86
172.51
173.26
173.72
NA
173.58
175.12
NA
NA
NA
175.3
175.9
174.1
173.99
NA
175.34
175.74
173.92
NA
177.45
174.76
NA
NA
177.16
175.26
173.86
175.31
175.29
176.18
NA
174.82
176.2
175.08
NA
174.72
177.59
177.58
175.48
173.24
NA
175.8
176.07
173.77
175.65
174.39
171.99
NA
NA
175.38
NA
173.1
NA
173.76
NA
NA
NA
NA
NA
NA
NA
174.26
NA
NA
176.59
171.6
175.77
172.32
173.41
175.9
173.34
174.67
NA
NA
NA
NA
173.62
175.76
173.06
175.0
173.2
174.34
176.64
176.0
174.66
174.75
173.36
176.04
174.45
174.2
NA
NA
174.5
NA
169.71
NA
175.01
NA
NA
NA
NA
NA
NA
173.91
174.41
NA
NA
175.55
175.18
NA
NA
173.53
NA
NA
NA
173.61
175.61
NA
176.01
174.91
174.38
NA
174.17
173.87
173.85
NA
NA
172.92
171.0
175.19
176.69
174.89
174.16
175.64
177.61
177.34
NA
NA
NA
NA
NA
NA
NA
NA
NA
NA
NA
NA
NA
NA
NA
NA
NA
175.77
176.07
NA
174.37
NA
NA
NA
NA
NA
NA
NA
NA
NA
NA
174.52
178.32
174.31
173.89
176.73
175.68
176.57
175.67
NA
NA
NA
NA
174.17
NA
176.01
175.64
178.35
178.06
176.21
177.32
NA
174.78
175.08
173.88
174.38
NA
174.68
NA
175.31
176.35
174.62
174.27
173.21
173.41
172.5
173.94
176.34
NA
NA
NA
176.52
174.29
175.1
173.22
177.82
175.4
NA
NA
NA
NA
NA
NA
NA
NA
NA
NA
NA
NA
177.02
175.68
174.85
173.29
NA
NA
NA
NA
NA
NA
175.12
NA
NA
NA
NA
NA
NA
NA
173.94
NA
174.72
171.65
NA
NA
173.37
172.65
177.12
NA
173.93
175.85
180.64
173.97
173.78
NA
NA
NA
NA
NA
NA
NA
176.7
173.73
175.16
174.46
174.17
176.59
178.09
177.29
175.18
174.1
173.5
174.33
175.42
175.02
174.62
174.96
174.56
NA
NA
NA
NA
NA
NA
NA
174.92
174.58
NA
NA
NA
NA
176.4
176.01
174.97
171.93
176.14
175.1
NA
NA
NA
NA
NA
NA
NA
NA
NA
NA
NA
NA
NA
NA
NA
NA
NA
NA
NA
NA
NA
NA
NA
NA
NA
NA
NA
NA
NA
NA
NA
NA
NA
175.82
173.91
175.95
173.76
176.63
175.94
NA
175.82
NA
175.8
NA
175.85