174.21
178.16
175.88
NA
NA
NA
173.17
177.34
176.63
173.07
177.49
179.58
177.93
177.36
178.11
177.81
179.18
178.64
176.65
176.81
178.49
178.4
177.26
174.92
178.39
179.09
176.63
NA
NA
175.72
175.65
175.71
174.03
178.01
174.7
176.96
178.62
176.87
179.34
178.08
176.48
NA
177.56
NA
177.76
176.09
177.78
175.71
177.95
178.99
176.25
178.8
177.65
177.02
176.93
174.72
176.86
172.87
174.13
177.77
178.05
177.5
176.31
177.78
176.69
176.22
176.31
179.05
177.44
178.04
176.9
175.61
NA
179.6
177.31
173.7
176.76
177.91
176.88
178.07
NA
177.09
177.91
178.51
177.76
177.09
177.47
176.87
176.25
177.06
NA
177.23
177.71
177.13
177.83
177.07
175.04
175.09
176.1
177.4
NA
176.02
178.14
177.55
177.49
176.94
NA
176.61
177.22
177.15
177.38
177.35
175.26
178.4
176.73
176.88
177.55
177.25
NA
176.94
175.97
177.03
177.37
178.66
177.52
177.56
174.42
174.58
NA
NA
177.51
177.32
177.47
178.16
177.22
176.71
178.95
178.12
177.4
175.96
176.65
176.67
176.28
174.19
173.71
NA
178.05
176.89
175.3
178.25
178.44
177.11
176.34
176.49
177.83
175.34
176.22
176.15
176.13
176.17
176.04
NA
NA
175.55
178.89
NA
NA
NA
178.21
179.15
176.77
178.2
NA
176.73
176.66
NA
NA
176.56
175.16
175.96
176.59
NA
NA
176.59
175.09
175.89
176.69
NA
NA
176.69
175.29
178.19
175.34
179.04
178.86
176.3
178.09
176.82
177.16
NA
179.66
175.35
176.74
175.82
179.12
173.84
176.02
NA
NA
NA
NA
NA
NA
NA
NA
NA
178.39
177.6
174.6
176.66
178.26
NA
NA
NA
NA
NA
NA
175.7
176.55
177.29
NA
NA
NA
173.46
176.26
175.86
177.36
175.56
178.16
176.75
178.29
174.22
176.47
175.28
NA
NA
179.2
176.49
176.74
174.16
NA
NA
NA
173.56
177.47
175.32
175.66
177.08
176.55
175.02
175.27
NA
NA
NA
NA
NA
NA
NA
177.28
176.28
177.95
175.78
178.43
177.37
178.89
175.91
176.73
177.13
177.63
179.43
177.13
176.73
177.13
177.63
179.43
177.13
177.12
177.12
177.62
179.42
177.22
177.32
177.12
177.62
179.42
177.32
177.32
177.12
177.52
179.52
177.62
NA
173.62
174.99
178.93
176.28
176.61
177.28
176.83
175.28
177.79
NA
NA
NA
177.68
178.08
177.88
NA
177.12
176.32
179.19
178.24
172.58
177.43
176.66
176.26
177.66
178.76
177.42
177.05
176.25
177.81
NA
NA
NA
NA
NA
NA
NA
NA
NA
NA
NA
175.89
176.53
176.62
179.49
176.06
176.4
176.47
179.44
177.99
NA
NA
NA
NA
176.75
176.31
177.34
175.67
178.27
NA
176.17
174.59
NA
NA
NA
NA
176.24
177.76
177.52
176.82
175.62
NA
NA
NA
NA
NA
NA
NA
NA
NA
176.95
178.49
NA
180.13
178.65
175.57
177.48
178.07
178.05
176.93
176.98
177.06
NA
NA
NA
NA
NA
NA
NA
NA
NA
NA
179.12
177.52
173.02
NA
NA
NA
NA
NA
NA
NA
174.2
NA
NA
NA
NA
NA
179.25
174.85
176.43
177.13
174.57
178.41
NA
NA
NA
NA
176.92
NA
NA
NA
NA
NA
NA
NA
NA
NA
NA
NA
177.26
175.0
173.96
NA
175.31
175.53
176.99
NA
172.0
173.33
175.81
172.44
172.87
173.32
175.85
NA
NA
NA
NA
NA
NA
NA
NA
NA
NA
NA
175.4
178.41
177.61
173.19
176.63
NA
NA
NA
178.89
176.04
177.04
177.84
176.64
NA
NA
NA
179.57
176.94
NA
174.64
177.44
178.18
NA
NA
174.94
177.24
177.28
178.58
179.48
178.08
177.53
174.5
174.2
174.2
NA
NA
176.96
NA
NA
174.95
177.56
NA
NA
NA
NA
NA
NA
177.5
177.6
177.6
178.35
176.05
175.95
NA
NA
NA
NA
NA
NA
NA
NA
178.24
175.84
176.54
177.04
NA
NA
NA
NA
NA
NA
NA
NA
177.4
176.0
NA
NA
NA
176.64
176.64
180.03
174.43
177.24
179.24
178.64
176.14
175.27
177.65
176.91
NA
NA
173.68
178.45
179.2
NA
177.51
NA
179.65
174.54
177.14
177.96
174.86
178.24
177.0
176.7
177.65
NA
NA
NA
NA
NA
NA
NA
NA
NA
NA
NA
NA
NA
NA
178.84
NA
NA
177.9
177.75
177.87
NA
177.67
177.56
178.45
174.25
173.68
174.1
175.76
175.88
175.25
177.97
177.83
177.25
176.25
177.85
175.57
174.62
178.17
178.09
174.19
NA
NA
NA
179.19
178.28
175.62
178.27
176.97
178.67
176.67
NA
177.82
179.32
176.42
175.55
179.1
173.2
176.73
NA
176.34
177.0
177.99
NA
NA
NA
NA
NA
NA
NA
NA
NA
177.7
176.19
176.19
177.74
NA
NA
NA
NA
176.0
176.39
177.95
177.13
174.03
177.13
176.23
176.93
177.73
175.12
178.32
177.31
NA
177.28
NA
NA
NA
NA
NA
177.15
176.37
NA
NA
NA
NA
NA
NA
NA
NA
NA
NA
NA
175.82
178.45
178.55
177.65
NA
NA
NA
NA
NA
NA
176.61
176.16
NA
175.76
NA
NA
NA
NA
NA
NA
NA
NA
NA
NA
NA
178.33
178.02
173.15
178.55
177.55
175.84
174.69
178.12
NA
NA
177.47
178.67
NA
NA
NA
NA
NA
NA
NA
NA
NA
175.59
177.9
177.2
178.57
NA
NA
174.58
NA
NA
NA
NA
NA
177.17
NA
176.89
178.09
177.23
NA
NA
NA
NA
NA
NA
NA
177.57
177.15
NA
NA
NA
NA
NA
178.23
176.12
NA
NA
NA
178.84
178.2
174.18
175.77
174.19
173.9
176.49
NA
NA
NA
NA
NA
NA
NA
NA
NA
NA
NA
NA
NA
NA
175.18
NA
NA
NA
NA
NA
176.01
178.41
174.21
176.81
NA
NA
NA
179.04
174.88
NA
178.66
178.08
176.08
176.28
175.68
179.28
173.78
NA
NA
NA
178.56
177.84
177.08
175.35
NA
NA
178.18
177.58
178.02
177.18
NA
NA
NA
NA
NA
176.8
177.03
177.74
177.72
NA
178.16
177.26
178.56
176.96
NA
178.81
177.13
NA
177.15
177.34
178.52
177.64
174.36
175.76
176.54
179.44
177.74
178.14
175.14
175.32
178.47
177.16
174.1
178.18
179.17
173.27
176.67
176.47
176.97
177.97
179.17
173.17
176.77
NA
176.67
177.37
177.97
NA
NA
176.23
177.63
NA
179.04
174.84
177.35
174.48
178.05
175.35
178.27
176.01
NA
NA
NA
NA
176.45
NA
NA
NA
NA
178.99
175.44
NA
NA
NA
NA
NA
176.47
NA
NA
177.73
176.81
177.08
NA
NA
NA
NA
178.83
178.79
NA
177.85
176.92
177.08
177.44
179.43
176.9
177.63
179.35
175.79
176.23
177.74
178.1
177.49
177.19
176.16
175.16
177.79
175.73
179.01
178.1
175.48
175.36
175.46
177.46
178.99
177.06
178.7
177.75
177.44
178.23
NA
NA
NA
NA
NA
NA
176.81
176.9
177.86
175.06
NA
174.08
178.43
177.07
178.37
176.77
176.87
NA
175.33
177.93
178.33
177.22
176.59
177.18
175.38
177.74
NA
NA
178.55
176.97
177.57
176.97
176.69
177.03
NA
175.8
178.42
176.4
178.06
NA
176.9
NA
175.35
176.3
NA
NA
NA
NA
NA
178.07
178.37
176.97
176.51
174.3
177.82
177.99
178.56
177.3
178.29
NA
176.22
178.75
176.65
177.58
175.45
178.45
177.15
175.35
176.85
177.78
NA
NA
178.08
175.48
177.88
177.68
176.73
176.63
173.83
178.83
178.33
173.78
177.29
176.29
176.19
178.36
177.2
178.21
176.33
176.94
177.15
178.04
177.17
170.33
178.25
177.69
178.15
177.61
174.51
NA
174.93
178.03
178.91
176.81
175.51
176.9
177.26
173.69
178.06
173.46
178.95
176.85
175.88
177.78
177.38
178.09
178.3
178.74
177.11
176.77
176.85
178.56
176.74
NA
177.04
173.74
177.59
NA
177.16
175.67
177.59
176.98
177.08
173.96
175.87
176.34
179.5
174.22
NA
176.3
NA
178.17
175.45
178.45
177.15
175.35
NA
178.81
178.41
177.02
176.56
178.36
177.12
176.02
177.52
177.62
176.72
176.12
176.52
173.39
175.1
176.68
179.17
NA
177.96
178.27
177.31
177.54
176.41
175.98
175.31
178.39
177.19
176.61
NA
176.5
176.99
175.95
173.95
NA
NA
NA
NA
175.55
176.85
175.31
175.4
175.35
175.47
NA
NA
NA
NA
177.48
178.01
NA
NA
177.5
177.42
177.9
NA
NA
NA
NA
NA
176.6
NA
NA
NA
NA
NA
NA
NA
175.55
NA
NA
176.51
174.81
178.31
178.31
NA
NA
176.1
176.91
172.69
175.23
177.93
178.09
NA
NA
176.66
179.3
NA
NA
178.4
NA
NA
172.24
172.76
176.49
175.05
178.7
178.41
178.2
175.23
174.39
177.41
176.88
178.94
175.24
NA
NA
175.79
177.88
177.5
177.04
177.92
176.78
176.09
177.92
177.62
177.25
178.09
177.77
176.98
178.2
175.49
177.09
177.55
174.5
NA
NA
NA
NA
NA
177.39
177.49
176.31
174.51
176.81
177.31
177.58
177.69
179.7
178.45
178.01
178.57
175.02
178.5
178.27
177.43
175.54
177.85
178.14
175.26
177.68
177.48
180.48
182.48
178.48
181.48
177.48
NA
NA
NA
NA
NA
176.92
175.64
177.35
176.5
177.3
178.3
176.83
NA
NA
178.14
178.83
176.53
174.85
176.66
177.01
178.31
175.11
174.09
173.99
176.7
176.66
177.1
177.91
NA
177.29
177.66
177.86
177.99
NA
175.62
NA
177.92
173.49
NA
175.88
177.06
176.51
178.66
176.7
178.15
177.46
178.07
178.11
178.13
175.69
176.49
175.44
NA
174.77
177.87
177.88
178.56
NA
NA
178.16
NA
NA
NA
NA
175.45
174.47
173.17
176.74
179.59
178.02
177.88
177.67
177.44
NA
NA
173.71
177.11
178.13
178.13
176.02
178.03
NA
177.56
177.15
177.63
177.07
NA
NA
NA
177.29
179.79
177.39
NA
NA
177.87
NA
NA
NA
NA
NA
NA
NA
178.29
177.61
177.39
NA
NA
178.11
178.21
177.81
177.41
NA
175.93
178.43
178.13
175.47
NA
NA
176.66
174.46
177.55
174.43
179.54
176.94
177.64
174.34
179.64
177.11
178.77
177.87
NA
177.83
178.21
176.76
174.96
175.17
178.93
176.31
179.41
174.59
177.0
174.63
177.46
175.69
178.27
176.79
177.7
176.58
176.8
178.15
178.76
176.54
176.64
176.75
177.43
177.28
NA
NA
177.84
NA
NA
NA
174.58
NA
NA
NA
NA
NA
NA
NA
176.88
NA
178.42
177.64
176.31
177.59
175.25
178.35
177.78
176.8
176.84
NA
NA
NA
NA
NA
177.05
176.57
NA
176.57
176.35
175.62
179.99
176.08
NA
NA
178.51
176.11
NA
NA
177.87
NA
NA
NA
178.39
NA
NA
NA
NA
NA
178.04
178.72
178.11
177.41
175.61
NA
179.42
176.66
178.1
177.67
174.7
178.82
175.9
178.15
174.28
178.64
177.73
174.02
175.62
173.55
178.55
178.03
NA
NA
177.41
179.15
177.44
177.76
NA
178.53
NA
NA
NA
NA
NA
NA
178.52
177.72
NA
NA
177.61
177.32
176.12
NA
NA
NA
NA
NA
NA
NA
175.92
175.89
177.68
177.04
177.9
178.86
177.64
177.22
178.46
176.18
176.36
176.81
178.21
NA
NA
NA
NA
176.1
177.11
176.03
175.83
177.2
177.83
NA
174.19
NA
178.81
177.31
177.51
177.11
177.25
176.78
176.99
178.52
177.54
176.44
NA
NA
NA
NA
178.36
177.81
174.78
176.14
176.42
177.04
177.17
177.2
NA
177.68
175.78
177.81
177.84
177.99
177.56
177.23
177.12
175.95
177.96
177.75
177.45
177.13
175.82
NA
NA
NA
175.72
177.86
178.28
177.57
174.92
177.74
178.61
NA
NA
NA
175.96
175.72
174.22
178.02
177.72
176.61
178.11
178.11
177.71
NA
NA
NA
NA
NA
NA
174.92
175.02
178.02
NA
178.91
176.84
174.43
NA
NA
NA
177.34
179.49
173.88
177.12
177.04
173.06
176.94
NA
178.08
171.75
177.2
177.83
NA
NA
NA
NA
175.77
176.73
176.09
NA
173.94
178.54
174.4
177.24
177.33
NA
NA
NA
NA
NA
NA
178.91
177.02
177.02
177.77
NA
176.94
173.26
173.59
177.68
177.56
NA
177.87
176.43
NA
177.39
177.44
175.19
178.56
176.95
175.68
176.73
177.71
177.23
178.97
173.95
174.98
177.68
177.97
NA
NA
180.4
176.2
177.81
177.83
177.73
176.96
177.98
177.4
177.39
177.23
177.09
177.36
176.06
NA
175.45
177.35
177.63
176.93
177.51
176.51
177.8
177.91
NA
176.73
NA
175.58
175.43
176.94
175.15
NA
NA
NA
NA
178.66
176.33
178.03
177.88
177.76
179.16
176.99
175.6
177.93
176.81
177.0
177.93
NA
NA
179.16
176.61
179.11
176.83
176.22
177.67
177.71
NA
NA
176.82
178.64
176.32
NA
NA
NA
177.12
NA
NA
NA
NA
NA
178.22
178.62
NA
NA
NA
173.48
176.34
NA
175.58
176.88
175.88
NA
NA
177.75
177.55
176.81
NA
NA
177.47
176.5
NA
177.79
178.8
176.55
NA
NA
NA
NA
NA
NA
NA
178.54
176.77
178.07
176.91
174.61
NA
175.38
175.72
177.96
176.57
NA
NA
NA
NA
175.79
178.09
176.89
176.19
178.43
174.39
175.43
177.53
174.78
NA
NA
174.51
176.56
174.43
177.3
177.64
177.52
177.63
177.56
NA
NA
NA
NA
NA
NA
178.5
178.56
177.64
NA
178.41
178.18
174.48
175.6
NA
NA
177.42
176.9
176.3
NA
176.35