176.29
176.88
NA
175.71
176.22
177.23
174.0
176.21
174.73
NA
NA
176.98
176.3
176.18
177.81
NA
176.91
178.47
NA
175.46
176.75
176.76
177.05
176.51
176.12
176.05
NA
NA
NA
NA
NA
NA
178.07
176.95
177.49
177.08
177.27
176.48
175.57
175.06
176.09
176.35
176.17
176.11
177.36
NA
178.01
NA
178.86
NA
178.97
179.11
NA
175.4
NA
NA
176.93
177.91
176.9
177.23
176.47
177.77
175.25
176.63
NA
176.44
NA
177.11
NA
NA
176.35
175.67
176.32
NA
NA
NA
177.27
179.59
NA
176.29
177.39
176.24
177.03
176.99
175.64
176.87
NA
176.56
175.88
175.22
175.76
177.12
177.12
NA
176.44
175.64
176.72
NA
176.47
177.36
NA
177.47
NA
175.81
NA
176.33
177.1
NA
176.8
176.94
177.2
177.92
NA
177.2
177.77
NA
176.78
NA
176.73
177.23
176.62
178.16
NA
178.32
NA
176.45
NA
176.79
NA
176.51
NA
NA
178.08
176.5
NA
179.99
177.79
177.83
NA
NA
NA
NA
177.25
176.89
175.24
178.15
179.56
174.62
NA
NA
177.5
NA
174.5
175.83
177.39
176.3
176.91
178.19
177.42
175.47
NA
179.26
176.58
NA
NA
NA
NA
NA
NA
175.96
NA
174.08
NA
NA
176.65
NA
NA
NA
NA
177.19
177.19
NA
176.92
173.43
176.87
177.09
NA
177.42
176.2
NA
177.27
176.09
176.5
NA
178.84
176.75
NA
177.17
176.07
NA
176.07
176.47
NA
177.05
177.07
177.22
176.9
177.0
176.17
NA
177.06
176.21
176.13
NA
177.33
NA
NA
175.28
177.34
177.46
176.67
NA
176.98
178.52
176.61
NA
NA
NA
176.62
NA
176.32
176.25
175.62
174.11
175.83
177.65
177.08
176.19
NA
177.43
178.16
176.56
NA
177.23
NA
NA
178.85
NA
176.69
177.2
176.48
178.41
NA
175.73
176.06
NA
176.27
176.98
176.8
176.92
176.74
NA
175.8
176.51
176.88
177.07
176.38
176.63
NA
NA
NA
NA
NA
176.83
175.68
178.71
NA
177.62
NA
177.0
173.47
176.78
176.29
NA
NA
NA
NA
NA
NA
NA
176.99
177.47
178.02
177.69
NA
176.77
176.77
177.5
NA
178.22
NA
NA
NA
NA
177.92
177.15
177.51
177.34
177.55
174.36
177.36
176.91
177.62
NA
177.46
177.54
NA
175.98
NA
178.1
175.62
178.35
174.09
175.96
176.49
NA
NA
NA
NA
NA
NA
NA
NA
NA
NA
NA
NA
NA
174.86
174.09
176.27
177.17
176.9
178.11
176.56
176.88
176.97
NA
175.05
NA
NA
177.66
177.35
176.72
177.52
176.89
176.21
177.12
177.17
NA
NA
NA
178.06
NA
178.66
174.92
176.66
177.46
NA
NA
NA
NA
NA
NA
NA
NA
176.21
NA
NA
176.79
177.13
NA
177.65
177.09
177.02
NA
NA
176.94
175.75
177.99
NA
177.68
NA
175.61
177.88
177.23
NA
177.37
178.24
NA
NA
177.32
NA
NA
NA
NA
NA
NA
NA
NA
NA
NA
NA
178.18
178.16
NA
176.64
176.51
NA
175.27
178.18
177.25
NA
NA
NA
NA
NA
177.41
175.39
177.04
177.04
176.6
177.52
177.2
NA
175.17
175.85
NA
175.86
175.55
177.81
NA
175.96
177.82
177.37
176.21
178.57
175.43
177.21
174.05
178.67
177.34
177.14
176.3
178.0
177.94
178.05
175.9
NA
177.68
176.31
176.36
NA
176.58
176.85
NA
176.84
NA
176.69
176.02
176.13
177.69
NA
NA
NA
NA
NA
NA
NA
176.9
NA
NA
NA
177.89
NA
176.92
178.59
NA
NA
176.74
175.52
175.31
NA
177.45
177.14
177.71
NA
176.89
NA
NA
NA
176.18
176.45
NA
176.15
NA
176.32
176.24
177.22
177.09
NA
NA
176.89
175.59
176.47
NA
NA
NA
175.13
NA
176.13
177.9
NA
NA
175.95
176.7
NA
178.02
NA
NA
NA
NA
176.52
176.69
NA
176.01
NA
176.12
176.93
NA
178.1
NA
NA
177.35
177.33
177.23
NA
177.48
175.54
174.97
NA
NA
178.22
NA
NA
177.47
NA
176.91
176.6
NA
176.34
176.61
176.17
NA
175.65
176.0
175.82
175.33
NA
174.65
175.69
176.81
176.04
NA
174.19
176.49
177.27
177.06
NA
NA
176.59
NA
176.77
NA
NA
174.71
173.47
176.9
177.03
178.15
176.4
NA
176.02
NA
175.52
177.33
177.23
176.26
176.95
177.45
NA
176.6
177.17
176.92
176.73
NA
177.58
NA
NA
174.81
NA
176.46
NA
NA
NA
NA
178.29
NA
177.13
NA
177.21
178.24
NA
177.45
NA
NA
176.54
176.59
178.29
NA
176.71
177.75
NA
176.72
178.84
176.63
NA
NA
177.03
174.19
176.96
NA
177.26
177.09
NA
176.88
176.78
177.12
178.41
NA
176.63
NA
177.93
176.61
NA
NA
175.89
176.55
177.16
NA
176.65
NA
176.91
178.0
NA
177.47
NA
177.3
NA
NA
177.13
176.84
176.8
NA
NA
175.64
NA
176.28
173.01
NA
176.07
NA
NA
176.41
NA
177.2
NA
176.44
176.15
NA
176.43
178.13
NA
178.33
176.47
178.74
NA
NA
176.24
NA
175.31
177.18
NA
176.53
177.01
NA
177.02
NA
NA
NA
NA
NA
176.48
177.22
177.68
NA
NA
178.8
176.06
175.56
177.08
NA
NA
175.82
NA
178.27
NA
175.72
175.02
NA
176.59
177.28
176.34
176.52
175.59
NA
175.74
177.28
177.23
176.34
176.7
176.09
178.39
177.58
176.57
NA
NA
176.67
179.19
175.66
174.16
176.01
176.07
179.93
NA
176.85
176.54
175.1
175.53
176.5
176.47
177.31
177.03
NA
NA
180.06
177.22
175.22
176.57
177.19
176.38
178.12
NA
NA
177.4
176.57
174.95
179.41
178.28
174.4
176.38
177.3
177.76
173.26
175.93
177.24
177.13
178.07
175.89
174.09
176.64
177.29
177.72
176.67
177.11
177.75
179.8
175.9
177.76
176.49
176.2
176.78
NA
177.2
178.81
NA
174.73
177.21
NA
175.7
176.79
NA
176.64
176.15
179.5
175.28
176.64
NA
176.64
175.64
175.27
175.68
177.19
NA
NA
NA
177.64
175.43
177.15
176.91
177.09
176.82
175.97
175.41
177.34
175.54
178.28
NA
176.9
177.88
176.58
NA
178.71
177.33
NA
NA
176.14
177.37
177.11
176.96
NA
177.37
173.95
176.2
NA
174.82
177.1
175.95
NA
176.29
NA
NA
NA
175.09
NA
175.45
NA
177.39
NA
NA
176.71
177.23
175.98
176.85
175.58
175.52
176.98
175.94
175.09
175.86
NA
175.6
NA
177.14
176.44
NA
178.06
NA
175.72
NA
175.75
176.28
NA
175.62
177.21
176.1
179.23
177.55
NA
175.9
177.36
175.59
NA
174.23
NA
176.94
174.98
175.38
177.49
NA
NA
177.5
NA
173.91
177.12
177.14
NA
NA
176.95
175.65
174.48
176.14
175.05
NA
176.4
179.41
180.11
178.02
177.25
177.31
176.3
175.83
NA
179.04
177.08
NA
NA
NA
NA
176.38
176.92
177.13
176.44
176.01
176.15
177.29
176.09
177.2
NA
175.9
176.72
176.06
177.17
NA
175.87
176.67
176.15
177.22
NA
175.91
176.72
175.98
177.11
NA
175.81
176.62
NA
179.77
177.69
NA
176.31
176.17
176.45
177.04
178.27
176.45
NA
NA
174.82
177.67
176.94
177.6
175.91
NA
NA
NA
NA
NA
176.43
176.29
176.03
176.51
177.65
177.2
176.17
NA
175.61
NA
NA
NA
176.86
176.61
175.28
175.71
NA
179.03
175.46
NA
178.93
179.68
178.06
178.09
NA
176.76
177.13
175.95
176.21
178.0
177.6
176.5
176.59
174.52
173.01
176.93
176.96
NA
NA
NA
NA
NA
NA
NA
NA
NA
NA
NA
NA
NA
NA
NA
NA
174.94
178.42
175.31
176.57
175.07
NA
176.75
175.58
176.48
NA
NA
NA
NA
NA
NA
NA
NA
NA
NA
175.27
NA
177.05
NA
177.76
176.1
174.57
173.87
177.26
NA
176.33
NA
NA
NA
NA
NA
NA
NA
NA
NA
NA
NA
175.5
177.6
176.5
NA
NA
NA
NA
NA
NA
NA
176.98
176.29
NA
NA
NA
NA
NA
NA
176.99
176.94
176.67
175.41
NA
177.41
NA
175.49
179.03
176.63
178.45
NA
177.35
176.55
175.65
174.85
NA
176.04
177.16
NA
NA
NA
NA
NA
NA
NA
NA
176.28
NA
NA
NA
178.9
176.89
176.24
177.17
176.66
177.59
177.76
178.14
179.01
176.95
176.99
NA
176.23
175.41
NA
NA
NA
NA
NA
176.83
176.67
NA
NA
NA
NA
176.82
177.69
175.14
176.5
177.37
NA
179.57
175.91
NA
176.26
NA
NA
175.96
177.15
175.76
175.11
175.65
176.23
175.68
175.78
176.28
175.38
NA
NA
NA
NA
177.41
178.81
176.55
174.9
176.18
176.47
175.02
177.81
176.65
NA
NA
NA
175.83
NA
NA
176.36
179.52
NA
177.91
176.21
175.47
177.62
173.91
175.93
176.4
178.26
NA
173.73
171.73
177.93
NA
175.93
175.83
173.73
171.73
177.93
NA
175.93
175.83
174.32
171.82
177.82
NA
175.92
175.82
174.42
171.92
177.82
NA
175.92
175.82
173.72
172.32
177.62
NA
175.92
175.72
176.8
NA
175.48
176.99
175.17
NA
177.36
179.19
175.72
NA
175.27
177.07
176.22
177.11
173.66
178.21
177.56
176.91
178.52
175.57
175.34
176.9
179.15
NA
NA
NA
NA
NA
NA
NA
176.68
176.9
NA
NA
178.0
176.76
NA
NA
NA
NA
176.53
178.32
174.72
178.15
176.3
176.18
NA
NA
NA
176.74
178.37
NA
175.68
175.98
NA
NA
177.26
179.31
176.98
177.31
173.45
178.12
177.23
176.5
178.55
176.92
179.1
176.57
NA
178.42
178.26
176.84
177.48
177.55
NA
NA
NA
NA
NA
NA
NA
NA
176.22
175.17
176.8
176.67
176.23
176.9
177.7
179.68
NA
NA
NA
NA
177.64
177.86
177.26
NA
176.54
179.17
175.21
176.23
176.9
177.7
179.68
NA
NA
NA
NA
NA
NA
NA
NA
NA
NA
NA
NA
NA
NA
176.04
175.84
NA
NA
175.41
174.81
177.51
NA
NA
NA
177.45
176.56
176.02
177.72
176.83
176.29
NA
175.62
177.06
175.91
175.68
178.01
174.77
176.96
178.92
175.89
175.88
175.1
178.37
175.07
176.92
178.96
175.17
NA
177.96
174.21
NA
NA
NA
NA
NA
NA
NA
NA
NA
NA
NA
NA
NA
NA
NA
NA
NA
NA
NA
NA
NA
NA
176.46
176.61
NA
175.01
NA
177.85
175.27
NA
177.18
179.44
175.68
176.06
176.71
175.67
175.67
174.05
177.24
NA
NA
NA
NA
178.35
177.44
177.62
NA
NA
NA
NA
NA
NA
NA
NA
NA
176.14
176.58
NA
176.16
177.08
NA
NA
NA
NA
NA
NA
NA
NA
NA
178.62
NA
NA
NA
NA
NA
NA
NA
NA
NA
NA
NA
NA
NA
NA
NA
NA
NA
177.18
175.78
177.97
NA
177.37
176.32
NA
NA
NA
NA
NA
NA
NA
NA
NA
NA
175.12
NA
176.42
175.32
NA
NA
NA
NA
176.5
174.39
NA
NA
NA
179.22
176.88
174.97
NA
NA
NA
NA
NA
176.94
177.38
175.34
173.45
177.39
177.31
175.69
NA
NA
176.59
176.74
177.74
175.48
NA
NA
NA
NA
NA
NA
NA
NA
NA
NA
NA
NA
NA
NA
NA
NA
NA
NA
NA
NA
NA
NA
NA
NA
NA
NA
176.86
175.05
174.58
173.75
174.63
172.44
NA
177.73
NA
177.28
172.84
176.08
177.36
177.63
NA
NA
NA
NA
NA
NA
NA
174.28
175.88
176.08
177.68
NA
NA
176.18
176.99
176.8
177.39
177.43
177.47
176.62
NA
176.26
176.8
176.22
176.74
175.48
179.46
175.31
175.14
173.74
176.41
175.31
176.7
175.39
NA
176.34
177.24
174.94
NA
176.64
174.94
176.24
177.16
178.9
179.78
175.71
174.68
178.89
NA
178.89
176.3
174.46
NA
NA
NA
NA
NA
NA
NA
NA
NA
NA
NA
NA
NA
175.0
NA
178.91
179.94
178.91
NA
NA
176.04
177.64
177.04
176.14
NA
NA
NA
NA
NA
NA
174.39
NA
175.45
174.5
NA
175.49
NA
174.9
NA
175.72
176.64
178.44
177.34
175.44
174.74
NA
NA
176.24
175.08
173.88
NA
NA
NA
NA
NA
NA
177.74
176.04
NA
175.54
176.74
176.17
176.97
177.67
179.67
176.13
177.13
177.83
179.73
NA
NA
NA
NA
NA
NA
NA
NA
NA
NA
176.33
175.63
NA
NA
NA
177.1
175.4
NA
175.6
NA
174.76
177.16
177.66
176.46
179.46
178.16
178.36
175.46
176.04
177.85
175.65
180.05
NA
178.3
175.0
177.0
176.8
NA
NA
NA
NA
NA
NA
NA
NA
NA
NA
NA
NA
NA
NA
NA
NA
NA
NA
NA
NA
NA
NA
NA
NA
NA
NA
NA
175.39
175.79
179.09
177.79
176.8
NA
177.45
178.75
178.35
NA
NA
NA
NA
NA
NA
177.24
NA
NA
NA
NA
NA
NA
NA
NA
176.75
NA
NA
NA
NA
NA
NA
NA
NA
NA
NA
NA
NA
175.64
178.32
NA
175.64
178.32
NA
NA
NA
NA
NA
NA
NA
NA
NA
NA
NA
NA
NA
176.15
176.85
179.55
176.25
NA
NA
NA
NA
NA
NA
NA
175.73
176.83
177.64
NA
NA
177.34
NA
174.65
177.65
176.55
NA
NA
NA
NA
NA
NA
NA
NA
NA
NA
NA
NA
NA
NA
NA
NA
NA
175.85
176.02
176.23
174.52
NA
178.69
NA
177.44
NA
NA
176.69
176.58
175.78
173.78
172.38
177.28
NA
176.68
176.98
176.15
NA
176.04
177.02
176.32
NA
NA
NA
NA
NA
NA
NA
NA
NA
NA
NA
NA
177.32
176.92
177.82
175.14
NA
NA
NA
NA
NA
NA
NA
NA
NA
NA
177.89
177.57
178.83
NA
177.82
176.89
177.7
176.94
178.89
178.09
176.69
NA
NA
NA
NA
NA
173.24
NA
177.12
NA
NA
NA
NA
NA
177.32
176.56
176.5
176.73
NA
NA
NA
NA
NA
174.35
175.75
179.15
179.15
NA
177.75
178.52
175.77
NA
NA
NA
NA
NA
NA
NA
NA
NA
NA
NA
172.05
178.15
178.55
172.95
NA
NA
174.61
176.61
NA
NA
NA
NA
NA
NA
NA
NA
NA
NA
NA
NA
NA
NA
NA
NA
NA
NA
176.05
175.95
NA
NA
NA
177.44
NA
NA
NA
NA
NA
NA
NA
NA
175.87
177.66
173.91
NA
173.19
172.74
173.45
173.96
174.52
176.15
177.15
173.65
176.65
NA
175.93
178.58
178.71
178.4
176.95
178.1
177.11
177.54
176.79
175.41
177.61
176.71
175.61
NA
176.88
177.63
NA
NA
NA
NA
177.52
174.25
NA
NA
NA
177.45
176.65
176.55
177.15
177.75
NA
NA
176.45
NA
NA
NA
NA
NA
NA
176.79
175.05
177.54
179.57
177.54
NA
176.05
175.97
178.78
173.58
177.07
175.97
175.68
NA
NA
NA
NA
176.41
NA
NA
NA
NA
NA
NA
NA
NA
NA
NA
NA
NA
NA
NA
NA
NA
NA
NA
178.26
178.22
177.99
NA
NA
NA
NA
177.32
NA
176.11
176.05
175.82
177.34
176.93
175.63
178.16
177.13
176.29
177.28
177.7
176.02
178.94
178.1
178.09
176.74
179.03
177.13
176.27
177.53
NA
176.91
176.81
177.51
NA
NA
177.28
174.18
NA
NA
NA
NA
NA
NA
177.5
NA
NA
NA
176.48
NA
NA
NA
NA
NA
NA
NA
NA
NA
NA
NA
NA
NA
NA
NA
NA
175.94
175.74
175.04
176.44
NA
NA
176.48
179.87
176.64
NA
173.85
176.35
176.35
173.95
NA
175.95
NA
NA
NA
NA
NA
NA
NA
175.91
178.51
177.52
176.37
171.45
NA
NA
177.25
176.55
176.66
177.14
NA
NA
175.91
176.52
176.71
176.68
176.31
175.26
176.61
177.01
176.79
NA
176.39
175.69
176.63
176.53
175.0
NA
NA
NA
NA
NA
NA
NA
NA
177.75
175.56
177.19
NA
NA
NA
NA
NA
NA
NA
NA
NA
175.38
NA
NA
NA
NA
NA
NA
NA
NA
NA
NA
NA
NA
NA
NA
NA
NA
NA
NA
NA
NA
NA
NA
NA
173.84
177.0
179.7
177.3
177.81
173.91
178.46
178.8
176.6
NA
NA
NA
NA
NA
178.58
NA
177.71
175.25
NA
174.64
NA
176.63
176.32
175.13
175.18
NA
NA
NA
NA
NA
177.76
NA
NA
NA
NA
NA
NA
NA
NA
NA
175.38
NA
NA
NA
NA
NA
177.07
NA
NA
NA
NA
NA
NA
NA
NA
NA
NA
175.64
175.12
NA
NA
NA
NA
180.16
177.07
NA
176.95
NA
179.34
177.81
178.32
177.55
176.35
177.5
176.87
NA
NA
NA
NA
NA
175.86
NA
NA
NA
NA
176.5
177.93
177.92
174.39
NA
177.4
177.27
176.32
NA
175.93
NA
NA
177.34
177.35
NA
NA
177.42
177.62
176.88
178.57
NA
NA
171.99
172.84
176.41
NA
NA
NA
NA
NA
NA
NA
NA
NA
NA
NA
NA
NA
NA
NA
NA
NA
NA
NA
NA
NA
NA
175.03
175.77
178.44
171.64
178.48
176.57
176.17
NA
NA
NA
NA
NA
NA
NA
NA
NA
NA
175.31
175.95
176.53
176.97
175.98
175.28
NA
NA
NA
NA
176.55
175.9
NA
177.84
NA
NA
NA
NA
176.19
NA
177.48
176.73
NA
NA
175.87
175.18
NA
175.26
176.05
176.18
NA
175.07
NA
176.27
176.27
175.06
175.46
177.16
175.16
176.56
176.13
177.05
176.67
176.78
176.46
177.16
176.29
NA
176.11
176.45
177.35
178.96
NA
174.29
179.15
178.95
NA
177.25
NA
NA
178.25
NA
177.32
177.21
177.82
NA
NA
NA
178.04
176.53
NA
177.05
176.69
177.37
177.06
176.69
177.4
NA
NA
NA
NA
NA
NA
NA
NA
177.21
179.11
NA
NA
NA
NA
NA
177.18
NA
177.84
176.05
NA
NA
NA
NA
NA
NA
NA
NA
NA
NA
NA
NA
NA
NA
178.85
177.42
177.72
175.92
175.58
177.56
NA
NA
NA
NA
NA
175.58
175.4
175.21
NA
NA
NA
NA
NA
NA
NA
NA
NA
NA
NA
NA
NA
NA
NA
NA
NA
NA
176.33
175.73
NA
NA
NA
NA
NA
NA
NA
NA
NA
NA
NA
NA
NA
NA
NA
177.76
174.06
178.56
179.1
NA
NA
NA
NA
NA
NA
178.59
177.22
177.27
176.19
NA
177.45
177.95
175.52
NA
NA
NA
NA
NA
NA
NA
NA
NA
NA
NA
NA
NA
NA
NA
NA
174.92
176.15
178.04
176.81
173.32
176.87
NA
175.67
174.77
175.69
178.12
176.64
178.52
173.89
NA
176.7
181.39
177.74
176.06
NA
176.36
178.96
177.86
175.61
NA
NA
176.79
177.01
178.34
NA
NA
NA
NA
NA
NA
NA
NA
NA
NA
NA
NA
NA
NA
NA
NA
NA
NA
NA
NA
NA
177.9
176.07
178.18
176.77
NA
NA
175.18
177.8
NA
174.78
NA
176.58
173.98
176.87
175.07
NA
NA
NA
176.07
175.97
179.47
175.87
177.07
175.07
177.57
178.97
177.37
NA
176.07
175.97
177.37
NA
NA
NA
177.14
NA
176.74
176.04
174.33
176.93
178.53
177.23
177.93
NA
NA
174.67
177.0
178.78
177.48
177.88
173.96
176.35
176.55
177.35
176.6
NA
175.94
176.99
176.45
176.09
176.62
177.0
176.74
NA
NA
179.72
NA
173.33
175.76
178.13
175.14
175.76
178.29
175.97
177.6
177.07
176.84
173.51
NA
NA
NA
NA
NA
NA
NA
NA
NA
NA
NA
NA
NA
NA
NA
176.27
177.17
177.17
NA
175.97
175.97
178.27
176.77
177.37
NA
NA
NA
NA
NA
NA
NA
NA
NA
NA
NA
NA
NA
NA
NA
NA
NA
NA
NA
NA
175.93
NA
175.1
NA
NA
177.11
177.77
NA
178.44
NA
NA
NA
NA
NA
NA
NA
176.84
177.64
179.24
NA
NA
NA
NA
177.33
175.23
175.92
176.47
177.09
175.84
NA
NA
NA
NA
NA
NA
177.03
177.43
176.83
177.83
175.83
176.73
176.43
175.5
175.3
176.0
176.4
177.37
178.0
NA
NA
178.55
NA
NA
NA
NA
NA
176.83
175.83
176.0
173.53
176.41
175.83
179.33
175.63
177.23
174.43
NA
NA
NA
NA
NA
NA
NA
NA
NA
177.25
177.01
NA
NA
NA
NA
NA
NA
177.2
178.24
NA
177.97
178.47
176.54
NA
NA
NA
176.43
NA
NA
NA
NA
177.55
177.85
177.85
176.15
175.61
NA
175.11
176.31
177.61
176.51
173.75
171.43
177.78
NA
NA
NA
177.72
174.08
176.3
177.76
173.72
NA
175.94
176.45
177.24
173.69
176.35
177.16
176.79
177.31
NA
177.19
NA
178.2
NA
NA
177.16
178.51
177.7
177.73
175.63
176.73
NA
177.23
177.43
NA
NA
176.53
178.03
NA
NA
NA
NA
NA
NA
NA
NA
NA
NA
NA
NA
NA
NA
NA
NA
NA
NA
NA
175.3
178.33
177.6
175.24
177.75
177.7
NA
NA
177.51
177.81
176.81
NA
178.11
177.81
NA
NA
NA
176.61
178.8
175.9
178.6
NA
177.58
NA
176.38
176.78
176.36
178.27
NA
177.06
177.56
176.47
177.1
176.95
178.18
177.4
NA
175.9
NA
175.6
175.37
174.97
177.45
NA
NA
NA
NA
177.73
176.07
NA
174.29
178.96
178.58
NA
NA
176.36
176.52
175.3
173.21
NA
NA
176.46
177.66
174.36
177.19
NA
NA
NA
175.45
177.7
NA
NA
NA
NA
NA
NA
NA
177.03
179.86
176.84
176.56
178.3
NA
NA
NA
NA
NA
176.47
176.54
176.87
176.52
175.71
175.52
176.87
177.02
176.17
176.38
176.31
176.69
176.12
176.18
177.79
176.26
176.78
177.69
177.09
177.84
178.84
178.24
178.94
175.14
178.04
NA
176.29
NA
176.56
175.96
179.27
177.74
178.29
177.67
177.09
177.45
176.84
NA
NA
NA
NA
177.13
178.16
NA
176.15
178.12
NA
176.15
175.04
NA
175.78
177.19
174.86
176.79
176.98
176.3
179.39
177.43
174.43
175.83
179.33
177.48
NA
175.88
178.68
NA
NA
NA
NA
NA
NA
177.77
176.27
175.96
176.67
175.92
175.99
177.77
176.25
179.95
174.95
176.95
182.15
NA
NA
176.6
176.44
177.24
176.63
176.59
NA
176.93
176.04
178.05
177.58
176.81
NA
178.16
177.21
177.8
176.15
173.45
NA
NA
177.55
178.85
177.25
NA
NA
NA
NA
NA
NA
176.48
178.38
175.68
176.58
NA
177.28
178.45
175.86
NA
NA
176.43
176.23
176.33
176.93
177.62
177.72
175.83
177.69
175.57
176.42
177.3
175.98
177.27
NA
176.86
NA
176.95
177.38
177.14
176.64
177.24
174.54
NA
178.04
175.44
173.44
179.24
178.74
174.54
176.64
176.74
NA
NA
177.4
177.27
176.32
NA
175.93
NA
NA
NA
NA
178.39
176.89
176.59
176.53
177.03
NA
NA
NA
NA
NA
NA
NA
NA
NA
NA
NA
NA
NA
NA
NA
NA
NA
177.27
176.77
178.67
NA
NA
175.32
NA
175.33
176.85
176.84
177.83
174.42
175.86
176.49
174.31
175.66
175.83
172.31
NA
NA
NA
175.76
178.56
178.36
NA
NA
177.14
176.31
176.0
NA
NA
NA
NA
NA
NA
NA
NA
NA
NA
NA
NA
175.26
NA
176.26
171.95
170.98
177.28
NA
NA
NA
NA
NA
NA
177.0
174.87
176.33
176.26
174.21
175.85
177.32
175.42
NA
175.98
174.88
177.72
175.76
177.01
177.22
NA
NA
176.6
176.33
NA
NA
NA
NA
177.11
176.59
177.61
176.84
173.89
175.99
176.44
177.34
175.34
178.09
176.59
NA
177.29
NA
176.19
NA
177.59
174.84
NA
NA
176.23
174.11
176.63
175.49
176.48
177.58
176.58
NA
177.28
175.88
173.56
175.62
173.8
177.49
176.75
177.29
NA
NA
NA
NA
NA
175.64
176.25
179.95
174.95
176.95
182.15
NA
NA
NA
177.63
NA
175.89
176.22
170.12
176.72
178.46
179.96
178.76
177.96
NA
178.16
173.86
177.27
176.56
174.17
176.15
174.79
NA
174.28
177.18
176.19
NA
176.16
177.96
177.26
177.12
173.57
176.35
173.05
178.15
176.95
177.23
NA
NA
176.95
NA
NA
178.05
NA
NA
NA
178.2
176.7
175.6
176.9
174.6
175.7
175.1
NA
176.75
176.55
176.71
176.7
176.55
176.57
177.13
178.23
NA
174.09
176.72
NA
NA
NA
NA
NA
NA
NA
NA
NA
NA
NA
NA
NA
NA
NA
NA
NA
NA
NA
NA
NA
NA
NA
NA
NA
NA
NA
176.81
173.66
NA
177.17
174.77
177.49
176.13
176.35
175.71
176.71
NA
NA
176.41
NA
NA
NA
NA
174.97
177.17
NA
177.87
178.17
NA
176.97
NA
NA
175.24
NA
176.5
176.92
176.44
176.76
NA
176.82
175.57
175.94
177.51
NA
NA
NA
NA
NA
NA
NA
NA
NA
176.57
176.97
175.65
176.63
175.86
175.88
173.7
NA
NA
NA
NA
NA
NA
176.65
176.79
175.31
NA
177.58
178.25
176.4
176.12
NA
176.14
177.81
NA
NA
NA
179.01
NA
177.71
NA
NA
NA
NA
177.2
NA
179.6
176.06
177.09
177.58
NA
NA
NA
NA
NA
NA
NA
NA
NA
174.96
NA
180.26
177.65
NA
NA
177.09
NA
NA
NA
NA
177.64
177.11
NA
176.87
NA
172.64
178.24
NA
177.51
177.12
NA
176.48
177.31
175.85
176.42
176.38
NA
177.74
177.33
NA
NA
NA
NA
177.93
179.24
177.34
NA
NA
NA
NA
176.67
178.09
178.47
175.55
NA
177.91
179.23
NA
NA
NA
176.38
176.74
173.77
177.96
175.82
NA
172.29
NA
NA
NA
176.71
176.95
175.85
178.38
NA
NA
NA
NA
177.89
176.19
176.19
NA
177.31
177.11
176.41
176.91
174.71
178.31
179.11
177.79
NA
174.68
NA
NA
NA
175.19
177.38
177.07
NA
NA
NA
NA
NA
NA
178.55
177.84
174.42
176.93
174.12
179.17
174.82
177.9
173.23
NA
174.23
NA
176.12
175.34
NA
176.63
173.76
177.41
174.49
175.11
177.2
175.07
176.59
174.94
175.39
177.21
175.09
176.49
NA
175.98
178.86
NA
177.03
NA
NA
NA
NA
177.1
NA
179.4
182.5
177.65
NA
NA
NA
NA
NA
NA
176.74
177.36
NA
177.26
176.73
NA
NA
178.38
176.88
NA
NA
NA
NA
NA
NA
NA
NA
NA
NA
NA
NA
NA
NA
NA
NA
176.6
177.17
NA
NA
NA
NA
NA
176.64
177.01
176.48
176.44
176.52
177.4
176.41
179.28
175.98
177.0
NA
NA
NA
NA
NA
NA
NA
NA
NA
NA
NA
173.59
NA
NA
NA
178.25
NA
175.87
175.52
176.41
NA
NA
175.13
NA
NA
177.62
176.31
177.86
177.63
175.24
176.12
178.21
178.45
175.9
177.53
176.48
176.11
176.24
NA
NA
173.79
178.09
NA
NA
NA
NA
NA
177.28
177.14
NA
NA
177.33
178.13
177.1
176.5
NA
175.76
176.56
NA
NA
NA
176.89
176.39
176.29
175.99
175.19
177.09
NA
177.19
NA
173.23
174.93
NA
NA
NA
NA
173.96
177.69
173.71
174.95
180.07
176.88
178.82
177.97
176.64
NA
NA
NA
NA
NA
NA
NA
NA
176.42
175.9
NA
174.7
NA
177.9
176.4
NA
NA
NA
173.08
177.48
177.08
175.68
176.58
176.17
174.98
179.48
NA
176.54
177.24
NA
176.23
174.44
176.37
176.17
176.37
176.57
177.47
176.06
178.56
176.58
177.05
177.41
175.81
177.01
176.51
NA
176.53
175.99
179.89
177.89
176.81
175.94
NA
NA
178.47
NA
178.18
176.57
NA
NA
177.58
NA
NA
176.51
175.77
NA
176.69
177.42
175.84
NA
NA
NA
NA
NA
NA
NA
NA
NA
NA
NA
NA
NA
177.12
177.08
NA
NA
NA
NA
177.61
NA
178.14
177.67
176.32
NA
175.61
177.86
NA
NA
175.76
176.86
174.16
176.76
176.36
NA
175.29
NA
NA
NA
NA
NA
NA
NA
NA
NA
175.64
NA
176.35
173.05
174.87
173.37
NA
177.85
175.98
177.88
175.91
177.0
177.62
NA
176.72
176.02
177.42
NA
178.19
177.32
174.82
NA
NA
NA
176.11
175.95
174.81
174.7
176.05
NA
176.89
179.59
NA
NA
NA
176.53
NA
NA
NA
NA
NA
NA
176.55
177.38
NA
177.4
175.56
178.91
179.91
NA
NA
176.95
NA
177.34
174.35
NA
177.06
NA
176.45
179.02
176.94
174.58
NA
177.15
NA
NA
176.41
174.1
175.35
176.48
175.01
173.59
174.39
177.19
174.09
177.59
175.64
NA
NA
NA
NA
176.38
NA
NA
NA
NA
175.86
176.86
178.36
NA
NA
NA
NA
NA
NA
NA
177.66
NA
175.71
175.92
NA
NA
176.43
176.63
177.92
174.76
176.96
175.02
NA
177.31
175.46
173.97
174.4
177.19
177.3
175.3
174.77
NA
177.01
NA
NA
NA
177.21
176.61
NA
175.96
178.28
175.53
176.97
175.67
174.47
176.57
176.33
NA
175.75
NA
177.59
174.29
174.74
NA
174.34
178.03
177.78
NA
177.24
175.25
NA
177.45
176.28
175.69
178.17
178.07
NA
178.87
NA
178.55
177.69
NA
NA
176.25
176.25
176.85
NA
NA
NA
NA
176.94
177.42
NA
175.63
177.1
177.17
NA
176.77
NA
NA
176.67
177.17
175.17
176.97
176.37
175.47
178.47
177.17
175.47
NA
178.52
176.6
177.51
177.26
175.69
175.92
NA
176.0
175.89
176.25
NA
176.39
176.09
176.16
178.63
NA
176.67
NA
NA
NA
NA
NA
NA
NA
NA
NA
NA
176.97
177.87
174.95
176.77
NA
177.45
178.22
177.6
176.86
178.53
175.63
175.67
176.96
177.66
176.99
176.69
NA
175.75
176.76
177.85
178.16
177.29
NA
NA
178.19
NA
NA
173.42
176.83
175.1
178.23
174.55
175.31
176.02
NA
NA
NA
NA
NA
NA
NA
NA
NA
NA
176.64
175.64
NA
176.94
NA
175.24
178.54
NA
175.8
173.0
176.14
174.92
NA
NA
175.86
175.87
178.21
NA
174.6
NA
176.2
175.2
NA
177.75
177.85
177.55
177.04
177.24
175.7
NA
176.27
177.58
176.23
177.83
177.85
177.57
175.22
176.14
176.26
176.86
177.16
177.56
NA
178.2
176.7
NA
NA
NA
NA
NA
NA
NA
NA
NA
NA
NA
NA
NA
NA
NA
NA
NA
NA
NA
179.58
176.28
176.88
NA
NA
NA
NA
NA
NA
NA
176.07
NA
174.77
NA
NA
NA
NA
NA
NA
175.07
178.81
NA
176.49
174.81
177.36
177.99
175.35
177.11
NA
NA
NA
NA
NA
NA
175.99
177.08
178.74
179.01
177.74
NA
176.21
NA
NA
NA
NA
NA
NA
NA
NA
NA
175.79
177.26
176.19
178.13
175.95
176.9
176.92
176.05
178.1
NA
176.48
178.76
176.03
176.75
NA
175.95
178.48
176.79
NA
NA
NA
NA
NA
NA
NA
NA
178.01
179.16
NA
176.44
176.36
174.7
NA
175.35
NA
NA
NA
174.45
177.95
173.72
175.6
NA
NA
176.98
175.73
175.01
174.33
177.15
NA
NA
NA
178.49
173.63
NA
177.18
176.48
176.64
178.69
NA
NA
174.71
178.11
175.71
178.51
NA
NA
177.11
177.62
NA
NA
178.19
177.89
176.59
NA
NA
NA
NA
NA
NA
NA
NA
NA
175.7
178.02
174.84
178.24
175.74
NA
NA
NA
177.14
177.17
177.3
NA
NA
NA
NA
NA
NA
NA
NA
NA
174.84
176.53
177.49
177.67
178.47
175.04
176.67
178.05
176.8
177.18
176.81
174.91
175.21
173.51
177.99
177.5
175.1
NA
178.0
175.82
178.61
176.74
176.32
176.19
175.25
176.99
177.3
177.89
177.96
175.62
178.15
178.54
177.21
NA
176.22
175.37
NA
178.17
NA
177.07
176.02
178.92
173.72
177.52
176.52
179.45
173.35
177.75
177.85
177.01
178.09
NA
NA
NA
NA
NA
174.88
175.07
177.12
179.0
178.27
175.26
178.02
178.02
175.37
NA
177.69
177.3
176.38
177.6
173.93
178.83
175.73
176.73
NA
NA
NA
NA
NA
175.8
177.89
176.79
NA
178.82
NA
NA
173.27
NA
176.36
NA
NA
176.98
178.29
177.66
NA
NA
NA
NA
NA
NA
NA
NA
NA
NA
NA
NA
NA
NA
NA
NA
NA
NA
178.12
177.76
NA
NA
176.76
NA
NA
NA
NA
NA
NA
176.34
175.61
178.63
178.56
NA
NA
176.51
175.57
176.95
176.29
NA
NA
179.19
176.8
177.23
177.51
177.11
175.11
173.81
NA
NA
177.41
176.51
NA
176.81
176.71
176.51
NA
176.51
177.41
NA
176.71
176.7
176.9
176.8
177.1
178.0
NA
176.68
177.58
177.93
177.29
NA
176.63
177.53
178.13
177.83
175.74
NA
NA
NA
NA
NA
NA
NA
NA
NA
174.59
175.69
179.79
176.45
179.37
176.4
173.85
176.6
177.22
176.67
177.44
NA
NA
NA
NA
NA
NA
NA
NA
175.99
175.79
NA
NA
173.3
NA
174.07
177.14
NA
173.66
173.66
174.96
172.15
NA
NA
NA
NA
NA
NA
176.08
177.24
175.52
176.96
NA
177.93
176.91
175.41
177.41
176.61
176.81
NA
NA
NA
NA
NA
NA
176.2
177.98
177.64
177.79
177.32
176.01
NA
NA
175.61
NA
NA
NA
177.1
175.81
176.79
176.39
176.09
176.5
176.34
177.42
176.64
176.24
178.64
NA
176.37
176.47
NA
NA
175.77
176.47
176.87
176.77
176.97
177.57
177.17
176.37
177.91
177.11
176.3
NA
176.24
176.18
174.99
176.86
174.61
174.2
179.21
174.7
175.48
177.81
176.38
178.38
176.64
NA
NA
176.18
176.79
175.79
NA
172.42
NA
NA
NA
174.9
176.01
NA
NA
178.32
NA
NA
176.94
174.73
NA
176.73
176.85
178.58
173.1
177.51
NA
NA
NA
NA
179.93
175.36
177.46
175.57
176.52
NA
176.76
174.78
178.08
177.87
177.04
NA
178.33
175.03
NA
176.59
NA
176.4
178.95
176.89
176.38
177.18
176.92
176.68
175.27
177.71
175.07
NA
NA
NA
NA
NA
NA
NA
NA
NA
NA
NA
NA
NA
NA
NA
NA
NA
NA
NA
NA
NA
NA
NA
NA
NA
NA
NA
NA
NA
NA
NA
NA
NA
NA
NA
NA
NA
NA
NA
NA
NA
NA
NA
NA
176.22
177.01
NA
NA
177.0
176.78
176.22
NA
176.8
175.75
176.1
177.3
175.87
NA
NA
173.35
176.22
176.22
176.09
177.89
NA
NA
177.55
176.87
177.67
NA
NA
NA
177.33
NA
NA
176.2
176.02
NA
NA
NA
NA
175.46
178.27
177.92
178.72
176.12
178.11
178.61
176.21
NA
NA
NA
NA
NA
NA
NA
NA
NA
178.23
173.83
NA
176.73
176.43
NA
177.03
176.53
176.82
176.12
175.12
178.42
NA
177.12
176.72
NA
175.42
NA
176.57
176.54
176.83
178.74
NA
NA
NA
NA
178.16
176.64
NA
178.67
178.06
176.44
NA
173.36
176.18
173.42
NA
175.85
NA
NA
NA
NA
174.37
177.84
177.69
174.39
177.36
173.85
176.6
NA
NA
NA
NA
NA
NA
NA
NA
NA
179.42
176.5
NA
NA
176.8
177.03
177.45
NA
NA
NA
178.14
NA
172.83
178.28
177.81
178.03
176.93
176.18
175.09
NA
NA
NA
NA
NA
NA
NA
173.05
172.77
178.5
NA
174.91
177.36
177.15
176.51
NA
177.04
176.26
NA
NA
NA
NA
178.19
176.64
NA
NA
NA
NA
NA
NA
176.32
177.22
177.12
176.92
176.64
NA
NA
NA
NA
NA
NA
177.26
NA
176.86
176.76
176.56
176.26
176.16
175.49
176.57
176.41
175.21
NA
176.64
NA
NA
NA
NA
NA
NA
NA
180.05
173.58
NA
NA
NA
176.69
176.79
177.8
NA
NA
175.29
174.4
176.6
177.94
177.22
176.25
NA
176.8
176.74
175.97
176.62
NA
NA
178.05
NA
175.5
177.18
175.83
174.69
178.11
174.77
178.39
176.86
177.7
175.72
NA
177.49
177.78
NA
NA
NA
NA
NA
175.2
177.1
175.8
178.0
177.2
176.43
NA
175.82
177.12
178.51
176.6
176.72
177.13
176.85
NA
176.25
NA
NA
176.53
177.74
176.94
177.91
175.41
174.41
178.51
176.81
NA
177.51
178.47
174.99
177.07
175.9
176.42
177.82
176.9
177.11
176.95
177.12
175.58
NA
NA
175.71
178.09
NA
177.01
176.63
179.25
178.33
177.65
176.9
178.54
175.26
175.76
176.82
176.58
176.35
176.76
177.37
174.88
176.65
175.97
175.68
NA
NA
NA
NA
NA
NA
NA
NA
NA
173.66
176.06
175.36
174.46
177.62
175.26
175.73
NA
176.17
NA
NA
NA
NA
178.99
176.69
174.64
NA
NA
176.43
178.32
175.76
176.56
175.53
NA
NA
177.81
176.34
176.72
NA
176.63
176.13
NA
176.84
174.5
175.87
NA
176.6
NA
NA
NA
NA
176.1
NA
NA
176.01
NA
NA
NA
176.15
176.05
NA
NA
176.74
NA
NA
NA
NA
NA
NA
176.11
178.01
177.71
176.81
174.41
177.87
176.23
176.01
176.89
175.57
176.9
NA
NA
NA
NA
NA
175.22
176.52
178.22
177.89
176.06
178.01
NA
NA
NA
NA
NA
NA
NA
NA
NA
NA
NA
NA
NA
NA
NA
NA
NA
NA
NA
NA
NA
NA
NA
NA
NA
NA
NA
NA
NA
NA
NA
NA
NA
NA
NA
NA
NA
NA
175.84
NA
NA
NA
NA
NA
NA
175.59
175.89
178.09
176.79
178.79
177.59
178.95
177.44
177.12
177.86
NA
175.47
175.17
177.57
NA
NA
NA
NA
NA
NA
NA
NA
NA
NA
NA
NA
NA
NA
NA
NA
NA
177.24
174.36
177.38
176.98
176.48
177.68
NA
NA
NA
NA
176.4
174.97
175.47
176.31
176.49
174.96
176.38
175.88
178.56
NA
174.95
176.06
175.87
177.89
177.82
NA
NA
NA
NA
NA
NA
NA
NA
NA
NA
175.95
177.22
176.43
176.72
NA
NA
NA
NA
NA
NA
177.58
176.22
177.91
177.56
175.19
176.12
NA
NA
NA
NA
NA
NA
NA
NA
177.04
176.94
178.44
177.64
176.84
176.74
177.34
NA
176.93
176.1
176.27
NA
177.96
177.08
NA
177.91
NA
NA
176.33
174.1
NA
NA
NA
NA
177.56
177.43
176.44
177.49
172.38
178.85
NA
179.41
NA
NA
NA
NA
NA
NA
NA
NA
177.99
176.99
177.39
177.89
176.02
179.92
175.17
176.26
179.25
177.68
178.68
NA
175.66
176.8
175.08
173.96
175.7
NA
NA
NA
173.94
176.46
NA
177.62
174.02
NA
177.76
174.46
NA
NA
NA
NA
NA
NA
NA
NA
NA
NA
NA
NA
174.69
175.17
NA
175.62
174.83
NA
176.57
NA
178.42
178.26
176.84
177.48
NA
NA
NA
NA
NA
NA
NA
NA
NA
NA
NA
NA
NA
NA
NA
NA
NA
177.14
176.74
NA
178.48
177.12
177.08
NA
177.96
NA