62.9
62.33
NA
64.93
64.98
64.99
63.6
62.56
63.65
NA
64.18
63.9
62.07
61.97
63.75
NA
63.17
62.42
62.71
63.21
63.7
62.7
63.05
62.8
62.8
62.08
NA
NA
62.22
64.85
67.26
67.57
64.37
63.3
64.52
62.99
62.89
64.63
64.38
62.23
63.11
63.52
63.23
63.27
63.89
61.53
64.2
NA
64.58
NA
64.49
66.67
NA
63.42
60.12
62.32
64.91
63.37
63.05
63.34
63.33
64.37
62.21
63.2
NA
63.71
64.9
62.85
NA
61.62
63.21
62.87
63.14
63.18
NA
62.9
63.27
66.14
64.89
61.05
64.44
63.24
63.34
64.02
62.65
63.26
NA
63.09
64.4
63.37
63.05
63.9
63.58
NA
63.22
63.65
62.88
NA
63.1
63.13
65.67
62.58
NA
63.23
65.42
63.79
64.07
NA
63.74
61.69
64.79
62.46
NA
63.03
62.11
NA
63.49
NA
63.29
64.34
64.28
64.57
NA
61.77
NA
62.86
61.34
63.08
NA
63.45
NA
61.73
65.49
62.86
NA
65.49
64.25
61.91
NA
NA
NA
NA
66.54
63.57
61.93
62.49
65.58
64.53
NA
NA
61.87
NA
64.4
63.02
63.14
66.38
62.31
62.72
63.43
65.18
64.45
61.82
63.65
NA
63.43
64.76
61.22
66.08
NA
64.55
NA
62.41
NA
62.75
64.9
66.0
NA
62.07
61.47
64.02
61.34
63.2
63.56
62.33
62.22
63.47
NA
63.26
64.9
NA
64.41
64.31
64.11
NA
64.27
61.94
61.8
64.78
62.48
61.28
62.8
65.35
63.34
62.29
62.33
63.16
62.1
63.85
64.68
NA
64.19
62.69
63.18
NA
63.84
NA
NA
62.69
63.05
65.72
62.33
NA
63.3
62.36
63.27
61.56
NA
NA
63.38
61.68
62.98
63.86
62.43
64.4
64.07
63.03
63.3
62.8
62.51
62.39
65.06
64.49
NA
63.37
63.86
NA
65.75
66.0
63.63
62.52
63.68
64.47
60.92
62.45
63.19
NA
62.83
63.13
64.33
63.14
63.12
61.45
63.4
63.15
63.64
63.25
63.57
62.04
63.9
NA
NA
62.14
NA
65.11
64.49
62.92
NA
63.18
NA
63.33
62.26
63.31
62.9
64.05
63.06
63.11
63.0
63.14
64.27
NA
64.46
63.08
63.58
60.97
NA
63.08
65.09
64.55
65.79
65.11
63.35
NA
NA
NA
63.17
62.21
63.37
63.09
63.54
62.61
63.43
62.3
63.88
NA
65.65
62.26
NA
63.88
65.39
65.12
61.7
64.02
62.52
64.12
62.28
NA
62.78
63.11
65.83
63.19
63.27
64.05
63.45
62.35
NA
64.54
62.36
NA
62.73
65.65
62.33
65.19
62.98
64.53
63.74
63.79
64.86
NA
62.66
62.09
61.63
63.42
64.07
64.81
65.41
63.04
62.98
64.32
63.96
NA
NA
NA
64.45
NA
64.79
61.38
63.38
62.16
64.61
NA
NA
62.24
62.31
65.54
NA
NA
62.63
61.47
62.46
62.47
63.42
61.04
66.51
62.1
63.3
63.52
63.41
66.22
62.62
62.14
63.69
64.22
NA
62.88
62.91
63.12
63.82
64.89
63.99
NA
62.09
NA
NA
NA
63.31
61.67
64.72
62.17
64.24
NA
60.53
63.56
NA
61.21
63.2
NA
61.87
62.19
60.71
62.05
65.04
63.12
65.09
64.15
62.77
NA
61.46
64.37
62.03
63.5
63.65
63.2
63.85
63.18
NA
61.88
62.31
NA
62.9
61.84
64.6
63.02
63.37
64.59
63.16
61.12
63.44
63.48
63.07
63.27
62.93
63.71
63.18
63.18
64.5
64.63
63.74
62.68
NA
63.95
62.72
63.04
NA
62.87
63.11
61.36
62.74
NA
63.23
64.19
62.77
64.15
NA
62.56
63.63
NA
64.82
62.76
62.79
63.57
64.29
61.28
63.77
62.57
NA
63.31
62.89
NA
62.94
63.13
62.38
64.2
NA
60.98
63.02
61.99
NA
64.38
63.49
63.29
NA
63.43
63.67
NA
63.16
NA
62.92
64.0
62.6
64.93
NA
63.23
64.01
62.72
63.7
NA
64.66
63.82
62.83
NA
62.96
64.96
64.02
NA
64.42
62.76
NA
66.48
62.71
66.31
NA
63.97
62.94
63.01
NA
63.42
62.71
62.21
64.65
NA
62.72
61.74
63.99
63.14
64.04
63.5
NA
62.32
64.36
62.18
61.15
65.64
64.68
NA
63.84
62.73
NA
63.36
65.79
NA
62.78
63.77
63.05
NA
64.7
61.55
63.21
64.09
NA
64.36
63.08
63.07
62.62
61.41
62.51
63.46
62.26
62.9
NA
61.38
62.96
NA
62.79
61.3
61.12
63.0
66.45
62.65
63.2
63.14
63.42
NA
62.8
61.3
62.05
62.69
63.11
62.91
64.36
64.15
61.0
62.15
63.18
63.87
63.83
NA
62.58
NA
61.28
61.83
63.07
63.17
NA
NA
63.34
62.6
64.21
NA
62.89
NA
62.79
62.15
NA
63.01
63.98
NA
62.88
62.08
61.9
NA
62.72
62.41
NA
63.22
65.76
62.52
NA
NA
63.1
63.63
62.43
NA
62.28
64.22
NA
63.28
63.65
62.64
62.78
NA
62.98
NA
62.99
61.76
NA
NA
63.14
63.19
62.0
NA
62.95
NA
62.87
62.47
NA
NA
NA
62.76
NA
NA
63.02
62.5
62.6
61.66
64.3
62.88
NA
63.11
63.67
60.58
62.66
NA
62.79
63.02
61.45
63.61
NA
62.61
63.12
NA
62.43
65.63
NA
62.69
63.98
64.66
NA
NA
65.64
61.06
62.03
61.49
NA
62.23
63.64
NA
64.2
65.38
61.54
NA
NA
NA
64.14
62.66
66.63
64.72
NA
65.45
62.8
63.09
64.92
65.44
64.33
64.44
64.19
62.36
NA
65.63
61.52
NA
63.17
63.87
63.43
64.63
63.88
65.33
62.93
63.28
63.64
63.12
62.93
65.44
65.71
63.7
65.21
63.27
NA
65.13
65.57
64.05
62.89
63.31
64.31
64.97
63.56
62.31
65.33
61.99
62.5
62.97
62.94
65.54
63.18
NA
NA
65.46
65.39
63.15
65.36
63.55
63.35
65.88
64.15
NA
66.04
63.14
62.71
65.85
65.12
61.66
64.7
63.19
66.04
61.71
62.58
64.66
63.18
65.73
64.11
62.82
65.37
63.34
65.65
61.81
63.23
64.35
65.49
64.2
66.66
61.74
63.33
62.28
63.38
65.33
64.98
64.32
62.43
64.29
63.27
64.01
65.73
63.38
62.38
64.28
65.06
62.81
64.77
NA
65.4
62.27
63.65
61.9
63.17
63.64
63.01
63.33
65.22
63.4
64.63
63.81
64.65
63.76
63.75
64.79
64.5
64.62
65.55
NA
63.96
63.82
63.18
NA
64.82
63.44
62.7
61.14
62.64
63.81
63.03
62.93
61.75
62.72
63.57
63.99
NA
62.97
63.77
62.78
61.32
62.85
NA
NA
65.44
64.68
NA
64.62
62.7
64.78
61.02
61.28
62.86
63.28
62.56
62.79
64.51
64.59
63.96
62.52
63.65
63.53
NA
64.54
62.03
62.84
62.07
NA
64.85
NA
62.4
61.22
61.68
62.86
NA
64.55
63.91
63.93
65.33
64.28
NA
64.1
63.49
64.31
NA
65.57
61.36
64.72
61.82
62.27
62.85
61.63
NA
63.88
61.28
63.58
64.93
61.53
NA
NA
63.13
61.86
63.58
63.22
63.07
NA
64.65
65.22
64.68
62.5
63.15
63.32
64.17
64.37
NA
62.69
64.91
NA
NA
NA
NA
63.43
64.65
63.98
62.58
63.39
65.24
64.87
65.32
65.03
NA
62.38
62.8
65.41
64.8
NA
62.34
62.75
65.17
64.86
NA
62.51
62.81
65.48
65.05
61.16
62.45
62.83
NA
65.98
65.27
NA
63.16
63.79
62.95
61.91
67.0
64.24
61.26
63.17
62.46
65.36
63.37
61.9
62.57
61.46
61.64
61.36
61.53
NA
62.88
63.87
65.29
63.58
63.87
62.01
63.6
NA
65.31
NA
NA
NA
64.2
63.27
62.61
61.85
NA
65.55
59.71
NA
NA
NA
64.28
63.52
64.06
62.9
64.23
62.15
64.8
62.48
65.5
64.59
63.07
63.07
62.71
63.44
63.44
61.99
64.76
62.19
NA
NA
62.91
64.13
NA
63.43
NA
64.02
64.17
63.74
62.75
63.39
63.81
64.38
63.79
61.66
63.82
63.42
NA
62.84
62.98
64.6
63.65
NA
61.85
NA
NA
NA
NA
NA
NA
NA
64.63
NA
63.05
NA
64.7
63.18
63.27
65.41
65.13
64.87
62.94
63.27
62.2
64.22
58.11
58.22
64.52
64.49
63.51
64.78
63.88
62.88
64.25
63.65
63.95
62.36
64.16
63.26
NA
NA
NA
NA
63.07
62.88
NA
62.77
NA
62.78
62.15
64.33
63.26
63.2
62.96
63.09
61.84
63.69
62.25
63.28
60.77
63.16
62.94
63.14
63.84
63.54
64.04
63.64
NA
63.44
63.4
63.81
65.33
63.61
NA
NA
NA
NA
NA
62.83
62.37
60.95
60.48
63.22
64.01
63.91
61.9
63.18
62.83
66.56
64.05
61.76
61.9
63.77
61.31
63.27
61.98
62.41
63.85
62.26
62.91
63.81
61.87
62.33
NA
62.2
NA
65.84
63.28
64.08
62.87
62.67
63.72
63.57
65.99
64.73
61.85
63.45
66.75
62.75
62.75
63.75
62.19
61.81
63.49
65.17
63.68
63.48
63.48
63.53
63.12
62.57
63.83
NA
62.37
61.53
64.02
62.08
62.67
63.11
61.82
63.11
63.14
62.17
NA
NA
62.33
NA
NA
63.02
65.26
NA
66.1
62.7
64.25
63.04
62.09
61.76
66.16
64.84
61.36
63.58
60.18
62.68
NA
62.48
63.28
63.48
60.18
62.68
NA
62.58
63.28
63.49
60.29
62.59
NA
62.59
63.39
63.52
60.32
62.62
NA
62.62
63.32
63.66
60.76
62.96
NA
62.56
63.36
63.04
NA
63.64
61.62
63.54
NA
64.3
66.33
63.94
62.48
64.13
62.83
63.41
63.6
63.73
63.99
65.64
62.39
62.28
63.8
63.8
62.37
65.62
NA
NA
NA
63.98
NA
63.75
63.35
62.76
54.57
NA
63.35
62.18
63.26
NA
66.26
65.63
NA
64.14
65.57
58.5
62.52
62.2
64.76
64.5
65.26
61.64
63.38
65.05
NA
63.8
62.7
NA
NA
63.3
63.13
64.03
65.2
63.65
64.81
64.17
62.84
63.77
63.47
64.68
63.07
NA
65.29
63.55
62.81
64.6
64.58
61.78
63.78
63.18
61.48
65.18
64.08
65.68
63.68
64.85
62.19
64.67
62.18
62.1
63.34
62.82
62.61
64.38
62.18
63.52
64.81
NA
62.38
65.9
65.67
63.02
65.86
63.7
62.12
63.35
62.83
62.62
63.33
62.17
63.47
NA
NA
NA
63.03
63.0
62.72
62.67
NA
NA
NA
NA
63.64
63.79
63.55
63.8
61.74
62.44
63.84
62.06
60.76
63.18
64.78
64.37
63.47
64.78
64.37
63.47
65.31
62.39
63.15
62.31
61.96
62.15
62.02
64.69
66.39
61.99
62.47
62.11
61.79
62.11
64.84
NA
61.97
61.57
66.19
64.21
62.58
64.34
62.25
63.24
63.91
63.57
NA
NA
NA
NA
NA
NA
NA
NA
NA
NA
62.29
65.56
62.3
65.47
NA
NA
64.64
63.02
NA
64.19
NA
64.81
63.59
NA
64.46
66.31
63.93
62.99
62.87
62.69
62.37
66.11
64.58
62.17
NA
NA
NA
64.25
62.53
62.34
63.58
63.97
62.36
62.84
NA
62.3
62.85
62.31
64.43
62.94
63.31
58.95
62.64
61.76
NA
NA
NA
NA
NA
NA
NA
NA
NA
63.27
65.43
NA
NA
NA
NA
NA
NA
NA
NA
NA
NA
NA
NA
NA
NA
NA
NA
63.56
62.95
63.49
63.81
64.63
63.24
63.42
62.49
63.42
62.49
63.39
62.48
63.24
62.34
63.27
62.5
62.63
NA
63.5
62.54
NA
NA
NA
63.89
63.23
63.97
62.46
NA
NA
63.51
63.55
61.91
64.06
62.33
65.07
NA
NA
64.26
60.67
63.38
63.02
64.8
64.87
62.41
NA
NA
62.65
62.25
63.04
63.81
63.18
61.74
62.85
62.38
65.22
NA
65.2
64.3
63.62
63.28
63.8
63.48
63.45
63.47
62.85
65.61
NA
63.42
62.67
65.78
NA
63.44
62.73
65.51
NA
65.04
62.41
64.49
62.84
65.25
61.54
NA
64.27
65.27
NA
61.71
64.15
60.94
63.57
65.03
NA
62.47
65.11
NA
NA
NA
NA
62.17
64.47
63.27
64.97
65.47
63.37
62.57
64.01
64.06
63.37
63.42
63.52
63.55
63.96
63.83
64.26
64.44
63.46
65.65
64.62
63.26
62.91
63.66
63.75
62.72
63.48
61.48
NA
62.62
62.22
63.32
NA
65.32
64.12
64.62
63.18
65.36
65.39
63.51
65.03
63.41
NA
62.65
63.14
61.91
NA
NA
61.55
63.66
63.93
NA
65.36
NA
67.34
65.2
NA
65.97
NA
62.75
62.27
66.86
66.63
64.7
NA
NA
64.87
62.97
62.87
64.17
65.22
62.97
NA
NA
NA
NA
NA
NA
NA
NA
NA
NA
NA
NA
NA
NA
63.13
65.23
64.43
62.73
62.23
NA
64.13
62.63
64.02
63.42
63.19
63.83
62.84
64.4
62.3
65.4
63.17
62.27
NA
62.97
64.17
62.07
63.61
62.94
62.68
61.56
63.63
62.85
62.6
61.21
63.11
62.51
63.91
64.11
62.71
64.01
63.01
62.91
65.51
64.36
62.26
62.88
61.78
64.48
64.18
64.08
64.58
63.98
63.8
63.27
62.97
62.47
62.37
63.07
63.87
62.57
64.47
63.35
63.64
62.84
65.94
64.94
62.19
64.19
62.89
62.89
63.25
62.65
64.75
60.85
62.47
NA
63.27
63.07
63.3
63.7
64.6
NA
62.35
63.35
62.05
NA
64.41
63.61
66.61
NA
63.81
62.6
63.3
64.8
64.7
62.48
61.31
62.71
64.71
64.21
62.91
63.23
NA
64.84
63.54
65.44
NA
NA
NA
65.19
63.44
64.1
62.06
NA
NA
NA
NA
64.68
62.25
64.59
62.74
63.58
63.63
62.5
NA
64.24
64.04
NA
62.57
63.17
63.37
63.87
63.57
63.17
63.66
65.44
NA
63.66
65.44
NA
61.8
65.4
64.5
64.1
NA
NA
64.3
66.0
65.6
64.1
62.5
NA
63.52
65.22
65.22
62.62
62.13
62.03
63.03
65.73
NA
61.93
62.83
64.08
62.28
64.22
63.92
63.62
63.72
65.02
63.32
64.92
63.34
61.47
NA
62.8
62.52
61.49
63.52
62.8
62.54
62.89
65.89
62.59
62.69
64.29
62.91
64.71
63.51
63.11
62.93
62.8
62.14
62.51
60.61
65.57
NA
66.07
62.68
64.55
64.23
63.48
62.01
67.11
62.51
65.71
NA
61.81
62.81
62.95
NA
62.65
61.64
62.3
63.31
62.12
63.32
61.97
64.65
63.22
62.57
65.92
61.92
63.23
63.72
62.68
63.24
63.34
64.64
63.84
62.49
62.4
62.5
51.19
64.32
63.27
67.16
61.7
67.0
64.64
64.78
64.7
65.44
64.32
63.09
62.82
64.67
63.09
62.88
65.38
62.58
61.66
62.56
63.06
65.86
62.46
62.38
60.68
62.87
NA
61.42
65.65
NA
NA
63.69
63.32
62.76
64.78
61.53
65.68
NA
NA
NA
62.13
64.73
63.23
63.63
NA
64.02
64.54
63.51
64.14
65.41
63.59
64.94
63.61
62.79
62.28
65.22
64.91
63.51
62.71
NA
66.63
65.33
63.13
61.14
63.34
62.74
63.14
63.13
62.32
63.31
62.42
62.33
64.5
65.57
63.1
62.29
63.39
62.39
62.3
64.47
65.54
63.24
65.14
63.74
63.24
64.77
64.47
62.38
63.53
63.48
61.65
63.31
64.41
62.76
64.96
63.31
63.86
64.17
64.97
62.85
62.86
64.27
NA
64.44
62.91
65.76
63.4
63.94
62.69
63.59
63.09
63.59
NA
61.48
62.5
65.32
64.03
63.5
65.18
63.35
64.88
63.15
65.57
62.57
64.47
NA
65.15
62.43
62.73
64.42
63.52
64.42
65.72
63.52
63.36
64.17
65.97
63.77
64.82
61.82
63.12
64.02
63.92
NA
NA
64.52
NA
NA
NA
NA
NA
64.44
62.39
61.92
62.45
66.88
62.45
NA
62.44
63.65
63.24
63.09
62.7
63.53
63.8
NA
61.82
NA
62.12
62.72
63.32
66.12
NA
NA
66.1
NA
NA
NA
NA
NA
NA
62.16
63.67
65.77
65.7
63.55
63.09
62.42
64.61
64.28
62.51
62.48
63.78
63.48
NA
63.64
61.49
63.62
62.52
64.13
64.18
61.94
63.81
64.63
64.62
63.12
64.29
64.94
61.48
66.29
63.06
66.02
63.01
64.91
64.31
64.93
65.98
60.45
63.19
63.09
64.19
63.75
56.55
64.74
62.14
NA
NA
NA
NA
63.07
63.75
62.34
62.35
63.55
63.25
63.12
62.36
64.0
63.55
64.08
64.18
67.28
63.27
63.55
65.47
63.3
63.53
65.45
NA
62.44
63.74
63.44
62.48
63.58
63.58
64.08
63.35
63.25
63.26
65.26
63.87
NA
60.52
62.12
64.02
64.92
NA
63.22
NA
61.66
62.45
65.82
63.13
62.31
65.77
61.98
65.53
66.08
62.08
63.11
NA
NA
64.11
62.46
63.04
63.77
63.41
65.38
62.68
62.96
63.29
62.72
63.34
62.13
64.88
64.77
63.58
NA
62.41
62.5
63.44
62.99
62.78
61.09
64.26
60.71
64.13
64.2
63.6
63.66
63.27
64.96
63.04
66.28
NA
65.13
61.62
66.26
65.71
61.31
67.31
66.11
62.31
63.85
61.38
NA
64.25
64.05
NA
NA
64.4
63.6
66.6
64.2
64.8
61.16
63.76
65.36
62.16
62.66
61.25
63.25
65.55
62.25
62.45
64.54
62.04
62.53
62.06
NA
62.82
64.51
62.5
65.98
63.87
62.96
63.31
61.11
62.15
63.45
63.35
64.36
NA
62.74
63.86
NA
63.56
NA
65.24
63.91
61.15
64.29
63.26
64.2
NA
62.27
60.97
64.84
62.86
63.1
64.09
63.81
63.81
64.71
NA
62.91
NA
63.85
61.38
63.2
61.7
62.7
64.2
62.52
62.24
62.42
63.72
63.42
63.58
63.06
66.34
65.72
64.85
62.96
62.23
63.55
63.27
64.26
NA
63.52
62.93
62.26
NA
61.81
NA
66.83
62.06
63.5
63.1
64.74
63.91
63.75
NA
NA
65.1
61.5
66.2
63.22
NA
64.07
63.96
64.22
63.57
61.63
62.76
62.62
NA
65.54
64.28
64.73
NA
64.7
65.33
NA
63.29
63.18
65.74
64.71
64.34
63.2
62.32
63.05
63.91
NA
62.59
63.27
62.9
62.62
62.42
65.52
NA
63.64
67.14
63.64
64.64
62.95
62.95
62.95
60.11
62.71
NA
63.14
62.99
64.01
64.09
63.48
60.73
63.11
61.6
62.92
64.97
64.85
62.72
64.58
61.13
62.36
62.14
NA
63.54
NA
63.04
63.44
63.24
63.14
64.84
62.64
64.56
62.66
63.86
63.96
62.96
61.49
64.47
62.47
63.07
64.68
62.45
62.9
64.14
62.85
62.33
63.73
63.73
NA
63.29
61.95
61.77
63.68
NA
66.02
64.94
62.1
60.71
63.98
62.59
63.48
NA
62.22
NA
64.04
64.24
62.68
65.08
64.48
63.18
64.68
61.21
63.88
65.47
64.74
65.05
65.05
63.29
64.38
63.35
63.35
60.69
62.25
NA
63.41
62.98
63.18
62.28
64.26
NA
NA
63.87
65.25
62.13
64.38
65.42
61.29
61.09
61.79
64.01
62.03
NA
63.56
62.17
63.81
63.82
62.14
63.54
NA
62.73
NA
NA
62.87
64.12
65.02
63.46
63.3
61.1
NA
NA
NA
64.93
62.23
62.86
61.55
62.9
63.9
62.77
NA
62.88
64.8
71.05
64.19
63.09
61.69
62.15
61.83
64.03
63.19
63.13
63.21
67.32
NA
64.43
62.72
62.45
64.37
63.43
62.53
63.43
62.83
63.78
61.84
63.75
NA
NA
NA
NA
NA
NA
NA
NA
NA
NA
NA
NA
NA
NA
NA
NA
63.42
62.42
64.12
63.18
62.68
65.84
63.87
63.07
64.07
62.87
62.67
63.87
63.07
64.47
61.37
64.47
63.27
63.67
63.27
62.4
64.5
62.1
65.9
65.26
65.19
64.14
NA
66.08
NA
63.08
66.03
63.97
63.38
62.34
64.45
61.84
65.46
61.99
NA
64.65
64.23
64.49
63.67
62.04
63.33
63.53
62.61
64.51
62.61
65.94
64.08
66.16
64.62
63.52
62.67
62.36
64.42
62.45
62.31
63.04
NA
64.15
64.45
61.66
62.41
62.11
65.89
62.55
NA
64.07
62.55
64.83
63.55
NA
62.66
64.56
63.56
63.36
NA
NA
62.68
63.34
65.9
65.59
62.15
64.54
62.97
61.93
62.83
NA
64.33
63.61
63.18
62.97
65.27
63.2
61.7
62.7
64.2
63.97
63.67
64.48
NA
NA
63.23
63.46
62.99
62.99
61.34
58.04
63.72
63.35
NA
63.76
NA
62.52
62.02
62.41
62.01
62.61
64.81
NA
62.51
63.71
63.31
64.21
62.29
61.99
62.29
66.89
64.89
NA
62.49
63.69
63.49
61.99
NA
NA
62.86
61.46
62.86
63.86
62.41
62.63
62.06
63.16
64.08
NA
NA
62.55
62.82
62.25
63.39
63.97
64.51
64.86
65.36
NA
62.16
62.72
62.7
62.57
62.76
62.92
63.61
63.02
65.77
66.36
NA
65.98
63.76
62.55
62.33
65.34
62.39
62.86
62.91
63.01
64.21
64.08
63.15
61.7
61.75
61.75
63.05
64.45
63.95
NA
65.65
63.55
62.25
63.95
62.65
61.45
63.95
63.15
63.64
63.18
62.37
64.77
NA
61.44
63.86
62.85
62.95
62.71
NA
64.46
NA
NA
61.96
62.96
62.36
61.96
NA
NA
63.26
NA
NA
62.86
62.56
64.96
63.0
63.2
NA
65.9
63.49
NA
62.89
63.74
62.49
64.64
64.99
60.7
62.13
NA
NA
NA
NA
NA
NA
NA
62.77
63.77
65.77
NA
62.67
62.0
64.0
63.12
64.32
64.23
65.06
62.86
64.14
63.5
NA
63.69
62.74
62.88
63.99
63.28
63.48
64.08
64.68
63.08
64.38
62.88
NA
NA
NA
64.19
61.64
64.26
NA
58.81
62.62
60.92
63.62
64.12
65.08
63.88
62.93
61.98
62.34
63.09
63.33
64.12
62.63
63.72
63.82
62.6
NA
64.53
64.77
NA
62.07
63.17
65.95
63.17
66.17
64.18
63.95
NA
NA
NA
NA
63.56
61.76
63.24
66.24
65.19
64.31
65.41
62.99
63.19
62.72
62.39
62.63
54.37
61.75
63.12
62.22
61.84
61.94
62.74
63.04
62.63
61.73
63.03
65.13
63.83
63.43
63.83
60.45
62.68
NA
NA
NA
64.67
63.69
64.47
64.49
63.49
NA
62.98
62.71
63.66
62.07
63.02
63.12
64.95
63.36
NA
62.19
NA
62.47
NA
NA
62.35
65.58
62.66
63.92
61.62
63.12
NA
63.32
64.32
63.22
NA
63.82
66.52
63.82
63.32
63.82
63.32
62.82
64.02
63.32
64.22
63.12
63.45
65.76
63.91
62.64
63.0
64.26
63.03
63.62
63.43
61.62
65.06
67.07
63.0
63.09
63.33
64.38
NA
NA
63.03
62.01
61.96
NA
63.9
62.63
NA
NA
NA
62.82
64.55
62.25
62.95
NA
64.87
63.34
64.41
64.59
62.12
66.67
63.01
63.91
63.51
63.14
63.11
62.92
63.97
62.77
NA
62.37
NA
61.42
63.31
62.39
66.06
63.66
60.82
63.87
63.44
63.4
64.33
NA
62.47
64.75
63.91
NA
NA
61.83
62.77
64.54
63.46
NA
63.71
62.31
64.61
61.51
62.11
63.38
58.08
NA
64.04
64.33
62.4
62.9
59.28
63.66
65.27
NA
62.48
NA
61.85
62.23
63.19
65.58
61.36
63.26
NA
62.56
62.96
63.08
63.16
63.18
63.21
62.98
63.13
63.28
63.24
63.14
63.56
62.7
63.26
63.06
63.17
66.33
64.8
64.46
63.03
63.43
64.35
63.35
63.15
62.75
63.85
63.05
NA
64.04
NA
62.42
62.94
66.82
61.71
63.52
63.06
64.82
64.04
63.67
NA
NA
NA
NA
63.3
65.77
NA
62.5
64.85
NA
61.91
62.56
NA
62.76
63.16
64.36
62.36
64.03
64.82
65.97
62.64
61.44
62.24
63.84
63.12
NA
62.52
64.12
64.81
NA
64.77
62.2
63.6
64.2
66.48
64.88
62.23
62.52
61.58
64.09
64.31
64.06
62.57
62.48
64.02
64.63
61.42
61.08
63.06
62.99
61.84
63.33
62.97
62.93
62.9
61.56
64.38
64.52
64.48
63.03
64.53
64.55
64.81
62.89
61.99
NA
NA
61.79
64.09
62.19
NA
63.26
NA
62.76
63.96
64.86
65.16
62.26
64.06
64.66
NA
62.06
64.18
63.79
NA
NA
62.55
63.31
63.31
64.71
62.45
64.97
63.11
62.54
62.61
63.05
64.32
61.88
66.2
NA
62.7
NA
64.68
64.95
63.71
62.91
63.51
62.71
NA
64.21
63.91
61.41
64.91
61.31
63.41
63.81
63.01
62.4
NA
65.52
64.26
64.71
NA
64.68
63.84
63.94
63.14
64.24
62.61
61.91
62.91
63.26
64.19
64.75
61.29
54.37
56.05
63.44
61.32
57.89
61.8
63.41
61.62
59.65
61.77
63.32
NA
NA
NA
NA
64.83
62.73
66.03
64.53
NA
NA
NA
NA
63.28
63.1
63.37
62.97
63.38
63.69
63.22
63.35
63.14
61.35
60.83
61.33
62.53
63.23
65.73
66.43
64.43
65.44
62.75
63.19
63.31
NA
62.39
63.8
63.75
NA
63.33
65.95
NA
NA
63.62
62.13
NA
63.44
NA
64.84
61.47
62.61
64.59
61.16
NA
64.72
63.36
64.1
63.77
65.17
64.7
63.04
63.1
61.34
62.69
62.93
61.33
61.6
62.49
NA
62.33
55.59
64.18
62.07
NA
NA
NA
NA
NA
62.62
NA
64.36
62.76
64.33
64.37
63.44
61.2
64.54
62.93
64.46
63.84
64.32
63.12
NA
61.68
64.05
60.88
NA
63.26
62.27
63.17
64.72
63.84
NA
66.65
61.46
63.46
64.26
64.26
62.96
62.46
64.76
65.3
62.69
63.78
63.98
63.18
63.71
65.45
NA
NA
62.34
63.69
63.15
64.06
62.57
62.48
64.02
64.63
63.5
NA
NA
64.14
NA
63.37
64.27
63.27
62.37
62.78
61.86
65.18
64.68
NA
62.53
61.1
61.73
65.21
61.05
62.75
61.87
61.75
62.55
64.15
63.51
61.74
61.95
64.35
63.85
61.99
62.26
NA
63.25
64.28
62.67
64.09
65.15
64.16
63.68
60.88
NA
65.38
62.42
63.62
63.02
63.28
62.88
63.48
NA
63.38
62.68
65.18
NA
NA
NA
NA
NA
NA
NA
62.7
64.2
61.2
62.34
65.53
65.22
NA
62.79
61.62
NA
62.85
64.72
62.53
66.18
63.58
61.74
NA
62.92
64.86
62.64
65.74
NA
NA
64.05
NA
NA
64.36
62.97
62.87
63.38
62.98
62.89
63.25
61.49
60.48
62.21
54.63
63.67
66.57
64.76
62.07
61.47
61.97
64.17
63.07
62.64
64.04
63.62
66.51
63.69
64.69
62.49
61.69
64.79
NA
64.89
62.66
62.62
62.23
NA
62.04
64.04
62.54
64.18
61.03
62.36
63.79
62.52
64.42
64.57
62.52
64.4
62.33
63.23
63.11
63.46
NA
NA
65.22
63.41
64.14
64.04
64.16
63.72
63.25
63.9
63.27
63.95
NA
NA
62.7
63.68
63.05
63.36
64.89
63.96
65.67
61.09
61.91
NA
61.28
62.09
65.13
NA
64.4
59.0
NA
63.1
62.2
62.2
NA
NA
64.61
NA
66.41
64.32
62.36
62.48
NA
63.42
61.68
NA
63.68
NA
62.9
63.36
62.83
62.66
NA
64.79
65.99
NA
NA
62.8
65.67
65.29
60.68
NA
64.11
63.11
64.24
63.03
62.48
64.23
66.64
NA
64.42
64.19
60.58
64.81
63.27
62.49
63.54
62.27
60.42
62.67
64.92
62.75
63.65
64.65
62.45
61.9
62.85
63.95
62.53
63.76
61.78
63.23
63.0
65.17
64.32
63.87
NA
64.94
66.49
NA
NA
63.45
62.62
63.0
61.15
63.26
63.26
NA
NA
61.39
61.39
62.87
62.78
63.61
63.37
NA
63.78
NA
64.03
63.53
61.88
62.88
65.08
62.98
66.16
67.36
62.86
63.06
63.11
64.51
65.81
62.71
NA
63.08
NA
NA
NA
63.03
64.51
64.43
63.48
63.05
64.05
65.85
63.2
NA
62.33
62.86
62.36
63.3
62.59
63.41
63.57
62.79
61.78
NA
62.08
NA
62.91
62.95
62.95
62.65
61.97
62.78
62.73
65.25
64.33
63.13
64.71
62.78
65.3
64.34
63.14
64.75
NA
61.97
63.28
62.89
64.69
62.3
62.72
63.99
NA
63.12
61.22
63.62
65.62
62.71
61.2
61.61
64.5
62.31
66.6
62.5
63.72
64.77
62.32
63.02
64.12
NA
NA
65.49
65.19
63.58
60.61
62.21
61.96
61.87
65.2
63.67
62.84
61.69
65.1
62.93
63.05
63.61
64.79
62.79
63.09
63.0
63.73
65.42
62.32
61.82
62.62
NA
62.73
63.56
62.66
61.83
62.7
64.78
61.96
66.3
63.33
63.45
63.52
63.28
NA
61.95
62.84
63.7
62.41
63.56
63.96
63.38
61.14
65.93
NA
NA
NA
NA
NA
NA
NA
NA
NA
NA
NA
NA
63.3
65.21
62.7
64.14
64.2
63.94
62.11
63.74
62.85
63.42
64.97
63.81
64.38
63.55
61.63
NA
62.2
65.6
NA
63.8
63.7
NA
NA
65.01
64.06
63.16
62.85
63.84
64.44
64.22
61.92
NA
NA
62.61
NA
NA
64.73
61.71
61.71
63.51
62.11
63.01
61.31
NA
62.31
57.59
63.79
62.19
63.25
64.2
63.92
NA
62.82
66.1
65.23
64.15
64.63
64.1
65.53
62.64
64.5
64.39
64.02
64.4
64.05
NA
64.6
63.2
62.2
63.07
65.75
NA
62.37
NA
66.27
62.97
63.34
62.61
61.77
63.04
63.94
65.44
64.04
64.54
62.51
62.44
63.38
64.91
63.52
64.69
64.91
64.94
62.62
62.76
62.76
62.66
62.66
63.66
64.9
63.39
63.05
63.85
63.66
60.96
63.76
62.76
63.62
63.6
62.69
63.89
64.79
62.94
63.88
NA
NA
66.43
NA
63.13
64.48
NA
NA
61.76
NA
64.7
65.22
64.08
62.23
62.6
65.67
63.11
65.19
63.23
63.47
62.47
NA
65.51
64.2
63.51
62.63
63.31
64.86
61.87
62.68
64.02
63.72
63.96
64.88
61.91
62.71
62.7
62.47
63.38
63.53
62.67
NA
62.91
62.14
65.52
65.27
61.91
61.31
61.61
63.91
63.11
NA
62.22
NA
NA
64.27
61.68
62.35
65.14
62.61
62.77
62.93
63.39
63.39
63.48
63.18
NA
63.69
63.85
63.54
64.89
61.54
63.42
63.6
62.99
65.49
64.09
62.39
65.09
62.49
64.01
62.69
63.71
NA
NA
NA
65.1
63.59
62.14
63.99
62.8
64.13
62.6
64.3
65.96
63.66
63.86
63.5
62.26
64.36
63.26
63.36
63.46
63.66
63.14
63.48
NA
62.89
64.67
61.72
62.62
63.9
62.4
NA
63.91
64.22
63.13
NA
62.34
NA
62.9
65.28
62.73
62.79
64.72
64.29
NA
NA
62.9
62.34
62.56
63.31
63.37
62.43
63.43
65.43
63.53
63.93
NA
NA
NA
NA
NA
62.38
NA
NA
64.35
64.92
62.3
63.86
65.04
63.63
65.16
64.62
63.14
63.84
61.94
64.04
63.56
NA
61.77
62.09
NA
NA
61.83
62.4
63.22
63.62
61.85
63.42
NA
64.51
63.47
62.23
63.53
62.38
63.1
63.55
63.8
NA
62.56
63.24
62.74
63.74
63.41
63.41
62.92
61.48
64.57
63.74
64.32
63.76
62.91
65.64
62.88
61.31
62.86
61.48
66.03
63.82
61.55
NA
61.61
64.37
63.11
61.65
61.77
62.59
64.19
66.58
62.06
62.48
62.65
63.95
61.65
62.85
64.81
64.53
65.91
62.24
NA
64.4
62.9
NA
63.0
NA
NA
NA
64.96
64.74
64.16
63.81
63.1
63.84
NA
62.44
NA
NA
63.14
64.04
62.94
64.34
62.74
62.54
64.04
62.74
63.64
63.47
66.05
62.66
65.33
62.93
62.9
63.56
NA
62.94
63.07
63.3
NA
63.3
63.07
62.44
62.67
61.56
63.9
65.34
64.7
65.36
64.86
62.2
64.84
62.72
63.02
63.42
64.32
62.21
62.34
64.2
61.89
NA
62.45
64.02
65.66
62.4
62.37
63.83
63.83
62.65
62.83
62.86
63.36
64.36
62.85
62.07
62.8
65.35
64.13
NA
NA
65.65
64.86
62.73
63.08
62.3
63.65
63.49
61.42
62.95
62.25
60.33
63.18
61.38
65.88
65.28
64.1
NA
64.68
65.28
NA
63.73
62.03
NA
64.03
61.03
61.93
64.53
62.61
64.91
61.31
64.06
62.8
66.03
NA
64.23
64.02
65.51
63.79
64.01
NA
63.01
63.41
62.47
63.27
64.79
63.87
62.93
65.38
56.64
NA
66.04
64.96
62.43
63.89
63.54
63.95
63.69
61.83
62.63
63.33
63.83
67.03
NA
62.76
62.87
63.61
NA
65.56
66.44
61.94
64.24
62.74
NA
64.64
63.74
65.44
65.14
63.22
62.82
62.72
62.62
62.62
63.72
63.25
66.35
63.25
63.65
63.98
61.98
62.18
63.88
61.59
64.29
63.89
62.94
62.64
NA
65.34
63.24
61.34
62.94
NA
NA
63.14
65.44
63.1
63.38
62.21
63.15
66.2
62.85
63.25
62.25
63.25
63.25
62.46
63.66
63.26
NA
NA
NA
64.28
65.24
NA
NA
62.08
63.58
63.58
62.27
63.17
63.37
62.11
63.71
63.31
63.35
62.97
62.19
63.34
65.01
64.08
64.1
62.28
64.35
NA
62.7
66.4
62.98
63.6
65.42
62.93
64.04
63.44
65.33
62.94
64.04
63.5
62.43
63.33
64.73
62.53
64.27
66.17
64.43
63.57
64.08
64.72
NA
64.18
NA
NA
NA
62.9
64.13
62.84
62.72
NA
NA
64.06
64.89
64.38
64.86
62.96
NA
NA
NA
65.81
62.25
NA
62.51
62.92
63.85
64.35
63.46
64.69
64.72
63.32
63.42
65.02
NA
NA
63.12
65.02
NA
63.23
60.83
62.13
65.93
NA
NA
NA
62.69
NA
63.2
60.5
62.7
62.7
63.76
63.15
64.77
63.37
NA
65.07
NA
NA
62.97
63.07
64.29
62.59
63.15
63.29
64.49
62.99
63.99
64.99
NA
63.79
64.24
64.16
64.03
63.35
62.5
65.46
61.65
66.25
63.45
62.13
63.33
NA
NA
62.63
65.9
63.38
65.34
61.54
66.24
62.82
64.23
62.91
63.32
64.96
62.97
63.33
64.03
64.61
63.59
62.87
62.33
65.32
65.24
63.48
62.98
62.78
63.58
63.28
62.78
61.88
62.98
64.52
64.72
63.02
63.62
64.39
64.49
62.69
64.69
63.34
63.52
63.55
NA
64.95
64.24
63.08
64.35
64.19
63.97
63.5
62.61
64.04
66.23
63.35
61.92
NA
63.74
62.8
64.09
64.06
62.14
64.14
61.04
62.54
64.81
NA
63.97
62.96
NA
62.17
64.25
63.2
62.63
65.36
62.5
65.6
62.37
NA
61.94
56.37
NA
63.08
61.27
62.49
63.07
62.79
64.94
62.41
65.68
62.08
63.87
NA
63.37
63.27
62.17
62.87
61.67
66.47
64.67
65.01
64.81
64.89
64.94
64.46
61.05
62.34
63.06
64.06
61.23
63.23
64.03
65.23
63.03
63.21
62.13
58.85
62.74
NA
NA
62.89
63.73
63.24
61.36
63.41
67.4
66.63
63.33
63.27
61.84
64.84
NA
62.44
NA
NA
63.74
63.44
NA
63.14
63.54
63.14
NA
62.94
63.54
63.14
61.34
63.13
63.43
63.43
63.63
61.53
NA
62.63
65.04
64.79
65.23
NA
62.68
64.68
64.98
65.18
64.07
62.48
62.48
62.48
62.42
63.73
63.08
65.38
61.45
62.1
63.1
62.8
64.3
63.05
66.02
64.01
62.42
62.47
62.65
61.37
62.97
64.3
65.0
62.1
NA
NA
NA
NA
NA
61.64
61.79
NA
63.11
64.43
NA
NA
61.91
NA
62.51
63.83
63.71
62.81
NA
61.52
63.14
NA
63.46
64.43
63.87
63.85
63.98
62.92
NA
64.48
63.21
64.21
63.81
63.21
64.71
NA
63.62
63.52
61.32
63.82
63.52
62.89
62.55
62.67
62.17
65.52
62.41
63.25
62.29
62.15
64.09
62.53
NA
63.37
64.09
63.12
63.2
62.81
63.68
63.28
63.9
63.38
63.68
63.38
NA
62.79
65.73
NA
NA
64.14
63.54
65.72
65.28
63.0
63.35
62.6
64.27
63.69
64.64
62.97
63.83
66.0
64.14
61.81
62.5
62.82
64.13
65.51
63.79
64.33
63.53
64.05
64.94
64.02
61.92
60.71
61.67
64.68
63.81
61.72
61.98
64.19
63.99
63.59
61.75
63.16
62.62
61.36
63.67
65.86
62.72
62.8
62.66
64.38
67.04
63.03
65.91
63.18
63.1
65.55
64.09
62.75
65.32
65.38
62.99
66.07
62.33
63.22
64.85
64.66
62.38
63.39
63.39
65.87
NA
65.16
63.59
61.03
62.68
65.4
63.02
65.34
62.74
62.75
63.71
62.38
62.88
62.45
65.7
65.2
63.67
NA
63.18
63.38
63.88
61.38
63.18
63.58
63.63
NA
62.88
63.78
63.52
63.85
63.08
63.4
65.12
63.4
63.4
64.05
63.3
62.93
63.23
63.43
63.93
61.63
62.93
63.49
63.65
61.44
62.93
63.57
63.29
63.37
62.97
63.2
64.98
63.18
61.58
65.28
NA
NA
NA
NA
63.05
62.4
NA
NA
NA
NA
64.57
64.05
63.49
64.37
66.49
65.49
61.48
NA
61.5
61.36
63.26
63.94
63.17
65.03
62.48
63.32
65.04
63.68
65.85
NA
61.34
63.52
63.28
62.58
62.42
62.42
62.66
61.51
NA
63.8
62.14
66.04
62.55
64.71
64.31
63.31
64.56
64.16
63.26
62.35
61.63
64.73
62.41
NA
62.33
63.57
63.19
63.54
63.31
62.95
63.14
63.64
62.69
63.16
63.33
62.6
61.96
64.76
64.06
64.76
62.16
63.76
62.96
64.96
61.66
62.81
62.64
63.66
64.36
63.67
63.46
63.42
63.25
63.41
62.76
62.91
62.64
62.81
62.66
62.84
63.76
61.32
64.07
62.35
NA
63.64
64.56
64.82
63.82
62.67
64.21
63.74
62.7
63.3
65.3
62.45
62.45
63.08
63.17
63.57
64.76
64.38
64.67
NA
62.77
62.17
65.55
63.47
61.51
NA
64.23
63.41
64.38
61.33
62.97
63.64
62.85
63.8
61.59
65.5
63.46
62.35
63.65
64.9
62.1
64.87
NA
65.18
63.63
62.52
64.95
63.28
62.07
61.75
61.86
61.9
61.94
62.73
63.54
63.01
61.01
61.57
62.96
62.88
65.76
62.92
63.59
65.08
63.48
63.45
65.55
62.94
64.46
62.28
NA
63.94
61.42
63.29
63.89
63.01
60.99
66.19
65.6
63.99
63.18
64.98
62.33
NA
63.73
63.13
63.33
62.23
63.13
63.25
62.64
63.2
63.96
NA
62.87
NA
63.19
NA
62.7
61.83
62.97
63.69
62.25
63.35
63.49
63.1
NA
63.24
61.94
62.29
NA
62.35
62.63
62.47
63.1
65.82
65.37
64.33
NA
63.23
62.7
62.95
63.45
NA
64.02
64.4
NA
62.92
62.8
62.31
63.15
63.4
62.89
66.42
63.47
63.49
63.76
61.57
62.64
63.6
64.86
64.35
62.49
64.78
62.65
63.17
64.97
64.07
62.07
62.77
63.65
64.85
63.57
64.06
63.42
62.47
63.2
62.74
63.14
NA
62.85
61.97
63.27
63.67
65.24
62.93
65.14
62.44
61.84
62.84
64.44
63.74
62.24
63.95
62.34
63.93
63.44
64.84
64.14
63.92
63.62
64.99
62.09
62.56
65.49
59.96
62.44
64.28
NA
63.84
63.39
65.12
64.13
65.65
62.5
62.38
63.93
63.95
62.68
62.66
63.99
65.55
64.78
62.92
64.23
62.9
63.07
64.16
64.16
NA
63.12
63.93
61.36
NA
NA
66.18
63.68
63.38
63.08
61.38
62.2
62.62
65.91
NA
62.71
65.63
64.02
63.97
63.59
65.17
62.17
62.82
64.35
64.4
62.23
63.9
61.82
63.67
62.58
NA
NA
62.47
62.73
62.97
NA
62.97
62.73
NA
64.02
61.93
63.15
63.12
62.84
62.79
NA
NA
NA
61.77
64.46
62.94
62.31
NA
NA
NA
63.3
64.17
NA
63.61
62.31
NA
63.11
NA
62.87
63.64
63.02
63.71
62.61
63.91
62.31
63.21
64.49
62.86
64.86
61.1
65.58
61.07
64.75
64.51
62.62
64.75
62.62
65.1
61.7
66.4
62.29
62.68
64.06
NA
63.87
62.88
61.15
60.99
63.48
66.04
63.23
63.87
61.45
63.38
62.79
63.39
62.22
NA
NA
63.09
61.59
64.69
NA
62.78
64.1
63.01
63.08
62.23
62.21
62.46
63.12
64.74
NA
64.12
NA
63.16
63.03
63.2
63.14
62.27
62.9
62.31
NA
NA
NA
NA
63.08
62.08
61.8
62.8
63.8
62.2
65.9
62.6
66.59
63.42
62.31
63.22
62.84
62.74
62.24
64.34
NA
63.73
NA
63.33
NA
62.83
62.77
64.37
63.97
65.87
63.57
63.57
63.66
63.44
NA
NA
NA
63.6
65.04
61.51
63.71
62.81
64.91
62.05
62.91
62.75
63.65
65.52
61.64
62.1
62.94
63.65
63.05
64.31
62.92
66.05
NA
63.17
63.61
62.25
61.61
64.54
64.43
62.73
62.33
61.53
62.73
63.09
63.49
66.09
64.19
62.69
62.06
61.89
65.08
64.82
63.58
61.58
62.99
61.4
65.53
NA
NA
NA
NA
NA
NA
NA
64.82
64.58
62.36
61.97
62.11
63.15
64.03
65.63
64.25
63.85
63.55
63.55
64.65
62.65
63.65
NA
62.91
62.32
62.92
NA
63.94
66.26
NA
63.64
NA
62.41
63.73
61.91
64.7
64.3
64.1
63.3
64.12
64.89
62.4
63.98
63.92
63.74
NA
63.76
64.12
64.86
62.29
63.97
63.89
63.71
NA
63.74
63.76
62.56
62.16
62.36
61.87
63.83
62.64
NA
62.61
61.95
66.07
61.92
62.85
62.01
62.54
63.4
63.54
NA
NA
NA
59.05
65.23
NA
62.28
NA
NA
62.48
NA
63.32
NA
NA
62.27
64.6
66.35
63.17
NA
NA
61.85
64.35
66.29
62.78
63.14
62.77
64.47
64.82
NA
63.07
NA
65.29
63.55
62.81
64.6
61.96
62.17
61.19
61.65
62.01
62.23
61.17
61.73
NA
62.86
62.76
63.54
61.96
65.58
60.58
61.77
63.33
62.72
65.38
61.17
62.83
63.3
63.66
NA
NA
NA