65.2
66.55
NA
64.92
68.25
65.59
66.29
64.55
64.83
66.14
66.6
61.18
66.38
64.65
65.98
65.83
66.07
66.27
65.44
64.79
66.79
66.12
65.75
64.87
64.49
65.66
65.67
62.0
65.21
65.97
65.77
65.37
66.27
66.09
65.67
65.59
65.37
64.81
64.22
64.27
64.44
65.91
64.74
65.55
64.53
65.55
66.29
64.53
64.43
65.54
64.96
65.79
65.28
66.08
62.17
64.5
65.47
66.25
64.57
64.24
64.63
61.18
65.91
65.24
66.1
65.65
65.46
65.77
65.21
66.24
65.7
66.17
65.55
66.37
66.88
65.48
66.39
65.54
65.56
NA
NA
NA
66.55
65.87
65.02
65.95
65.85
64.72
66.78
65.98
64.93
64.79
65.31
64.62
65.73
65.93
67.07
NA
65.42
66.33
67.26
66.03
65.72
NA
NA
NA
NA
NA
65.85
66.19
65.71
66.0
64.75
63.37
67.18
66.4
64.54
64.27
64.87
NA
66.24
64.93
65.85
65.75
66.05
NA
NA
65.9
63.26
66.19
63.68
65.76
66.72
65.93
65.68
66.21
66.26
66.97
65.23
63.93
66.28
65.67
65.56
66.05
65.0
64.94
NA
65.59
65.84
64.65
64.99
65.92
66.18
NA
66.29
67.55
65.1
64.63
66.09
66.27
63.35
64.09
65.24
65.8
65.74
65.78
62.89
65.25
63.75
66.84
68.04
NA
NA
NA
NA
62.03
NA
NA
NA
NA
NA
NA
NA
NA
64.39
64.22
63.73
65.99
66.82
66.18
NA
NA
65.39
NA
65.69
NA
NA
65.18
66.46
65.47
NA
NA
NA
66.41
NA
NA
65.55
65.56
67.09
64.11
64.31
NA
66.8
63.58
NA
NA
65.27
66.32
65.94
NA
63.42
67.11
66.48
67.26
66.07
65.64
65.32
64.62
66.3
65.7
63.14
66.19
65.67
NA
66.37
65.02
64.23
64.43
64.03
66.27
65.18
65.38
65.49
65.57
66.61
66.91
64.8
65.74
65.54
65.14
65.94
NA
64.67
66.33
66.45
65.35
66.3
64.89
65.93
NA
65.82
65.62
64.82
66.19
62.71
65.97
66.21
62.44
66.21
65.71
64.94
64.67
64.77
66.78
65.23
67.13
67.07
66.34
NA
65.95
65.82
NA
65.92
65.79
66.04
65.57
66.23
64.87
NA
64.07
65.85
64.29
65.4
64.97
64.51
65.21
67.4
65.98
65.6
63.71
65.07
66.92
65.7
65.45
65.12
65.12
66.72
65.97
65.61
67.14
63.7
65.92
NA
64.52
65.47
65.92
65.65
62.87
65.37
63.81
65.96
63.0
66.44
66.73
65.41
64.55
65.9
66.7
65.91
65.1
64.09
65.53
65.92
66.0
NA
64.98
66.24
65.65
65.36
66.42
NA
66.62
66.12
65.57
66.11
66.01
66.6
66.9
66.44
64.94
65.31
65.33
66.17
64.71
63.66
66.18
65.84
66.53
65.8
66.12
65.56
65.72
65.44
65.54
66.16
66.66
65.01
NA
66.57
65.78
65.86
65.9
65.84
66.42
65.52
66.44
NA
64.94
66.04
65.14
65.06
66.03
65.64
65.44
64.34
NA
66.25
65.29
65.44
65.38
65.17
64.53
65.35
65.18
67.63
66.65
66.79
66.12
65.86
66.32
65.99
65.53
63.8
66.12
66.16
64.81
64.57
65.92
66.55
66.07
64.71
66.56
NA
66.22
65.62
65.12
65.56
65.96
66.64
64.48
65.0
66.04
65.08
64.96
65.08
63.83
63.95
64.41
65.71
66.91
67.21
63.81
66.01
62.91
64.41
65.21
65.59
67.19
63.89
65.99
62.79
64.79
65.89
63.86
64.87
64.84
66.76
62.66
65.39
65.59
65.09
67.35
66.25
65.8
66.22
63.87
66.77
66.37
65.06
66.17
58.42
63.92
64.58
65.94
65.04
66.17
65.19
66.01
64.51
64.89
66.96
65.64
64.64
66.17
65.09
64.42
62.72
65.38
62.99
66.31
65.31
65.27
62.62
65.92
65.63
65.91
66.79
NA
65.0
65.52
65.46
65.26
65.86
66.06
66.06
65.45
65.06
65.78
65.4
64.98
66.25
65.84
64.85
65.04
65.31
65.35
66.46
66.09
66.89
66.76
66.31
66.11
63.25
NA
65.51
66.54
NA
65.87
61.01
61.81
66.41
NA
66.55
66.06
65.68
NA
NA
NA
NA
64.91
65.43
65.75
64.35
65.87
64.57
65.66
66.73
65.65
66.21
65.82
66.22
65.3
65.33
64.53
65.04
65.31
65.35
65.6
65.37
66.72
65.15
64.98
64.36
66.36
64.01
65.48
66.05
65.45
65.8
64.7
65.87
66.28
66.68
65.54
65.5
65.55
65.4
65.93
68.11
NA
65.05
65.51
65.6
65.52
66.53
65.23
65.9
66.07
66.91
65.59
66.69
66.47
65.63
65.08
65.5
65.6
65.1
66.81
65.35
65.98
62.47
67.03
64.03
65.83
66.27
66.38
67.15
66.15
65.65
64.95
64.84
66.09
65.61
64.07
65.88
65.59
64.08
65.86
64.15
64.21
65.64
63.76
65.85
65.93
64.78
65.27
66.1
NA
65.67
64.92
65.51
65.61
65.35
66.25
65.45
NA
65.2
66.26
63.85
67.33
65.55
65.71
68.71
66.21
65.75
65.01
67.17
66.27
65.96
66.73
62.71
66.34
62.49
65.99
65.09
66.68
65.58
65.43
NA
65.93
64.58
65.17
64.69
64.52
NA
65.83
64.97
66.73
64.99
66.35
65.29
66.49
66.26
64.86
64.16
NA
65.92
63.97
64.86
65.59
65.72
65.93
66.82
65.13
NA
65.71
NA
66.03
62.7
65.46
65.44
65.83
65.19
65.54
65.91
66.01
65.82
66.58
65.1
65.8
65.32
66.56
66.29
65.69
66.77
65.58
66.18
65.11
67.55
64.56
66.35
66.55
66.11
62.81
65.2
65.99
67.25
66.02
66.64
66.43
62.59
62.36
66.44
65.68
64.67
NA
66.34
64.72
66.11
65.74
65.52
65.62
66.92
66.09
65.81
66.23
NA
65.77
NA
66.49
65.0
NA
65.76
64.97
64.55
65.78
65.79
64.62
64.39
65.64
64.94
63.43
66.47
65.68
66.57
66.7
65.5
65.36
65.6
65.57
64.67
66.37
65.15
66.33
66.83
64.81
64.65
65.73
NA
64.25
65.68
64.68
65.78
NA
64.88
66.31
66.45
64.99
62.17
66.05
NA
66.11
65.75
64.69
66.08
65.4
65.25
65.88
65.34
65.76
NA
64.75
63.79
63.89
63.33
65.43
64.93
67.87
66.7
65.6
65.78
64.95
65.48
NA
NA
NA
NA
66.67
63.94
65.48
65.56
66.85
67.14
63.57
65.87
62.67
64.45
65.41
67.36
65.16
66.08
65.67
61.87
65.95
66.01
66.03
65.93
63.49
65.28
NA
64.82
66.18
NA
NA
66.45
65.03
64.29
64.37
65.6
66.57
NA
65.44
NA
64.85
64.95
67.45
65.85
64.47
66.58
65.44
66.1
65.73
NA
NA
65.08
64.87
65.1
65.32
65.68
65.21
65.36
65.16
67.57
66.65
65.41
64.34
63.89
65.58
65.74
66.01
66.06
66.2
66.44
64.55
65.34
65.58
64.67
64.08
67.38
66.61
65.41
66.08
65.14
64.89
66.45
66.98
65.06
65.65
66.66
67.09
64.34
64.75
67.7
65.75
65.87
68.34
65.9
63.17
65.52
NA
65.51
65.39
65.03
65.71
65.39
65.01
65.42
66.17
66.41
64.51
65.37
65.46
65.79
65.78
65.57
NA
NA
NA
65.48
65.98
66.8
66.4
65.78
66.12
65.24
66.42
64.74
62.3
66.09
NA
NA
NA
NA
65.06
66.79
65.0
66.79
65.33
65.33
65.07
65.16
64.95
58.77
65.28
65.67
64.99
65.67
66.16
65.28
65.14
NA
NA
66.28
63.81
64.88
63.72
64.79
65.12
64.94
65.92
66.59
64.04
65.35
65.51
64.03
65.54
65.68
66.09
NA
NA
NA