33.4
33.1
33.04
31.98
28.82
31.22
32.07
32.17
32.18
32.4
29.51
30.17
32.83
30.67
32.04
32.91
33.44
29.21
30.7
31.07
33.43
28.5
31.79
32.6
31.86
33.56
33.49
NA
29.36
27.73
33.67
33.46
29.1
31.69
32.72
28.37
31.24
34.51
NA
33.86
29.49
30.86
30.5
32.45
28.44
32.76
32.72
31.81
29.36
29.89
28.58
31.45
30.66
29.32
32.81
31.48
32.01
30.76
31.73
32.44
31.91
34.47
NA
33.25
NA
NA
30.95
29.83
30.26
33.27
32.8
31.56
30.76
29.18
34.77
31.73
31.47
31.74
28.03
31.05
31.17
NA
28.43
32.85
30.85
29.94
32.36
32.74
32.12
32.26
NA
32.33
NA
30.83
31.21
32.24
28.43
30.85
29.78
32.23
29.96
NA
30.91
31.57
28.53
30.25
32.04
30.01
31.73
28.93
29.37
28.98
28.48
31.55
32.38
31.76
29.18
32.39
33.58
31.56
32.19
33.79
31.8
29.75
31.59
28.38
NA
31.48
31.16
34.89
32.05
33.21
31.89
30.82
30.96
32.59
33.47
35.98
29.93
32.21
32.16
32.01
27.91
NA
NA
31.48
34.12
29.26
32.4
30.49
28.07
33.21
31.39
32.38
30.83
29.64
30.46
29.31
33.06
29.28
31.92
30.56
30.15
33.36
29.78
30.49
32.77
NA
31.8
32.69
30.8
32.04
31.96
29.59
NA
29.0
36.6
33.29
31.63
NA
29.05
28.33
30.72
33.52
33.12
33.23
31.28
29.12
30.52
33.5
28.35
NA
29.14
32.09
32.63
33.62
28.67
30.5
32.42
32.13
NA
28.62
30.47
32.18
31.27
32.68
27.98
33.82
29.14
31.27
32.78
28.54
29.64
31.29
31.85
32.64
31.85
31.09
31.66
30.23
32.5
31.15
31.21
31.82
28.43
32.58
32.12
31.81
28.96
29.29
30.48
31.54
30.21
32.28
31.85
31.4
30.51
30.27
31.86
30.77
28.43
30.44
28.77
31.84
31.26
29.57
NA
30.68
33.49
32.0
29.87
30.17
32.21
NA
31.65
30.64
30.52
29.44
33.43
NA
31.0
32.26
34.73
31.31
32.12
28.91
29.58
29.55
29.49
29.58
29.6
29.53
31.52
30.55
32.1
30.98
32.1
NA
28.11
NA
33.21
NA
29.45
32.54
29.44
30.05
33.32
NA
29.45
33.74
32.06
31.76
31.34
30.13
32.64
32.42
32.96
31.72
30.55
25.72
30.22
28.12
29.32
28.62
32.48
29.88
27.96
NA
29.22
33.09
NA
29.14
32.06
30.05
29.25
29.35
27.35
34.55
33.26
31.83
33.62
27.52
32.42
NA
31.93
30.17
31.96
32.95
29.94
30.84
34.04
31.74
32.18
31.55
28.14
32.0
33.08
29.91
31.93
32.12
30.8
28.17
29.82
29.53
30.3
31.58
29.38
30.34
NA
27.86
29.82
29.0
34.65
NA
NA
32.94
30.6
31.52
29.05
31.06
NA
NA
32.32
31.16
31.22
30.06
31.73
32.78
32.32
28.5
31.41
33.29
32.88
32.84
28.76
NA
32.29
32.36
28.61
NA
32.58
30.35
27.33
31.4
32.59
28.38
31.7
31.3
32.09
31.58
33.36
32.35
31.84
32.45
31.27
30.1
34.2
NA
31.0
NA
33.0
29.88
28.39
31.71
31.31
32.11
31.59
29.59
30.1
29.72
30.16
30.33
30.11
32.01
31.7
30.55
32.46
31.85
31.65
30.48
32.39
31.9
31.68
30.44
32.54
31.96
31.71
30.41
32.52
31.96
31.71
30.41
32.52
32.4
30.87
32.38
30.88
27.72
31.56
29.73
30.82
29.07
29.24
30.09
29.06
29.18
29.03
30.24
31.25
28.83
32.01
31.99
31.77
31.13
30.02
NA
30.87
30.97
31.42
30.15
32.27
27.32
29.65
30.59
NA
30.38
NA
NA
32.04
31.72
28.99
NA
31.43
29.1
NA
NA
NA
NA
NA
NA
31.94
31.02
32.8
32.04
NA
29.69
31.5
30.81
30.42
31.57
30.75
30.43
31.62
30.75
30.48
32.98
31.29
33.16
35.19
32.0
NA
30.27
31.67
28.47
31.87
29.64
33.19
33.7
32.48
32.57
NA
29.67
30.02
29.21
31.55
28.97
28.87
29.25
30.82
30.22
29.42
29.71
30.59
36.7
29.72
30.47
31.35
28.93
28.22
NA
NA
NA
NA
NA
NA
NA
NA
NA
35.83
29.23
24.12
33.52
29.62
33.23
29.1
NA
NA
NA
NA
28.39
31.4
31.33
32.13
31.56
28.45
31.34
31.05
32.09
31.54
32.41
29.41
30.76
28.38
34.08
31.48
31.38
26.97
33.75
31.45
30.95
31.54
30.74
30.24
30.57
29.17
30.8
29.9
31.1
31.41
31.51
32.43
32.64
33.38
31.35
33.25
28.18
32.18
31.28
29.08
32.69
31.19
28.64
NA
NA
30.7
30.43
33.52
30.83
32.78
33.62
30.88
NA
NA
NA
NA
NA
NA
NA
NA
NA
NA
NA
NA
NA
30.28
30.48
29.41
28.59
32.78
32.26
31.93
31.4
NA
28.97
29.7
32.88
30.28
NA
31.76
32.25
30.61
32.25
33.12
29.57
29.31
NA
29.98
29.93
29.93
30.29
33.14
NA
NA
33.51
NA
NA
NA
30.37
31.86
32.1
NA
31.55
33.66
34.46
27.17
36.87
30.32
30.52
30.52
31.84
31.45
30.37
31.18
29.91
32.16
NA
29.97
31.47
30.12
NA
NA
33.78
27.59
29.65
32.04
31.15
33.15
30.84
29.84
31.24
NA
33.01
29.32
33.55
32.4
29.68
31.31
28.66
29.24
31.3
28.63
29.32
33.74
28.48
32.39
NA
33.02
32.92
32.92
32.61
32.17
32.22
32.2
29.31
31.1
30.21
27.48
29.08
31.71
30.91
29.91
30.91
30.91
28.71
34.11
29.5
32.13
30.08
30.13
30.77
29.55
33.3
34.0
32.1
30.4
28.65
32.44
30.34
31.52
28.39
29.59
30.88
30.95
33.95
NA
29.57
NA
31.27
30.22
33.72
29.71
31.43
NA
33.3
34.0
32.1
30.4
NA
33.72
31.86
31.1
29.61
31.48
33.24
29.9
30.0
30.8
29.4
30.61
31.34
30.41
33.39
31.82
33.38
30.08
30.14
32.73
34.07
32.42
30.39
29.95
31.25
34.85
29.01
30.92
35.36
30.22
32.64
31.99
26.86
32.86
33.97
30.28
29.86
31.29
29.89
33.79
30.55
33.12
30.13
29.88
31.68
33.93
31.63
30.52
31.4
28.98
33.68
29.12
30.5
NA
32.08
27.73
30.49
30.54
32.68
31.87
28.85
34.37
33.42
32.44
34.48
33.39
32.43
31.09
28.63
28.84
31.85
26.09
31.21
32.2
31.11
31.26
28.94
31.36
26.07
31.05
31.82
31.39
32.77
32.25
29.22
28.77
31.47
29.36
30.77
29.57
29.75
32.06
32.72
28.83
NA
28.62
NA
32.97
32.97
31.7
32.65
33.12
32.65
31.26
33.25
28.65
35.65
30.25
33.65
31.75
32.1
28.23
29.51
28.98
28.96
32.44
NA
30.69
31.0
27.77
32.02
29.27
29.13
28.23
NA
29.95
31.59
33.18
30.1
28.82
30.68
31.56
29.86
NA
NA
32.06
30.97
31.52
30.27
29.15
31.95
30.04
34.07
31.28
NA
NA
29.31
31.34
35.75
NA
29.14
30.56
30.94
30.18
29.78
37.98
31.14
29.1
NA
27.72
29.32
32.01
30.01
29.95
36.89
32.14
30.99
33.37
31.33
32.13
30.26
34.89
33.69
30.19
34.04
32.14
28.94
30.13
28.93
33.13
29.58
31.7
32.58
29.69
32.19
32.69
32.18
30.99
32.62
31.9
29.22
28.62
29.12
29.12
32.82
28.57
33.25
30.47
30.0
31.74
30.95
33.92
NA
32.41
30.88
27.32
31.76
27.7
NA
NA
NA
30.23
29.58
30.18
33.91
31.92
31.24
34.53
33.27
NA
28.16
28.94
29.74
NA
29.68
29.49
32.33
NA
32.45
32.86
29.0
27.26
NA
32.13
29.27
32.02
30.93
NA
NA
NA
32.12
31.06
33.41
33.6
29.15
31.07
34.96
31.05
29.96
31.76
32.76
27.46
29.36
32.96
NA
28.45
32.6
NA
30.51
34.0
NA
30.83
32.53
31.41
27.55
32.13
NA
27.73
NA
NA
30.87
27.37
31.41
30.31
30.61
29.81
35.81
32.41
29.69
33.24
32.78
30.42
32.38
NA
30.55
31.67
31.1
30.33
NA
27.97
29.15
33.27
31.36
30.53
31.4
32.45
32.75
28.05
31.28
33.12
28.78
30.88
NA
NA
NA
NA
NA
NA
33.1
31.59
31.58
32.18
NA
34.1
31.07
33.98
31.45
32.7
31.93
32.2
30.51
33.5
31.53
31.98
30.67
NA
29.98
31.04
NA
31.49
33.39
32.29
31.79
30.79
32.29
31.13
32.62
33.98
30.33
31.46
31.23
32.64
34.17
32.72
NA
35.52
30.82
33.77
29.48
30.88
32.52
30.48
29.23
28.4
32.01
35.61
30.02
30.59
33.65
34.08
32.08
31.9
29.79
32.67
31.45
NA
32.65
32.75
NA
NA
38.75
30.2
32.1
32.3
33.54
28.97
NA
29.88
NA
NA
30.35
30.86
NA
NA
NA
29.25
32.84
36.97
NA
29.57
NA
33.29
32.49
31.98
NA
33.09
31.97
31.36
29.97
31.24
30.74
30.79
32.59
29.79
32.59
33.29
32.39
28.02
29.51
29.88
30.26
30.76
28.19
30.99
30.39
30.02
27.99
NA
NA
28.0
NA
NA
34.1
33.82
31.77
33.54
28.84
28.72
NA
32.61
28.33
31.35
NA
30.25
32.3
30.49
33.1
33.42
NA
33.0
33.7
30.1
32.2
32.5
32.6
33.1
32.2
28.8
31.0
34.1
33.2
29.78
32.92
31.52
32.11
30.41
32.81
33.41
34.89
28.69
NA
31.75
28.1
NA
31.71
29.47
31.07
31.74
31.86
29.57
30.66
30.26
30.17
29.54
30.15
29.52
29.19
29.29
29.78
34.58
29.59
29.26
31.81
29.4
31.2
35.04
31.73
30.99
31.9
33.58
29.4
33.82
31.52
32.42
30.06
29.72
31.93
31.96
33.98
29.67
33.54
32.09
33.69
31.95
32.97
31.79
35.4
33.25
31.18
31.63
30.2
28.19
29.26
29.41
32.61
27.98
31.9
29.66
33.36
31.84
29.8
NA
33.32
30.57
29.62
30.82
NA
34.35
32.54
33.55
30.34
28.84
30.24
32.18
28.71
34.44
29.31
29.43
33.99
29.7
29.52
31.88
32.43
32.97
NA
34.47
32.04
31.81
32.13
30.09
33.05
33.65
29.85
32.95
31.9
28.5
NA
NA
29.31
32.41
29.61
28.66
31.96
30.8
29.78
34.5
29.01
33.25
NA
27.16
30.12
31.26
26.66
29.18
30.13
29.14
30.63
31.11
35.38
28.33
30.63
NA
NA
32.91
31.21
27.81
28.61
28.81
33.81
33.31
30.84
29.36
37.07
NA
29.73
30.34
32.54
27.64
30.25
30.78
25.79
31.79
29.89
29.24
26.89
29.27
32.3
32.45
31.74
31.9
32.5
30.82
31.7
34.05
34.16
32.0
33.88
33.91
28.5
31.1
29.74
NA
29.0
26.17
31.03
34.04
28.96
33.99
32.42
31.87
33.72
31.23
31.78
33.47
NA
31.07
31.18
31.6
33.1
29.33
31.4
31.1
32.8
30.79
33.97
32.88
32.72
30.18
29.75
32.46
NA
30.75
30.13
31.64
28.99
32.63
NA
30.64
29.64
30.54
NA
32.05
NA
33.86
30.1
32.23
30.68
29.62
31.22
29.12
NA
NA
NA
31.05
32.45
31.9
35.18
32.54
28.94
29.44
30.38
31.79
31.79
29.74
33.5
29.75
33.56
30.26
31.31
34.41
28.62
28.94
30.18
28.79
32.03
32.03
30.48
31.09
33.17
30.84
31.13
27.95
30.55
29.9
31.26
29.44
30.8
29.66
26.07
30.54
32.99
NA
31.67
NA
31.25
32.08
31.02
33.5
29.4
29.91
NA
NA
28.9
28.64
31.44
33.21
NA
NA
NA
NA
NA
33.67
32.51
32.42
28.93
31.32
31.99
32.26
34.14
32.88
29.74
32.87
32.34
28.67
31.91
32.45
29.46
30.79
30.8
33.84
33.72
30.45
32.44
33.09
30.51
32.67
31.4
NA
31.42
32.89
30.74
29.12
30.98
29.55
30.62
32.01
NA
31.0
31.07
NA
NA
30.08
32.74
29.76
30.44
32.55
30.18
30.45
30.49
32.05
30.7
33.81
32.36
31.78
30.83
33.22
30.33
29.79
31.32
30.83
29.65
29.65
28.84
30.66
32.48
NA
32.52
31.44
31.92
NA
29.49
30.16
33.6
32.0
32.7
32.4
29.4
29.69
26.17
30.45
33.02
33.65
32.94
29.93
32.19
NA
NA
NA
30.7
30.12
30.5
31.8
34.49
29.88
28.97
NA
33.99
30.59
27.39
30.29
28.98
27.79
31.93
29.73
30.23
31.69
32.67
29.37
34.34
29.33
29.5
NA
32.54
33.94
26.85
32.08
NA
30.77
30.17
31.01
30.5
33.8
30.48
31.74
NA
29.54
28.58
34.62
31.13
32.14
NA
33.61
29.82
30.78
32.28
30.96
32.86
29.71
32.44
33.52
29.05
32.14
31.08
32.61
28.56
28.97
28.71
32.23
29.11
29.7
32.4
30.8
32.8
27.9
31.19
NA
NA
28.11
29.11
30.01
30.59
31.59
32.18
31.0
32.34
NA
NA
30.01
NA
31.54
32.2
31.07
32.38
NA
30.5
30.1
32.5
33.46
28.63
29.07
27.16
29.02
30.59
NA
32.61
31.11
29.29
31.56
31.78
31.19
31.9
30.38
NA
29.48
31.61
33.77
33.05
29.14
28.02
32.16
30.76
31.79
28.61
28.57
NA
29.35
NA
29.45
42.03
29.25
NA
32.3
31.81
27.58
32.26
31.78
27.43
32.43
32.15
32.23
NA