28.94
28.92
29.68
NA
28.41
28.2
29.38
29.75
28.62
NA
28.05
28.9
27.88
28.14
30.09
30.05
29.95
29.98
29.49
30.0
29.28
29.58
30.11
30.08
30.53
28.47
31.6
29.33
29.21
28.91
30.33
29.17
29.76
30.2
32.87
29.28
28.79
28.59
NA
28.98
NA
29.17
29.44
32.4
31.81
31.47
29.96
29.19
30.42
27.9
29.57
NA
27.57
29.58
28.71
28.63
29.14
26.67
28.68
29.07
31.32
27.57
28.14
28.01
25.96
32.28
29.4
29.05
30.31
29.05
29.49
29.58
26.22
30.91
28.47
28.0
29.39
29.19
29.51
29.48
29.32
32.03
30.79
29.79
26.14
29.41
29.59
28.25
NA
29.54
NA
29.29
29.57
28.61
29.14
NA
33.31
31.99
29.55
NA
25.74
27.29
29.96
25.81
31.16
32.87
32.1
29.08
29.84
29.15
29.46
29.34
28.9
28.67
26.3
29.35
29.08
29.4
29.43
29.56
28.61
29.45
30.22
31.33
29.67
NA
NA
30.31
29.41
29.55
31.85
28.69
NA
27.12
29.16
27.03
29.36
29.18
NA
28.14
28.53
29.3
29.23
31.11
27.85
26.16
29.5
29.11
29.83
25.54
30.28
29.38
29.11
25.54
29.36
26.9
27.64
29.93
32.4
27.37
29.46
30.15
30.15
28.28
27.95
28.45
28.67
NA
NA
29.25
29.33
29.59
29.46
32.01
28.93
29.53
28.13
28.29
26.4
30.11
30.0
27.68
27.46
29.72
30.11
27.98
28.11
31.31
29.07
28.86
29.35
27.93
29.65
24.52
NA
28.33
NA
28.85
29.51
NA
26.78
26.71
NA
NA
30.02
25.99
29.58
29.05
31.27
32.9
32.19
32.12
29.38
30.11
32.66
29.09
30.2
29.51
32.96
NA
29.5
NA
NA
28.91
NA
29.6
29.31
31.51
29.23
28.25
30.03
30.52
29.12
NA
31.84
30.69
NA
29.61
NA
28.47
28.92
29.61
29.32
NA
NA
28.85
29.18
29.28
29.52
29.62
NA
27.89
29.9
29.53
29.67
27.37
29.86
29.38
29.37
NA
27.95
29.26
NA
28.78
29.42
29.83
30.85
27.74
NA
NA
29.08
28.66
27.59
29.39
NA
NA
NA
NA
NA
NA
NA
31.75
29.01
29.57
29.14
NA
32.05
29.81
28.56
28.26
28.74
28.38
29.33
NA
29.08
29.62
29.42
29.0
28.31
28.3
27.18
30.25
29.81
28.9
28.45
28.59
NA
29.45
29.37
28.94
28.6
29.41
29.16
29.31
28.76
29.77
33.0
31.08
31.1
29.86
30.97
28.08
28.98
29.81
29.52
29.42
29.48
28.8
25.83
30.76
31.14
31.71
30.27
29.41
29.19
27.06
29.41
29.77
27.9
29.13
29.24
29.61
26.94
28.7
29.65
29.19
31.22
27.53
30.3
NA
30.75
28.07
30.99
28.9
30.61
28.51
29.22
27.67
31.57
27.48
28.36
29.41
28.78
28.72
29.02
26.42
30.47
NA
29.52
29.73
28.87
29.84
29.73
28.47
29.96
28.56
NA
29.69
28.41
NA
29.66
28.6
NA
29.39
28.57
NA
30.49
27.78
28.77
NA
28.81
29.41
NA
29.37
29.62
28.78
26.76
28.65
27.3
29.19
29.49
29.42
29.14
30.24
NA
28.98
28.97
28.37
29.0
32.77
NA
27.08
NA
31.79
29.51
NA
27.93
29.39
28.87
32.37
29.26
29.52
26.76
30.93
29.52
NA
NA
28.44
NA
30.15
NA
28.38
26.28
26.75
28.35
28.94
29.66
28.5
69.97
29.27
NA
30.07
28.99
NA
NA
29.35
28.59
38.69
31.06
29.8
30.06
NA
NA
NA
NA
26.84
29.02
30.24
30.41
29.24
29.24
30.14
30.44
29.5
29.18
33.78
NA
NA
28.03
29.61
31.88
29.42
29.67
29.33
31.13
29.0
29.29
29.39
30.2
29.22
32.58
27.97
28.6
24.95
28.85
28.85
NA
29.25
30.03
29.19
29.78
29.55
27.88
28.68
28.98
27.5
30.33
29.41
28.64
29.2
28.86
29.78
28.32
28.84
27.95
NA
NA
29.34
29.45
30.04
31.57
32.12
28.97
25.46
24.02
33.2
25.53
29.09
29.6
NA
NA
NA
NA
NA
31.64
28.75
27.8
29.37
30.02
28.56
29.13
NA
28.42
32.96
28.81
30.35
32.78
28.48
26.23
NA
29.4
29.31
29.44
NA
29.21
NA
NA
31.57
26.44
31.3
27.48
28.98
29.38
26.79
28.13
28.74
29.23
29.46
29.48
28.47
31.12
28.62
29.35
30.24
31.86
NA
27.43
29.98
24.88
29.53
29.15
31.03
29.33
27.67
28.49
29.07
29.45
28.77
NA
NA
29.77
30.02
26.74
31.04
28.24
30.38
29.47
30.86
32.69
28.63
27.09
28.66
27.53
26.69
28.81
31.42
28.66
29.7
27.01
28.8
31.58
28.48
35.09
27.24
29.85
31.35
25.81
29.84
29.69
28.1
NA
NA
30.09
NA
NA
29.57
32.63
32.14
30.19
28.72
30.36
25.49
26.02
NA
NA
NA
30.1
29.44
28.45
27.68
30.24
31.09
29.98
30.14
30.32
28.65
28.19
NA
NA
NA
28.63
NA
NA
NA
28.07
28.31
28.62
28.62
28.7
28.71
28.91
28.39
29.72
29.38
NA
NA
NA
NA
NA
31.42
29.19
NA
NA
NA
NA
NA
NA
NA
32.87
NA
27.25
NA
NA
29.08
31.44
28.64
NA
NA
30.17
30.22
29.69
26.11
29.94
25.84
26.06
29.99
25.99
29.87
29.86
25.66
29.47
38.14
28.2
NA
28.67
31.21
27.86
NA
NA
25.37
26.07
27.27
27.37
28.37
30.97
30.07
29.73
29.98
29.56
29.77
29.79
30.5
29.7
29.74
28.06
29.49
29.36
28.8
27.62
30.36
29.33
29.94
31.49
28.82
31.07
27.58
NA
NA
NA
NA
NA
28.87
NA
NA
NA
NA
31.93
30.73
29.62
NA
NA
27.59
NA
NA
NA
NA
28.43
28.41
29.21
32.71
29.66
29.08
28.88
NA
NA
30.17
29.47
32.57
26.04
29.94
31.29
30.01
30.41
29.97
25.37
28.2
32.35
NA
NA
29.91
28.91
29.83
27.64
30.47
31.45
32.36
28.83
28.13
29.09
28.95
28.69
29.59
NA
31.48
NA
29.44
NA
NA
34.51
29.16
34.51
29.16
NA
28.02
29.52
28.93
29.13
25.08
29.38
29.38
30.12
33.87
29.4
29.61
NA
NA
NA
NA
NA
28.81
29.41
32.78
30.43
28.56
29.11
29.81
28.72
28.24
31.42
26.46
31.54
25.82
NA
30.18
28.38
29.38
29.18
30.3
28.4
29.3
25.6
28.34
27.88
30.96
28.58
29.48
NA
NA
29.48
30.11
29.3
28.16
31.13
NA
NA
NA
NA
NA
NA
NA
NA
NA
NA
28.21
29.44
NA
29.67
28.63
30.23
28.43
26.93
28.69
31.44
27.09
27.91
27.06
27.88
28.64
31.74
29.97
29.52
NA
NA
27.41
NA
NA
NA
29.71
28.97
31.34
31.57
25.69
32.23
28.86
29.56
27.95
29.19
26.09
28.42
27.77
30.75
NA
NA
NA
NA
25.14
NA
27.12
29.12
29.22
NA
NA
29.12
28.92
NA
NA
28.45
29.4
36.37
31.47
26.8
29.27
28.68
30.05
30.2
30.02
31.92
NA
28.68
30.85
26.0
29.93
29.18
28.54
29.9
29.62
29.66
27.68
29.19
29.5
27.28
28.56
28.11
27.27
28.26
28.19
NA
NA
NA
NA
28.75
NA
30.24
NA
30.44
28.09
29.16
29.14
27.31
30.74
29.15
28.82
29.44
28.38
28.63
NA
28.73
29.24
24.5
24.5
NA
29.14
27.78
28.68
28.58
28.48
NA
28.85
29.36
30.92
27.82
29.38
25.98
29.65
26.45
32.46
29.34
27.91
28.96
27.98
31.11
28.71
28.71
26.81
30.41
29.71
28.33
26.89
30.13
30.08
29.36
NA
29.67
32.51
29.61
29.61
28.99
26.7
27.8
28.35
26.15
29.45
NA
30.06
29.96
NA
29.95
27.74
29.54
29.5
30.92
32.82
35.98
29.14
29.14
NA
27.55
30.31
29.22
29.13
31.55
27.97
28.99
26.7
27.8
28.35
28.62
29.62
28.82
29.77
28.57
28.76
29.12
29.53
29.31
32.15
28.66
34.44
28.78
NA
30.36
29.79
28.49
28.13
28.79
28.95
26.44
29.75
32.3
28.77
28.88
27.52
28.81
NA
NA
31.92
30.12
30.48
30.08
25.9
33.75
29.72
27.74
NA
27.85
25.85
28.46
25.57
28.89
28.34
29.58
31.04
29.24
NA
29.44
NA
NA
28.04
28.76
26.37
28.9
NA
29.23
28.41
29.3
23.16
28.88
30.88
30.09
31.64
NA
31.88
27.48
29.11
28.67
NA
NA
29.85
25.15
29.74
NA
31.78
28.81
28.72
28.12
28.58
29.1
28.97
NA
28.47
NA
29.15
29.56
29.79
29.4
30.95
26.18
31.08
29.18
NA
28.73
28.26
28.92
28.05
30.2
29.9
28.9
30.8
29.46
29.66
27.54
29.69
28.34
28.37
29.19
NA
29.02
29.12
31.11
29.17
29.52
NA
NA
30.91
28.37
28.24
28.77
30.01
29.17
29.86
28.96
28.84
29.15
27.63
NA
36.2
28.16
27.8
29.44
29.45
30.42
NA
29.21
33.5
33.7
30.18
32.52
30.65
26.04
26.1
28.75
30.17
NA
27.52
28.71
29.51
36.41
28.29
29.89
36.59
NA
NA
NA
NA
29.26
29.46
29.87
30.16
NA
29.85
30.13
31.28
26.56
27.66
31.02
NA
28.92
28.92
27.8
28.89
28.69
30.43
29.62
30.02
29.45
29.85
29.25
29.55
29.55
29.55
29.53
31.38
29.11
29.01
29.4
29.77
28.6
29.1
29.1
29.5
NA
NA
NA
NA
28.92
NA
27.17
31.12
NA
29.11
26.49
29.23
29.62
29.78
30.78
29.38
30.28
NA
NA
26.89
26.8
29.77
28.06
NA
30.18
27.62
29.24
27.58
33.61
27.0
30.94
28.85
28.43
27.66
28.49
28.86
NA
NA
NA
NA
29.21
29.59
29.56
28.77
NA
26.99
30.9
29.0
28.4
27.59
28.38
31.07
NA
27.79
29.49
29.87
29.24
29.26
31.33
29.43
28.43
28.13
28.63
30.93
31.11
31.09
NA
30.24
27.97
27.64
28.58
29.79
NA
27.85
30.78
28.42
28.79
NA
29.75
34.15
29.65
25.85
30.25
28.68
33.95
29.14
28.28
NA
NA
33.9
29.8
29.7
29.33
30.24
28.56
28.93
25.56
29.11
NA
29.54
28.18
29.41
29.71
30.28
NA
NA
28.08
NA
NA
29.88
31.18
27.92
28.28
29.69
29.5
29.5
29.7
29.91
29.02
25.35
26.15
28.45
31.63
30.64
29.36
30.76
29.96
28.98
32.49
28.72
28.69
28.91
29.39
30.25
28.33
28.4
29.28
28.96
30.85
31.15
28.61
28.23
28.83
29.0
26.62
NA
NA
29.05
NA
NA
NA
NA
34.61
30.31
25.67
27.77
28.79
28.35
30.18
NA
NA
27.51
27.57
29.18
28.87
29.8
30.58
NA
28.28
32.06
NA
25.73
33.36
31.57
28.45
29.29
29.05
27.0
29.59
29.14
28.96
NA
NA
26.89
31.56
NA
NA
32.75
NA
31.32
26.02
26.35
NA
25.98
34.05
27.11
27.5
28.79
29.41
28.91
28.11
26.41
NA
NA
NA
30.53
29.03
32.33
30.6
28.98
NA
32.55
28.23
NA
NA
NA
NA
NA
32.5
28.0
NA
27.31
NA
29.54
NA
32.57
29.39
32.12
29.36
29.95
29.36
30.09
31.94
28.95
28.4
29.34
NA
NA
NA
31.86
27.94
28.23
NA
26.91
29.46
29.66
31.66
27.96
29.53
30.66
29.25
29.25
29.07
27.97
NA
32.79
28.55
NA
25.73
33.36
31.57
28.45
NA
29.15
29.77
29.07
29.17
26.85
30.95
27.55
27.95
27.95
28.61
26.45
28.5
28.47
28.32
27.98
NA
29.22
NA
32.58
30.28
29.08
NA
NA
NA
NA
NA
NA
NA
30.0
NA
32.1
NA
29.55
31.04
29.57
31.28
25.93
NA
29.44
29.64
29.9
29.58
29.4
29.4
28.61
29.94
27.79
26.08
27.77
28.07
30.84
28.65
30.87
28.19
31.29
27.79
29.09
NA
29.51
NA
NA
29.08
31.64
NA
33.8
27.55
26.05
NA
NA
NA
28.95
29.41
27.86
29.19
30.83
NA
28.81
28.62
30.14
30.06
NA
31.24
31.22
NA
NA
29.23
26.69
29.07
28.9
30.2
30.95
30.2
NA
NA
26.24
30.12
28.12
29.41
28.88
29.38
29.23
NA
28.39
29.49
29.61
28.38
30.04
28.92
28.75
30.25
29.65
26.65
28.25
27.55
33.35
28.57
29.25
29.61
28.28
25.89
29.67
29.51
28.3
25.74
NA
NA
NA
31.08
25.33
29.25
NA
26.93
29.11
26.77
28.93
29.85
29.85
29.55
29.53
29.53
NA
27.67
29.48
31.74
30.06
NA
31.01
29.18
31.53
27.4
31.45
27.48
NA
NA
NA
NA
27.79
NA
31.25
29.54
26.96
29.89
29.42
27.3
25.46
29.1
NA
28.65
27.12
29.99
26.48
26.51
26.64
28.73
27.77
29.27
29.17
NA
29.51
31.09
28.09
28.09
29.62
NA
31.29
28.83
NA
31.02
28.74
25.85
26.61
29.33
30.17
29.81
28.75
30.25
29.5
28.6
29.66
NA
26.5
NA
NA
NA
29.58
NA
28.25
29.83
30.98
27.75
28.63
27.95
28.55
29.52
28.64
31.18
29.83
28.5
34.3
28.3
28.3
27.8
25.8
27.2
29.28
28.74
29.52
28.62
28.81
30.31
29.21
28.91
NA
29.71
28.71
28.59
32.29
29.74
28.71
NA
30.81
29.01
28.47
NA
NA
28.75
NA
29.12
30.08
NA
28.72
30.72
29.95
29.17
31.87
31.07
30.33
24.33
31.43
31.99
31.77
29.06
29.36
25.55
29.71
30.76
27.93
25.96
27.91
26.01
28.29
28.29
29.05
29.05
29.05
29.44
NA
30.19
30.34
28.8
29.32
29.34
30.69
28.65
26.02
27.07
26.42
32.19
26.13
29.21
26.53
32.16
28.99
29.44
29.19
30.42
28.68
28.93
28.43
29.43
27.81
28.41
29.09
29.5
29.38
29.5
29.72
29.01
29.42
29.51
26.59
26.38
41.26
28.92
29.91
32.29
29.3
28.85
NA
31.3
31.0
30.16
29.06
28.46
26.49
NA
29.17
29.59
29.73
29.54
NA
32.03
26.4
28.49
28.33
33.96
32.27
29.47
30.26
26.32
29.7
28.01
30.26
30.7
29.74
29.99
30.77
30.63
30.3
28.91
26.21
27.92
27.82
29.71
29.48
28.13
28.67
28.22
28.54
NA
NA
NA
NA
29.74
30.0
32.32
29.45
34.2
29.25
27.92
28.85
31.95
28.6
NA
29.44
NA
NA
NA
27.04
30.64
28.44
28.64
33.64
29.44
29.26
29.1
29.06
28.67
28.99
28.81
28.9
28.9
28.9
28.9
28.9
28.76
29.35
29.94
NA
31.2
31.4
29.58
25.27
28.74
39.6
25.86
30.52
NA
NA
28.71
NA
34.08
26.23
29.5
NA
NA
29.41
29.46
30.36
NA
28.36
29.99
31.91
27.75
31.06
25.47
29.09
29.47
NA
32.29
29.72
28.6
25.58
29.18
NA
30.73
28.83
27.73
31.71
29.18
28.6
28.03
27.78
27.83
28.38
28.86
30.11
32.21
29.31
29.81
28.78
38.55
30.06
29.88
31.16
27.92
28.72
24.89
26.83
27.64
29.44
29.54
31.12
26.55
26.88
29.44
27.74
28.64
32.24
30.36
NA
31.92
27.52
29.4
31.27
NA
NA
28.55
27.56
29.16
28.66
NA
NA
NA
28.98
34.07
29.27
27.51
28.71
29.0
NA
28.63
29.16
24.54
29.64
29.6
29.59
29.67
30.0
29.67
34.33
NA
29.48
30.63
NA
NA
27.99
NA
29.87
28.27
30.01
29.63
29.9
26.66
30.45
29.7
29.83
29.72
29.96
25.72
NA
28.92
29.03
NA
NA
NA
NA
NA
28.5
29.19
29.04
30.67
25.57
NA
24.88
30.15
27.0
NA
31.64
29.9
31.12
31.54
26.05
27.22
29.68
29.98
26.38
29.28
26.92
31.32
30.32
NA
NA
NA
29.49
33.81
28.82
26.65
29.65
NA
31.27
26.75
32.75
NA
28.44
28.64
31.93
28.35
25.64
30.73
NA
29.02
28.61
29.19
26.3
NA
28.04
NA
NA
NA
30.69
27.5
NA
31.72
28.7
28.92
29.69
29.37
30.33
29.55
NA
NA
NA
26.1
29.23
26.94
29.77
28.42
29.77
NA
25.14
30.11
29.04
NA
NA
27.13
28.5
27.82
NA
28.78
29.08
29.04
28.64
29.44
NA
NA
29.84
32.73
29.17
NA
NA
NA
NA
NA
NA
NA
NA
NA
NA
NA
NA
29.25
28.92
25.67
29.5
28.82
27.36
29.81
25.0
29.55
29.22
30.61
31.01
NA
28.73
33.11
29.39
31.15
28.39
29.05
30.09
28.09
26.79
NA
NA
NA
NA
NA
NA
27.75
NA
28.54
NA
29.51
NA
29.62
NA
28.72
26.72
28.42
28.36
30.01
NA
28.91
NA
NA
NA
29.36
29.4
30.52
29.46
30.48
NA
30.61
NA
27.13
29.47
NA
30.91
28.52
29.52
30.51
29.36
30.93
26.44
30.08
26.24
28.3
NA
NA
29.54
28.58
27.75
29.67
28.3
NA
NA
NA
NA
NA
32.5
29.65
28.93
29.4
27.9
31.77
28.13
28.75
28.9
29.19
NA
NA
28.38
28.26
29.12
29.2
NA
NA
28.81
28.81
29.2
29.52
28.96
NA
NA
29.73
29.15
29.94
29.35
29.71
29.78
29.28
30.32
NA
31.28
28.76
30.03
NA
27.82
NA
29.44
30.29
29.36
32.45
29.73
25.18
30.32
29.23
29.19
30.07
28.48
28.07
29.25
28.66
29.67
NA
28.69
29.96
26.51
28.38
NA
28.73
29.08
30.93
29.44
29.64
28.84
27.34
NA
30.52
29.89
NA
28.21
28.26
28.52
30.12
36.49
NA
NA
27.42
31.53
29.09
NA
27.86
28.06
29.15
30.75
29.16
29.2
29.46
NA
NA
32.12
27.13
NA
NA
30.79
29.84
25.69
28.98
29.9
29.8
28.6
30.2
29.8
30.7
28.65
29.45
28.76
33.15
33.86
30.33
26.26
30.89
32.33
27.99
26.42
29.61
28.79
29.74
28.76
NA
28.05
30.85
NA
NA
NA
28.65
29.71
30.25
NA
NA
29.88
28.69
29.84
NA
NA
NA
29.39
29.62
NA
33.31
27.88
30.33
31.8
30.59
29.69
26.43
27.43
NA
28.34
NA
29.3
29.28
31.08
30.48
29.13
29.3
32.26
29.17
29.17
28.66
29.95
28.66
29.14
NA
NA
29.34
29.28
NA
32.15
30.29
27.42
28.11
25.46
27.13
29.29
30.28
30.02
29.41
26.19
28.69
28.65
30.41
29.57
29.77
29.47
28.85
30.15
29.39
NA
27.2
28.99
28.98
27.84
28.94
28.84
28.14
27.94
29.34
29.04
29.42
30.94
29.2
32.56
29.45
29.32
30.33
29.08
28.67
26.05
28.28
29.24
28.48
29.36
29.41
29.7
26.43
30.49
NA
NA
31.49
30.77
NA
30.98
30.58
29.38
28.48
33.88
30.54
28.69
29.79
29.24
NA
NA
27.07
28.11
29.4
28.8
NA
29.3
NA
28.07
27.87
25.76
NA
NA
28.3
26.96
29.61
28.51
NA
29.03
29.03
28.7
28.78
26.16
28.77
28.53
30.37
29.7
29.1
29.81
NA
28.03
28.27
26.83
29.48
NA
28.96
30.49
28.13
NA
NA
31.19
28.89
28.69
29.0
NA
28.71
NA
NA
34.36
29.18
29.59
29.27
28.91
26.07
30.64
NA
NA
NA
NA
NA
NA
29.67
28.15
30.65
29.27
29.64
30.04
29.35
29.42
29.11
29.34
28.92
29.37
30.07
29.6
34.29
28.75
33.25
30.08
32.79
30.78
30.71
31.91
28.93
29.47
27.93
NA
28.89
31.16
27.92
NA
NA
NA
NA
28.74
31.3
28.34
29.31
28.59
28.3
29.5
28.37
28.15
30.67
28.89
NA
29.45
29.65
28.71
NA
NA
28.9
30.1
26.3
NA
28.89
28.28
NA
26.32
NA
28.87
28.24
NA
26.12
29.45
26.36
29.72
29.15
27.76
30.89
28.84
28.86
26.65
29.11
26.61
29.07
29.72
29.47
28.37
27.57
29.17
26.31
32.56
NA
28.72
NA
29.04
27.84
29.13
27.63
32.36
30.44
30.6
29.69
NA
28.91
30.37
28.95
28.66
NA
29.04
30.53
NA
NA