56.02
56.67
55.0
NA
58.09
55.74
56.66
55.35
56.73
54.72
57.9
55.23
55.98
56.14
55.77
56.05
55.95
55.96
53.9
56.12
55.41
54.3
56.5
52.82
56.3
57.86
53.65
56.29
56.36
54.55
54.03
57.12
52.98
56.1
53.07
55.7
56.76
58.43
NA
53.83
NA
55.93
55.59
57.2
54.39
54.27
55.55
55.43
54.57
57.65
54.63
55.54
55.02
55.09
56.61
54.96
56.81
54.91
55.06
54.4
54.37
55.2
55.42
57.61
56.93
53.35
56.04
53.72
55.38
57.03
55.8
55.87
61.21
53.11
55.78
57.97
55.61
53.89
56.94
61.32
51.77
56.38
54.01
54.47
57.35
55.77
55.2
58.49
53.65
55.73
56.08
55.85
58.01
55.97
56.07
58.08
54.84
53.35
52.65
55.07
56.88
53.43
55.33
56.27
53.85
53.18
54.0
57.54
56.22
53.47
53.23
55.97
52.66
58.04
56.65
56.28
56.57
55.64
55.75
55.4
53.57
55.49
56.77
55.77
56.47
NA
55.61
52.35
56.08
56.31
55.59
57.97
56.32
54.5
55.16
58.8
56.01
56.22
52.63
57.36
58.59
53.43
57.53
56.06
55.49
57.74
54.05
55.9
56.09
57.67
55.0
56.03
57.02
56.78
58.28
54.34
60.42
55.35
53.64
58.22
56.45
54.17
58.1
56.79
56.6
53.73
53.72
NA
55.76
55.97
52.46
55.87
56.39
55.52
55.06
55.61
54.79
58.42
57.87
53.95
59.87
56.93
54.95
55.36
56.09
57.21
58.38
54.65
56.13
56.25
55.6
60.18
54.78
57.1
55.73
58.55
57.75
56.38
57.15
56.42
56.76
55.99
56.63
59.17
57.22
56.7
55.59
56.2
53.81
56.28
53.36
53.93
56.07
56.65
57.3
56.67
57.44
55.84
53.96
NA
55.65
57.56
55.3
56.88
55.89
54.87
59.51
56.37
57.08
56.21
55.43
56.81
56.08
NA
53.54
54.23
54.54
57.02
NA
54.37
52.39
57.51
55.73
58.12
NA
55.37
58.62
55.82
55.59
55.72
56.34
57.86
56.46
52.16
NA
58.09
54.47
56.05
55.93
NA
57.31
56.34
56.04
56.01
56.09
55.25
55.15
56.76
NA
NA
55.73
56.7
57.98
55.72
NA
NA
NA
NA
NA
NA
56.01
55.45
53.61
52.64
55.82
NA
54.29
55.57
58.56
57.12
57.42
55.45
56.28
NA
56.15
53.18
55.59
58.71
57.29
54.28
56.64
57.49
51.93
55.84
53.85
56.35
NA
57.02
56.71
56.02
55.53
53.13
55.78
55.16
53.78
53.02
53.94
54.84
53.05
56.08
54.42
55.52
55.39
52.2
56.21
55.67
56.01
57.68
56.24
53.7
56.72
56.66
56.4
55.12
55.5
60.1
54.76
52.98
55.87
55.74
55.56
52.82
54.19
56.56
55.6
55.59
57.8
55.18
55.06
54.5
54.09
54.53
55.68
56.87
54.39
58.48
53.78
56.33
53.63
55.33
56.83
55.36
55.69
56.32
55.47
51.35
54.88
55.26
55.87
55.74
55.18
56.76
55.73
54.99
55.63
55.04
NA
55.79
55.21
NA
55.65
55.03
NA
55.53
55.16
55.7
54.52
56.32
55.22
NA
55.71
55.71
56.06
55.44
55.86
56.57
54.84
NA
NA
56.32
56.26
56.27
56.82
54.9
55.74
55.94
56.19
58.48
55.71
55.38
56.26
55.82
55.03
54.18
57.28
NA
55.56
56.48
57.45
53.71
58.25
57.02
56.47
52.21
55.0
NA
NA
54.33
57.94
54.9
56.02
57.98
56.18
56.55
57.75
55.56
56.08
55.22
56.47
56.27
NA
55.07
55.7
NA
NA
54.65
56.51
55.68
53.19
55.08
54.23
NA
NA
NA
NA
56.67
53.68
52.18
54.15
55.74
55.84
56.24
53.74
56.02
55.71
55.68
NA
NA
58.41
55.92
56.04
54.89
55.15
56.13
56.73
56.65
55.89
56.8
56.3
55.55
54.51
55.06
55.74
57.55
53.55
53.85
NA
53.95
55.77
55.82
55.96
55.99
53.68
56.68
55.88
58.8
56.15
55.44
57.73
55.52
53.36
55.97
60.65
60.59
55.88
NA
NA
55.53
55.56
55.57
53.58
55.91
57.0
57.52
56.3
54.0
59.12
55.68
54.8
53.38
53.38
53.39
53.42
53.36
54.46
55.64
59.4
51.66
55.44
56.17
54.1
52.38
58.04
55.85
56.91
54.05
55.04
54.05
57.26
NA
55.33
54.64
54.07
NA
53.93
NA
NA
57.0
57.68
53.48
56.58
57.38
56.78
55.7
58.1
57.27
58.28
54.76
55.53
58.27
52.79
59.09
55.37
54.24
58.53
NA
53.63
55.22
56.27
55.64
58.64
55.69
54.27
58.82
58.28
55.94
55.26
56.42
NA
NA
56.55
56.55
55.84
54.24
55.84
54.16
56.03
53.04
53.63
53.11
59.21
58.33
59.27
59.37
55.35
51.72
58.01
56.09
52.53
55.39
NA
56.93
53.7
52.48
55.58
53.72
56.11
55.13
55.37
58.94
56.66
56.52
56.18
56.19
56.0
55.73
55.16
54.78
52.24
55.61
59.66
57.17
55.82
57.85
NA
54.14
57.62
54.27
61.33
57.86
55.75
53.23
54.97
54.2
59.1
57.54
58.22
NA
NA
NA
57.73
NA
NA
NA
54.8
59.31
56.17
56.17
56.19
56.07
56.0
55.79
59.81
55.61
55.2
NA
NA
56.89
54.09
52.36
57.09
NA
NA
NA
NA
NA
NA
NA
56.97
56.0
55.04
NA
NA
54.99
57.88
55.12
NA
NA
56.3
56.33
56.35
57.02
55.24
57.39
57.22
55.5
56.51
57.04
58.57
55.98
56.75
54.9
53.94
56.22
58.14
54.49
57.17
NA
NA
57.57
56.27
56.27
60.37
57.37
57.67
52.37
53.1
53.12
56.82
56.27
56.47
54.58
53.32
55.87
55.77
59.74
55.59
56.5
54.52
53.27
58.69
55.51
53.44
58.69
55.41
54.82
NA
NA
58.52
NA
NA
55.48
53.92
NA
NA
NA
55.53
59.63
56.32
59.11
56.18
57.06
58.17
55.47
57.67
53.97
58.35
58.32
57.61
53.91
57.66
58.68
52.88
57.28
56.98
54.37
55.47
53.37
56.74
55.54
55.09
NA
NA
55.77
57.87
58.4
55.65
52.45
57.11
53.21
55.01
54.43
60.24
56.18
55.64
56.52
59.53
58.76
55.48
53.81
58.03
56.04
NA
53.78
58.14
55.44
54.59
55.21
57.87
54.16
57.87
54.16
56.6
53.72
55.72
55.83
55.63
57.28
56.88
55.88
51.72
54.75
54.97
57.18
58.24
58.25
57.69
55.19
57.61
54.51
55.61
53.88
53.94
60.18
55.71
55.21
57.52
58.19
57.29
53.11
53.4
53.1
NA
55.58
57.18
57.68
55.78
55.5
57.1
56.1
56.39
57.67
56.08
54.96
56.45
55.61
54.68
56.54
57.57
55.3
56.07
52.22
55.83
55.66
NA
56.24
57.61
55.24
56.93
57.23
53.23
58.23
58.03
57.59
54.7
54.02
55.95
56.17
53.43
55.83
52.03
55.19
54.94
55.98
53.65
55.95
53.62
57.34
54.24
56.07
55.99
54.23
55.7
55.77
57.95
59.95
56.45
59.0
54.07
53.69
54.84
57.21
56.3
57.38
56.67
58.5
55.79
56.89
57.58
57.68
54.88
56.69
56.49
55.94
56.27
57.84
56.65
55.92
56.12
55.92
55.92
57.02
56.02
58.52
54.57
56.77
55.66
52.39
54.28
52.95
56.55
57.88
58.45
56.19
56.08
56.92
55.52
NA
58.58
55.28
59.4
55.11
59.48
58.03
52.45
56.57
55.89
54.25
55.76
56.59
55.84
55.47
55.61
57.08
56.99
54.37
55.89
55.99
NA
58.65
59.35
NA
55.74
NA
56.14
55.96
57.67
58.91
58.1
53.94
59.45
56.86
56.74
58.41
57.94
56.08
55.06
56.58
51.1
50.5
52.7
59.44
57.58
54.98
54.28
57.28
56.25
53.05
56.33
53.82
58.32
52.78
56.58
53.32
58.77
55.79
55.86
55.95
55.58
52.68
55.51
54.41
56.71
58.11
53.91
55.41
55.08
55.6
56.93
57.04
56.21
56.44
56.04
53.37
53.51
56.61
55.86
54.38
58.71
58.1
58.15
55.35
57.1
55.76
55.76
55.75
55.95
53.54
58.14
53.12
56.56
54.25
54.14
56.3
54.71
55.23
56.05
55.76
57.61
55.85
56.77
55.22
55.86
54.38
58.71
58.1
59.62
57.92
56.92
58.88
57.0
56.45
59.42
57.85
58.15
52.85
53.57
56.24
59.39
58.96
57.56
54.26
55.5
59.16
57.7
57.19
53.8
60.05
53.4
54.82
57.21
57.2
56.12
NA
NA
57.45
55.97
52.49
55.0
57.17
55.68
56.08
54.24
57.24
60.25
56.45
60.2
55.72
54.65
59.52
58.57
55.24
56.14
NA
55.84
55.84
52.24
55.44
54.46
56.77
56.08
NA
59.03
60.17
55.71
58.54
55.22
54.34
55.55
53.55
NA
54.68
56.58
59.09
58.39
56.03
52.56
56.05
52.25
54.75
NA
54.69
58.39
55.82
53.03
55.9
55.58
55.59
58.76
56.48
55.1
55.42
55.39
55.38
54.79
55.39
56.69
54.88
57.48
57.43
57.86
54.33
57.02
54.99
56.6
53.1
58.9
53.4
58.16
53.06
57.32
56.63
53.42
55.99
54.06
56.16
55.9
55.53
54.72
55.74
55.99
56.31
55.98
52.66
53.47
58.29
54.64
53.4
55.74
55.36
56.66
56.74
55.35
58.19
54.11
54.18
58.46
57.68
59.1
55.53
55.86
NA
55.72
53.47
57.6
57.13
54.09
NA
56.63
56.89
57.63
56.35
57.12
60.92
56.01
52.51
54.31
55.39
52.49
54.29
NA
NA
NA
NA
55.46
55.56
54.97
55.07
53.37
55.07
54.93
53.65
57.16
56.96
55.59
NA
56.63
56.16
54.89
56.59
57.49
55.08
55.46
55.06
56.35
55.05
55.05
55.75
56.05
56.05
55.56
55.73
56.94
55.98
56.02
55.57
57.1
56.2
55.9
55.6
56.11
55.85
NA
NA
57.42
NA
54.37
54.92
NA
54.36
57.39
56.02
52.74
55.58
55.68
60.88
54.18
NA
NA
58.52
60.01
56.76
NA
57.7
55.08
61.12
55.44
56.88
57.53
55.26
54.77
57.39
57.25
57.75
57.52
58.1
NA
NA
NA
NA
56.03
53.24
53.31
56.6
55.94
55.23
54.54
57.51
57.16
57.78
57.49
56.63
56.9
60.79
55.29
56.21
55.44
55.39
53.23
58.73
54.83
54.83
53.93
53.64
56.28
56.19
56.66
55.06
57.01
59.5
58.92
55.89
53.67
57.62
57.8
57.04
55.94
58.65
55.85
54.65
57.35
58.25
54.55
55.32
55.26
56.87
59.56
56.41
56.11
56.01
56.41
56.31
56.39
54.58
57.9
52.72
61.84
56.04
54.37
56.78
59.24
55.81
56.21
54.05
52.28
58.08
56.18
57.58
57.98
58.88
57.48
55.84
58.05
53.97
55.3
54.0
55.62
56.24
58.03
57.55
56.55
54.95
55.76
58.03
55.16
54.86
58.56
56.28
56.26
53.91
56.82
55.82
55.5
57.07
57.74
55.99
55.38
54.66
54.25
53.75
55.23
59.23
57.75
56.51
53.41
59.93
NA
55.92
55.29
55.55
NA
54.31
54.73
52.29
56.18
58.55
54.89
57.11
55.04
NA
55.45
57.29
54.04
56.25
57.15
58.8
56.88
54.68
55.98
54.99
NA
57.41
53.8
52.69
55.08
58.73
56.49
55.86
56.38
56.27
55.38
56.55
56.35
56.69
53.36
NA
NA
53.45
54.44
54.65
56.36
55.54
NA
58.04
57.16
56.31
57.18
56.1
55.31
58.41
57.81
57.71
NA
NA
58.36
55.73
57.03
52.53
55.39
53.75
58.85
54.25
56.13
56.53
56.62
55.01
58.66
NA
53.68
57.92
NA
NA
NA
55.63
58.77
54.37
56.19
54.74
54.69
53.09
55.76
55.82
54.46
56.07
57.63
57.09
54.81
55.13
NA
54.78
60.54
53.84
56.07
57.1
55.86
54.86
54.26
55.46
55.09
56.75
56.35
56.05
53.47
58.42
NA
56.03
57.36
NA
57.41
53.8
52.69
55.08
NA
56.06
56.07
55.93
56.44
55.85
54.55
55.25
56.05
57.85
56.63
56.95
58.3
58.67
56.91
58.08
56.48
59.52
57.58
53.68
57.68
58.78
57.28
NA
NA
NA
NA
NA
NA
55.0
55.91
53.03
NA
52.96
56.55
52.86
56.59
NA
NA
56.03
55.56
55.42
55.63
55.97
55.93
55.83
55.2
55.83
54.34
55.47
57.47
53.75
56.51
53.96
55.19
53.79
56.09
58.19
NA
57.49
NA
NA
55.56
54.52
NA
56.62
55.24
57.82
NA
NA
NA
54.83
58.79
53.13
55.15
55.09
55.62
53.49
58.07
56.66
55.93
54.24
54.24
58.19
NA
57.54
55.53
58.19
56.02
52.38
54.43
55.3
54.69
56.7
NA
53.45
55.62
57.82
55.81
57.62
55.9
56.23
NA
58.81
57.25
55.49
55.78
56.61
55.89
55.55
54.35
57.25
58.05
55.55
58.45
54.75
55.01
55.89
56.0
55.96
56.49
56.91
56.7
55.79
56.62
58.12
54.59
57.64
54.48
61.93
56.19
56.11
58.22
56.11
58.25
58.26
55.19
45.65
56.55
52.71
55.77
54.89
55.8
55.32
54.73
55.03
55.32
55.68
56.2
54.95
56.62
54.94
56.68
57.51
56.22
55.79
54.04
55.29
56.19
53.91
56.03
56.54
57.07
55.92
56.6
59.87
54.83
NA
57.82
52.14
56.59
59.15
56.57
55.22
53.16
53.66
56.79
57.35
NA
56.39
53.99
58.79
60.39
56.22
NA
55.59
53.46
NA
55.52
53.04
57.58
56.41
54.37
54.64
55.39
55.05
57.35
57.39
58.07
51.08
55.13
57.33
NA
NA
NA
59.53
55.82
58.61
55.63
54.81
58.98
55.65
58.15
58.15
55.77
57.9
54.93
54.08
58.8
58.3
57.6
57.0
58.9
56.6
54.7
55.48
57.34
56.02
55.82
55.86
54.51
57.01
57.01
NA
55.01
56.91
52.19
54.29
54.79
58.2
NA
57.31
56.71
58.3
58.37
NA
58.17
NA
55.98
57.3
NA
55.09
54.87
53.33
56.37
55.17
54.87
52.78
56.19
53.83
54.0
54.08
55.56
55.56
52.33
55.67
54.86
57.15
56.62
57.16
56.63
55.29
59.49
56.37
55.58
55.58
55.43
NA
56.59
54.04
56.2
56.06
56.21
54.2
55.34
57.48
56.22
56.26
53.27
57.09
55.79
56.34
53.35
54.59
55.18
54.73
51.87
57.2
56.81
58.19
56.3
55.41
57.31
57.08
53.89
55.4
55.77
55.55
55.92
55.75
55.65
56.99
56.88
57.17
56.17
56.06
55.79
55.48
55.71
NA
55.9
54.6
54.36
55.46
55.16
55.6
60.32
59.17
56.58
55.8
55.0
58.85
54.16
55.89
53.49
58.71
56.48
53.69
56.7
55.01
56.7
53.88
59.51
56.7
55.3
55.91
55.88
57.23
54.23
56.5
56.07
58.02
56.27
56.33
55.18
55.76
57.34
57.79
54.31
57.44
NA
NA
NA
55.27
55.78
54.96
53.81
54.83
55.74
53.44
51.39
59.89
56.68
55.16
NA
55.94
NA
53.04
55.44
56.94
55.34
57.54
55.34
52.24
54.04
55.48
55.74
56.22
56.59
55.99
56.51
56.66
56.66
56.66
56.66
56.66
56.53
55.56
55.07
NA
54.1
55.8
56.62
56.37
56.67
56.93
57.48
55.42
53.72
NA
55.46
54.39
57.3
56.64
53.21
55.65
NA
55.82
55.47
55.36
53.66
61.86
54.75
55.32
54.95
52.72
57.47
55.35
54.03
57.86
53.42
55.44
59.08
60.78
55.48
55.83
56.23
52.43
57.63
53.71
55.94
53.6
59.69
55.38
56.1
58.1
56.15
53.21
55.31
56.11
55.69
57.95
57.61
57.28
55.44
54.66
58.85
55.55
56.02
55.8
58.34
55.74
55.64
54.02
60.55
55.38
55.94
58.74
53.54
53.14
55.29
NA
55.98
54.24
55.42
57.53
NA
NA
56.65
56.36
NA
56.36
56.95
NA
NA
56.28
53.87
59.17
55.81
56.31
55.7
55.69
55.29
56.92
56.7
56.07
56.47
56.03
56.11
56.58
55.97
54.13
59.43
55.63
52.18
57.24
NA
58.56
NA
56.65
53.8
55.19
51.84
55.61
57.26
56.41
56.05
56.28
56.13
56.02
56.32
52.72
56.49
56.11
NA
NA
NA
NA
NA
57.7
55.53
54.72
55.0
56.37
52.97
56.07
56.51
55.75
56.69
53.65
56.03
56.39
53.64
56.85
55.87
54.68
58.08
55.78
56.08
59.02
60.12
55.02
59.39
59.99
54.79
55.88
54.44
55.36
59.45
56.45
58.95
53.52
55.56
54.9
NA
57.64
55.54
55.44
56.35
56.04
54.63
NA
55.45
55.22
59.57
57.17
NA
57.93
NA
NA
58.22
54.74
57.78
NA
53.71
58.09
52.87
54.21
55.55
54.61
57.24
57.41
NA
NA
57.24
55.63
56.46
57.41
55.64
55.09
NA
51.64
56.74
56.26
NA
NA
59.13
57.66
57.47
NA
56.5
57.98
58.54
58.14
57.44
52.64
53.34
55.44
53.73
56.48
55.51
56.27
57.49
60.78
59.29
57.45
57.23
55.48
56.18
57.78
60.58
59.48
56.9
54.62
56.24
54.5
53.56
53.6
54.99
56.47
55.64
56.46
57.63
56.88
57.22
59.15
56.49
55.78
53.38
NA
57.65
55.39
NA
58.3
NA
NA
NA
54.03
NA
57.33
55.23
NA
53.65
NA
52.61
56.11
55.62
56.52
58.12
56.82
58.72
58.2
55.59
55.68
55.82
NA
NA
NA
55.64
55.93
56.41
56.3
57.48
NA
53.97
NA
55.68
56.35
58.29
54.45
56.24
55.69
56.73
53.94
54.6
55.68
57.53
57.18
53.43
57.79
56.89
55.87
56.05
57.83
55.25
57.13
NA
NA
NA
NA
57.72
54.23
55.52
53.69
55.41
58.29
53.83
NA
55.03
55.2
55.04
54.17
55.84
53.57
58.71
56.94
55.78
NA
NA
53.7
58.7
58.2
55.8
55.24
54.88
NA
59.53
53.56
55.48
56.04
55.64
59.58
53.61
56.22
NA
54.99
57.13
56.57
NA
57.8
57.87
56.15
56.49
56.11
61.38
53.93
57.98
55.25
56.72
55.73
57.23
58.35
58.54
55.15
56.07
55.59
56.5
58.13
54.65
56.86
58.76
55.44
56.02
55.44
53.42
55.54
55.64
57.04
57.14
57.85
55.9
51.94
55.9
55.01
55.26
55.65
52.32
54.21
NA
NA
56.19
55.62
56.57
55.02
57.76
55.26
57.98
59.11
56.52
55.9
56.12
57.8
54.31
54.94
53.68
57.96
54.41
55.95
53.8
56.28
55.4
56.0
56.0
57.1
56.1
56.5
57.9
58.65
56.74
59.18
56.53
55.81
54.96
56.92
54.97
53.7
56.37
56.83
55.68
58.34
58.65
54.73
NA
53.55
57.35
57.82
58.38
55.01
52.82
54.86
55.75
NA
NA
55.28
53.76
54.88
58.2
NA
NA
55.89
55.72
NA
55.81
56.18
56.13
54.28
57.33
54.88
56.15
57.25
NA
53.02
NA
53.09
55.46
56.36
55.15
55.88
55.75
52.56
55.9
55.9
56.16
55.9
55.9
53.65
56.22
NA
55.52
58.11
57.72
52.87
55.36
56.31
57.55
56.96
55.53
56.41
55.7
54.49
55.75
54.84
53.18
56.5
56.97
55.67
55.27
57.67
56.85
54.82
56.08
56.09
58.6
55.65
56.35
58.04
56.54
55.74
55.04
57.44
52.84
55.34
55.84
54.04
55.66
57.41
56.14
55.09
56.0
57.41
56.29
60.56
58.0
55.65
56.38
55.91
55.65
55.78
61.06
55.31
NA
NA
54.48
53.98
NA
55.48
55.08
53.18
56.38
53.98
56.39
56.52
52.9
59.0
NA
NA
55.49
54.37
53.73
57.24
57.43
55.11
NA
57.47
58.39
56.4
56.44
56.06
57.66
55.3
56.71
54.41
NA
55.38
53.16
58.41
58.44
54.81
53.15
56.46
56.94
55.5
53.8
55.08
57.83
59.36
59.36
55.27
54.3
55.44
55.92
55.79
58.47
58.89
NA
55.69
58.99
57.49
58.96
NA
53.71
58.17
NA
53.85
54.48
56.02
56.22
58.18
56.73
57.15
NA
NA
NA
NA
NA
NA
56.87
58.96
55.48
56.44
55.88
57.33
55.8
55.62
55.91
55.81
56.4
56.5
55.39
56.29
54.24
57.4
56.47
54.67
54.47
56.79
57.26
55.03
54.94
57.29
56.19
NA
53.99
55.69
59.3
NA
NA
NA
NA
55.3
54.71
55.7
55.49
54.72
58.43
56.55
58.04
58.19
55.01
55.94
55.87
56.05
56.05
53.19
54.22
NA
54.8
56.7
58.06
NA
56.4
53.9
56.41
58.03
NA
56.38
53.91
56.39
56.46
56.34
56.16
55.26
56.63
59.52
55.06
56.35
55.06
57.76
59.4
57.71
59.36
55.6
56.47
59.37
58.67
59.37
56.81
56.87
NA
57.19
NA
55.69
57.1
55.64
57.18
53.46
54.4
57.42
55.99
55.17
55.73
54.92
57.74
54.5
55.64
54.96
54.65
54.41
55.05