27.77
29.74
29.02
29.42
28.83
28.28
27.71
27.42
28.49
28.87
30.79
28.48
NA
26.66
28.95
29.27
27.57
28.35
27.92
28.51
28.14
27.92
NA
28.74
29.54
28.19
28.27
28.0
27.15
28.04
27.97
NA
28.89
28.1
28.19
27.4
NA
28.35
27.65
28.4
27.97
28.24
29.19
28.41
28.91
28.26
29.54
28.29
28.23
28.5
28.38
27.69
NA
31.03
27.17
28.47
27.44
26.82
27.55
28.7
30.27
28.56
28.13
29.37
28.23
28.41
25.78
NA
29.92
28.6
28.55
28.2
28.5
29.85
29.02
28.0
27.63
28.73
28.79
NA
29.75
26.58
28.67
28.53
28.7
28.34
28.22
28.61
27.97
28.68
28.14
29.92
27.82
27.98
28.09
28.37
28.22
27.85
28.99
28.23
29.44
29.9
30.23
28.52
29.08
28.77
29.43
28.2
28.49
29.06
29.19
28.3
28.53
27.66
28.81
28.07
28.69
28.63
28.47
27.53
28.83
27.32
28.1
30.58
28.14
28.23
28.35
27.63
28.83
27.69
28.19
28.53
28.34
26.98
30.41
27.87
27.82
29.16
28.3
29.3
27.83
29.76
29.94
27.7
28.34
28.26
28.61
27.83
29.15
28.55
28.15
28.75
28.12
27.84
28.9
28.4
27.99
27.99
28.16
28.21
NA
27.64
27.17
NA
27.96
27.98
28.64
29.54
29.84
28.57
NA
29.16
30.04
28.77
28.8
28.16
28.32
28.11
NA
28.48
27.66
29.24
28.21
27.92
30.07
26.64
29.88
28.9
27.98
28.08
NA
27.92
27.46
28.29
29.66
28.87
29.35
28.62
28.67
28.56
26.86
NA
28.08
32.18
28.22
28.38
28.6
27.78
27.74
28.02
27.83
27.22
28.83
NA
28.6
28.19
28.19
28.35
27.73
28.78
28.11
28.0
28.47
29.24
27.62
28.78
28.38
28.67
29.06
28.48
27.99
28.32
28.41
28.65
28.41
28.11
29.04
28.01
28.12
28.71
27.89
28.86
28.62
27.45
29.79
28.17
29.06
27.91
NA
28.11
28.85
28.07
28.64
28.41
NA
27.66
28.28
29.57
28.13
27.47
28.29
28.52
28.24
28.37
27.78
28.04
NA
27.83
27.82
28.17
27.81
28.42
29.07
28.93
28.4
27.72
27.92
27.2
28.85
28.82
27.4
25.64
28.91
27.17
29.57
27.69
NA
28.63
28.17
NA
28.04
26.95
29.27
27.46
27.58
27.15
28.24
NA
28.81
28.65
28.31
25.34
27.79
27.49
28.24
28.69
28.51
28.13
27.8
28.66
27.57
25.26
28.61
28.56
NA
29.38
28.07
28.52
29.02
28.61
28.97
28.47
28.93
28.55
29.12
28.64
29.06
28.12
29.31
28.31
28.55
27.9
27.86
28.01
28.78
27.93
29.19
27.23
28.6
26.81
28.34
28.98
27.97
29.03
27.6
29.68
27.14
28.49
NA
27.95
28.05
27.35
28.27
28.2
34.46
NA
28.3
28.07
27.87
NA
NA
NA
28.27
29.55
NA
NA
28.28
27.32
NA
NA
28.49
27.74
NA
NA
27.91
NA
NA
NA
29.71
28.03
28.35
28.51
27.41
28.34
29.19
29.03
29.13
28.88
29.14
28.72
26.75
28.1
30.29
28.28
28.83
27.46
27.31
27.64
28.1
29.05
NA
NA
27.53
28.1
NA
NA
NA
28.77
28.18
28.57
29.3
28.6
NA
27.44
28.5
28.52
28.78
29.13
29.14
28.17
29.95
NA
NA
28.02
28.22
26.62
26.83
NA
29.05
27.82
27.77
28.06
28.0
28.9
28.97
29.02
NA
NA
NA
NA
NA
NA
NA
NA
NA
28.49
28.23
27.49
29.16
27.53
28.07
29.2
29.02
28.12
28.12
28.38
28.77
26.7
28.22
29.93
28.6
27.0
28.2
28.5
28.8
26.4
NA
NA
NA
NA
28.5
27.69
29.44
27.64
27.94
28.3
28.61
28.25
27.75
29.85
NA
27.87
29.41
29.69
29.72
28.35
28.85
29.01
28.57
28.33
29.12
28.77
29.42
28.67
NA
NA
NA
NA
NA
NA
NA
NA
NA
NA
NA
NA
NA
NA
NA
NA
28.97
27.65
28.23
28.51
28.83
29.92
28.98
28.48
28.43
NA
NA
NA
NA
NA
NA
NA
NA
NA
NA
28.22
NA
31.7
28.27
28.91
NA
28.1
27.64
26.46
NA
29.39
28.15
28.28
30.14
29.19
28.03
28.47
28.3
29.73
NA
28.4
28.4
28.6
28.0
29.0
NA
32.5
NA
29.1
28.96
27.99
27.71
29.45
NA
28.98
27.88
27.66
28.74
28.0
28.68
29.78
28.92
27.94
27.65
29.29
NA
NA
NA
27.94
29.86
27.13
28.32
27.28
27.97
28.63
28.58
28.35
27.99
28.35
30.27
28.29
28.37
29.69
NA
29.11
30.23
29.86
30.03
27.98
27.91
27.96
27.89
27.89
27.89
27.89
28.56
27.67
28.82
27.99
29.3
28.5
25.08
26.69
29.49
28.51
25.92
28.71
27.5
29.07
28.14
28.13
28.39
28.22
28.7
28.7
29.01
29.77
29.93
29.72
28.51
28.98
28.13
28.72
29.11
29.7
31.27
25.82
NA
NA
NA
28.09
28.02
NA
NA
NA
NA
NA
NA
NA
NA
28.31
28.24
NA
NA
28.86
29.14
27.67
NA
28.88
NA
NA
27.95
27.66
27.85
26.25
26.07
30.71
28.54
28.24
29.04
28.35
30.23
NA
30.09
NA
30.57
28.34
28.54
28.54
28.59
28.61
28.55
29.12
29.34
28.01
27.42
27.32
NA
NA
NA
29.2
NA
NA
NA
NA
28.41
27.34
28.14
NA
NA
NA
NA
NA
NA
NA
NA
NA
NA
27.97
27.7
28.84
30.91
NA
NA
NA
NA
27.84
NA
29.27
NA
NA
NA
NA
28.48
28.42
NA
30.48
NA
30.2
29.92
28.7
27.42
28.68
28.45
28.77
27.72
28.59
28.17
28.41
27.91
29.73
NA
NA
30.35
27.52
29.05
27.66
28.31
28.26
NA
28.57
28.52
28.72
28.31
28.28
28.42
27.6
28.63
27.67
28.33
27.61
28.33
27.34
29.58
NA
NA
30.17
28.77
27.18
29.36
27.75
27.3
29.04
27.97
27.38
NA
28.46
29.03
28.02
32.12
31.12
29.12
27.52
25.38
28.98
27.59
28.02
NA
27.72
27.5
28.1
NA
NA
NA
NA
NA
NA
27.84
29.13
28.93
27.83
28.73
28.23
29.72
28.42
27.52
NA
29.59
NA
NA
28.0
27.9
28.88
28.08
28.38
NA
28.18
28.38
27.38
28.08
27.3
27.5
28.2
28.57
27.67
27.47
NA
29.01
27.41
30.99
28.29
29.22
30.71
NA
28.21
27.6
28.85
28.25
27.9
29.3
28.1
27.72
29.06
29.01
28.53
27.93
28.33
28.43
28.73
27.64
28.74
27.94
28.05
28.35
28.05
30.6
28.45
29.76
28.12
28.2
NA
29.56
28.21
27.75
28.16
28.19
27.49
28.59
28.88
27.92
27.33
27.88
27.4
28.06
28.78
28.4
27.92
28.28
28.24
27.77
NA
NA
NA
NA
NA
28.3
28.9
28.4
30.4
NA
28.02
25.93
27.63
28.43
27.93
NA
28.48
28.48
27.52
28.91
27.41
26.41
27.71
29.01
27.91
29.81
28.94
28.57
28.36
28.67
28.17
28.58
28.6
29.4
25.36
NA
NA
28.38
30.06
29.38
27.23
27.84
28.65
28.3
28.47
NA
29.31
28.81
29.31
30.61
28.01
30.21
28.31
28.49
28.61
29.16
30.48
30.51
30.61
30.41
30.5
30.2
30.15
28.14
26.34
NA
NA
NA
NA
NA
NA
NA
NA
NA
NA
NA
27.54
28.54
28.54
27.74
29.14
28.57
28.54
27.33
28.09
NA
NA
NA
NA
NA
29.04
28.02
27.77
27.81
27.56
28.4
NA
NA
NA
28.61
28.06
29.72
28.61
29.17
28.97
28.45
28.95
27.75
28.35
28.15
28.5
30.39
29.61
30.57
28.73
NA
27.99
28.5
28.33
28.49
NA
28.04
28.86
28.36
28.84
NA
28.59
29.04
28.65
28.2
27.37
27.82
28.08
28.05
27.65
29.45
29.15
31.02
28.62
29.32
27.76
27.72
29.02
28.12
28.42
NA
25.17
27.77
28.63
27.68
28.32
28.05
26.5
27.38
NA
NA
NA
NA
NA
27.92
29.62
30.32
28.72
27.76
NA
28.37
27.6
NA
28.79
28.93
NA
28.5
28.68
28.18
27.98
28.18
28.38
28.88
29.33
27.83
27.22
28.84
27.99
32.36
28.24
28.24
29.34
28.21
27.81
28.15
28.26
27.42
28.58
29.2
28.09
28.43
29.0
NA
NA
NA
NA
NA
NA
NA
NA
NA
28.05
25.84
27.88
28.68
NA
29.05
27.95
28.15
28.35
28.85
28.79
28.0
28.31
28.41
28.19
28.75
28.3
28.44
27.98
28.4
29.28
28.53
28.93
28.83
28.14
27.94
28.14
28.44
28.84
28.15
NA
NA
NA
28.12
NA
34.02
27.73
28.21
26.31
27.81
27.82
28.37
27.82
30.57
28.37
29.38
28.88
28.21
27.13
29.19
28.86
28.35
28.33
28.3
27.73
28.61
28.51
29.41
27.91
28.51
28.71
27.31
29.71
28.01
29.11
28.25
29.46
28.86
NA
NA
28.85
28.85
NA
NA
28.04
30.64
27.74
32.71
28.18
28.62
29.0
27.84
28.1
28.02
28.81
28.35
28.01
27.92
29.55
27.95
28.25
27.55
28.35
27.95
29.35
29.73
28.4
28.54
29.38
29.93
29.1
30.67
29.75
29.4
29.3
29.51
28.84
27.95
29.33
28.68
27.87
28.99
28.02
26.62
28.17
27.78
28.12
27.92
28.42
28.32
28.82
28.47
28.21
28.55
28.28
28.26
28.79
28.53
29.38
25.65
36.25
28.27
27.34
28.44
29.44
27.79
27.86
27.96
28.21
28.63
NA
28.06
NA
28.66
28.06
28.35
28.38
28.54
28.88
29.14
27.36
28.97
27.51
29.66
27.84
28.19
NA
NA
NA
NA
27.7
28.64
28.2
30.7
28.27
28.1
28.1
28.3
28.88
28.3
30.3
28.13
26.87
28.41
27.72
29.72
28.22
28.22
28.34
NA
NA
28.84
27.64
NA
28.36
28.36
27.86
28.66
28.56
27.36
28.86
27.69
27.69
27.49
28.27
27.97
27.97
27.98
28.33
28.03
28.33
28.53
28.83
29.6
29.56
27.8
28.52
27.75
28.61
28.3
27.78
30.27
28.12
28.77
28.69
30.02
27.64
29.74
28.08
NA
28.25
28.31
28.29
28.17
30.69
28.29
28.49
28.5
27.96
28.09
28.03
28.06
29.57
28.72
28.53
28.24
NA
NA
NA
28.31
28.21
28.21
27.28
28.18
29.04
28.02
28.79
28.71
29.64
28.37
29.64
28.46
27.92
27.99
28.7
NA
NA
30.35
28.31
27.68
29.44
27.63
29.49
29.26
26.98
28.77
27.7
26.93
28.23
29.93
29.34
28.25
28.14
NA
29.49
28.39
28.79
28.12
29.04
28.32
28.75
28.49
NA
28.43
28.46
NA
27.62
26.29
28.39
28.32
29.82
27.72
29.3
29.15
26.78
29.28
28.6
28.68
28.4
28.2
28.76
29.16
NA
27.64
28.81
33.31
32.85
NA
NA
29.23
28.12
28.42
29.24
28.23
28.45
27.46
27.97
28.54
27.33
28.09
NA
NA
27.65
28.45
27.46
27.97
28.36
28.34
27.16
30.92
27.93
28.41
NA
27.12
30.15
29.14
27.63
28.43
29.28
28.02
29.26
28.61
26.85
28.15
27.77
28.6
29.17
28.13
28.13
28.18
29.07
29.16
28.46
29.46
30.49
28.47
NA
NA
28.62
NA
28.71
27.91
28.41
28.01
26.51
27.41
28.79
28.09
28.39
28.29
26.99
27.39
28.18
29.32
28.18
28.38
26.55
27.93
NA
NA
NA
29.31
29.36
28.16
28.16
28.96
29.49
30.21
28.29
28.59
28.09
28.6
29.25
28.34
28.1
28.67
27.88
29.55
29.75
28.65
27.85
30.55
28.55
NA
28.4
29.1
28.3
29.1
27.4
28.4
29.1
28.85
27.96
28.32
28.47
NA
28.92
28.82
28.06
28.38
29.31
28.59
28.66
28.76
27.86
29.46
28.66
NA
NA
27.62
28.84
28.34
28.94
30.64
28.14
NA
27.78
28.72
27.85
28.31
28.32
27.84
28.35
27.16
29.91
29.17
28.16
NA
NA
NA
NA
27.89
29.19
28.84
28.34
28.94
30.64
28.14
27.58
39.45
27.68
27.36
28.63
29.55
28.17
28.88
28.89
NA
28.0
NA
NA
NA
NA
NA
NA
NA
NA
NA
28.22
28.82
31.32
28.12
28.62
28.52
28.22
27.92
27.92
28.28
28.15
NA
27.68
27.94
28.02
NA
27.65
28.55
28.55
NA
28.15
28.31
26.54
26.6
28.79
29.02
30.3
28.98
28.51
28.38
27.88
NA
28.26
28.56
26.85
27.47
30.6
29.16
28.93
28.48
27.95
27.83
28.18
28.72
28.24
27.91
NA
26.08
29.92
29.41
28.89
28.63
NA
28.39
29.59
28.34
28.17
28.91
28.02
27.7
27.92
28.16
28.8
29.33
28.55
29.59
29.26
28.66
28.24
28.39
28.39
28.92
29.07
NA
28.93
27.5
29.63
28.06
28.21
29.02
28.94
NA
28.47
27.99
28.15
29.26
NA
NA
NA
NA
27.26
28.84
NA
27.2
28.71
28.24
NA
28.0
27.8
28.0
28.5
29.0
28.58
29.28
29.28
27.83
27.96
27.4
31.91
28.87
29.29
27.29
27.99
28.38
28.6
28.86
27.78
29.17
29.42
28.47
28.3
28.31
29.73
29.16
28.29
28.7
25.81
28.56
28.64
28.89
27.93
28.58
31.05
26.92
32.49
31.08
NA
NA
NA
NA
28.59
28.59
27.89
28.26
27.46
29.46
28.26
27.86
27.76
28.66
27.86
28.75
28.03
NA
NA
27.95
27.46
NA
27.74
27.75
28.06
NA
29.81
31.81
28.81
27.85
28.31
NA
NA
28.85
27.89
28.75
28.4
28.98
28.29
29.17
27.74
28.74
28.51
28.27
NA
27.39
28.09
29.19
28.26
29.33
28.68
28.29
28.91
26.46
28.61
28.47
28.69
31.49
29.62
27.86
NA
28.29
29.31
27.92
27.82
29.05
27.66
29.0
27.76
29.86
29.86
28.36
28.16
28.36
28.1
28.1
28.12
28.27
27.94
27.78
29.17
29.42
28.47
28.3
28.31
29.73
29.73
29.51
28.74
28.28
27.9
28.02
28.26
28.52
29.24
27.98
35.35
28.39
28.05
28.26
28.29
28.22
28.79
28.25
28.22
28.19
29.35
28.55
28.45
27.43
27.93
28.55
NA
28.49
28.85
27.81
28.52
28.0
28.1
27.73
28.87
28.55
27.48
27.68
30.78
27.72
27.82
28.02
28.22
28.72
26.78
27.18
NA
NA
NA
NA
NA
NA
NA
NA
32.51
32.73
28.43
28.11
NA
28.52
29.06
28.52
28.68
28.24
28.23
27.95
28.73
27.82
28.93
29.03
27.63
28.97
28.79
27.76
28.06
28.22
30.22
28.12
27.52
28.62
28.24
28.51
28.3
28.93
29.5
28.75
NA
28.61
27.66
28.29
28.95
28.78
27.5
28.93
28.02
28.34
29.08
28.18
29.02
28.16
28.4
NA
NA
27.8
30.6
28.4
28.9
NA
29.21
30.41
27.61
27.62
28.05
28.69
29.97
29.11
28.84
28.78
28.38
28.85
28.13
30.63
34.58
34.98
NA
28.04
27.31
28.54
28.07
28.14
27.55
27.92
27.97
28.9
29.11
29.22
28.04
NA
28.08
27.99
27.92
28.1
28.59
30.59
25.4
27.53
29.58
29.95
28.55
28.15
27.95
27.66
28.3
NA
28.17
28.37
28.29
27.45
27.85
30.15
29.31
27.57
28.61
28.47
28.08
28.04
28.18
29.97
28.43
28.14
28.06
27.94
28.14
NA
NA
NA
28.14
28.93
28.71
30.28
29.25
28.93
28.24
29.26
NA
28.38
27.28
26.48
30.46
NA
NA
NA
NA
28.21
28.57
NA
NA
NA
28.86
28.03
27.97
27.05
28.85
28.73
29.09
28.66
28.08
28.63
29.8
28.28
30.48
NA
NA
NA
28.02
27.99
NA
NA
28.38
28.26
30.25
28.3
27.8
28.87
28.26
28.68
28.68
28.04
28.74
28.88
29.01
29.67
29.07
28.69
28.46
27.98
NA
27.38
28.21
31.01
28.41
31.45
27.36
28.53
NA
NA
30.81
27.35
28.05
30.75
27.65
28.25
27.75
28.25
28.55
28.95
27.73
27.71
30.61
NA
28.14
28.0
28.08
27.14
28.54
28.54
27.55
29.05
28.25
28.25
28.45
28.75
28.3
27.4
28.3
28.7
27.7
28.88
27.38
28.4
27.94
30.34
27.84
NA
27.36
28.31
28.41
28.61
27.81
27.39
28.33
27.31
28.31
28.41
28.51
27.78
28.29
27.91
27.55
28.21
27.35
30.21
NA
28.46
28.42
28.37
28.42
29.4
28.8
NA
NA
28.88
NA
NA
NA
28.57
29.27
28.67
28.13
29.02
28.14
28.14
28.44
28.63
28.56
29.07
26.43
28.66
28.57
28.43
28.3
29.61
26.94
27.05
28.2
28.2
27.89
NA
NA
28.35
28.64
NA
29.34
28.73
26.7
32.0
30.7
27.7
28.27
27.35
27.61
28.47
27.91
28.48
28.24
28.32
28.68
27.94
28.27
29.09
28.27
27.15
29.16
28.48
27.99
28.49
29.02
28.21
28.64
28.14
28.77
29.36
28.19
29.41
27.8
28.7
28.7
28.76
28.86
29.56
27.06
28.36
27.65
28.66
28.66
29.36
29.56
29.26
29.36
29.16
27.64
30.19
31.04
27.52
28.52
27.72
27.22
28.47
28.41
29.8
29.61
29.8
28.64
28.64
28.64
29.32
29.59
28.64
28.64
28.56
28.57
26.24
28.01
28.97
28.17
27.52
29.29
28.01
28.81
28.57
NA
28.61
28.72
28.48
28.97
29.87
28.33
29.03
29.13
NA
28.54
28.14
27.78
27.93
29.03
28.99
27.93
28.85
28.57
28.89
28.65
28.42
NA
NA
28.79
30.04
28.64
27.24
28.84
29.21
29.62
28.25
29.59
28.34
27.84
29.74
28.04
28.04
28.64
27.84
28.04
28.74
NA
28.21
27.91
27.91
28.41
28.41
28.95
25.78
28.45
28.46
29.54
28.14
28.73
28.52
28.23
29.03
28.85
28.9
27.2
28.34
30.46
28.29
29.64
28.13
28.53
28.73
29.36
28.03
27.83
28.04
29.24
27.81
28.58
27.8
27.6
NA
33.92
28.12
34.32
28.32
28.28
28.15
28.4
28.25
31.7
27.86
27.96
27.96
28.16
28.16
29.71
27.15
28.08
NA
27.83
NA
28.47
29.05
29.11
29.84
28.27
28.08
28.31
27.26
27.47
27.29
27.8
28.0
28.26
29.02
29.76
28.9
28.84
27.34
27.52
30.62
29.35
29.25
28.75
27.95
27.95
29.18
28.98
28.59
28.46
28.15
27.85
32.15
27.35
28.26
28.26
28.26
27.46
28.49
27.58
27.88
28.8
29.56
NA
NA
29.41
28.28
28.08
28.38
28.38
28.17
27.67
27.97
27.27
28.57
28.47
29.81
27.91
27.91
28.21
27.51
28.53
27.08
27.0
27.02
28.84
28.91
28.96
28.58
26.19
28.31
28.64
28.81
27.98
27.92
27.87
28.69
27.99
28.03
27.99
28.78
28.43
28.13
28.23
27.53
28.73
28.93
28.24
28.23
NA
27.85
28.26
28.09
28.16
27.92
NA
29.08
27.62
28.28
28.17
27.67
28.63
28.77
27.98
28.66
29.46
26.84
27.74
27.92
30.62
29.12
28.35
30.0
28.63
28.26
NA
NA
NA
29.37
28.88
27.16
27.65
27.79
28.15
28.79
NA
28.29
28.69
29.89
26.49
28.29
29.49
27.71
27.87
28.24
29.9
28.24
28.24
28.7
29.1
28.03
27.96
27.74
28.12
28.78
28.57
29.23
30.48
28.57
28.68
28.58
28.68
29.28
28.32
28.52
NA
NA
27.9
28.83
29.05
27.51
29.43
27.92
28.86
28.64
28.64
29.98
29.09
29.05
31.25
27.85
27.54
30.44
28.09
27.71
28.33
28.82
28.64
29.54
30.52
29.33
29.98
NA
NA
27.29
27.91
27.21
27.68
29.03
27.93
27.88
28.34
27.92
25.68
30.6
28.57
27.9
28.23
27.42
28.34
NA
28.07
28.37
27.97
28.36
28.96
28.62
28.18
28.01
29.14
NA
NA
NA
29.63
28.23
28.83
29.34
26.35
28.29
28.17
27.7
27.43
28.11
26.96
27.38
28.73
28.34
28.14
28.87
29.29
NA
NA
NA
NA
NA
NA
NA
NA
NA
NA
NA
NA
NA
NA
NA
NA
NA
NA
27.95
28.92
27.95
27.26
28.3
27.34
28.53
28.64
29.49
29.02
27.52
30.03
27.79
28.76
NA
26.14
27.83
28.71
27.68
27.55
28.04
28.21
28.61
28.91
28.21
27.91
28.31
28.61
27.81
28.11
27.72
30.02
28.58
28.37
28.94
27.33
29.51
28.29
30.02
27.88
28.88
27.65
NA
29.15
28.51
29.1
25.24
27.57
28.82
27.68
28.17
27.78
28.61
29.55
27.32
28.02
28.58
31.71
26.82
29.71
29.33
NA
28.53
28.41
26.8
NA
NA
28.03
27.79
28.19
28.61
27.54
27.34
27.57
28.43
NA
NA
NA
29.19
27.86
27.5
29.25
28.0
NA
28.56
27.2
30.2
28.77
28.22
28.96
29.52
28.82
29.52
28.73
28.07
27.26
28.29
29.14
28.49
28.98
28.23
28.35
28.95
28.77
28.25
27.5
28.08
28.06
29.54
29.85
28.6
28.77
28.7
NA
29.56
27.44
27.34
27.64
27.94
30.24
28.43
28.61
28.31
28.56
28.16
28.63
27.67
28.34
28.08
26.31
27.43
28.36
28.26
29.16
28.66
28.36
27.56
28.66
NA
28.73
29.46
27.69
NA
32.76
28.16
25.86
29.43
27.98
28.35
27.92
NA
28.52
28.11
28.37
29.0
NA
27.62
29.5
27.85
27.95
25.66
29.65
29.45
29.2
27.99
27.74
29.06
28.78
28.16
30.12
29.33
28.91
28.31
29.0
28.08
28.36
27.59
NA
29.25
30.25
29.05
27.75
28.45
28.05
28.95
32.8
28.55
28.26
28.89
28.84
26.6
28.95
28.68
27.43
27.91
28.3
28.12
28.19
29.39
27.62
28.12
28.72
28.92
28.32
29.02
NA
28.29
29.19
28.98
27.88
27.88
29.4
27.93
27.8
28.27
28.02
29.46
27.69
28.1
27.89
27.34
28.19
29.48
28.05
27.9
28.17
28.49
26.98
27.13
29.96
NA
29.58
28.45
28.23
29.34
28.11
27.62
28.11
27.44
28.42
27.89
27.92
27.06
28.72
28.56
29.3
29.51
29.35
28.35
29.22
28.01
27.85
29.98
28.94
28.09
28.77
27.67
27.95
28.65
28.33
28.57
28.66
28.05
28.01
29.32
28.66
28.99
28.47
29.58
27.86
27.86
27.84
28.64
26.34
27.24
30.32
28.64
28.51
29.54
NA
31.69
29.19
28.1
28.0
28.08
28.83
28.42
27.88
29.09
29.1
NA
NA
NA
NA
27.43
28.76
NA
28.93
29.01
28.31
28.01
29.01
28.61
27.68
29.13
27.41
28.64
29.14
27.43
29.06
28.38
29.16
28.56
28.52
29.19
28.65
27.98
27.82
29.95
29.0
28.06
27.9
27.31
29.0
28.27
28.28
28.23
28.24
29.05
28.59
26.29
29.06
29.89
28.29
28.99
28.49
29.24
28.54
NA
NA
NA
NA
NA
NA
NA
NA
NA
NA
NA
NA
NA
28.78
29.94
28.44
NA
28.03
28.87
33.98
27.75
28.58
26.28
28.28
29.7
27.6
28.1
NA
28.9
28.72
27.63
28.33
28.43
27.53
27.87
27.2
27.98
29.34
27.86
28.77
27.71
29.02
30.06
28.42
27.47
27.31
28.83
28.43
28.54
30.62
27.89
29.88
27.63
28.53
NA
28.51
28.68
NA
NA
NA
NA
29.11
27.85
30.3
28.31
27.91
27.71
27.86
28.1
27.94
27.32
28.28
28.28
28.32
28.04
28.06
27.95
28.73
25.67
28.56
NA
29.32
28.15
29.45
27.85
29.56
27.89
27.92
27.92
28.63
29.63
28.67
27.84
28.81
30.63
28.64
29.22
28.67
29.63
NA
27.83
28.97
30.6
28.65
29.21
29.54
28.07
27.75
27.28
28.46
28.56
28.96
28.56
29.06
28.96
30.56
29.44
27.7
29.67
28.53
27.81
NA
NA
28.43
28.38
27.56
29.0
28.06
27.68
28.44
29.97
26.76
27.7
28.69
28.65
27.66
27.75
28.65
28.35
29.48
28.77
28.86
28.09
27.56
28.06
28.84
28.61
29.35
28.7
28.81
28.04
27.38
27.96
28.8
28.57
28.66
28.57
28.85
27.54
27.51
28.49
28.65
27.4
27.24
28.08
28.84
28.91
29.57
NA
28.82
NA
27.57
28.61
28.39
27.54
NA
NA
NA