NA
NA
29.07
NA
NA
NA
NA
NA
NA
NA
NA
NA
NA
29.19
30.61
29.79
33.78
33.7
NA
NA
NA
NA
NA
29.16
31.46
NA
NA
NA
NA
NA
28.0
28.0
29.78
29.75
NA
NA
NA
NA
NA
NA
NA
NA
NA
NA
NA
NA
NA
29.25
28.77
29.98
NA
NA
NA
NA
NA
NA
NA
NA
NA
30.63
NA
NA
NA
NA
NA
NA
NA
29.77
NA
31.55
29.65
29.28
NA
NA
NA
NA
NA
NA
NA
NA
NA
29.28
28.97
NA
NA
NA
NA
NA
NA
29.12
29.12
30.59
30.22
NA
NA
29.7
NA
NA
NA
NA
29.46
NA
NA
NA
27.58
29.57
29.37
29.65
28.89
29.07
28.93
28.31
29.16
28.91
24.49
28.33
29.59
29.25
27.77
28.97
29.24
28.84
NA
NA
29.31
29.24
29.76
29.22
29.43
29.43
NA
NA
NA
29.55
29.07
NA
NA
28.82
29.16
31.57
31.47
31.45
30.37
26.8
29.27
NA
33.01
29.41
29.39
NA
NA
29.77
29.65
29.25
28.85
28.85
28.85
28.85
29.65
29.25
29.44
29.14
29.01
NA
29.24
NA
29.51
28.75
27.92
28.66
28.56
28.28
29.15
28.09
31.62
27.63
29.53
NA
29.14
28.99
29.22
NA
NA
30.45
29.86
30.21
29.66
30.12
28.27
28.91
NA
28.6
29.02
29.18
29.83
NA
29.58
NA
30.16
29.91
29.83
NA
29.21
30.96
NA
30.05
29.54
30.43
NA
NA
29.38
29.38
NA
29.27
29.91
29.21
NA
30.27
31.07
29.97
29.31
29.65
29.48
29.09
NA
29.07
30.52
29.39
29.1
29.06
NA
29.48
29.23
28.21
28.41
29.21
NA
NA
NA
NA
29.42
29.31
NA
29.86
29.93
29.52
28.77
29.32
29.37
29.8
29.39
NA
NA
NA
NA
NA
30.13
29.97
NA
NA
NA
29.31
29.29
NA
NA
28.4
32.89
NA
29.76
29.39
29.31
NA
29.24
28.75
NA
NA
28.52
NA
29.81
NA
NA
NA
NA
NA
NA
NA
NA
29.24
28.75
29.09
NA
29.72
29.54
NA
NA
NA
28.5
25.2
NA
29.68
29.6