54.29
55.05
54.62
55.92
55.56
56.24
54.59
54.76
54.75
54.75
55.96
57.96
54.74
54.63
NA
NA
54.18
58.42
54.28
58.74
54.88
55.32
54.37
54.97
53.59
54.97
54.01
53.83
57.03
54.82
54.19
51.32
55.78
54.95
54.32
55.0
54.13
55.33
55.11
58.15
54.19
54.52
55.49
55.03
54.65
55.89
56.47
55.08
54.57
54.9
56.08
54.42
54.09
NA
53.97
56.66
57.73
52.76
58.28
54.29
54.04
54.36
53.9
55.83
54.8
55.53
56.52
55.54
53.69
54.89
53.75
55.8
56.1
52.73
56.24
55.26
55.44
53.79
55.61
52.95
53.97
55.8
56.3
55.17
55.41
55.94
54.68
54.53
58.18
54.37
55.13
54.89
57.39
54.77
55.08
54.09
54.41
55.05
54.25
55.63
53.68
55.47
54.47
54.39
53.51
54.68
54.32
55.28
54.63
54.78
54.64
56.2
53.99
54.48
53.75
55.57
53.99
NA
54.63
55.08
56.93
56.38
54.99
NA
54.88
56.48
55.08
55.0
55.92
54.68
54.48
53.72
55.23
54.55
54.59
55.15
55.89
53.27
54.92
54.97
NA
55.0
54.77
55.08
52.89
54.62
54.27
53.46
54.6
56.95
53.92
54.24
54.4
54.11
54.96
54.01
52.68
52.15
53.83
54.06
55.18
54.82
52.88
58.03
59.62
54.21
56.26
55.63
55.33
54.08
55.45
56.02
55.33
54.9
53.81
55.82
54.92
54.86
53.67
54.6
54.61
NA
NA
55.8
59.27
54.96
54.27
54.79
53.14
54.11
56.48
57.42
56.4
53.42
53.21
52.93
53.9
54.24
54.99
53.47
56.08
55.19
55.24
55.76
55.3
54.09
55.24
56.66
56.07
57.06
53.33
54.66
53.74
55.69
54.21
56.86
53.83
54.64
53.3
54.93
57.01
56.99
54.3
56.96
53.92
54.76
53.45
55.07
57.03
54.65
53.99
54.92
56.38
54.43
57.01
53.52
54.7
53.48
55.04
57.31
54.66
53.63
54.81
54.44
56.8
NA
56.21
56.75
54.61
54.18
54.46
55.9
57.41
54.14
54.38
56.97
54.82
53.77
55.83
NA
57.16
55.72
60.32
53.1
54.05
54.12
54.57
53.67
53.18
55.51
54.54
56.16
55.08
56.27
54.71
56.58
53.38
54.06
54.33
54.21
53.97
58.34
56.64
54.23
54.69
54.41
53.38
54.14
55.57
57.9
55.1
54.74
52.98
54.54
54.36
54.5
55.31
54.13
53.53
54.23
54.89
54.57
53.51
54.43
53.72
54.51
55.9
54.33
53.85
57.2
54.53
57.65
55.86
54.4
NA
56.11
55.67
58.16
59.78
55.93
54.81
56.84
55.18
55.19
56.75
56.38
53.15
55.38
53.78
55.29
54.94
54.44
53.99
54.77
55.18
55.92
55.21
53.34
53.23
54.99
57.4
54.79
56.09
55.12
57.75
52.78
53.9
54.47
53.69
52.54
55.01
53.89
53.63
61.26
55.43
52.87
52.83
56.27
54.5
55.14
56.99
53.5
52.86
54.66
54.74
54.22
54.64
56.53
54.57
54.43
56.87
55.47
55.57
55.12
56.98
55.3
56.65
54.73
54.63
56.57
54.99
54.57
54.8
53.0
54.37
53.59
54.62
54.24
56.19
54.38
57.19
55.99
54.09
54.04
53.91
54.22
54.16
55.11
55.26
53.79
54.2
53.22
56.09
54.92
53.0
54.44
51.8
54.98
52.84
55.62
54.61
54.94
55.26
55.4
54.39
54.2
54.43
53.76
52.27
55.34
NA
55.91
55.05
56.81
52.79
55.29
55.55
54.85
53.64
55.63
54.96
53.75
55.69
55.08
53.64
55.55
54.78
53.65
55.76
54.92
53.74
57.16
56.88
55.43
53.05
53.56
NA
56.15
54.18
54.45
54.11
53.51
54.41
55.51
57.08
54.05
55.87
55.66
54.3
55.61
55.3
52.97
53.75
53.8
NA
NA
54.78
56.79
54.86
56.24
54.74
55.2
56.83
54.04
54.82
55.13
54.43
54.54
53.82
57.52
54.68
55.33
53.63
55.61
54.21
54.15
NA
NA
NA
56.31
53.09
54.92
54.48
55.68
51.95
55.25
58.05
54.15
55.65
55.06
55.7
54.47
56.01
55.92
54.3
NA
NA
58.14
56.59
55.5
54.24
55.97
54.69
57.44
54.64
55.27
55.14
55.21
54.78
55.8
57.24
55.94
57.24
54.84
53.96
56.61
54.56
57.02
61.58
53.07
55.51
56.88
52.81
53.87
55.86
54.64
54.04
53.08
54.38
54.3
54.41
54.71
55.05
55.43
54.41
54.73
54.53
54.51
57.41
56.12
54.03
54.88
54.22
55.14
55.05
55.97
54.56
54.36
54.49
56.06
56.18
54.99
53.79
56.27
53.86
55.97
54.56
54.37
34.49
56.07
NA
NA
53.39
55.07
55.67
54.08
53.98
54.09
54.12
54.26
52.93
56.09
54.76
54.48
55.47
52.91
53.62
56.6
NA
55.4
53.73
55.44
53.91
56.35
55.18
51.38
54.49
55.41
54.28
55.53
54.2
53.91
56.16
54.15
55.07
58.18
53.36
54.51
55.55
53.03
56.92
54.75
52.1
57.57
54.17
54.08
53.18
54.18
55.78
53.58
55.98
55.48
53.38
56.48
54.98
56.08
57.5
52.5
56.28
55.44
54.43
56.43
56.05
53.98
54.74
54.04
54.44
54.77
54.75
54.91
57.1
NA
54.26
55.83
55.79
54.98
54.09
55.13
54.14
52.45
56.06
53.99
56.24
54.93
54.04
53.89
55.39
55.49
55.6
55.33
NA
54.74
54.51
54.29
54.67
55.41
54.56
54.76
54.4
54.37
54.81
54.46
53.83
54.81
54.46
53.83
53.74
55.2
55.19
54.62
55.82
53.82
57.01
53.82
57.01
58.49
54.79
54.38
54.28
55.98
57.92
55.8
53.74
58.37
55.94
54.47
57.62
54.7
58.39
59.48
53.78
55.38
54.02
57.1
54.78
57.29
53.98
57.58
54.88
57.3
55.21
55.79
56.06
54.66
56.56
53.33
54.87
54.94
56.7
54.6
54.91
56.92
54.82
NA
53.15
56.38
55.16
55.47
54.8
57.37
54.3
55.62
52.36
58.23
56.56
55.07
54.11
55.73
54.32
53.91
57.08
54.78
55.64
58.9
NA
55.74
54.3
NA
57.08
54.75
55.88
54.54
NA
57.21
NA
57.27
53.68
56.17
NA
54.89
56.89
52.34
55.66
NA
52.7
56.07
55.04
55.6
54.74
57.43
55.27
51.75
53.59
57.01
NA
55.96
58.26
52.59
56.67
53.74
56.61
53.77
56.59
53.77
55.97
53.59
53.49
54.16
54.37
55.52
55.36
NA
NA
54.77
55.35
59.18
53.68
59.19
53.54
56.3
54.19
55.4
53.87
56.07
60.15
53.62
55.22
54.72
52.12
56.01
54.7
55.39
54.99
55.5
NA
55.09
60.8
62.31
52.55
57.05
55.15
55.17
55.07
52.15
NA
NA
NA
NA
NA
NA
55.53
53.63
54.43
54.82
55.47
55.27
55.94
54.0
56.42
53.83
54.41
55.91
53.21
54.26
54.76
54.76
52.68
53.68
52.58
55.18
51.98
55.18
55.07
54.27
54.45
56.54
53.94
NA
56.07
54.67
56.2
54.3
56.3
56.1
57.3
NA
54.15
53.55
59.2
54.21
55.51
57.21
53.51
56.81
54.21
54.01
56.91
54.54
53.34
54.11
54.84
56.69
53.31
57.04
54.64
54.97
55.67
56.07
54.34
53.7
55.22
54.82
51.72
54.33
57.33
53.03
59.13
55.22
53.92
59.44
56.07
53.72
56.34
53.83
55.59
NA
55.01
NA
53.68
55.78
NA
56.98
54.16
56.36
54.2
56.37
54.31
57.51
52.81
59.01
54.23
55.85
55.16
59.14
54.84
53.24
54.04
53.95
53.97
59.5
55.84
53.46
57.06
57.26
55.16
54.76
54.66
58.52
58.42
55.23
53.63
56.68
57.26
56.77
55.61
54.21
55.61
53.71
53.38
60.67
56.18
54.38
56.45
52.91
55.83
57.73
52.93
59.43
55.03
54.33
54.93
54.93
54.48
54.45
54.74
54.74
55.04
55.58
54.44
53.68
56.03
55.4
54.16
52.97
55.67
54.23
55.17
55.37
58.27
55.77
56.26
55.07
55.92
54.32
55.22
56.04
55.48
54.68
53.98
55.47
NA
54.76
53.85
55.3
54.82
55.96
55.89
53.94
55.44
57.15
55.6
54.53
54.71
53.95
54.82
53.11
53.18
NA
55.19
53.81
59.14
54.59
52.75
54.55
54.94
58.64
NA
57.12
55.17
52.95
53.87
55.88
55.08
54.18
54.09
55.35
53.98
55.22
NA
53.14
54.18
57.68
55.52
57.32
56.82
53.35
53.37
53.93
55.08
54.43
55.68
53.94
55.59
53.75
55.24
53.94
57.37
58.73
53.66
55.7
57.5
55.1
53.85
56.23
58.3
53.35
54.87
54.27
52.07
56.16
57.54
54.7
51.7
53.12
56.12
54.22
54.7
52.93
53.56
52.12
55.3
55.8
54.39
54.48
54.77
57.18
57.45
53.73
53.57
55.99
54.58
52.92
55.1
55.3
54.7
54.18
57.05
55.35
53.55
55.35
58.85
55.25
56.86
55.6
53.08
55.04
58.83
55.14
53.8
53.79
53.6
55.44
53.84
53.86
54.49
53.8
56.73
53.37
54.75
NA
53.9
53.73
55.17
56.47
54.57
NA
54.87
53.7
53.41
53.9
55.52
NA
54.74
54.78
55.31
54.49
56.7
57.12
54.42
52.48
54.78
54.76
56.63
56.94
56.84
55.28
56.25
53.23
56.95
56.95
55.45
55.95
53.35
54.68
53.23
51.68
55.88
53.88
56.28
55.88
55.18
54.65
53.99
58.15
54.95
54.87
54.1
56.2
58.4
55.83
55.43
55.92
53.74
54.97
55.57
54.32
55.99
53.76
54.96
55.9
54.13
54.28
54.08
53.27
NA
56.07
54.59
56.95
55.32
54.31
54.17
56.04
52.85
55.0
55.48
54.05
54.05
55.95
55.11
55.29
55.58
63.52
52.45
53.7
54.45
55.29
54.74
53.34
53.45
56.65
56.45
55.65
53.85
53.68
55.57
55.76
54.46
53.26
54.53
55.64
55.33
54.7
51.7
54.25
53.12
57.01
54.27
55.29
55.52
54.72
55.49
59.01
55.96
54.55
56.64
54.84
54.48
54.65
55.39
54.95
56.72
57.32
55.74
54.37
55.65
NA
NA
55.61
56.19
54.55
56.66
NA
54.74
56.0
54.52
55.64
54.89
55.21
54.25
53.98
52.41
NA
55.66
55.16
55.06
53.66
56.26
56.86
54.44
54.65
53.72
55.02
NA
NA
57.7
53.32
58.02
54.02
54.07
52.68
53.78
55.1
53.21
55.16
53.29
58.2
54.31
53.04
55.8
55.02
54.02
52.02
53.82
52.25
54.92
53.69
52.66
53.81
53.73
58.61
54.57
NA
NA
56.04
58.77
54.67
54.76
54.32
54.5
56.69
54.19
54.69
54.49
54.09
56.39
53.69
53.24
54.47
55.25
55.54
54.74
54.14
55.43
54.03
54.18
51.98
54.65
52.83
51.91
55.02
52.79
53.79
55.33
54.58
54.39
54.82
56.41
52.94
57.42
54.73
54.8
58.54
54.0
54.27
53.99
53.58
54.33
55.38
53.54
55.43
54.84
55.44
56.95
54.22
54.54
56.92
55.37
58.21
59.68
56.28
54.78
54.08
54.98
54.8
55.7
55.45
55.16
54.76
54.85
53.94
55.11
53.59
55.16
52.86
58.52
54.46
56.24
55.46
54.66
52.9
55.04
55.35
54.74
51.54
54.92
51.82
55.74
53.38
53.5
53.47
NA
57.35
57.15
54.45
53.06
53.89
56.89
55.69
54.0
55.05
53.85
53.45
53.45
55.95
53.7
53.14
55.79
55.36
55.05
54.4
NA
56.51
56.41
52.71
57.71
59.27
54.61
54.21
53.94
54.5
54.31
54.37
58.11
54.42
54.21
58.14
54.6
54.1
58.14
54.77
56.53
NA
NA
52.45
55.61
56.53
54.25
53.55
54.65
55.23
56.04
55.14
56.04
55.83
NA
55.97
NA
58.38
56.41
53.22
53.7
53.69
54.68
53.94
54.17
53.57
54.77
56.01
56.11
54.61
53.91
52.2
56.3
54.44
56.97
56.31
54.84
54.01
54.21
55.14
55.2
53.67
57.07
NA
53.93
57.66
55.81
54.71
57.96
55.15
53.85
57.85
58.15
56.37
56.89
56.52
54.04
55.17
56.47
55.1
54.18
54.05
55.98
53.64
57.08
54.95
53.14
55.28
53.3
57.17
53.85
55.75
54.55
53.86
54.64
53.92
55.13
57.03
53.63
54.38
54.78
51.98
52.88
56.78
52.92
55.08
55.58
NA
NA
NA
NA
NA
54.4
54.92
53.96
54.52
57.34
58.33
54.55
57.21
58.17
NA
54.65
53.66
55.08
54.65
53.73
54.37
54.87
54.47
57.77
54.37
54.86
55.76
54.95
54.71
54.12
55.02
54.38
54.1
54.99
54.99
55.09
55.42
52.94
55.5
53.08
54.26
54.87
57.1
52.65
55.92
54.11
52.03
55.81
54.71
53.53
55.36
54.93
NA
53.42
54.15
53.95
55.88
55.42
54.53
54.35
53.66
54.49
55.75
55.75
54.49
55.14
53.45
56.68
54.35
56.93
53.64
56.28
55.82
NA
NA
NA
NA
53.21
54.71
55.91
52.68
55.88
54.82
57.05
54.35
55.55
57.65
52.71
53.14
54.02
57.08
54.29
53.8
54.18
53.84
56.79
55.91
53.39
51.5
55.17
53.59
52.55
54.79
52.7
54.72
56.43
54.69
54.89
54.09
55.79
53.59
54.69
53.51
54.97
55.54
56.59
55.69
60.39
54.69
52.99
53.09
54.67
54.95
56.64
55.4
56.64
56.79
54.49
54.02
54.98
54.57
54.28
53.86
53.64
54.43
55.0
NA
54.26
55.97
56.46
53.39
53.08
NA
55.54
53.62
54.31
55.35
53.52
55.79
55.85
57.91
56.47
60.06
54.05
55.25
54.33
55.79
56.0
55.35
52.85
NA
NA
55.6
54.5
55.3
55.5
56.6
55.18
53.28
54.21
55.91
54.04
55.74
54.82
56.51
53.31
55.71
53.21
54.21
55.29
54.32
53.54
NA
52.71
54.81
55.11
55.84
55.5
57.05
55.58
56.23
54.58
54.38
53.33
55.58
NA
54.97
52.12
53.96
54.44
55.34
55.74
55.64
55.34
55.04
55.14
55.54
NA
55.05
54.59
54.96
55.56
54.96
53.66
53.96
56.26
53.76
55.27
55.26
51.79
56.99
55.89
56.48
54.88
54.48
56.01
54.05
58.0
57.8
54.8
53.2
54.1
53.91
53.53
57.03
55.06
53.55
54.45
53.87
54.29
54.36
54.42
54.35
54.46
54.43
54.21
54.72
53.98
54.69
53.89
55.37
NA
NA
56.55
54.25
55.07
55.56
54.61
54.71
54.51
58.31
54.05
54.69
54.31
55.33
57.63
53.49
NA
54.48
57.43
55.77
58.37
55.59
56.79
54.29
56.29
51.9
NA
55.26
55.26
54.92
54.72
53.41
54.36
54.79
53.09
56.04
NA
56.84
57.1
54.99
54.26
52.4
55.7
55.39
54.93
54.75
57.95
54.73
54.39
53.36
56.21
55.24
54.24
54.54
55.04
58.67
54.92
54.24
53.3
54.31
55.32
53.64
55.02
57.95
54.75
53.85
57.05
53.02
55.27
54.68
54.71
54.37
54.36
54.77
55.4
53.05
56.2
55.55
54.8
54.89
53.85
54.84
54.04
55.04
54.34
54.92
54.28
58.19
57.01
55.92
52.42
54.42
53.02
54.42
55.72
53.08
52.13
54.66
56.38
53.54
55.06
52.46
54.46
53.46
54.46
55.46
54.02
53.67
55.63
54.53
55.13
55.31
56.11
54.71
57.32
56.41
54.61
55.31
53.91
56.61
55.31
55.58
NA
57.8
56.34
59.92
53.89
54.19
55.63
55.23
54.92
54.24
56.07
55.42
55.44
54.24
NA
54.24
55.25
53.65
53.18
54.68
55.38
56.19
54.39
56.44
54.73
53.6
53.82
56.11
54.78
54.01
53.76
54.24
56.81
55.43
54.97
57.33
53.95
54.84
53.28
53.07
53.51
54.8
56.0
55.4
55.1
54.8
56.0
56.3
55.1
54.68
53.9
53.36
54.59
53.38
54.47
55.21
55.68
54.09
53.03
55.18
58.53
54.91
56.96
56.93
54.05
NA
NA
NA
56.9
55.7
53.1
54.7
55.59
55.01
54.02
56.47
54.96
55.56
54.1
54.59
57.09
53.59
54.59
55.04
55.6
54.14
56.63
56.23
55.13
56.3
54.11
55.14
55.74
55.7
53.54
57.34
55.1
55.32
54.02
54.12
55.19
51.89
54.09
53.06
54.43
53.95
56.55
54.05
56.55
55.55
58.03
52.52
54.61
56.19
54.43
54.72
55.27
52.41
56.11
57.78
NA
54.04
52.84
55.04
53.84
53.6
55.24
55.46
58.23
53.29
52.14
56.59
58.56
53.48
54.77
52.88
53.2
54.83
55.61
55.43
54.67
54.87
56.17
55.16
54.62
57.46
53.62
52.76
53.34
53.43
57.23
54.45
52.67
56.0
53.5
58.4
54.17
54.64
55.36
54.6
52.85
53.28
52.57
54.55
56.5
51.79
54.78
55.0
NA
56.53
NA
54.01
54.16
56.3
53.43
56.35
55.6
59.84
55.78
54.61
54.71
55.18
56.52
53.72
54.62
54.28
54.78
56.74
54.28
53.68
54.45
54.0
56.12
54.36
55.04
53.94
53.08
56.11
58.17
54.29
55.26
57.57
54.9
54.36
54.48
54.62
54.31
51.66
54.76
55.05
54.96
54.3
58.08
55.42
54.42
55.0
53.88
55.34
54.01
57.16
55.05
53.41
54.75
53.93
55.9
53.46
55.98
57.41
55.05
58.29
55.99
54.87
55.05
54.63
54.95
55.28
55.85
57.15
57.9
54.59
54.73
53.27
55.2
56.13
56.13
55.01
55.01
55.53
56.07
53.44
54.06
53.78
NA
54.08
53.54
53.73
55.28
54.84
54.31
54.27
NA
55.5
56.34
56.47
54.01
54.37
54.91
53.78
54.79
55.27
54.89
NA
52.93
55.06
58.36
56.06
54.69
55.06
58.34
55.07
54.45
54.23
54.75
52.21
54.82
54.17
55.32
52.95
57.57
54.64
56.08
55.35
54.76
54.58
57.64
54.89
54.9
53.31
55.09
55.96
55.21
53.45
55.44
56.38
54.42
54.61
54.45
56.79
54.9
54.57
52.91
55.15
55.25
54.15
56.66
55.04
55.16
53.98
55.93
55.54
55.96
55.37
55.27
56.16
54.97
55.93
55.28
56.08
57.28
NA
NA
NA
54.69
55.49
54.09
54.23
55.83
55.08
56.71
53.38
54.47
53.84
53.6
55.03
54.94
55.13
54.88
55.48
56.28
57.26
52.19
54.27
55.0
55.53
56.16
54.82
53.63
55.02
55.37
56.28
56.81
54.3
55.5
54.14
54.44
56.74
55.44
54.44
53.01
53.74
53.24
57.94
NA
55.42
55.26
57.37
53.17
56.83
53.7
54.32
55.66
55.94
55.45
55.16
53.79
54.4
53.07
54.14
54.34
53.11
56.68
56.28
54.58
55.18
53.95
54.79
52.37
55.8
53.86
55.23
53.52
56.34
55.05
55.15
54.71
53.66
56.29
53.74
54.01
53.85
53.77
NA
54.68
NA
55.79
58.48
53.61
55.17
52.85
55.58
54.36
55.28
54.76
55.71
55.61
54.21
54.31
55.22
55.5
55.87
54.53
54.29
54.6
57.78
54.91
53.31
56.07
53.81
53.36
54.61
54.79
55.38
55.18
53.36
54.89
52.4
53.78
54.46
55.44
54.87
52.39
NA
56.8
58.9
53.21
53.94
56.54
55.17
53.97
54.47
55.87
53.77
54.26
54.21
57.45
54.26
54.94
55.08
54.4
54.12
56.15
54.63
54.99
54.14
54.14
53.44
55.94
53.5
56.64
55.75
NA
NA
NA
NA
NA
NA
NA
NA
NA
NA
NA
57.49
53.3
55.97
57.79
54.72
54.02
53.62
52.73
56.19
55.13
56.06
52.7
56.1
55.06
NA
54.0
54.18
57.56
53.81
53.3
52.49
54.88
54.84
53.79
53.36
54.51
54.8
56.4
54.62
56.52
54.72
56.56
54.74
56.34
54.71
56.53
54.86
56.29
56.0
56.31
55.45
56.02
56.62