33.96
32.72
32.07
30.32
33.73
32.85
32.17
33.06
34.06
33.46
30.96
30.75
29.73
36.12
NA
32.18
33.93
29.76
33.96
30.03
34.15
32.41
34.79
32.15
33.59
NA
34.3
32.14
29.83
31.13
NA
NA
32.7
34.06
33.31
31.57
35.01
NA
32.09
34.07
NA
32.86
34.55
32.22
NA
29.74
28.67
32.66
33.07
31.82
33.5
32.52
33.0
NA
32.91
30.88
31.78
27.71
29.66
33.5
30.07
32.24
38.67
33.03
33.97
31.3
31.24
28.69
NA
33.96
33.99
33.47
30.52
34.08
33.73
NA
31.73
34.8
30.17
34.52
NA
29.83
32.28
NA
34.61
34.39
33.73
33.09
30.67
32.15
32.07
31.71
31.48
29.8
34.15
33.41
33.93
33.11
32.53
29.69
31.72
31.83
32.47
34.01
36.29
32.07
33.45
31.03
31.89
34.79
33.86
30.36
33.25
34.49
34.46
NA
31.44
35.5
32.11
32.41
NA
NA
32.88
NA
34.36
30.56
NA
32.15
32.25
31.39
33.98
33.07
34.93
30.94
34.11
32.64
33.13
32.86
29.66
32.05
NA
NA
33.68
33.48
33.66
NA
34.29
32.81
NA
30.31
33.14
34.28
NA
31.34
31.4
33.14
30.66
34.18
32.61
NA
31.94
34.46
32.84
30.64
30.51
28.12
30.84
32.49
30.59
34.7
28.94
32.67
34.5
33.17
33.54
31.36
34.62
32.66
33.58
35.48
34.0
NA
NA
34.31
31.27
33.58
35.93
33.3
35.11
31.82
32.83
33.4
30.94
36.29
34.56
34.27
31.32
32.6
31.52
33.25
30.49
31.44
31.18
31.66
31.94
32.62
32.64
30.6
31.16
30.24
34.18
32.83
32.9
32.18
34.94
30.81
30.85
33.05
35.27
31.92
32.67
NA
34.92
30.97
NA
32.87
35.17
32.04
NA
NA
NA
33.44
NA
NA
NA
NA
NA
NA
NA
NA
NA
NA
NA
32.26
30.54
NA
29.99
29.74
30.48
34.7
32.18
30.91
30.77
33.21
33.99
30.44
34.63
31.99
32.14
NA
NA
32.81
29.37
34.69
34.4
35.16
31.63
33.23
34.47
32.13
35.46
32.44
32.79
34.2
33.94
31.05
NA
33.9
35.12
34.59
35.0
30.42
30.98
34.48
33.54
31.93
31.85
33.6
34.41
NA
NA
34.59
31.13
33.21
NA
32.88
31.61
33.05
32.8
32.94
NA
33.64
33.39
31.7
NA
31.25
34.31
34.28
31.8
30.34
32.63
30.46
32.29
34.87
NA
30.85
33.58
NA
29.34
32.12
33.96
31.72
30.88
32.42
29.74
NA
34.87
34.93
32.87
32.21
34.18
33.12
33.45
32.87
35.86
34.04
31.66
34.02
33.99
31.58
30.8
32.76
34.35
32.59
30.89
33.48
34.61
32.59
33.93
32.23
32.69
34.0
34.96
30.85
32.13
33.95
34.03
30.46
33.47
34.81
30.32
33.48
34.66
33.02
28.62
33.53
33.9
30.18
34.13
34.39
31.29
30.09
34.54
33.36
30.53
32.21
31.43
33.73
32.65
31.39
30.33
30.69
31.67
31.25
34.27
34.08
33.99
35.34
31.72
33.65
30.41
31.45
33.09
33.87
31.54
34.7
34.52
33.41
32.76
35.35
34.76
NA
31.14
32.19
NA
36.64
34.1
30.85
28.57
31.95
35.54
31.11
34.2
34.38
33.59
33.74
34.45
31.6
33.1
NA
NA
30.82
34.19
NA
33.31
30.44
32.31
34.03
33.33
32.99
33.92
33.3
32.76
33.99
33.22
33.08
33.86
33.29
32.73
34.01
33.39
NA
30.94
31.26
35.29
32.46
NA
30.89
33.33
32.14
NA
33.71
31.41
31.21
32.26
36.57
36.97
29.81
35.58
33.15
32.03
34.08
32.23
33.36
NA
NA
31.72
30.7
33.54
33.17
34.06
31.59
30.26
34.06
32.99
32.18
32.21
33.66
33.82
29.92
30.53
31.05
35.0
32.16
34.78
34.45
NA
NA
NA
28.41
33.94
NA
32.08
31.68
33.15
33.05
30.45
32.75
31.85
34.74
31.82
34.23
32.81
29.56
NA
NA
NA
30.35
NA
34.42
NA
NA
30.87
31.04
NA
34.62
29.35
29.98
34.01
31.42
NA
32.34
30.54
32.34
32.69
28.51
30.41
32.42
30.28
35.19
30.84
31.97
33.77
31.99
34.71
33.13
32.15
33.81
32.39
33.44
33.33
34.4
31.88
31.71
35.54
33.13
33.13
34.04
31.11
29.71
31.22
31.53
34.32
33.75
31.38
30.59
32.76
33.75
NA
30.75
31.58
31.08
NA
30.72
32.98
30.6
32.76
33.75
NA
30.75
NA
NA
32.59
31.68
31.3
NA
NA
NA
NA
NA
33.85
30.78
34.97
33.99
33.55
34.73
35.37
34.56
NA
34.23
32.21
30.49
31.49
31.1
30.26
35.92
36.1
31.87
35.1
32.19
32.1
33.3
31.45
32.3
30.8
30.64
34.42
34.03
34.35
32.0
29.5
31.51
37.14
30.95
34.91
33.24
30.9
26.98
30.18
32.68
31.18
33.08
31.78
NA
37.18
29.38
31.28
32.7
30.39
34.76
40.73
31.07
31.06
33.21
32.8
28.2
31.58
32.74
34.2
31.79
30.68
NA
32.09
33.49
30.96
35.46
32.31
29.23
34.28
NA
31.07
33.22
30.33
33.71
35.22
33.5
32.23
33.57
34.36
29.73
NA
32.46
32.91
34.81
32.58
34.28
35.23
32.54
32.97
35.34
32.47
32.58
35.0
32.47
32.58
35.0
34.84
29.63
29.93
34.04
31.43
32.23
31.71
32.23
31.71
28.65
31.69
29.99
33.82
31.75
30.6
32.82
33.21
31.0
33.81
35.32
33.37
NA
30.94
30.91
35.26
30.54
NA
35.54
NA
30.38
NA
34.92
NA
30.61
31.38
30.98
35.86
NA
30.26
33.83
34.31
31.59
30.27
34.27
31.91
30.21
33.78
NA
33.85
30.7
33.28
32.16
33.68
31.4
33.36
30.32
32.63
30.37
30.2
34.39
35.38
29.87
32.64
31.39
29.35
32.69
34.32
34.24
NA
29.95
32.6
31.5
29.43
32.93
29.89
33.18
NA
29.37
NA
31.1
34.64
29.93
NA
NA
NA
32.87
30.02
NA
31.23
30.83
33.23
32.12
33.77
31.39
30.87
33.91
31.63
29.42
NA
31.23
32.13
34.25
34.24
33.65
34.28
33.73
34.29
33.67
32.4
33.05
32.29
36.77
34.43
33.98
33.42
NA
NA
36.57
34.39
33.23
33.84
33.13
34.32
30.93
31.21
32.61
33.95
30.03
30.49
31.42
31.92
34.02
32.0
30.82
30.37
31.35
31.55
31.14
NA
34.81
30.74
33.22
NA
NA
NA
NA
NA
NA
NA
NA
NA
NA
NA
NA
32.53
34.63
33.93
33.62
NA
NA
31.09
33.29
30.83
33.34
33.01
32.41
33.51
32.36
31.46
33.06
35.88
30.68
NA
NA
NA
NA
34.67
34.27
36.05
34.44
33.64
34.01
33.67
34.17
31.0
34.0
31.1
31.4
30.3
33.25
35.75
30.35
30.3
33.51
33.31
31.31
37.81
30.71
33.81
34.91
31.01
NA
33.14
32.19
35.01
31.01
34.45
30.72
33.24
NA
NA
NA
NA
32.9
33.02
32.72
35.32
32.03
31.63
34.93
32.73
35.62
34.82
31.17
NA
NA
NA
NA
NA
33.11
32.41
NA
29.48
32.78
NA
29.98
32.85
31.28
33.86
29.94
33.51
30.91
34.81
32.41
33.81
31.2
32.54
30.67
33.81
33.74
NA
32.93
33.7
30.22
30.6
33.76
31.76
33.56
33.36
32.16
34.76
32.78
NA
NA
NA
33.97
27.75
34.49
33.21
33.01
30.61
33.61
NA
NA
NA
33.94
30.82
34.91
30.23
33.13
36.33
29.83
34.13
32.53
35.33
34.63
34.36
34.33
33.74
33.74
30.24
30.6
NA
29.21
30.16
33.14
34.03
33.5
32.69
NA
NA
NA
NA
NA
30.96
32.37
35.72
32.02
31.22
NA
32.41
31.95
34.95
32.96
NA
31.33
33.48
33.59
32.18
31.77
30.69
33.39
32.52
31.08
31.08
34.08
31.77
30.39
31.31
33.74
30.28
NA
29.91
34.87
30.73
32.32
27.35
32.55
32.14
30.24
NA
29.62
31.54
30.25
32.97
32.88
32.68
36.28
32.82
31.54
32.88
31.5
NA
30.24
32.18
30.88
29.92
31.62
32.42
31.66
31.7
35.08
33.33
34.0
31.45
33.64
31.43
33.25
31.64
35.03
30.7
30.96
32.58
29.51
36.76
32.9
34.24
30.53
29.47
29.85
33.17
NA
30.57
31.35
31.4
NA
NA
30.22
31.45
33.78
NA
29.96
31.66
32.45
31.3
31.2
33.46
35.32
37.37
31.55
31.64
32.49
34.58
30.94
32.65
34.63
34.34
30.95
34.87
33.38
31.55
33.35
30.85
30.65
29.95
32.95
31.66
33.82
31.68
30.71
30.24
32.67
33.6
32.08
31.84
34.04
33.89
30.66
30.49
34.74
31.34
27.72
35.2
30.03
33.11
30.13
33.8
NA
34.3
NA
34.1
33.3
30.98
29.28
31.59
NA
29.83
33.18
31.49
33.74
30.5
30.51
31.5
34.48
35.18
31.42
31.46
NA
NA
NA
NA
NA
30.15
29.95
30.55
31.15
32.55
31.73
31.38
NA
30.58
37.28
30.98
NA
33.18
35.24
33.71
31.51
32.79
32.72
34.57
30.5
NA
29.83
31.93
30.95
32.64
32.73
31.56
34.67
31.15
33.25
32.76
31.65
32.13
32.18
32.98
NA
NA
30.67
33.51
32.51
32.29
33.95
34.34
32.97
32.97
33.6
31.22
33.12
28.37
30.27
33.6
30.17
30.6
NA
NA
34.37
31.1
30.17
32.94
32.74
34.65
31.35
30.05
31.35
33.15
32.5
29.77
31.66
34.16
33.06
33.96
NA
34.46
NA
NA
32.44
32.58
30.49
35.07
34.13
31.04
34.67
31.59
26.19
35.81
33.69
30.67
31.59
33.8
32.65
31.08
33.1
30.12
31.62
30.68
34.82
NA
NA
NA
31.99
31.48
30.82
32.26
NA
33.08
31.1
33.68
33.66
32.1
32.47
34.25
33.17
30.03
NA
30.36
32.46
NA
33.56
33.56
29.86
33.65
32.18
34.04
33.82
NA
NA
NA
35.32
NA
33.42
34.4
36.78
29.31
30.78
33.84
33.5
33.82
29.94
33.63
NA
32.35
33.92
35.72
36.62
33.62
32.65
30.41
34.76
33.22
29.2
34.0
29.65
33.09
NA
NA
30.85
30.08
29.91
33.38
33.2
33.11
30.29
34.59
NA
36.19
32.39
31.99
28.49
32.44
32.2
29.8
29.1
31.67
38.34
33.43
35.13
29.95
34.68
32.31
32.82
NA
NA
NA
NA
NA
NA
NA
34.61
29.67
31.72
31.42
34.21
35.6
30.29
33.13
32.97
32.74
34.14
NA
31.31
35.1
NA
34.6
31.84
31.25
32.55
34.87
31.48
33.99
31.01
NA
32.68
NA
26.88
32.22
34.0
30.4
30.75
35.16
32.06
33.15
30.16
NA
NA
35.09
29.84
30.54
33.26
31.53
32.86
34.16
32.9
32.95
31.0
NA
NA
29.22
35.22
31.99
32.3
27.8
33.8
NA
28.73
30.88
34.25
35.23
33.72
33.99
31.09
32.19
33.55
36.75
32.85
29.25
31.85
31.38
31.25
28.2
34.2
31.92
NA
NA
32.31
29.91
NA
29.41
29.72
31.21
33.11
30.83
31.66
34.56
NA
NA
NA
NA
NA
NA
NA
NA
NA
31.03
NA
NA
33.48
31.58
33.72
34.65
30.75
31.15
36.13
31.24
32.14
31.34
29.84
NA
30.87
NA
33.23
31.77
33.98
33.23
33.91
34.47
33.74
34.57
30.87
31.47
30.51
33.01
31.91
35.11
30.76
30.65
33.07
31.55
NA
32.36
36.97
34.19
33.96
33.38
33.77
30.87
NA
32.5
31.46
30.73
33.72
30.4
32.85
32.65
NA
29.05
29.07
31.1
29.47
35.53
33.37
30.67
31.23
34.91
35.05
31.74
33.58
31.1
31.94
35.6
NA
30.71
30.34
33.85
33.55
35.85
34.3
34.13
33.68
32.66
31.57
32.06
30.78
33.58
33.38
32.98
30.78
30.12
32.68
33.78
NA
NA
NA
NA
NA
34.4
30.06
31.95
36.01
30.67
30.97
36.01
30.59
31.01
33.11
31.83
33.22
29.81
33.79
33.66
33.27
33.57
33.17
30.87
31.6
30.59
NA
32.56
31.2
32.37
34.25
31.79
34.56
32.49
33.59
32.59
36.76
32.79
NA
31.87
36.2
30.81
29.56
34.34
31.72
32.8
33.49
31.76
30.67
31.77
32.47
31.59
NA
34.02
27.28
NA
32.08
34.08
34.36
34.75
32.74
32.93
31.03
31.66
29.76
31.32
35.8
NA
NA
NA
NA
NA
30.52
NA
NA
NA
NA
NA
NA
NA
NA
NA
33.94
33.25
30.35
31.05
31.75
33.03
33.91
32.59
30.84
33.03
32.76
31.53
34.01
30.95
NA
NA
36.82
32.01
33.42
33.96
34.67
33.99
34.53
NA
32.79
NA
NA
30.29
30.19
29.79
31.8
31.91
32.35
30.49
33.19
32.59
33.29
33.59
33.59
34.99
31.49
31.81
31.43
31.19
33.19
33.59
38.02
35.2
34.28
33.76
29.61
29.64
33.31
34.58
NA
31.5
35.35
32.22
30.75
32.76
NA
32.39
NA
33.52
31.25
35.08
32.58
31.48
31.24
31.04
30.72
32.01
33.98
NA
35.28
33.16
32.55
34.75
NA
35.15
33.4
32.2
34.6
33.4
33.7
32.38
32.98
34.42
30.1
32.64
35.24
33.62
30.71
34.81
30.21
33.91
34.31
32.59
32.75
34.31
33.66
33.01
33.61
32.51
33.49
32.63
30.07
31.87
30.16
30.72
NA
33.7
31.55
NA
30.12
32.74
NA
33.54
34.94
30.44
31.74
32.84
30.24
34.44
34.14
31.34
30.04
34.32
NA
NA
31.26
33.26
32.56
33.26
30.46
33.08
33.33
33.99
33.19
29.59
30.98
33.58
35.08
32.06
34.11
27.9
30.8
34.4
35.0
33.2
33.44
31.28
30.87
33.59
32.32
35.47
35.47
32.97
34.01
34.17
33.79
34.04
34.19
33.89
32.79
32.04
33.19
35.09
31.59
NA
NA
31.34
34.48
34.66
31.67
NA
33.91
33.11
30.51
28.95
35.89
31.76
31.5
NA
33.68
NA
35.78
33.16
32.94
29.19
30.59
30.29
32.49
29.59
34.0
NA
34.66
31.86
33.82
33.32
33.72
33.46
33.31
32.21
30.97
NA
31.17
33.16
33.96
32.43
NA
31.7
30.33
31.57
33.1
30.74
32.23
NA
32.02
33.08
31.24
34.24
31.44
33.0
29.43
33.05
34.14
32.73
33.22
32.07
33.2
32.45
30.92
36.36
34.73
30.05
31.34
31.58
34.21
32.91
30.29
32.75
NA
NA
35.95
32.9
31.5
33.3
33.3
NA
34.94
32.64
31.94
32.54
30.98
31.02
30.81
30.63
28.52
34.12
27.92
34.32
31.72
36.22
33.47
31.14
NA
NA
35.32
28.76
34.06
28.06
34.96
31.96
36.06
35.44
33.74
31.5
NA
30.43
30.71
34.51
33.31
31.24
29.31
33.31
35.31
31.51
30.81
33.04
33.01
NA
31.59
31.34
30.95
32.27
NA
35.78
31.33
31.95
31.84
33.39
31.48
30.24
33.04
NA
33.54
31.95
31.45
32.08
33.88
33.48
31.09
31.79
30.94
31.03
33.48
33.39
31.52
33.34
30.81
31.74
33.85
30.32
33.25
33.83
32.3
NA
35.2
30.38
29.87
29.91
31.4
30.8
33.1
34.6
35.2
34.0
30.3
32.0
35.37
33.9
34.04
31.82
34.24
31.76
34.81
32.03
31.16
30.53
32.87
32.38
32.55
31.18
31.91
31.99
NA
35.19
NA
31.3
31.8
35.6
33.93
31.84
31.22
34.03
34.33
33.41
31.74
31.73
34.49
32.69
NA
35.59
31.74
31.34
35.33
32.03
31.93
30.43
32.01
33.15
31.64
31.24
32.3
34.78
26.21
30.93
NA
NA
33.02
NA
NA
NA
32.87
29.91
31.85
29.95
33.15
NA
30.05
30.18
34.15
32.05
30.62
34.4
31.21
34.0
35.13
32.3
31.32
NA
33.74
32.34
33.24
33.34
NA
34.68
31.89
33.9
33.11
32.22
31.24
33.8
33.06
34.15
34.54
37.43
NA
32.33
32.38
NA
33.87
32.87
32.77
36.09
30.59
32.51
30.6
33.94
34.53
30.73
31.79
29.25
31.5
33.8
31.4
34.51
32.11
29.58
32.25
32.32
31.37
34.53
32.09
32.7
31.65
31.76
31.64
NA
31.85
NA
33.53
32.81
34.55
NA
28.2
33.7
NA
34.14
31.63
35.69
34.21
28.72
34.72
35.72
NA
NA
NA
34.18
35.78
32.17
28.26
31.43
32.69
34.07
33.26
33.42
35.19
30.49
33.24
NA
30.93
33.07
34.54
34.07
32.09
32.09
34.83
34.1
31.07
32.83
33.62
31.43
30.44
36.37
32.06
35.07
33.25
31.26
NA
NA
34.65
32.12
33.28
30.39
33.17
NA
NA
33.22
NA
31.4
31.75
30.82
33.06
34.67
35.21
32.18
30.38
30.69
33.11
34.04
NA
34.6
28.96
31.54
31.89
30.57
33.27
31.67
33.83
30.72
33.9
NA
32.18
33.21
36.66
30.71
31.91
32.04
33.05
NA
31.42
30.32
28.71
34.4
35.66
31.91
33.05
34.35
31.44
34.4
NA
34.87
32.26
31.26
30.16
NA
NA
NA
33.2
32.66
32.59
30.72
31.21
32.69
32.52
31.68
28.5
30.19
35.1
NA
NA
31.87
33.66
NA
33.64
34.8
31.4
34.44
30.81
32.23
35.25
30.78
31.05
33.97
33.29
33.46
28.85
32.03
33.64
36.44
29.95
NA
NA
NA
34.2
32.06
33.36
30.84
31.51
31.8
NA
31.98
32.18
32.27
31.26
32.48
32.48
30.88
NA
NA
NA
31.49
31.99
34.55
33.53
33.73
31.37
31.32
NA
33.96
33.57
34.38
30.13
34.89
31.23
31.74
33.12
30.59
NA
35.85
33.73
31.09
35.08
30.69
33.13
30.89
34.33
27.27
31.37
32.11
29.63
32.2
33.14
34.44
30.04
30.34
33.46
32.32
32.84
35.24
34.34
NA
31.47
NA
31.78
32.19
30.84
32.18
31.48
32.15
32.51
33.37
32.41
35.22
32.3
36.34
28.9
32.43
31.92
31.28
32.48
NA
NA
31.72
30.62
35.23
31.97
32.78
28.7
34.98
30.71
31.89
31.81
31.14
33.01
30.44
33.36
35.15
33.43
35.37
NA
35.73
NA
NA
30.1
NA
31.39
33.38
31.94
33.71
32.67
33.16
32.51
32.11
32.81
33.21
32.1
33.9
30.8
32.7
33.9
33.6
30.95
33.01
33.71
32.13
NA
36.41
32.31
NA
31.57
34.53
32.43
34.12
33.27
NA
NA
32.47
34.03
33.3
NA
32.3
30.1
37.37
34.44
31.84
32.17
32.87
33.47
33.47
29.87
33.63
32.11
31.85
34.1
32.16
33.97
31.98
33.45
30.87
34.43
30.79
32.24
33.04
31.94
30.34
35.01
28.01
34.75
NA
NA
NA
NA
NA
NA
NA
NA
NA
NA
NA
NA
32.1
30.38
31.77
34.12
34.02
34.52
34.88
34.86
32.75
29.01
34.93
34.64
32.72
NA
32.05
34.77
29.96
32.09
31.85
35.09
33.48
33.43
32.93
34.42
34.03
31.8
30.68
33.67
33.74
31.5
30.65
32.88
33.11
31.82
30.81
33.83
33.54
34.14
34.14
31.76
30.63
30.33