174.47
173.69
172.78
NA
175.11
176.53
174.59
173.33
174.18
174.21
NA
176.13
174.1
175.34
NA
174.97
174.99
174.4
175.24
174.48
172.21
173.93
172.87
NA
173.81
173.45
174.75
174.97
174.14
174.62
176.39
NA
NA
NA
175.95
172.86
174.87
174.08
175.13
NA
175.67
173.74
174.57
173.9
173.31
175.57
175.48
172.29
173.6
175.4
174.43
175.27
174.13
175.15
176.18
173.14
174.18
174.62
173.02
172.89
175.57
176.13
174.99
175.26
174.08
174.95
178.55
175.27
174.05
174.66
174.86
174.07
175.66
174.41
173.1
175.35
175.34
174.8
175.57
176.05
174.25
175.9
175.44
173.46
173.91
173.2
173.45
174.21
175.28
174.48
175.13
173.97
175.75
173.56
172.83
174.23
175.08
174.51
176.32
176.3
175.36
173.93
174.86
174.71
174.26
173.62
174.32
174.38
175.38
175.07
173.92
175.39
176.34
174.56
173.36
173.82
174.1
NA
176.07
176.05
175.53
173.57
175.43
NA
174.36
175.49
175.78
174.16
174.65
175.4
173.96
174.6
173.4
174.46
173.51
174.24
174.5
174.01
175.96
NA
NA
175.72
NA
173.67
173.82
175.86
174.13
176.78
176.0
NA
175.64
173.81
174.47
174.69
174.62
173.68
172.61
173.68
176.9
173.78
174.55
174.57
172.8
176.93
177.51
174.51
175.88
173.63
174.58
172.97
174.99
172.24
174.66
173.5
174.54
174.84
173.27
175.88
173.05
174.38
174.64
NA
NA
175.05
175.28
NA
174.5
NA
NA
174.32
173.77
174.52
175.83
175.55
174.73
176.78
176.41
172.9
177.5
173.62
175.38
173.85
173.71
172.61
173.64
173.11
174.81
176.67
175.45
177.79
172.01
174.82
175.43
173.59
175.41
176.19
174.26
173.57
174.64
176.88
174.1
173.21
175.36
176.13
174.28
173.54
174.63
176.87
174.19
176.1
174.06
174.52
NA
NA
NA
NA
NA
NA
NA
NA
NA
NA
NA
175.59
174.45
NA
176.23
178.75
174.4
175.5
172.78
175.86
176.59
NA
173.45
174.89
174.31
175.81
175.98
NA
175.19
173.89
178.8
173.44
173.4
174.48
175.88
176.07
174.15
175.22
173.7
172.26
174.32
174.54
174.57
177.35
173.13
175.27
174.44
173.22
173.69
176.41
175.34
175.56
176.37
175.28
174.46
172.7
175.33
175.65
174.73
173.06
173.98
174.18
175.08
172.2
177.49
175.84
176.75
174.96
174.74
173.16
174.58
174.94
176.76
175.57
173.88
174.16
176.93
175.43
171.41
NA
171.74
174.73
NA
175.56
174.46
175.37
177.03
175.31
173.91
174.67
171.41
175.48
177.65
173.49
172.15
175.28
175.32
171.73
174.04
173.85
174.39
175.16
173.46
NA
NA
175.26
NA
176.06
176.39
174.3
174.66
172.72
176.43
174.65
174.84
174.99
174.76
171.33
176.25
174.12
173.14
NA
171.71
174.11
NA
174.21
175.68
173.21
NA
175.11
173.32
173.91
175.97
174.15
173.93
175.63
175.54
174.1
174.31
175.36
173.16
174.29
176.19
175.41
176.15
174.38
174.54
174.95
174.85
173.55
175.04
174.78
174.97
174.5
172.89
174.53
174.47
174.58
175.98
175.51
175.45
175.69
176.0
173.56
174.86
174.24
171.99
174.93
174.54
172.76
175.29
176.08
NA
175.25
173.08
175.46
176.55
174.08
174.3
175.21
178.29
173.26
174.51
173.3
174.53
NA
173.24
176.91
NA
175.28
174.56
NA
173.16
175.56
174.02
173.57
175.05
174.1
173.57
175.09
174.13
173.54
175.0
174.13
173.54
175.11
174.11
173.43
174.92
NA
175.72
175.29
174.38
174.55
174.99
175.82
173.64
175.18
175.21
174.01
175.61
172.39
176.15
175.32
174.68
175.52
174.63
174.18
174.55
173.86
NA
175.52
NA
NA
NA
NA
NA
NA
175.1
174.9
176.6
174.53
174.77
NA
173.14
NA
173.97
175.97
174.9
176.42
174.91
174.16
175.48
NA
NA
NA
NA
173.66
175.98
NA
NA
NA
NA
175.6
177.2
171.9
174.6
NA
NA
175.26
174.17
NA
NA
NA
NA
NA
NA
NA
NA
NA
174.78
174.26
175.76
174.98
175.32
176.11
174.33
176.11
176.25
174.65
169.75
174.69
NA
NA
NA
176.28
175.62
173.01
176.23
174.49
174.5
175.75
174.13
174.43
172.99
NA
175.13
174.95
176.78
174.76
177.28
176.18
173.45
173.57
175.07
174.91
175.68
173.31
174.46
173.78
173.11
173.78
174.62
174.21
176.33
174.12
NA
174.65
174.58
NA
176.69
176.44
175.17
174.11
176.24
174.03
NA
174.55
NA
NA
NA
173.57
174.96
175.93
175.93
175.92
175.92
176.02
174.02
176.46
174.76
173.46
172.8
NA
174.47
175.12
175.57
NA
174.12
174.72
174.04
176.24
180.05
NA
174.0
175.08
174.3
176.8
175.57
172.72
175.59
173.1
176.24
176.38
176.28
173.95
174.93
176.11
176.7
NA
NA
NA
NA
NA
NA
174.16
177.86
176.26
176.16
173.66
NA
174.96
176.96
174.86
NA
NA
NA
173.56
174.51
177.49
176.96
175.03
NA
NA
NA
NA
174.92
174.81
176.56
NA
NA
NA
NA
176.09
173.5
175.37
177.19
NA
176.96
175.03
174.33
174.75
173.18
175.17
175.42
175.61
175.12
175.94
NA
NA
NA
NA
NA
NA
NA
NA
NA
NA
NA
NA
NA
NA
NA
NA
175.41
173.82
173.93
176.29
174.49
175.93
175.46
176.2
175.73
NA
NA
NA
NA
NA
174.59
175.96
175.3
176.5
175.8
173.61
173.64
173.77
174.01
174.01
174.37
176.82
175.69
174.49
176.0
180.03
175.6
173.43
175.69
180.08
173.5
174.99
175.21
172.96
176.86
NA
NA
NA
NA
NA
NA
NA
175.16
NA
174.88
NA
NA
NA
NA
NA
NA
NA
NA
NA
NA
NA
NA
176.58
173.82
NA
173.23
173.75
NA
175.95
NA
NA
NA
NA
NA
NA
176.49
174.0
NA
173.12
NA
175.85
175.12
174.02
NA
NA
NA
176.37
177.09
NA
174.23
176.76
174.07
179.07
173.68
NA
NA
173.45
176.26
176.33
NA
175.15
NA
NA
NA
NA
NA
NA
NA
NA
174.03
174.52
174.81
174.25
175.16
174.16
174.72
NA
NA
173.28
175.29
175.42
174.17
175.34
173.35
175.01
175.53
174.7
174.85
174.19
178.14
176.24
174.24
175.74
177.87
171.89
174.42
NA
NA
NA
NA
175.73
177.92
175.16
NA
NA
NA
175.04
173.14
NA
174.25
173.16
174.27
173.19
174.39
173.24
176.64
174.74
175.14
175.38
NA
173.84
176.87
175.07
177.13
175.13
NA
NA
NA
174.73
175.03
174.33
NA
NA
NA
177.0
NA
177.1
173.86
175.96
174.74
175.05
175.75
NA
NA
NA
NA
NA
NA
NA
NA
NA
NA
NA
NA
175.09
173.39
175.09
173.29
174.09
173.69
176.39
175.29
174.15
176.45
NA
175.34
NA
174.76
173.58
NA
171.8
NA
175.0
NA
NA
175.85
173.75
174.85
NA
NA
NA
NA
174.04
176.14
174.65
NA
NA
NA
NA
NA
NA
NA
NA
173.82
173.32
NA
176.92
173.28
176.36
175.91
176.81
176.08
177.98
174.68
175.38
NA
NA
NA
NA
NA
175.52
175.34
NA
NA
NA
NA
NA
NA
NA
NA
NA
NA
NA
NA
180.75
173.05
176.45
175.16
177.38
172.15
179.45
175.85
175.75
NA
NA
NA
NA
NA
NA
175.35
175.35
173.85
175.35
176.05
175.15
174.55
173.05
NA
NA
NA
NA
NA
NA
NA
NA
175.12
176.3
176.04
174.23
174.1
173.59
NA
177.01
176.01
174.31
177.45
174.47
174.25
175.25
175.15
NA
175.15
173.93
174.61
NA
NA
NA
NA
NA
175.37
175.29
175.11
174.21
175.5
176.11
175.98
174.12
176.19
NA
174.6
174.87
NA
175.62
178.22
174.63
NA
NA
NA
NA
175.18
175.38
NA
NA
NA
NA
173.9
NA
NA
NA
NA
NA
NA
NA
NA
NA
174.24
175.14
176.25
176.45
177.35
NA
NA
172.84
172.68
172.41
173.54
174.51
NA
NA
NA
174.74
176.41
NA
175.58
174.81
174.7
174.1
173.7
NA
NA
NA
175.75
173.05
176.65
176.25
175.95
NA
NA
NA
NA
NA
NA
NA
NA
NA
NA
NA
175.36
174.16
174.16
175.56
175.66
174.06
174.56
175.78
NA
NA
173.74
175.48
NA
NA
NA
NA
NA
NA
NA
NA
NA
NA
NA
NA
NA
NA
NA
NA
NA
172.93
173.38
174.92
174.88
NA
NA
NA
173.1
176.14
176.51
NA
NA
NA
NA
NA
NA
174.46
176.02
NA
NA
NA
175.35
175.38
175.66
177.26
175.01
175.64
175.39
175.66
172.76
173.94
174.93
175.21
173.93
175.74
175.48
175.12
175.06
174.06
175.86
175.26
175.26
174.93
175.08
173.75
176.85
173.15
177.65
174.65
175.75
174.42
175.68
176.21
175.12
175.12
NA
175.31
176.91
NA
NA
176.62
175.09
174.87
175.13
NA
176.47
174.95
174.86
174.62
NA
NA
NA
171.7
NA
NA
NA
176.41
174.94
176.4
NA
NA
NA
NA
NA
NA
NA
NA
NA
NA
NA
NA
NA
173.62
174.14
NA
173.97
173.27
173.37
175.17
174.17
174.47
174.27
175.52
174.76
176.26
173.26
175.06
173.86
NA
NA
NA
NA
NA
NA
NA
NA
174.51
175.59
175.56
174.52
175.79
175.79
172.7
176.35
176.88
175.98
177.48
175.98
177.38
177.58
175.88
NA
NA
176.13
NA
NA
176.38
173.56
172.91
174.55
174.55
174.16
175.19
NA
173.66
171.49
175.3
NA
NA
176.07
NA
NA
NA
NA
NA
NA
NA
173.05
174.78
NA
NA
NA
NA
NA
174.23
NA
174.23
NA
173.63
174.7
174.6
175.5
172.0
175.5
174.1
176.02
174.14
173.98
175.83
175.23
174.53
172.53
172.9
174.63
176.23
173.43
171.29
NA
NA
175.35
173.06
174.77
NA
177.2
NA
NA
NA
NA
175.44
174.94
175.14
NA
175.24
176.34
172.24
174.01
175.65
175.91
174.77
174.06
175.75
172.01
174.81
175.83
176.0
175.49
173.44
176.11
175.26
173.25
176.41
174.99
175.44
NA
173.79
175.9
173.41
NA
NA
NA
NA
NA
NA
177.59
176.73
176.29
175.6
174.73
NA
174.11
175.81
175.8
175.25
174.46
173.24
173.48
177.96
NA
NA
NA
NA
174.7
NA
NA
174.93
NA
NA
173.44
NA
174.69
172.46
175.25
173.39
177.32
175.41
175.23
174.98
175.21
173.85
172.99
173.15
173.03
173.23
174.68
173.38
173.72
174.17
NA
174.84
NA
172.29
176.71
180.94
175.46
173.82
173.35
175.75
173.46
175.43
174.83
177.63
176.73
175.73
NA
NA
175.8
173.98
174.44
174.48
NA
174.84
176.14
177.04
176.64
NA
174.89
174.69
NA
176.53
174.23
NA
NA
NA
NA
NA
NA
NA
NA
NA
174.27
NA
NA
175.47
175.66
175.66
172.91
175.01
174.81
174.16
174.8
175.2
176.0
NA
NA
NA
NA
NA
NA
NA
NA
NA
NA
173.66
173.05
175.05
174.75
174.48
174.28
175.88
176.28
NA
175.02
173.73
175.51
176.14
175.34
174.19
175.09
174.19
174.69
175.24
174.34
173.24
174.95
176.18
174.86
177.25
176.99
NA
NA
NA
NA
174.92
174.82
175.92
174.53
173.82
176.22
176.26
174.46
174.88
176.02
175.39
174.23
176.25
172.81
NA
NA
NA
174.96
173.96
175.75
NA
NA
NA
NA
NA
NA
174.65
173.95
173.95
175.65
175.45
NA
174.5
173.5
176.35
176.35
176.41
177.2
176.85
176.23
172.56
174.25
NA
NA
NA
NA
NA
NA
NA
175.43
172.79
175.51
172.97
175.28
173.31
173.41
174.31
176.31
NA
NA
NA
NA
NA
NA
NA
NA
NA
NA
173.47
175.87
NA
NA
176.84
173.79
172.25
173.93
175.28
172.99
174.67
175.88
175.07
173.48
174.62
NA
176.58
175.46
NA
176.29
NA
NA
NA
NA
174.5
NA
173.0
177.88
176.21
178.49
177.53
NA
174.59
176.12
174.86
172.9
172.53
173.71
175.69
175.28
174.81
175.5
174.85
173.11
174.51
174.91
173.08
173.68
174.25
172.0
170.8
172.3
174.7
174.2
173.7
174.46
176.68
173.61
174.27
174.74
176.19
NA
172.74
174.92
NA
175.82
175.46
175.74
172.92
175.68
172.9
176.42
175.83
172.43
176.53
176.43
174.63
175.33
175.33
NA
NA
173.28
174.08
170.48
174.98
174.28
171.98
NA
NA
NA
NA
NA
NA
NA
NA
169.6
176.0
175.04
175.32
NA
174.92
177.46
NA
173.16
174.54
172.91
NA
174.26
NA
172.64
NA
NA
NA
NA
177.76
177.31
174.81
174.58
177.69
171.74
170.68
174.35
174.66
174.91
175.91
173.81
NA
173.69
173.29
NA
NA
174.39
NA
173.6
172.5
173.75
176.32
176.43
173.43
175.2
173.36
173.26
NA
175.29
174.49
175.03
NA
NA
NA
174.06
174.06
175.66
NA
174.37
175.98
175.5
174.87
NA
NA
NA
NA
NA
173.79
173.24
176.05
NA
174.68
176.68
175.48
175.98
174.08
174.38
174.08
173.88
172.19
174.4
NA
173.27
NA
173.97
173.97
173.07
175.71
NA
173.03
173.59
175.59
175.69
170.22
175.72
175.42
173.71
173.27
NA
NA
NA
NA
NA
173.8
174.55
176.51
173.47
NA
NA
NA
NA
NA
NA
NA
NA
NA
173.74
173.43
172.87
174.67
174.77
174.58
NA
NA
174.97
174.32
NA
NA
172.86
174.56
174.26
176.56
NA
175.54
175.78
175.3
NA
174.77
NA
175.75
177.17
172.72
175.88
176.12
NA
174.42
175.72
174.79
NA
NA
NA
173.51
172.51
174.95
174.66
175.05
171.71
175.08
NA
175.38
176.84
172.34
174.47
NA
NA
174.41
175.63
175.97
175.26
173.69
176.58
174.53
175.46
NA
NA
NA
175.71
175.37
174.6
173.14
175.57
175.53
175.57
174.37
NA
175.87
176.07
175.87
176.57
175.31
174.69
174.09
174.25
175.47
174.79
174.4
175.55
175.37
174.15
174.45
172.45
172.78
174.67
177.27
175.07
175.27
174.87
173.89
175.43
NA
NA
174.09
173.69
175.39
172.89
174.49
173.59
173.08
174.29
173.78
172.33
NA
174.29
173.69
175.39
172.99
174.49
173.59
175.79
175.47
NA
174.74
176.74
174.9
173.7
172.7
NA
176.0
173.1
174.4
176.0
175.7
174.51
177.78
NA
174.8
174.59
177.62
171.7
174.28
174.57
175.76
174.73
173.67
NA
NA
NA
NA
NA
NA
176.58
175.98
NA
NA
NA
NA
NA
174.57
175.66
175.14
174.65
176.24
175.07
175.09
174.86
174.42
174.79
178.41
175.08
176.83
175.15
175.09
NA
NA
NA
NA
172.88
174.98
172.48
174.58
174.78
174.08
176.78
174.31
176.0
172.92
173.72
172.99
173.55
175.05
174.1
173.11
NA
175.07
177.25
177.15
175.58
174.81
175.4
NA
NA
NA
NA
NA
NA
174.93
175.53
175.19
174.89
173.57
175.2
NA
NA
NA
NA
NA
NA
173.78
175.08
174.62
174.11
174.61
172.91
173.24
173.61
173.6
175.1
174.75
172.47
174.88
176.64
175.82
176.02
175.72
175.65
177.25
175.25
174.58
175.15
NA
NA
NA
NA
NA
177.51
175.21
174.23
176.3
176.09
175.86
174.34
173.05
176.77
176.79
NA
174.29
NA
173.29
175.19
NA
174.71
173.9
NA
173.91
NA
174.94
NA
NA
NA
NA
NA
NA
NA
NA
NA
NA
NA
175.08
176.26
176.07
NA
174.15
174.51
176.0
177.1
172.44
NA
175.09
175.19
174.79
175.59
173.58
175.37
175.86
176.69
176.18
175.99
174.16
NA
NA
173.37
173.74
NA
NA
NA
176.19
177.22
178.56
NA
NA
NA
NA
NA
175.59
174.07
173.76
NA
NA
NA
NA
174.5
176.36
173.74
173.34
174.67
174.0
174.6
175.32
175.01
176.14
173.98
174.65
175.22
171.71
173.74
176.33
175.49
174.81
174.97
173.65
174.43
175.48
NA
NA
NA
NA
NA
NA
175.2
173.52
174.02
174.77
173.8
176.83
172.26
175.59
177.08
175.14
177.87
174.62
NA
NA
NA
NA
NA
NA
NA
NA
NA
NA
NA
NA
NA
NA
NA
NA
NA
NA
NA
NA
NA
NA
NA
NA
NA
175.37
NA
174.72
174.24
176.01
174.62
175.34
175.1
174.08
NA
NA
NA
NA
NA
NA
NA
173.73
173.75
NA
175.23
NA
174.33
175.52
176.32
178.02
174.23
174.6
173.47
175.92
172.36
NA
174.5
NA
NA
171.56
180.88
NA
NA
NA
175.39
175.67
177.04
170.47
172.6
173.6
175.69
176.18
NA
NA
NA
NA
NA
NA
NA
NA
NA
172.76
175.16
175.96
176.08
179.23
174.55
174.39
177.22
NA
174.26
174.07
173.15
175.22
173.97
NA
174.62
174.03
173.59
NA
176.12
174.57
175.86
NA
NA
NA
NA
NA
176.66
175.06
173.06
174.99
175.99
NA
174.19
175.22
173.4
176.0
173.68
175.04
175.16
175.13
175.02
177.35
175.32
175.77
175.0
NA
176.98
173.02
172.11
173.91
175.6
NA
174.73
175.53
178.86
174.91
NA
NA
NA
174.58
173.74
174.7
174.22
174.32
NA
173.82
175.83
177.76
174.25
175.58
174.92
173.84
175.02
174.33
175.22
174.91
174.8
NA
173.26
NA
NA
NA
NA
179.56
177.46
174.86
175.43
174.93
173.37
175.14
175.45
175.83
175.13
175.53
NA
NA
174.31
174.66
175.46
174.91
173.24
175.24
175.5
NA
NA
NA
NA
NA
NA
NA
173.89
174.56
NA
175.27
174.43
173.91
176.71
172.91
175.11
173.27
176.07
175.27
173.27
173.07
174.22
175.92
176.19
174.89
NA
171.55
174.69
175.02
NA
NA
NA
NA
NA
NA
NA
NA
NA
NA
NA
NA
173.99
176.39
174.04
172.92
174.67
NA
NA
NA
NA
NA
174.37
177.28
176.55
174.38
177.16
173.56
175.3
177.77
175.72
NA
NA
NA
NA
NA
NA
NA
NA
NA
NA
NA
NA
177.27
174.77
174.58
177.59
171.68
170.59
174.29
174.55
176.09
175.1
174.26
176.98
176.41
175.13
172.2
175.0
173.55
173.84
177.13
NA
NA
NA
NA
173.15
173.05
NA
176.78
173.77
174.48
NA
NA
174.28
176.28
173.95
NA
NA
NA
NA
NA
NA
NA
NA
NA
NA
NA
NA
NA
NA
NA
176.14
176.7