177.48
174.24
175.83
173.77
176.34
175.6
174.47
NA
175.89
175.89
176.29
176.19
175.65
176.06
176.13
173.51
NA
176.14
178.54
177.44
175.78
175.4
176.69
174.35
175.97
174.53
176.21
176.07
176.63
176.2
174.69
174.77
176.92
175.16
174.4
175.77
175.62
176.76
175.68
176.11
NA
175.89
176.99
176.15
172.55
NA
NA
NA
175.88
175.79
175.57
175.64
172.58
175.4
175.51
171.99
177.77
175.91
174.52
176.33
177.31
178.56
174.98
177.61
176.14
175.86
176.46
176.43
175.23
178.06
178.2
174.16
177.3
178.17
175.81
175.29
NA
174.55
175.35
175.88
NA
NA
176.2
175.96
NA
174.39
174.85
177.12
NA
173.88
176.04
175.16
NA
177.51
175.18
173.4
176.04
172.89
177.15
NA
174.12
174.64
176.51
176.05
175.54
177.29
176.25
175.18
177.27
174.06
175.76
176.79
174.32
176.8
174.82
175.84
177.13
174.74
NA
175.26
NA
177.84
176.17
176.94
NA
176.62
176.08
175.94
174.44
172.97
176.36
175.94
175.63
177.27
175.0
175.48
NA
NA
179.89
177.92
177.09
176.16
172.33
175.07
174.68
175.31
171.8
176.09
175.81
177.2
177.63
174.94
176.29
173.85
177.67
177.25
173.6
NA
176.19
174.56
176.02
176.02
NA
NA
174.03
177.11
175.94
175.88
175.3
174.54
172.36
174.79
176.41
NA
175.75
178.48
175.39
174.98
NA
176.36
177.71
174.14
172.52
176.39
176.3
175.59
177.12
174.07
176.22
174.41
177.3
176.24
173.57
176.01
178.05
176.65
176.4
175.63
NA
176.34
176.51
173.22
175.56
176.24
175.87
173.24
NA
NA
NA
NA
NA
NA
175.64
176.33
NA
176.62
177.48
NA
175.6
177.5
176.92
175.68
176.36
176.23
176.03
176.25
177.8
175.66
176.21
175.85
176.5
176.4
175.57
176.02
172.91
175.54
176.2
179.47
176.49
176.26
175.48
174.41
175.24
177.03
NA
NA
NA
175.59
176.78
176.31
174.54
173.14
176.37
176.15
175.9
174.96
175.42
176.27
NA
NA
175.67
174.84
175.51
171.94
NA
175.38
NA
175.59
173.51
176.51
NA
176.94
NA
175.12
178.22
175.7
177.15
175.87
NA
NA
178.27
176.35
NA
NA
175.5
174.75
174.36
175.65
NA
NA
175.51
175.78
174.76
175.54
174.36
174.47
176.42
173.62
176.73
178.23
173.19
176.52
175.1
175.17
NA
174.99
176.56
NA
NA
175.6
172.68
173.82
176.24
NA
NA
176.38
NA
175.28
176.17
175.11
176.23
176.3
175.08
NA
176.1
175.4
NA
175.82
176.13
175.92
176.19
174.89
NA
175.18
176.42
176.1
176.24
NA
175.58
176.18
NA
NA
NA
NA
175.75
176.13
176.16
NA
174.77
NA
NA
NA
NA
NA
NA
178.93
176.95
174.11
174.26
176.02
173.75
175.92
175.4
175.11
175.17
175.51
173.68
174.42
175.72
177.01
NA
176.28
173.39
176.13
174.6
175.69
178.2
173.66
176.32
175.51
176.6
174.41
174.71
176.14
NA
NA
NA
176.1
176.15
175.99
175.42
175.81
176.55
174.24
176.49
173.09
175.27
176.1
176.18
175.95
175.22
174.43
177.9
NA
175.62
176.15
175.18
NA
173.73
175.91
174.15
177.9
176.69
178.05
177.88
176.18
175.15
174.59
175.81
175.64
176.56
175.86
174.59
NA
177.05
175.9
175.8
NA
NA
175.26
174.63
174.97
175.63
174.01
173.27
176.81
176.98
174.61
174.53
173.42
176.31
176.57
175.79
174.33
175.89
173.66
173.96
172.41
174.32
NA
173.97
175.13
176.26
175.23
176.78
176.88
176.8
175.01
176.79
174.96
176.82
175.03
176.75
174.94
175.95
177.62
176.01
176.72
172.74
173.94
174.73
175.16
177.54
174.74
NA
NA
NA
NA
NA
NA
NA
176.09
176.52
NA
176.18
176.08
176.16
176.46
NA
176.39
176.19
176.79
175.55
NA
174.88
174.96
NA
NA
NA
NA
NA
NA
175.39
NA
NA
NA
176.6
176.5
NA
NA
NA
NA
NA
NA
NA
NA
NA
NA
175.67
NA
177.62
NA
NA
NA
177.67
175.92
173.46
173.91
NA
NA
NA
177.3
NA
177.56
176.8
NA
NA
NA
NA
NA
NA
175.56
179.16
174.62
NA
NA
175.55
175.75
176.54
176.63
174.67
176.11
176.41
NA
NA
NA
176.51
179.01
178.06
NA
NA
NA
NA
175.86
176.04
174.13
177.14
173.74
176.77
NA
NA
NA
NA
175.78
173.77
NA
174.0
176.16
173.29
NA
176.01
175.62
175.64
175.98
176.1
176.19
NA
173.38
175.68
176.29
177.27
NA
178.26
175.05
175.19
177.57
177.3
NA
177.97
174.98
175.46
176.0
176.36
175.99
NA
174.6
175.46
176.87
174.95
176.52
176.12
NA
175.31
174.97
NA
NA
174.33
177.03
177.63
176.53
174.33
177.03
177.63
176.63
174.32
177.02
177.62
176.72
174.42
177.02
177.62
176.72
174.32
177.12
177.82
176.92
178.87
178.37
178.61
NA
179.2
177.54
175.46
174.73
NA
179.13
175.65
175.73
NA
NA
NA
NA
174.48
175.07
179.62
177.18
NA
NA
NA
179.41
176.22
175.96
178.39
NA
NA
175.77
175.64
NA
NA
178.46
174.76
175.76
176.46
175.76
178.46
175.36
NA
NA
NA
NA
NA
175.7
175.71
176.93
176.12
176.12
174.25
175.11
176.5
NA
176.84
175.46
NA
NA
NA
NA
176.5
NA
NA
NA
NA
NA
NA
175.78
178.64
175.54
NA
NA
NA
NA
NA
NA
NA
175.51
175.31
175.41
174.41
175.66
175.66
174.95
178.27
175.93
175.21
178.54
177.47
173.7
175.23
175.44
175.43
175.05
174.92
176.92
177.04
175.96
176.35
174.94
176.57
173.56
NA
NA
NA
NA
NA
NA
NA
NA
174.76
NA
177.1
176.37
NA
175.01
175.76
NA
174.78
NA
NA
NA
NA
NA
177.9
178.43
178.05
179.04
173.47
180.0
172.67
175.93
173.95
NA
NA
NA
NA
NA
NA
NA
NA
177.97
179.05
NA
180.03
NA
176.16
174.94
176.29
177.79
177.79
177.27
173.68
175.92
178.22
NA
NA
NA
176.26
NA
NA
NA
172.27
176.42
NA
NA
NA
176.57
174.24
177.98
NA
NA
NA
NA
178.74
176.96
NA
NA
NA
NA
NA
NA
NA
NA
NA
NA
177.8
178.12
NA
NA
NA
NA
177.55
175.28
175.08
177.38
173.78
176.44
175.86
176.23
175.59
NA
176.57
NA
NA
176.0
177.99
174.28
177.71
173.0
179.04
173.29
NA
NA
NA
175.46
174.07
NA
174.27
176.24
176.84
NA
NA
170.16
NA
NA
NA
NA
170.55
NA
NA
177.74
NA
175.14
174.48
173.88
NA
NA
NA
NA
NA
NA
NA
176.64
175.54
175.84
175.54
176.47
177.48
175.88
177.03
NA
NA
NA
177.83
175.33
NA
NA
NA
NA
NA
176.2
176.2
175.16
175.46
173.36
175.26
176.86
177.96
NA
173.1
NA
NA
NA
NA
NA
NA
NA
NA
NA
NA
NA
NA
NA
NA
NA
NA
NA
NA
NA
NA
NA
176.19
177.99
175.79
177.7
177.05
175.05
175.15
178.55
177.25
174.75
NA
NA
NA
NA
NA
NA
NA
NA
177.94
NA
NA
NA
NA
NA
NA
NA
NA
NA
NA
176.26
NA
NA
174.4
NA
NA
NA
NA
NA
NA
175.55
NA
NA
NA
NA
174.63
175.64
176.64
176.24
177.04
NA
NA
NA
NA
NA
NA
NA
NA
177.18
174.28
176.68
177.81
178.35
NA
NA
NA
NA
NA
NA
NA
NA
NA
176.61
NA
NA
175.79
175.57
174.3
178.7
177.63
176.59
NA
NA
174.87
174.24
NA
NA
174.38
175.33
175.43
176.56
NA
178.25
175.05
181.15
NA
178.91
NA
NA
172.76
NA
NA
NA
NA
NA
NA
NA
NA
NA
NA
175.55
177.35
NA
NA
NA
NA
NA
NA
NA
NA
NA
NA
NA
NA
NA
NA
NA
NA
175.05
174.05
NA
NA
NA
NA
NA
NA
NA
NA
NA
176.84
NA
176.24
174.73
NA
NA
176.35
175.01
177.77
173.7
177.6
NA
NA
175.21
176.77
176.65
NA
174.57
174.62
176.75
177.05
172.65
175.85
178.75
175.85
175.55
176.15
NA
176.05
176.62
176.78
175.03
176.61
NA
NA
NA
NA
NA
NA
174.29
NA
NA
NA
NA
NA
NA
NA
NA
NA
NA
NA
NA
NA
NA
176.93
175.07
175.98
175.06
NA
NA
NA
177.38
176.12
NA
174.36
176.37
175.51
177.64
178.28
176.45
NA
NA
NA
176.51
175.81
NA
NA
NA
175.58
NA
NA
NA
177.72
NA
NA
NA
NA
NA
NA
NA
NA
NA
NA
NA
175.76
177.14
176.31
174.67
NA
175.62
175.8
174.17
175.78
NA
NA
174.81
177.56
175.75
175.73
NA
176.51
175.79
NA
NA
NA
NA
NA
NA
NA
NA
NA
NA
176.52
175.73
175.67
NA
NA
NA
NA
173.97
177.7
175.98
175.85
178.2
NA
NA
NA
NA
NA
NA
NA
NA
NA
NA
NA
NA
NA
NA
175.69
NA
176.07
175.35
NA
177.4
176.4
NA
NA
NA
NA
NA
NA
NA
NA
NA
180.05
177.67
177.05
178.54
176.29
176.19
176.02
NA
NA
NA
NA
173.97
177.7
175.98
175.85
178.2
NA
NA
NA
NA
NA
NA
NA
NA
NA
NA
174.7
176.52
177.04
NA
NA
NA
NA
NA
177.66
178.56
NA
174.76
NA
174.49
175.75
178.57
NA
NA
NA
NA
176.36
176.03
176.01
176.09
178.27
NA
NA
176.04
NA
NA
NA
NA
NA
NA
NA
NA
NA
NA
NA
NA
NA
NA
NA
NA
NA
NA
NA
174.06
175.59
175.71
NA
NA
NA
NA
174.73
174.17
176.89
176.38
NA
NA
NA
NA
NA
NA
177.17
177.27
176.27
NA
NA
NA
NA
NA
NA
NA
NA
175.51
175.86
176.32
176.28
175.8
178.08
177.05
NA
NA
NA
177.68
174.17
177.77
NA
176.17
177.21
177.36
NA
177.46
177.46
176.76
NA
176.75
176.09
174.23
176.73
NA
NA
175.9
NA
NA
174.55
176.25
NA
175.67
179.18
178.61
176.12
NA
NA
NA
NA
NA
NA
NA
174.71
175.01
176.21
175.51
177.31
NA
NA
NA
NA
NA
NA
NA
NA
174.32
173.63
NA
NA
174.24
173.45
NA
NA
NA
NA
NA
NA
NA
NA
NA
NA
NA
NA
NA
175.97
177.81
177.42
NA
NA
174.36
176.56
176.3
176.2
175.5
NA
NA
NA
NA
177.47
175.29
NA
NA
NA
174.72
173.7
NA
NA
NA
NA
NA
NA
NA
NA
NA
NA
NA
NA
NA
173.5
175.02
NA
NA
NA
177.77
174.57
178.27
176.07
175.37
NA
184.9
177.43
175.2
178.74
177.36
176.66
NA
174.65
176.1
181.07
NA
NA
NA
NA
NA
NA
175.39
175.23
175.79
175.65
175.09
NA
175.68
175.48
176.77
176.77
176.47
176.77
NA
180.73
NA
NA
NA
NA
NA
175.34
175.34
174.93
174.23
175.14
174.52
175.75
175.85
172.95
NA
175.53
NA
175.8
176.41
NA
176.04
174.54
174.46
174.28
176.76
175.9
NA
NA
NA
NA
NA
NA
NA
NA
NA
NA
NA
NA
NA
NA
NA
NA
NA
NA
175.85
178.22
NA
176.94
177.74
175.68
175.13
175.23
175.83
175.39
178.35
176.05
NA
NA
NA
NA
175.53
NA
175.13
NA
173.03
174.53
NA
NA
175.4
175.2
NA
178.2
NA
176.8
176.7
175.5
176.4
NA
174.99
177.59
177.43
172.23
NA
NA
NA
NA
NA
NA
NA
NA
NA
NA
NA
175.42
174.03
NA
NA
175.98
176.5
174.2
175.43
174.83
179.34
NA
178.01
175.81
NA
NA
176.0
176.29
NA
NA
NA
NA
NA
NA
NA
NA
NA
175.85
176.15
173.41
174.21
174.25
176.89
177.83
176.43
176.18
174.01
175.34
175.39
175.81
176.68
NA
174.32
175.22
176.73
NA
175.03
177.23
176.83
NA
177.48
NA
NA
NA
NA
NA
174.07
178.15
176.05
176.04
174.91
177.51
175.71
174.81
176.0
173.6
175.7
NA
177.18
NA
NA
NA
175.19
176.17
175.05
178.0
172.98
177.48
176.27
174.62
NA
176.56
NA
174.66
176.06
174.87
176.51
NA
NA
173.56
176.36
NA
177.16
NA
NA
NA
NA
NA
175.62
178.11
NA
NA
NA
NA
NA
NA
175.53
174.23
175.03
176.43
174.43
177.37
177.27
NA
NA
NA
NA
NA
NA
NA
175.9
175.82
174.03
175.91
176.01
173.56
174.34
176.27
175.88
176.39
175.89
175.59
172.19
178.39
176.49
176.24
176.04
178.33
NA
NA
175.93
175.96
175.64
176.03
178.23
176.79
171.54
176.38
173.35
176.03
177.43
175.49
175.24
NA
177.8
174.24
177.73
177.68
NA
174.43
177.73
NA
174.38
177.88
NA
176.67
178.69
178.19
177.3
NA
NA
NA
175.87
175.57
177.61
177.21
175.75
174.75
175.76
175.6
177.87
177.79
172.94
177.36
176.04
175.34
174.77
175.77
NA
NA
NA
175.95
177.95
178.05
NA
NA
NA
NA
NA
NA
NA
NA
NA
NA
175.08
175.58
175.48
177.58
176.63
174.37
175.93
NA
181.2
176.44
175.05
175.91
NA
171.72
174.44
173.44
174.14
174.84
176.84
175.34
NA
NA
NA
NA
NA
NA
176.39
NA
NA
176.63
175.93
NA
NA
NA
NA
172.3
175.03
176.94
176.85
175.8
173.94
NA
NA
175.86
174.16
NA
NA
174.3
175.4
NA
175.0
176.16
176.26
NA
NA
NA
NA
NA
NA
NA
NA
NA
NA
NA
173.88
NA
NA
175.36
176.46
175.76
174.17
176.24
NA
175.35
177.08
176.06
175.23
173.34
176.89
174.39
178.09
174.54
176.94
174.54
175.84
NA
176.99
176.03
175.77
176.46
177.98
175.87
175.83
NA
177.66
NA
177.29
176.47
177.04
NA
NA
NA
NA
NA
NA
NA
178.34
NA
174.51
NA
NA
NA
NA
NA
NA
NA
178.58
NA
175.75
174.75
176.09
NA
173.36
NA
178.26
175.16
175.66
176.16
176.96
176.66
180.62
175.78
175.38
175.08
176.81
175.06
175.89
176.12
176.12
176.27
175.84
NA
NA
NA
NA
175.79
173.69
174.97
175.38
NA
NA
NA
NA
NA
NA
NA
176.55
176.75
NA
NA
NA
177.7
NA
174.5
173.6
174.65
174.71
174.5
174.75
174.57
176.73
174.23
NA
175.52
NA
NA
NA
NA
NA
NA
175.61
174.41
177.0
175.64
175.33
NA
NA
NA
NA
176.76
NA
NA
174.63
172.51
NA
NA
NA
NA
NA
NA
NA
NA
NA
179.55
175.41
175.93
NA
NA
175.95
176.58
NA
NA
173.0
NA
NA
NA
NA
NA
NA
174.08
NA
NA
NA
NA
NA
NA
NA
176.44
175.63
175.93
NA
174.64
NA
NA
NA
NA
NA
179.54
NA
174.79
176.56
176.1
174.83
NA
174.35
173.61
176.53
177.0
177.41
175.24
176.24
NA
176.28
175.87
177.3
NA
171.99
176.55
NA
NA
NA
175.01
176.12
NA
NA
176.51
176.22
178.38
177.06
176.88
173.81
175.69
NA
NA
NA
174.81
177.01
175.41
NA
NA
NA
175.5
174.57
173.7
174.0
173.9
NA
NA
175.54
175.67
176.46
NA
NA
172.89
174.54
174.32
175.73
176.26
178.57
176.19
176.0
NA
NA
NA
NA
NA
175.8
178.2
176.7
174.3
176.3
NA
176.68
176.2
175.5
NA
175.96
177.19
177.05
NA
NA
175.88
176.38
173.58
NA
NA
NA
NA
NA
NA
NA
NA
NA
NA
NA
NA
NA
NA
NA
NA
177.95
NA
NA
177.68
NA
NA
177.16
174.2
173.92
171.78
178.17
175.15
NA
175.82
173.97
180.37
174.6
173.44
NA
NA
NA
173.4
177.26
177.59
176.16
176.71
176.61
174.91
174.21
175.3
175.09
NA
NA
175.39
175.23
NA
NA
173.16
173.76
177.16
NA
NA
175.79
175.69
178.59
177.59
175.99
175.19
175.99
175.49
172.23
NA
NA
NA
NA
NA
NA
NA
NA
177.16
174.65
173.5
180.02
NA
175.04
NA
176.02
NA
NA
NA
NA
NA
NA
175.93
NA
NA
NA
NA
NA
NA
NA
NA
NA
NA
NA
177.68
178.19
174.99
176.7
177.5
NA
NA
174.48
173.48
175.63
174.97
175.98
177.17
177.28
175.37
NA
176.73
177.21
175.41
NA
180.62
174.82
177.38
NA
NA
NA
NA
175.3
178.34
175.22
NA
NA
NA
178.54
173.78
175.63
NA
173.17
NA
176.99
NA
NA
174.15
173.15
175.14
NA
177.67
175.11
NA
NA
NA
NA
NA
NA
NA
NA
175.26
173.97
174.57
174.67
173.47
173.77
175.07
NA
177.84
175.65
NA
NA
175.02
175.32
175.72
176.72
179.99
178.36
176.39
177.69
NA
NA
175.99
176.43
180.59
178.81
176.71
NA
175.33
174.68
174.34
NA
NA
175.16
NA
177.75
NA
176.0
175.78
175.44
176.29
175.94
176.67
175.66
175.88
176.79
NA
NA
NA
179.96
175.88
173.32
NA
NA
NA
NA
NA
NA
175.87
175.14
175.09
176.53
172.33
176.04
NA
NA
NA
NA
176.71
NA
177.86
177.68
NA
174.97
174.79
176.83
176.09
175.92
176.75
NA
NA
174.97
176.74
174.92
174.67
NA
NA
171.17
175.27
176.67
176.87
174.57
175.27
175.47
175.97
175.77
NA
175.93
175.95
174.95
176.21
NA
NA
NA
175.89
175.36
174.95
175.69
NA
NA
173.21
176.91
NA
175.66
174.95
176.33
NA
175.44
NA
175.81
175.99
173.69
176.27
NA
176.3
178.0
NA
175.6
175.5
174.9
172.7
176.89
NA
170.61
177.22
177.51
176.09
NA
NA
NA
NA
NA
NA
NA
NA
173.98
NA
NA
NA
175.97
177.27
174.67
174.37
174.17
175.67
176.47
175.67
174.57
174.87
173.07
177.58
174.12
174.54
NA
NA
NA
NA
NA
NA
NA
NA
NA
173.55
NA
176.21
NA
NA
NA
NA
NA
NA
NA
NA
NA
177.78
175.42
174.69
177.51
173.9
176.38
177.25
177.53
173.9
176.41
177.32
176.02
NA
NA
NA
NA
174.44
178.11
174.94
178.02
NA
174.27
174.45
176.07
NA
NA
NA
NA
NA
NA
NA
NA
NA
NA
177.11
178.35
NA
176.1
NA
NA
NA
175.08
177.37
176.81
176.69
175.29
181.06
176.31
173.61
176.41
NA
175.1
175.92
176.89
177.56
176.64
177.2
175.41
177.07
NA
175.64
NA
173.42
173.62
NA
172.65
172.95
NA
176.81
176.39
176.28
175.28
176.13
177.73
NA
175.43
NA
NA
NA
NA
NA
174.49
NA
NA
175.75
175.56
NA
NA
NA
NA
NA
175.53
179.91
NA
NA
NA
173.34
NA
175.97
175.96
176.64
NA
NA
NA
NA
NA
NA
NA
NA
NA
NA
NA
178.72
NA
NA
176.32
175.83
175.67
175.4
174.05
176.38
177.89
NA
176.18
NA
176.0
176.0
177.26
176.2
174.91
175.61
177.01
175.81
174.31
NA
175.8
174.5
177.69
177.56
177.43
NA
NA
175.29
175.59
177.79
175.89
172.22
174.36
175.52
177.42
176.04
176.52
NA
NA
178.06
175.92
175.19
NA
NA
177.76
178.82
176.17
NA
NA
NA
NA
175.89
175.82
NA
NA
177.47
177.35
NA
NA
174.97
173.47
177.17
177.14
175.27
175.07
176.9
176.46
177.57
176.23
173.48
174.67
176.03
177.12
175.44
180.48
177.18
177.46
175.1
176.24
177.67
176.96
NA
175.59
172.64
NA
NA
NA
175.67
175.67
175.51
174.51
176.12
174.42
175.76
176.18
175.59
175.77
NA
177.45
177.47
NA
NA
NA
176.96
176.16
NA
176.75
175.07
176.22
175.54
174.96
175.44
175.81
176.27
175.06
176.2
NA
NA
NA
NA
NA
NA
NA
NA
NA
NA
NA
NA
NA
NA
NA
176.11
NA
176.1
174.91
176.0
175.11
NA
175.2
NA
NA
NA
NA
176.52
NA
176.06
176.2
175.62
175.98
NA
178.87
NA
NA
NA
174.76
174.86
173.88
175.67
NA
NA
NA
NA
173.96
175.96
175.86
176.76
177.56
NA
NA
NA
NA
177.52
179.12
NA
NA
NA
176.33
176.47
175.14
NA
173.64
NA
174.33
176.52
175.74
176.36
176.64
175.74
NA
171.81
176.98
NA
175.75
174.36
175.52
NA
NA
NA
NA
NA
NA
NA
NA
176.11
178.76
NA
176.92
177.16
174.46
NA
176.83
NA
178.33
176.23
175.69
NA
NA
174.15
175.92
174.61
173.88
177.19
175.95
173.42
NA
NA
NA
NA
NA
NA
NA
NA
NA
NA
NA
NA
175.27
176.44
175.77
174.44
173.98
NA
NA
173.66
176.45
NA
176.33
175.8
NA
178.13
173.52
NA
NA
NA
NA
177.37
178.61
176.03
176.33
175.47
NA
NA
175.0
177.26
176.39
NA
175.36
172.8
NA
176.96
176.14
NA
176.51
NA
176.71
175.25
176.37
NA
174.38
174.61
174.91
NA
175.5
NA
173.94
175.43
173.01
176.22
NA
NA
NA
176.5
175.6
177.2
176.8
174.14
NA
172.22
NA
176.48
175.36
175.59
NA
176.32
176.06
175.47
NA
176.87
NA
NA
NA
176.59
174.9
NA
175.4
173.62
175.42
177.72
175.82
173.08
173.75
176.66
174.96
176.01
175.7
177.1
174.26
174.11
NA
172.98
176.74
174.96
NA
176.39
174.85
NA
172.58
172.71
174.18
177.43
NA
NA
NA
NA
175.16
175.77
176.72
176.97
174.91
175.2
175.31
175.95
178.81
173.91
176.51
177.55
174.87
178.04
NA
NA
176.49
174.57
180.46
NA
176.16
174.06
176.4
NA
177.89
NA
175.83
NA
NA
NA
178.7
NA
175.6
176.41
NA
NA
NA
174.51
NA
NA
NA
NA
177.12
175.71
176.41
174.15
NA
NA
NA
175.42
175.86
176.43
175.07
176.21
174.18
172.95
174.26
175.43
171.68
177.18
174.8
180.34
NA
NA
NA
NA
NA
NA
NA
NA
NA
NA
175.8
174.89
174.61
NA
176.72
176.09
174.69
174.09
176.23
175.55
178.25
175.37
NA
NA
NA
NA
NA
NA
175.17
NA
174.57
NA
173.98
NA
176.03
174.98
NA
175.45
176.65
178.54
175.99
174.17
177.02
NA
NA
NA
NA
NA
NA
NA
NA
NA
178.21
175.74
176.24
NA
177.22
177.48
176.09
NA
NA
NA
NA
178.97
175.8
NA
NA
NA
NA
176.44
NA
175.44
176.14
175.04
176.07
176.68
175.93
175.69
176.59
176.02
176.07
NA
174.72
NA
177.23
176.75
NA
175.98
177.78
NA
NA
NA
NA
176.36
177.23
175.69
176.7
NA
NA
NA
NA
NA
176.09
176.43
173.34
174.53
175.52
175.79
178.03
176.82
176.86
NA
NA
NA
NA
NA
NA
176.01
175.71
176.47
NA
NA
NA
NA
NA
NA
NA
NA
175.95
176.2
178.29
175.27
175.37
177.25