63.79
64.23
65.41
65.4
63.96
64.49
63.27
64.14
64.45
64.89
NA
NA
NA
NA
64.14
66.25
63.15
64.33
63.53
62.78
NA
NA
NA
63.92
66.71
NA
62.81
NA
NA
NA
64.08
64.03
64.14
63.75
NA
NA
NA
NA
63.62
63.49
NA
NA
63.27
NA
NA
NA
63.74
NA
65.01
63.73
61.86
65.32
64.49
64.03
64.55
62.84
62.42
65.0
64.24
64.08
NA
64.62
64.45
64.23
NA
NA
NA
64.2
62.93
62.95
NA
NA
NA
NA
NA
NA
63.46
63.56
63.14
NA
NA
NA
NA
NA
63.87
63.82
63.99
64.81
63.07
62.29
65.36
63.91
NA
NA
NA
NA
NA
NA
63.49
63.21
62.75
64.11
NA
NA
NA
NA
NA
NA
63.53
63.71
NA
NA
NA
NA
NA
NA
NA
63.63
NA
NA
NA
NA
63.96
NA
64.02
NA
63.86
63.92
64.12
62.56
NA
63.88
NA
63.94
64.01
NA
NA
62.79
64.39
64.35
64.39
63.78
64.11
64.02
64.23
64.21
NA
63.98
NA
64.09
NA
63.34
64.45
63.7
63.82
NA
63.98
NA
NA
NA
NA
NA
NA
63.61
63.57
NA
NA
NA
NA
NA
NA
63.63
63.19
64.69
NA
61.9
64.86
66.98
NA
NA
NA
NA
NA
63.84
63.68
64.07
62.82
61.05
64.05
63.1
64.01
NA
NA
NA
NA
NA
NA
63.96
62.58
NA
NA
NA
NA
NA
NA
63.94
62.14
63.77
63.73
NA
NA
NA
NA
NA
NA
63.75
66.34
63.73
64.28
NA
NA
NA
63.76
NA
63.84
NA
NA
NA
63.66
NA
NA
NA
NA
NA
NA
63.54
NA
NA
NA
NA
63.74
63.71
63.67
NA
63.9
63.57
NA
NA
NA
NA
NA
NA
NA
63.76
63.52
66.8
NA
NA
NA
NA
NA
NA
NA
NA
NA
NA
63.87
64.33
NA
NA
NA
NA
NA
NA
63.66
67.26
64.03
63.16
NA
NA
NA
NA
NA
NA
NA
64.81
64.35
62.09
64.8
64.38
NA
NA
63.92
63.31
NA
64.75
63.74
NA
63.88
63.25
64.62
62.86
63.73
63.9
69.9
63.61
63.75
64.71
63.51
62.54
63.99
63.74
63.68
NA
NA
64.13
64.08
63.96
64.1
63.53
64.14
64.05
63.95
NA
NA
NA
NA
65.15
62.24
NA
NA
NA
NA
NA
NA
NA
63.83
64.73
63.5
63.61
NA
NA
NA
NA
NA
NA
NA
62.96
NA
NA
NA
NA
NA
63.84
63.85
NA
NA
NA
NA
NA
63.63
63.53
63.47
63.4
63.91
NA
NA
NA
63.69
63.83
63.58
66.99
66.31
63.75
64.7
NA
NA
NA
NA
63.82
63.41
NA
62.68
NA
NA
NA
NA
NA
NA
NA
63.79
63.9
64.16
63.71
64.04
63.21
63.29
NA
NA
NA
NA
63.98
NA
63.98
64.18
63.27
63.98
64.4
NA
NA
NA
NA
NA
63.85
NA
NA
NA
NA
NA
NA
64.28
62.17
60.98
62.44
62.43
NA
NA
NA
NA
NA
NA
64.47
64.23
64.11
NA
64.07
63.84
NA
63.84
NA
64.43
NA
63.78
NA
NA
NA
NA
64.13
NA
63.87
64.34
63.28
NA
NA
NA
NA
NA
NA
NA
NA
63.54
63.79
63.24
64.29
NA
NA
NA
NA
NA
NA
NA
63.49
62.52
NA
NA
NA
63.89
63.92
64.61
NA
NA
NA
NA
NA
NA
NA
64.13
61.84
NA
62.79
NA
NA
NA
NA
NA
NA
NA
62.74
NA
NA
NA
NA
NA
NA
63.83
63.21
63.74
63.44
64.13
63.82
64.05
NA
NA
NA
NA
63.78
63.79
NA
64.84
NA
NA
NA
NA
NA
NA
NA
64.34
NA
63.72
63.1
63.59
62.59
NA
NA
NA
NA
63.97
63.91
63.01
63.89
NA
NA
NA
NA
NA
NA
65.43
63.3
61.88
63.89
63.78
63.78
63.25
63.92
NA
63.82
NA
63.77
63.82
64.37
NA
NA
65.71
64.99
63.66
NA
63.99
63.88
64.07
64.11
63.56
63.86
63.8
63.93
63.6
63.69
64.04
63.81
64.17
NA
NA
NA
63.96
63.27
66.76
62.98
63.72
66.49
NA
NA
NA
NA
NA
NA
63.61
63.71
63.27
63.71
63.21
63.74
NA
NA
NA
NA
NA
NA
63.7
64.35
61.58
NA
NA
NA
64.01
65.46
65.01
63.86
NA
NA
NA
63.7
NA
63.88
63.81
NA
64.13
NA
NA
NA
NA
NA
NA
NA
NA
63.74
63.7
64.07
NA
63.74
63.65
NA
NA
NA
NA
63.93
63.52
62.5
NA
62.7
60.74
NA
NA
NA
NA
NA
NA
63.4
63.8
63.53
NA
NA
NA
63.83
63.95
NA
63.54
64.49
62.72
64.04
63.79
63.95
NA
NA
NA
NA
NA
63.85
64.8
65.16
NA
NA
NA
NA
NA
NA
NA
64.15
63.94
63.81
63.23
63.42
63.45
NA
NA
NA
NA
63.38
64.39
NA
NA
63.82
NA
63.89
NA
63.89
63.15
63.63
65.46
65.21
NA
63.89
NA
NA
NA
NA
64.0
63.36
NA
NA
NA
NA
NA
NA
64.12
64.31
64.16
63.69
NA
NA
NA
NA
NA
NA
NA
65.43
64.16
63.93
NA
64.0
NA
NA
NA
63.49
64.17
NA
63.93
63.78
63.74
63.72
63.52
63.78
64.4
62.91
63.82
63.78
63.99
NA
NA
NA
NA
64.2
NA
63.75
NA
63.72
63.58
62.68
64.46
64.43
63.95
63.41
NA
63.83
NA
63.5
NA
63.8
NA
63.84
NA
NA
NA
NA
NA
NA
NA
NA
63.62
64.08
63.88
63.84
64.54
64.77
63.16
63.59
NA
NA
NA
NA
NA
NA
NA
NA
NA
NA
63.9
NA
63.92
NA
65.18
62.6
NA
63.88
NA
63.91
63.85
63.89
63.85
64.83
63.22
64.71
63.97
63.81
63.97
NA
NA
NA
NA
63.72
63.62
62.12
63.64
NA
63.72
NA
63.65
NA
63.97
NA
NA
NA
63.76
NA
64.66
63.73
63.66
64.02
66.47
NA
NA
NA
NA
NA
NA
NA
NA
63.71
NA
NA
63.61
63.71
63.71
64.12
62.92
62.84
NA
NA
NA
NA
NA
64.07
63.95
63.83
63.88
64.27
NA
63.49
NA
NA
NA
NA
63.82
NA
63.65
62.75
63.65
63.82
NA
NA
63.7
NA
63.63
63.59
63.72
NA
NA
NA
NA
NA
NA
66.29
65.55
NA
NA
NA
NA
63.8
63.82
66.99
63.4
63.47
NA
NA
NA
NA
NA
NA
63.78
63.54
62.58
NA
NA
NA
NA
NA
NA
63.57
63.94
NA
NA
63.81
63.68
63.74
63.78
63.78
63.74
62.83
64.0
62.9
64.18
63.81
63.95
NA
NA
NA
NA
63.34
63.9
63.45
63.76
63.66
63.79
63.82
63.79
64.23
63.98
63.82
63.97
NA
NA
NA
63.71
63.43
63.45
NA
NA
63.8
NA
64.53
NA
NA
63.74
63.63
63.18
63.74
63.66
NA
63.66
NA
NA
NA
NA
64.2
65.32
62.92
63.64
63.73
NA
NA
NA
NA
NA
NA
63.82
63.58
63.82
64.44
64.32
NA
NA
NA
NA
64.23
65.55
64.94
NA
NA
NA
63.58
63.99
NA
63.74
63.87
63.99
NA
NA
NA
NA
64.26
63.76
63.72
NA
NA
NA
NA
NA
63.8
NA
NA
NA
NA
NA
NA
NA
NA
64.29
64.03
NA
NA
NA
NA
NA
63.86
66.33
63.56
NA
NA
NA
NA
NA
NA
NA
62.74
64.72
NA
NA
NA
NA
NA
NA
NA
64.09
63.22
NA
NA
NA
NA
NA
NA
NA
62.62
NA
NA
NA
NA
NA
NA
NA
NA
NA
NA
NA
63.38
63.86
NA
63.42
NA
NA
NA
NA
NA
NA
NA
63.08
64.36
64.43
64.53
62.56
NA
NA
NA
NA
NA
NA
NA
63.8
NA
64.54
64.04
63.3
64.55
66.28
NA
NA
NA
NA
NA
NA
NA
65.39
NA
NA
NA
NA
NA
NA
64.22
62.61
NA
63.91
NA
NA
NA
NA
65.67
63.08
63.78
63.78
63.28
63.42
66.96
NA
NA
NA
NA
NA
NA
NA
62.78
NA
62.62
63.36
NA
NA
NA
NA
NA
NA
NA
65.19
65.01
62.35
64.46
63.73
66.27
NA
NA
NA
NA
NA
NA
63.49
NA
NA
NA
NA
NA
NA
63.95
NA
NA
NA
63.32
NA
NA
NA
NA
63.19
NA
NA
NA
NA
NA
64.19
64.52
62.97
63.3
62.49
NA
NA
NA
NA
NA
NA
NA
NA
63.91
64.68
63.07
NA
63.37
NA
NA
NA
NA
63.7
NA
63.66
NA
NA
NA
66.65
63.73
NA
NA
NA
NA
NA
NA
NA
63.72
62.56
NA
NA
NA
NA
NA
NA
63.96
64.8
63.4
NA
NA
NA
NA
NA
NA
NA
64.2
63.98
64.46
NA
NA
NA
NA
NA
64.33
62.27
63.1
61.53
NA
NA
NA
NA
NA
NA
NA
63.26
64.12
64.04
63.72
NA
NA
NA
NA
NA
NA
64.13
NA
NA
NA
NA
NA
NA
NA
NA
64.77
NA
NA
NA
NA
NA
NA
NA
NA
63.45
65.51
NA
NA
NA
NA
NA
NA
NA
NA
63.95
NA
NA
NA
NA
NA
NA
NA
63.81
NA
NA
NA
NA
NA
NA
NA
65.54
65.65
NA
NA
NA
NA
NA
NA
NA
NA
NA
NA
NA
NA
NA
NA
NA
62.85
63.1
NA
NA
NA
NA
NA
NA
NA
NA
63.43
NA
63.76
NA
NA
NA
NA
NA
NA
NA
65.54
NA
NA
NA
NA
NA
65.27
65.27
NA
NA
NA
NA
NA
64.18
63.59
65.21
63.69
NA
NA
NA
NA
NA
NA
NA
NA
NA
63.71
NA
NA
NA
NA
NA
NA
NA
NA
NA
NA
NA
NA
NA
NA
NA
64.71
65.5
NA
NA
NA
NA
NA
NA
NA
NA
NA
NA
NA
NA
NA
63.74
NA
NA
NA
NA
NA
NA
63.86
66.55
63.59
63.98
NA
NA
NA
NA
NA
62.94
63.82
64.26
NA
63.43
62.91
NA
NA
NA
NA
NA
63.86
NA
NA
NA
64.02
NA
NA
NA
NA
NA
NA
63.48
NA
63.48
64.08
62.67
62.77
63.52
63.89
NA
NA
NA
NA
NA
NA
63.55
62.36
63.53
64.21
64.05
62.41
61.72
63.46
64.21
63.43
63.96
NA
NA
NA
NA
63.59
63.66
NA
NA
NA
NA
NA
NA
63.89
62.87
66.75
NA
NA
NA
NA
NA
NA
63.64
63.85
63.97
NA
62.94
NA
NA
NA
NA
NA
NA
62.69
63.74
65.22
NA
NA
NA
NA
NA
NA
NA
63.7
63.79
65.11
62.98
62.4
NA
NA
NA
NA
NA
63.62
63.9
63.62
64.54
67.57
65.75
63.86
NA
NA
NA
NA
NA
63.39
65.63
63.27
NA
NA
NA
NA
NA
NA
NA
63.68
NA
63.22
63.94
NA
63.69
64.01
NA
NA
NA
NA
63.4
63.14
NA
NA
NA
64.02
NA
NA
NA
NA
62.63
66.73
64.78
NA
NA
NA
63.86
62.85
64.11
62.71
64.13
64.66
64.81
NA
NA
NA
NA
63.62
65.04
63.03
62.7
62.63
NA
NA
NA
NA
NA
NA
NA
NA
NA
NA
NA
NA
NA
63.54
64.22
63.64
62.97
62.58
NA
NA
NA
NA
NA
63.82
64.13
63.93
63.86
63.78
NA
NA
63.98
63.89
62.77
63.29
62.07
63.84
63.73
63.89
63.73
64.14
NA
NA
NA
63.72
62.58
63.49
NA
63.87
63.83
63.94
NA
NA
NA
NA
63.65
66.77
67.35
63.85
NA
64.06
64.23
NA
NA
NA
63.65
63.66
62.31
62.7
61.6
63.7
64.07
63.98
63.91
NA
NA
NA
NA
63.8
66.43
62.73
NA
64.13
NA
NA
NA
63.52
63.71
63.83
64.83
63.05
63.24
64.82
NA
63.83
NA
NA
NA
63.97
66.02
62.74
64.39
NA
64.15
NA
NA
NA
NA
62.97
63.65
NA
NA
NA
NA
63.85
59.55
NA
61.15
64.22
62.99
64.59
63.85
63.87
63.9
NA
67.4
NA
63.11
63.64
63.46
63.55
NA
65.54
64.13
63.89
NA
NA
NA
NA
63.7
63.71
63.32
64.03
61.36
63.78
NA
NA
NA
NA
NA
NA
NA
63.45
64.79
62.92
NA
63.66
65.22
64.22
NA
NA
NA
NA
NA
63.78
63.34
63.73
63.5
65.28
63.79
63.77
63.69
NA
NA
NA
NA
64.92
64.36
65.81
62.11
64.33
NA
NA
NA
NA
63.72
61.06
63.76
NA
NA
NA
NA
63.94
66.41
62.87
63.33
63.09
65.98
NA
NA
64.03
NA
NA
NA
NA
63.78
NA
64.06
NA
NA
NA
NA
63.96
66.03
64.59
63.34
62.95
NA
NA
NA
NA
NA
NA
63.16
64.13
64.42
NA
NA
NA
NA
NA
NA
63.79
61.85
63.68
63.27
66.06
NA
NA
NA
NA
NA
NA
63.67
63.89
63.35
63.61
63.87
63.95
NA
NA
NA
NA
64.08
63.88
60.96
63.86
NA
NA
NA
NA
66.41
64.68
64.9
61.44
NA
NA
NA
NA
NA
NA
NA
63.69
NA
NA
NA
NA
63.56
61.82
64.53
NA
NA
NA
NA
NA
NA
NA
64.25
63.07
62.76
NA
NA
NA
NA
NA
63.85
63.98
64.2
64.15
62.46
NA
NA
64.06
63.99
63.79
64.14
64.12
64.06
NA
NA
NA
NA
NA
NA
64.85
64.48
64.73
NA
NA
NA
NA
NA
NA
NA
64.37
NA
NA
NA
NA
NA
63.78
NA
63.88
NA
63.86
62.85
NA
NA
NA
NA
63.93
NA
63.35
66.62
63.23
62.91
63.24
62.9
63.91
63.63
63.26
63.26
63.88
63.78
63.11
63.17
63.73
63.63
NA
NA
NA
NA
63.23
63.0
63.67
NA
NA
NA
NA
NA
NA
NA
63.87
63.11
63.25
NA
NA
NA
NA
60.6
63.7
63.1
62.86
62.0
63.66
63.26
64.36
62.66
62.37
64.64
63.7
62.9
63.58
63.45
63.5
63.36
NA
63.31
NA
NA
63.41
63.71
63.91
NA
62.32
63.73
63.9
NA
63.59
NA
NA
62.63
NA
NA
63.1
NA
NA
63.73
NA
63.67
NA
64.19
NA
66.22
63.26
65.1
62.56
64.42
NA
66.03
63.51
64.28
63.39
64.78
62.87
64.25
64.04
61.96
NA
NA
62.65
64.1
63.81
61.82
65.08
NA
62.5
63.89
NA
61.66
64.82
63.65
65.05
NA
NA
64.1
63.79
64.09
68.76
63.49
63.94
65.99
65.02
65.26
64.1
64.12
NA
66.47
64.78
NA
NA
NA
NA
64.72
64.05
NA
65.5
64.88
63.12
62.52
63.61
63.55
64.22
62.81
65.24
64.75
62.62
NA
NA
NA
63.28
63.43
NA
NA
64.48
63.39
63.15
63.97
NA
64.63
64.81
63.08
NA
NA
60.92
64.26
NA
NA
NA
NA
NA
63.88
62.08
63.65
64.65
66.05
62.05
61.85
62.45
63.55
64.75
66.71
NA
62.84
NA
NA
NA
62.82
64.17
63.32
NA
64.52
NA
64.44
65.06
64.25
65.62
62.84
61.69
64.49
65.36
NA
62.65
65.24
63.41
63.65
64.05
NA
64.94
63.94
63.71
61.67
63.23
65.44
NA
63.54
63.34
63.34
63.82
NA
63.75
63.4
65.66
NA
62.09
64.61
62.01
64.61
63.21
63.21
NA
NA
NA
65.13
63.98
63.8
63.78
64.97
60.74
62.67
65.7
62.79
NA
NA
61.65
63.4
61.15
65.73
65.36
64.84
63.55
64.2
63.81
64.2
64.0
62.11
64.28
NA
65.33
63.03
65.03
64.5
NA
NA
NA
NA
64.86
62.98
62.18
64.62
63.94
64.29
64.29
63.17
63.58
63.58
NA
63.5
63.81
NA
63.69
NA
63.1
NA
63.44
NA
63.25
63.16
64.2
63.27
NA
NA
NA
63.44
63.96
63.29
64.2
63.49
62.92
NA
63.28
64.84
65.86
63.32
64.41
63.72
63.38
60.94
63.19
63.51
63.96
63.29
64.2
62.88
63.46
62.96
63.26
63.68
62.71
NA
63.7
62.8
NA
63.55
63.63
63.54
63.32
64.0
64.36
62.96
63.75
64.13
62.83
NA
63.73
63.5
NA
NA
NA
NA
NA
NA
NA
NA
NA
NA
NA
NA
NA
NA
NA
NA
NA
NA
NA
NA
NA
NA
NA
NA
NA
NA
NA
NA
NA
NA
NA
NA
NA
NA
NA
NA
NA
NA
NA
NA
62.94
NA
63.79
71.07
NA
70.13
62.87
NA
64.0
63.32
NA
63.68
64.01
63.04
NA
NA
63.47
61.46
63.08
59.67
NA
63.6
65.5
64.8
64.3
63.6
64.6
62.95
64.3
NA
64.16
63.41
63.99
63.35
63.35
63.93
62.76
62.18
63.18
63.63
63.16
65.1
64.23
NA
NA
65.0
63.8
NA
64.2
NA
63.35
63.9
NA
62.72
64.06
62.7
NA
62.9
64.02
63.4
NA
NA
63.48
62.93
63.2
NA
60.01
NA
65.06
NA
63.4
62.7
61.3
62.7
62.99
62.34
62.55
61.23
63.33
62.95
64.15
63.79
64.7
NA
63.32
65.31
NA
64.5
63.99
NA
NA
62.17
62.98
64.08
64.11
63.72
64.51
63.95
63.51
64.76
63.38
63.38
NA
63.84
62.76
64.17
60.75
62.14
64.63
61.05
65.06
64.8
63.14
NA
63.6
47.32
63.85
64.31
63.23
63.44
63.3
63.06
63.04
61.41
62.61
61.55
64.25
64.14
64.24
64.21
64.08
63.97
64.74
64.42
64.34
64.53
64.16
64.43
64.36
64.47
64.41
NA
64.34
64.36
NA
64.43
64.63
64.53
64.27
62.84
63.14
62.94
65.36
63.79
63.94
63.79
63.79
62.9
62.17
64.85
NA
65.68
65.96
65.1
64.34
65.97
65.87
63.67
65.34
63.85
64.87
NA
64.56
64.14
64.7
63.89
NA
NA
NA
64.48
63.83
62.43
63.37
65.74
65.32
64.86
63.57
64.21
63.82
NA
64.85
63.42
63.85
63.77
65.82
63.86
66.07
64.06
62.72
67.11
65.51
NA
63.68
62.71
NA
NA
NA
59.08
NA
64.17
63.57
66.11
62.8
63.61
65.06
63.39
64.16
NA
65.52
62.98
61.44
65.09
64.13
63.3
62.95
60.97
63.47
63.19
62.47
NA
63.66
63.41
62.89
63.47
61.69
64.84
64.47
64.74
64.49
64.54
63.07
63.07
63.13
63.12
63.1
63.12
63.61
NA
NA
62.78
NA
62.3
65.7
NA
NA
NA
NA
NA
63.48
62.95
NA
64.09
63.79
66.08
62.76
63.62
65.34
63.65
63.33
64.38
63.54
63.69
63.55
63.85
NA
NA
63.81
63.53
64.38
NA
63.96
68.51
64.47
64.44
66.14
NA
63.46
63.48
64.0
65.91
NA
63.9
63.59
64.21
63.48
64.93
64.04
63.48
NA
NA
63.58
NA
NA
NA
64.38
64.42
64.61
61.89
64.78
65.77
NA
65.79
61.81
63.71
64.15
67.1
62.6
62.99
63.15
65.96
66.47
NA
62.5
64.97
64.48
65.37
64.49
NA
63.88
63.21
64.01
NA
NA
63.86
64.96
63.97
NA
NA
NA
NA
NA
NA
64.87
66.37
65.27
61.77
64.37
63.67
65.67
62.2
65.41
62.91
62.94
NA
62.85
63.79
64.34
66.03
62.69
63.53
64.36
62.87
NA
63.18
63.69
63.59
65.43
62.8
64.05
63.12
63.52
64.82
63.12
61.22
63.92
63.26
62.61
62.78
66.92
63.45
65.32
64.78
64.06
NA
62.14
63.29
64.16
63.01
NA
64.6
63.28
NA
NA
NA
NA
63.28
NA
NA
62.89
NA
NA
NA
NA
NA
NA
NA
NA
62.03
62.83
63.73
62.83
64.03
63.43
64.63
65.53
63.33
63.13
64.23
63.22
64.12
63.62
64.12
65.52
63.12
NA
64.42
64.22
65.02
63.72
63.02
NA
NA
63.35
65.87
64.9
64.7
64.6
64.2
NA
NA
NA
63.52
60.6
64.65
64.51
63.41
65.16
64.36
63.68
64.18
65.28
65.28
62.58
NA
NA
63.8
64.37
63.97
64.87
65.07
64.77
64.17
63.67
63.65
NA
62.85
NA
64.25
63.35
NA
62.45
62.45
62.95
65.35
64.94
65.94
64.09
64.59
62.99
64.29
63.29
62.45
65.17
63.91
65.41
64.51
62.97
64.17
63.87
65.27
63.67
63.1
64.0
NA
63.15
64.85
NA
NA
61.81
56.0
64.6
64.01
63.56
65.09
63.31
62.01
65.01
63.41
63.61
62.01
63.41
63.63
63.83
63.93
64.83
63.44
63.34
NA
65.84
NA
64.74
64.14
NA
63.75
66.02
67.16
63.68
64.6
62.94
63.71
64.16
62.98
NA
63.61
65.07
66.4
63.35
NA
63.43
63.4
63.54
NA
NA
63.61
65.1
63.04
63.38
66.24
63.04
62.41
63.62
65.31
62.97
63.57
65.96
63.09
62.86
63.75
63.17
63.44
63.82
NA
60.67
63.77
64.64
63.24
NA
NA
NA
62.07
62.57
NA
NA
63.87
64.67
NA
NA
NA
NA
NA
NA
64.6
NA
NA
NA
64.6
NA
NA
63.3
NA
NA
64.0
NA
NA
64.02
64.12
65.62
63.72
63.92
62.32
NA
64.63
NA
65.58
65.58
65.88
63.14
62.56
NA
NA
NA
NA
NA
NA
NA
NA
NA
NA
NA
64.71
63.31
63.01
60.66
64.71
64.88
62.33
64.18
64.68
62.32
63.51
65.11
64.91
63.74
64.84
NA
63.66
63.14
NA
60.99
63.94
64.81
62.92
65.91
62.98
63.57
63.6
63.25
63.25
63.67
NA
63.74
63.14
64.14
62.94
NA
63.33
65.78
61.48
63.19
NA
63.51
63.8
NA
64.08
64.1
62.5
64.79
67.64
64.12
64.21
67.16
63.84
64.18
63.86
64.76
65.97
NA
65.35
NA
NA
NA
61.09
64.13
NA
63.41
63.1
63.56
63.69
63.69
NA
NA
NA
NA
64.36
NA
NA
NA
NA
NA
NA
NA
61.43
61.95
65.06
64.11
63.81
64.11
64.01
63.71
63.91
NA
64.49
NA
NA
NA
NA
NA
63.9
NA
63.85
64.96
63.16
66.36
64.25
64.0
64.0
63.51
64.03
62.83
62.63
62.03
62.83
62.03
62.63
NA
63.93
64.63
62.83
NA
62.89
62.29
63.79
62.64
64.14
64.14
NA
NA
63.75
NA
63.72
62.84
63.44
63.14
63.14
64.87
64.47
65.17
63.93
68.01
NA
NA
NA
63.14
NA
NA
NA
NA
NA
NA
NA
NA
NA
NA
63.86
66.08
66.06
66.06
62.41
64.75
65.69
63.56
NA
62.61
62.41
63.33
61.49
63.09
NA
63.93
63.61
63.74
64.19
65.03
NA
NA
NA
NA
NA
NA
NA
64.65
NA
64.5
65.84
63.41
63.15
NA
63.45
65.75
NA
60.92
63.52
62.32
63.72
64.02
67.52
62.82
65.12
65.96
60.36
64.16
63.16
61.77
64.27
63.77
62.17
66.07
63.07
62.97
63.07
63.92
64.42
NA
62.82
66.92
64.22
NA
NA
NA
NA
63.51
65.04
64.49
63.15
63.56
64.06
NA
NA
NA
NA
63.06
64.02
63.92
65.22
NA
NA
63.12
NA
65.2
62.64
64.24
NA
64.58
64.81
63.42
NA
63.13
64.44
64.08
65.98
64.38
64.44
62.86
63.77
61.47
67.88
63.93
63.55
63.83
65.87
63.01
64.99
63.37
65.21
64.91
63.91
62.61
64.01
67.01
63.4
64.54
64.28
65.55
62.84
64.29
NA
NA
NA
NA
65.04
NA
NA
NA
63.82
62.87
65.47
64.8
64.05
65.95
64.15
64.56
NA
63.18
64.29
64.57
64.48
63.14
62.94
62.46
NA
67.49
NA
64.18
65.68
63.98
62.97
64.01
62.33
63.39
65.22
62.98
NA
66.6
NA
NA
NA
NA
64.04
65.94
64.14
63.18
63.28
NA
63.85
63.15
64.85
66.12
64.06
64.98
62.32
63.82
64.42
63.62
63.07
64.83
62.13
62.03
64.63
66.03
63.98
61.01
NA
62.61
64.11
NA
63.79
62.46
61.98
62.54
NA
62.06
62.52
63.67
64.52
63.8
NA
63.78
64.7
63.19
NA
64.08
NA
63.44
NA
NA
63.74
64.37
NA
NA
63.28
64.1
62.5
60.8
63.64
65.64
64.15
67.01
64.42
64.0
63.92
NA
63.13
63.36
62.47
64.01
63.91
NA
65.69
62.76
65.61
60.28
NA
65.27
64.65
63.25
64.45
NA
NA
NA
62.86
65.66
63.16
62.85
65.65
NA
61.64
63.64
63.54
64.54
64.41
66.7
63.3
65.0
63.67
64.01
65.01
63.51
NA
63.98
67.36
64.0
64.22
62.99
65.85
63.85
NA
64.94
63.46
63.09
63.17
64.36
63.22
NA
63.78
66.07
61.96
64.11
64.77
63.81
64.17
64.37
63.32
63.33
63.35
63.87
65.13
64.84
63.15
NA
65.69
62.76
65.61
60.28
NA
65.27
65.5
65.02
62.12
63.02
62.92
63.17
64.02
65.92
64.32
62.85
NA
NA
62.35
62.34
64.34
62.44
64.54
63.54
63.05
65.6
63.97
66.36
65.26
64.56
62.26
62.66
64.83
63.03
63.9
63.52
62.5
62.93
64.87
63.5
63.49
NA
64.22
63.4
64.18
63.73
64.74
63.22
NA
63.73
64.46
64.68
64.57
63.53
63.09
63.95
65.03
64.0
64.36
NA
66.7
62.15
66.22
62.72
NA
NA
63.84
NA
NA
NA
61.95
NA
68.15
NA
NA
61.82
NA
67.98
63.6
63.58
64.42
65.29
64.14
64.05
63.72
63.97
65.99
65.59
62.5
66.75
65.11
62.49
64.48
64.09
NA
63.74
63.54
NA
NA
63.94
NA
NA
63.64
65.66
63.86
64.36
64.86
NA
NA
64.93
NA
NA
62.53
63.03
66.03
63.93
NA
NA
65.07
61.38
63.71
NA
63.47
62.6
64.66
63.38
62.59
62.75
66.08
65.98
63.78
NA
65.85
64.09
63.84
64.11
62.34
63.54
NA
63.48
65.18
66.48
64.58
62.07
62.54
63.63
65.84
63.45
63.41
NA
NA
NA
64.35
64.05
63.25
NA
64.13
63.74
67.36
62.69
63.53
NA
63.81
63.93
63.89
64.48
66.58
67.38
65.48
62.58
61.38
65.48
64.58
NA
NA
NA
NA
NA
NA
63.4
NA
64.11
63.19
64.28
63.18
NA
NA
64.41
64.57
63.97
65.22
63.59
64.43
64.1
67.2
63.9
64.2
63.2
66.83
64.66
64.78
NA
63.47
NA
66.12
64.48
64.87
64.87
62.99
64.19
63.59
NA
63.93
63.25
66.21
62.9
63.43
63.75
65.53
63.83
63.93
64.73
66.63
NA
63.28
63.58
65.48
63.98
66.58
NA
NA
NA
NA
NA
NA
NA
62.77
63.12
NA
64.88
65.22
63.91
66.03
56.61
65.18
67.28
62.65
NA
63.2
63.1
65.0
62.27
60.87
62.65
65.07
63.67
63.8
65.76
66.06
61.36
62.46
61.56
62.46
65.36
66.56
63.56
63.3
NA
NA
63.23
64.48
63.46
62.56
63.39
62.33
NA
71.02
63.41
NA
66.52
64.39
63.88
63.27
58.89
64.04
64.24
67.76
64.73
63.93
68.01
63.72
NA
64.19
66.36
63.11
68.13
64.24
67.76
64.73
62.64
NA
65.15
63.25
63.45
NA
60.82
65.55
63.82
65.58
62.55
63.55
NA
63.43
65.2
NA
NA
63.29
65.04
NA
NA
65.27
NA
62.86
62.56
60.36
64.46
62.46
62.93
NA
NA
67.59
64.95
67.22
62.95
63.9
62.65
61.77
62.73
63.63
63.8
63.7
63.67
63.58
65.08
65.24
63.46
NA
64.87
64.63
NA
62.99
63.46
NA
63.86
63.59
62.77
64.0
NA
63.92
63.64
65.64
64.02
65.82
63.02
NA
64.61
64.49
64.91
64.88
63.38
63.18
63.28
NA
NA
NA
62.63
63.05
NA
NA
64.66
64.86
63.56
63.16
NA
63.71
62.66
62.96
63.9
65.67
62.78
65.69
66.82
63.59
61.29
64.69
63.54
64.54
63.82
NA
62.35
63.89
63.32
63.65
64.05
67.45
64.75
64.65
63.85
NA
63.85
63.85
64.75
62.55
63.55
63.85
63.77
62.17
62.76
NA
63.56
64.15
63.44
62.55
62.22
NA
NA
64.36
64.42
NA
NA
62.54
63.73
NA
NA
NA
64.06
64.96
NA
63.46
NA
NA
63.3
63.4
63.3
63.2
63.03
63.56
62.67
NA
NA
NA
NA
NA
NA
NA
NA
NA
NA
63.57
NA
61.76
NA
64.3
63.0
62.0
NA
62.62
65.12
66.22
65.29
NA
63.68
NA
64.77
64.23
63.95
64.23
65.4
64.47
64.93
64.3
62.74
63.05
62.68
63.68
63.58
63.88
62.88
63.38
NA
63.88
63.78
NA
NA
64.63
NA
63.78
62.71
63.58
63.43
65.32
65.86
63.7
67.38
63.17
63.46
NA
63.6
63.87
63.87
NA
63.12
64.32
64.82
64.82
63.51
60.92
62.52
63.08
63.03
66.1
63.0
63.37
60.42
65.35
63.28
62.88
62.89
65.65
65.27
67.95
63.54
NA
63.27
63.33
NA
NA
63.63
63.13
63.95
65.17
67.85
63.41
63.85
NA
NA
60.69
NA
64.69
62.69
62.51
63.71
64.85
64.62
65.4
63.54
64.12
63.92
62.42
64.04
64.04
64.74
66.04
63.14
65.04
63.33
63.13
63.13
63.13
62.63
63.73
62.47
66.46
61.26
63.27
64.77
NA
63.82
62.73
63.77
NA
NA
64.72
62.43
NA
NA
NA
NA
NA
NA
NA
NA
NA
NA
64.88
NA
63.62
63.82
64.32
NA
NA
64.02
NA
64.32
NA
64.22
64.22
65.06
64.62
64.71
63.84
63.46
63.51
65.4
65.41
59.92
62.76
NA
64.73
63.94
62.73
63.57
63.81
64.44
61.55
65.76
62.55
62.75
NA
62.55
62.05
63.53
62.38
NA
62.62
63.99
64.89
63.03
NA
63.84
63.16
63.9
64.0
NA
NA
NA
63.9
63.62
63.45
64.04
66.77
63.75
63.94
65.06
62.85
65.48
65.82
63.71
NA
NA
63.51
63.96
NA
64.5
67.37
62.9
63.23
NA
63.58
63.92
64.27
62.01
NA
63.98
63.68
63.48
66.08
NA
64.03
63.89
62.48
65.09
NA
NA
65.2
65.57
NA
66.63
63.26
65.56
70.75
63.55
NA
64.35
64.15
62.35
63.65
63.85
62.75
65.13
65.04
63.18
63.72
63.3
63.74
63.51
63.6
62.99
63.72
63.62
63.61
63.72
63.71
63.62
63.7
63.58
63.68
63.71
63.72
63.74
64.04
63.78
63.13
64.23
67.03
61.83
NA
64.05
64.05
62.95
63.65
62.6
62.72
64.87
63.08
63.95
63.61
NA
64.19
64.19
63.63
63.79
NA
NA
NA
64.43
64.91
NA
63.79
66.1
62.6
NA
NA
63.27
69.76
65.04
64.7
64.56
62.72
63.45
64.39
64.27
65.82
NA
NA
NA
63.78
63.76
NA
67.72
NA
NA
64.0
66.0
64.2
64.08
61.88
63.02
NA
64.5
63.1
63.92
61.94
NA
NA
NA
64.81
62.48
64.24
NA
62.56
60.99
65.53
63.83
64.68
64.45
62.85
63.86
61.62
NA
64.37
65.5
NA
64.81
64.78
NA
NA
NA
NA
NA
NA
NA
NA
64.69
63.86
62.86
62.56
62.96
63.46
63.06
NA
64.76
65.26
64.08
63.31
64.45
63.95
62.45
NA
63.78
62.89
63.23
63.62
NA
64.73
63.44
62.34
64.59
62.84
62.22
64.74
64.99
63.58
NA
NA
NA
62.75
63.53
63.39
64.74
63.16
63.08
NA
64.01
NA
62.71
65.81
62.91
66.8
NA
64.2
63.38
NA
NA
NA
63.21
64.71
63.11
65.71
63.38
63.66
NA
NA
NA
NA
NA
NA
NA
NA
NA
NA
NA
NA
NA
NA
NA
NA
64.33
64.03
62.53
NA
NA
NA
NA
NA
NA
62.88
65.42
63.54
62.48
62.27
63.34
62.84
63.7
63.52
63.5
64.87
67.15
65.25
64.85
63.65
61.55
63.25
64.13
61.63
NA
NA
NA
NA
NA
NA
63.83
NA
63.87
63.89
NA
67.23
NA
NA
NA
63.8
63.09
63.23
63.87
65.37
64.98
NA
65.92
NA
64.52
63.8
65.77
64.3
63.58
NA
NA
63.54
67.17
65.07
64.27
63.67
61.47
62.77
NA
65.39
63.59
66.16
63.35
64.95
64.68
64.12
63.58
64.41
64.02
64.45
63.42
62.56
NA
62.68
NA
NA
63.54
62.36
63.93
63.52
64.82
63.82
64.19
65.11
64.22
NA
63.65
62.65
63.42
65.22
65.1
63.12
63.22
63.69
62.57
64.16
64.36
65.27
64.01
63.65
63.95
63.75
NA
62.55
NA
60.78
62.7
63.53
65.43
63.78
62.51
NA
62.01
NA
64.81
62.48
64.24
NA
63.66
63.5
63.7
64.07
66.57
64.56
69.12
63.31
69.53
64.33
65.83
NA
61.14
62.55
62.85
62.85
63.73
63.7
66.85
65.95
64.95
63.75
63.75
NA
63.41
NA
NA
NA
65.05
63.29
63.73
64.43
65.95
64.16
63.5
64.9
64.18
NA
NA
64.18
62.48
NA
64.78
NA
64.18
63.92
65.82
64.12
62.18
63.98
NA
63.98
NA
NA
NA
NA
NA
NA
NA
63.1
60.5
NA
64.21
64.11
63.47
NA
63.68
NA
60.88
64.01
66.47
63.49
64.21
66.55
64.01
64.99
NA
63.54
63.89
64.28
64.0
63.73
63.67
66.26
62.77
64.37
62.87
64.97
64.67
62.17
64.87
63.61
64.93
64.53
63.74
66.42
63.34
63.49
62.69
63.19
63.69
65.79
64.69
63.71
62.68
67.86
NA
63.67
NA
NA
NA
64.25
67.17
63.94
64.49
63.76
62.8
63.48
NA
62.72
61.45
64.42
66.72
65.72
NA
64.82
64.61
63.94
64.06
65.5
64.35
63.67
61.44
61.56
64.18
64.56
63.46
65.94
NA
NA
NA
NA
43.47
NA
NA
NA
67.43
NA
62.62
64.49
63.55
64.39
62.97
62.17
62.88
63.92
63.48
63.01
65.23
64.07
NA
64.98
NA
NA
NA
NA
NA
NA
NA
NA
NA
NA
64.4
NA
NA
65.71
62.91
63.81
64.81
65.92
63.03
65.04
63.71
63.92
62.82
65.61
65.41
64.14
61.04
63.24
63.94
64.54
NA
NA
63.61
63.63
63.74
63.63
63.85
NA
NA
64.81
61.74
63.37
64.44
62.92
65.09
63.1
62.4
64.42
64.79
64.57
63.43
64.02
62.36
66.18
63.08
63.86
NA
63.89
NA
64.98
60.6
NA
63.79
NA
NA
65.38
62.28
65.68
62.48
62.28
65.68
64.86
62.74
64.78
63.2
64.03
63.77
63.98
64.0
61.61
64.54
64.7
63.51
63.98
64.15
64.16
62.71
63.0
63.48
62.6
64.25
NA
56.88
63.76
67.51
65.01
63.13
65.32
63.56
63.25
61.65
64.55
63.05
63.95
63.81
63.71
NA
63.94
63.68
63.63
63.78
64.14
63.92
64.03
60.71
62.89
63.93
63.83
64.23
63.77
64.22
60.82
63.27
63.97
63.98
NA
NA
NA
NA
NA
NA
NA
NA
63.85
63.86
63.0
63.7
63.26
63.17
64.36
61.04
NA
NA
NA
NA
63.63
63.87
NA
NA
NA
NA
NA
NA
64.28
65.58
63.08
63.18
63.48
63.98
NA
NA
63.96
63.76
65.26
62.96
62.86
60.46
63.86
63.76
63.96
NA
NA
NA
NA
NA
NA
63.65
NA
NA
NA
NA
64.06
62.93
65.05
63.95
63.52
62.99
63.98
63.75
63.85
62.85
65.05
64.85
62.76
63.2
62.76
64.07
NA
NA
NA
64.92
NA
NA
NA
NA
63.89
62.69
63.52
64.14
65.51
63.31
63.49
64.98
66.24
64.37
63.59
65.23
66.63
64.75
NA
NA
NA
62.99
63.99
64.09
63.59
NA
64.49
63.54
61.79
63.74
64.11
NA
64.01
62.81
65.22
63.82
63.22
65.27
NA
63.5
63.81
63.01
62.78
64.39
65.19
64.66
62.17
65.2
62.74
65.65
62.67
NA
63.95
NA
65.29
64.79
63.29
NA
NA
64.01
62.17
62.13
66.91
63.92
NA
63.82
64.52
63.22
63.12
63.02
64.62
65.51
63.47
62.31
64.21
63.81
NA
65.78
64.85
63.15
62.73
NA
62.95
63.35
63.95
64.95
64.71
62.43
64.13
64.89
63.8
NA
63.31
64.09
NA
NA
NA
63.03
63.02
NA
63.69
64.82
NA
NA
NA
NA
63.52
63.87
64.39
NA
67.05
64.68
63.52
63.05
65.29
65.04
63.84
63.65
64.32
62.61
62.88
62.65
61.38
64.0
64.3
63.6
NA
57.68
63.08
63.62
62.85
64.24
63.16
66.24
66.74
64.32
65.82
65.42
64.82
NA
64.12
63.72
63.41
63.01
65.61
64.91
66.21
NA
NA
NA
64.73
62.98
64.15
65.9
64.15
54.81
64.15
NA
64.11
64.51
NA
63.01
65.11
61.21
NA
62.11
64.81
64.81
64.81
65.11
64.09
62.59
66.79
62.15
NA
63.22
63.35
64.61
63.71
NA
66.31
63.03
62.74
63.13
NA
NA
63.33
63.14
68.83
63.91
65.09
63.05
NA
NA
NA
NA
63.37
63.55
64.07
64.51
63.57
NA
62.8
NA
NA
64.63
NA
64.78
NA
NA
64.88
64.25
65.23
65.12
64.78
NA
62.57
63.07
63.87
62.77
NA
62.64
64.04
66.79
63.39
63.7
63.73
63.81
64.29
63.98
64.24
63.66
63.66
63.36
63.36
63.36
NA
63.56
63.36
64.28
64.15
63.76
63.46
63.76
67.18
67.16
63.99
64.39
63.59
66.79
63.08
60.74
NA
63.99
NA
64.07
NA
62.93
65.93
63.49
NA
65.3
66.0
64.8
65.96
64.02
64.66
NA
64.65
64.29
NA
63.17
63.34
63.13
62.73
62.88
63.39
63.46
64.56
63.52
63.77
65.27
63.81
64.03
62.64
63.77
61.51
64.08
62.66
63.8
63.66
63.15
65.56
63.84
64.08
64.22
65.19
64.49
65.79
NA
63.83
64.44
64.06
63.6
63.22
66.76
63.6
64.98
62.61
64.81
63.01
65.01
65.11
62.61
64.81
63.82
64.8
NA
NA
64.72
64.17
63.88
64.96
63.67
64.1
63.66
62.44
63.9
63.85
NA
NA
64.99
62.83
65.46
NA
NA
64.98
64.55
64.75
NA
63.79
NA
64.31
63.29
65.26
63.63
63.46
63.78
63.46
63.56
NA
64.15
65.53
64.59
64.59
64.59
64.29
61.79
63.49
NA
64.68
63.05
63.13
NA
64.43
63.14
64.22
63.75
63.02
64.65
63.0
63.1
62.86
63.66
64.86
NA
64.92
64.06
NA
65.02
67.52
63.45
64.8
61.41
63.02
64.15
63.37
63.96
63.81
64.08
63.54
64.08
64.22
62.87
63.73
63.54
63.46
64.95
59.86
63.7
63.96
65.42
63.71
63.74
64.27
65.86
63.74
62.98
63.4
63.05
NA
NA
63.44
64.01
64.01
63.62
63.12
62.1
63.83
63.93
63.83
64.25
64.92
63.65
62.86
62.81
NA
63.79
NA
64.03
63.07
64.85
63.09
64.83
NA
65.37
63.08
63.64
63.98
64.04
63.54
63.84
61.74
63.34
64.74
63.64
62.18
65.96
62.93
63.46
64.99
NA
63.96
64.14
63.49
NA
64.14
64.14
63.74
NA
63.24
63.94
NA
63.61
63.81
NA
61.0
65.56
63.84
NA
NA
65.54
NA
63.77
65.01
NA
NA
NA
NA
NA
63.98
64.01
62.96
64.85
NA
NA
65.58
64.36
63.12
63.4
63.63
63.85
NA
65.05
63.35
64.45
62.25
62.55
63.35
63.95
63.89
63.97
63.65
60.67
63.73
65.68
62.91
63.4
NA
NA
66.1
62.7
68.04
62.8
NA
64.14
63.74
64.14
64.34
63.64
63.34
NA
NA
63.44
NA
63.54
60.82
62.59
62.43
65.83
63.43
63.58
63.71
64.13
65.96
63.87
65.46
61.73
64.27
63.9
63.9
63.0
NA
64.3
NA
64.29
NA
63.11
63.52
63.82
NA
NA
NA
NA
62.24
64.04
66.58
63.61
NA
NA
NA
61.15
63.1
NA
63.79
63.26
NA
57.2
63.98
65.83
NA
63.76
63.96
66.58
65.13
NA
61.07
61.92
63.91
63.88
62.97
63.62
65.97
NA
63.71
63.46
63.43
NA
63.14
62.76
63.61
65.25
NA
63.36
61.98
NA
64.08
NA
NA
NA
NA
NA
63.63
65.03
63.73
64.03
NA
NA
62.41
62.11
66.31
63.61
63.51
64.51
NA
64.9
63.56
64.26
63.51
64.48
64.75
64.71
NA
66.41
65.71
64.61
64.71
62.95
63.79
63.47
64.33
63.67
64.0
NA
67.07
NA
63.61
63.01
65.42
66.5
NA
63.4
63.39
64.74
64.94
65.44
65.32
64.12
63.62
64.62
63.72
64.62
63.22
66.35
NA
63.65
NA
64.08
65.18
63.88
65.29
62.49
65.79
63.74
64.84
63.54
62.04
67.74
63.44
63.84
63.27
61.09
63.09
64.77
63.43
62.92
62.87
64.48
63.96
63.44
63.95
62.92
63.43
63.75
62.85
NA
NA
64.16
59.66
63.7
NA
NA
64.31
64.16
63.78
65.88
NA
NA
NA
63.97
62.97
63.97
62.97
62.91
63.6
63.0
63.6
62.1
63.3
62.7
65.1
66.5
63.7
64.5
63.57
65.48
64.03
65.92
63.12
63.22
63.26
63.33
64.83
64.18
NA
64.91
65.02
64.03
63.13
64.03
64.83
63.35
65.03
64.17
64.12
63.46
NA
NA
63.79
66.03
61.2
62.5
62.28
NA
64.48
64.03
NA
64.18
64.17
63.25
64.54
NA
62.92
NA
62.62
63.55
63.81
65.0
66.63
63.63
65.54
62.53
NA
NA
NA
NA
NA
NA
61.53
NA
NA
NA
NA
63.17
65.02
63.88
65.72
NA
63.24
63.28
NA
NA
NA
NA
63.93
66.31
63.29
63.79
63.09
64.29
63.99
66.65
63.36
62.52
65.11
65.48
NA
NA
64.05
63.75
64.9
63.64
62.54
64.07
65.2
63.89
63.9
62.62
63.39
63.7
63.14
63.67
63.66
66.94
64.32
63.34
63.72
63.53
63.36
61.64
61.5
NA
64.98
63.88
63.98
65.18
62.72
63.62
NA
NA
63.58
64.91
67.38
63.98
63.25
65.05
NA
63.15
62.77
63.67
66.83
66.4
63.47
63.51
62.93
64.18
64.42
63.16
NA
NA
66.14
NA
63.75
62.73
66.16
61.65
NA
NA
64.65
63.85
61.22
65.3
62.64
NA
65.67
62.92
61.83
64.85
63.03
64.16
64.83
NA
63.14
64.57
63.13
62.0
61.79
64.68
NA
63.66
65.0
63.99
62.81
63.6
63.2
69.49
69.33
63.51
63.69
63.74
64.74
66.18
NA
65.18
62.72
62.63
63.58
63.1
61.89
63.84
63.93
61.73
60.03
62.63
63.33
62.94
64.41
63.4
63.83
63.62
63.96
63.76
63.74
64.37
64.56
63.72
64.74
62.59
63.72
63.46
NA
62.35
NA
NA
63.74
63.64
67.04
NA
64.84
64.64
63.64
64.04
63.94
61.94
63.84
NA
65.34
64.04
62.94
63.63
63.93
63.93
64.03
62.43
61.13
64.23
65.04
63.35
62.23
58.97
NA
NA
NA
NA
NA
NA
NA
62.41
65.41
62.49
NA
63.64
63.28
64.05
63.73
63.08
64.46
64.05
63.08
64.8
63.9
60.9
63.7
64.73
65.32
63.57
63.62
64.45
64.21
64.63
62.92
65.52
63.0
63.0
63.03
62.38
63.59
66.4
62.2
62.4
62.8
62.0
NA
64.2
NA
NA
NA
61.89
62.49
NA
NA
NA
NA
NA
63.24
62.14
NA
NA
63.65
66.17
NA
NA
NA
62.51
64.13
NA
NA
64.43
NA
63.11
63.91
64.03
63.91
64.11
NA
65.72
64.52
62.73
65.72
NA
NA
63.44
62.81
62.38
62.76
NA
64.04
66.25
63.43
NA
NA
64.1
NA
63.98
64.83
64.13
66.36
NA
63.65
67.4
61.27
66.79
63.85
64.03
63.79
63.45
64.84
NA
NA
NA
NA
65.7
62.59
63.83
63.74
63.25
NA
63.69
64.35
66.25
63.94
61.38
61.95
63.63
64.08
NA
63.4
65.08
63.58
65.18
65.1
63.13
65.1
62.48
62.18
63.57
62.87
64.71
63.2
63.45
64.48
64.13
62.94
64.53
64.09
62.79
NA
NA
NA
NA
66.69
64.15
63.48
64.84
63.67
63.56
NA
63.56
64.45
66.89
65.36
62.69
66.47
64.16
63.27
64.69
NA
NA
64.03
63.7
NA
63.39
62.87
63.76
NA
63.86
63.86
63.73
63.71
63.9
65.54
63.72
NA
NA
66.01
63.74
NA
63.37
63.73
65.0
63.3
64.85
64.38
63.95
66.95
64.2
NA
NA
NA
65.3
62.75
63.59
NA
NA
NA
NA
64.0
64.18
NA
64.19
64.38
64.55
63.82
NA
63.8
63.3
63.63
63.86
63.68
64.05
62.89
63.73
65.48
NA
66.48
NA
62.3
64.16
64.05
63.28
63.51
64.27
NA
64.51
63.88
NA
63.34
65.34
65.39
62.98
64.02
64.58
63.71
63.0
64.16
63.43
NA
64.64
NA
64.39
64.49
63.61
63.41
NA
64.07
64.15
64.79
63.74
64.5
65.3
63.68
NA
NA
NA
63.61
64.8
67.09
63.56
63.38
62.86
65.75
64.44
NA
63.64
65.61
63.54
NA
63.64
63.28
62.59
63.47
NA
63.46
63.86
NA
NA
63.24
63.04
64.04
63.74
64.31
62.61
62.56
64.08
64.4
63.57
NA
NA
NA
NA
NA
NA
NA
64.1
64.06
64.08
63.69
63.75
63.49
65.19
64.47
63.21
63.23
62.56
63.86
62.76
64.36
63.26
63.96
63.66
63.86
64.46
63.46
63.93
64.05
65.25
64.76
64.89
62.29
60.91
64.36
65.65
63.84
NA
63.63
NA
63.19
63.89
63.57
63.88
63.56
NA
61.04
64.4
NA
62.32
NA
64.05
63.54
63.62
62.98
61.7
64.71
62.81
64.05
64.77
65.17
63.66
64.2
65.2
62.9
63.54
63.04
NA
62.2
65.7
63.04
62.95
62.63
65.47
63.69
63.66
65.41
63.48
63.8
62.87
NA
65.54
NA
63.85
59.87
63.25
63.21
61.57
65.16
65.84
63.29
62.57
63.8
63.27
63.7
63.93
62.18
63.88
NA
62.35
64.35
63.35
62.15
64.85
NA
NA
65.24
62.82
63.9
65.34
63.26
63.61
63.86
62.4
64.08
63.85
NA
NA
NA
65.01
62.8
64.24
70.32
62.62
64.21
63.1
63.35
64.94
63.98
63.8
63.76
63.79
64.11
NA
64.07
63.96
64.0
63.76
63.71
63.77
63.79
63.81
63.8
63.79
63.72
NA
63.87
63.82
63.84
64.03
NA
62.48
64.08
62.98
63.88
65.74
64.49
61.32
65.5
63.63
62.49
62.29
64.09
66.49
63.59
64.72
63.99
63.89
63.89
63.89
65.99
65.03
66.15
NA
62.83
64.68
NA
63.64
65.23
63.93
63.83
63.83
64.03
64.43
NA
65.04
NA
NA
64.76
64.89
62.87
NA
63.43
NA
63.48
63.7
62.98
63.36
63.68
63.44
NA
62.98
63.91
63.99
63.4
63.64
63.67
63.62
63.77
64.18
64.01
62.59
63.36
63.62
NA
63.84
65.73
62.54
NA
63.88
NA
NA
63.76
65.31
64.88
64.95
62.72
63.5
64.63
63.28
NA
63.16
NA
63.16
63.88
NA
63.68
62.78
63.76
65.26
NA
NA
65.45
64.48
63.69
64.88
65.97
63.77
NA
63.65
65.29
63.47
63.32
63.27
65.3
64.08
63.67
63.52
63.42
63.07
NA
NA
67.95
62.95
63.7
64.9
64.05
64.09
63.77
63.77
63.6
67.2
63.51
63.69
62.81
63.74
NA
63.34
66.94
63.64
64.64
63.44
64.04
63.31
65.86
64.74
61.34
63.44
62.34
66.34
64.94
63.24
63.82
63.82
63.52
NA
66.23
63.97
63.76
63.56
62.54
64.18
63.0
65.47
63.89
64.49
63.13
63.77
63.25
61.51
63.67
63.92
63.96
63.99
64.25
62.79
63.22
64.52
64.23
64.12
63.72
NA
NA
64.78
64.48
65.15
64.9
61.27
62.38
NA
65.16
63.06
65.24
NA
63.81
63.78
65.63
NA
NA
62.49
63.85
63.29
65.75
62.36
63.95
62.77
63.71
62.47
63.96
64.89
NA
NA
NA
63.65
63.4
63.15
63.85
65.12
NA
63.59
63.51
64.75
63.05
63.26
62.68
67.93
NA
64.29
61.39
62.6
NA
64.97
NA
64.87
64.17
NA
NA
NA
NA
NA
NA
NA
63.55
63.17
63.72
NA
NA
68.44
63.91
64.21
NA
NA
NA
64.12
NA
63.12
65.02
62.91
63.02
63.61
63.31
66.01
64.41
63.61
63.33
63.16
63.99
64.7
NA
66.19
66.0
64.82
66.04
64.95
NA
64.75
65.93
63.6
62.5
64.25
65.17
63.59
65.91
64.31
64.31
65.21
66.11
61.29
NA
NA
NA
NA
61.2
63.55
65.59
NA
NA
NA
NA
62.15
NA
64.57
62.08
63.87
63.84
63.82
64.53
64.27
64.15
63.37
64.18
NA
NA
64.89
NA
NA
64.15
63.79
63.94
63.87
64.58
64.3
64.17
63.36
NA
63.68
62.78
NA
NA
NA
NA
NA
63.68
60.78
63.98
NA
63.5
NA
64.81
65.25
64.9
64.71
62.44
64.04
64.43
62.03
NA
63.83
NA
NA
NA
63.73
63.57
62.67
64.17
NA
NA
NA
63.62
62.89
NA
62.44
69.24
65.03
63.45
64.55
63.57
NA
62.51
63.61
63.88
63.59
63.72
63.66
67.25
64.91
64.43
63.51
64.86
63.72
63.57
63.08
63.87
63.87
63.32
63.8
62.98
63.79
NA
63.52
63.16
62.89
64.06
66.02
62.83
64.79
62.79
NA
63.79
63.49
63.49
63.34
63.84
NA
NA
62.54
NA
NA
NA
63.88
NA
62.68
63.02
63.71
NA
NA
NA
NA
NA
NA
63.46
61.62
66.05
65.56
64.08
64.44
64.06
62.85
64.69
63.75
NA
63.75
64.32
63.64
63.47
NA
66.05
NA
NA
64.05
65.71
64.05
63.71
61.97
NA
63.07
65.65
67.25
63.9
NA
63.72
63.02
NA
63.2
63.3
65.1
63.47
64.44
NA
63.94
61.69
NA
64.58
64.2
63.3
65.09
63.44
64.44
NA
64.06
62.04
NA
64.42
64.18
63.46
65.01
63.01
63.36
NA
63.96
64.46
64.17
63.88
65.37
63.35
62.48
64.05
64.91
63.0
63.53
63.16
64.04
64.04
NA
NA
NA
62.2
62.4
63.0
64.51
64.46
NA
64.07
62.98
63.69
63.41
65.1
64.31
63.16
64.83
63.96
64.15
63.79
64.7
NA
63.32
65.31
63.64
63.5
63.46
64.08
63.53
63.31
63.38
65.5
64.21
63.51
63.3
63.53
65.67
63.86
63.16
63.36
63.62
63.78
64.05
63.34
63.87
63.71
65.92
65.4
64.08
62.58
65.34
65.38
63.81
62.85
65.25
70.17
63.48
63.91
NA
NA