177.88
177.69
174.6
174.59
177.02
177.28
172.78
177.54
177.17
175.46
176.91
175.74
174.29
175.67
179.89
175.28
174.35
177.91
176.93
175.22
175.78
178.46
176.89
173.87
174.29
175.5
175.57
175.15
174.51
176.51
176.3
174.29
176.13
177.35
176.11
176.59
176.62
174.58
175.01
177.42
176.28
177.12
174.65
174.41
175.56
173.4
176.12
176.04
174.61
177.89
NA
177.02
176.85
174.94
177.18
NA
177.55
173.18
175.98
174.53
NA
NA
NA
176.56
176.59
174.73
175.19
NA
177.28
175.66
174.86
176.38
176.76
173.45
172.96
176.73
174.29
173.67
NA
177.1
176.88
174.3
177.4
177.53
174.05
176.87
174.42
178.1
NA
NA
176.09
NA
176.74
174.7
179.18
177.52
174.23
175.84
175.7
176.57
177.62
177.96
175.47
176.65
177.64
175.0
174.32
177.3
174.67
176.63
177.35
174.79
175.09
176.88
175.83
174.72
NA
NA
176.38
NA
NA
176.0
176.65
NA
174.57
176.75
176.93
175.69
175.52
173.88
175.11
175.25
177.11
177.67
173.75
175.02
177.24
174.75
176.22
176.25
NA
176.03
175.75
NA
174.54
NA
175.68
NA
175.98
NA
175.08
175.56
177.78
176.59
178.24
174.22
NA
177.16
NA
174.49
176.38
176.22
177.01
175.96
NA
176.43
176.61
175.95
NA
174.25
177.21
175.39
177.2
NA
NA
176.28
177.01
175.26
177.28
NA
NA
176.17
176.22
173.75
176.42
175.85
176.2
177.07
177.23
177.18
178.2
177.83
176.57
175.21
177.73
NA
176.37
177.08
175.69
175.6
177.51
175.15
174.59
177.05
176.76
176.47
NA
175.65
NA
174.72
176.63
176.9
176.79
175.52
177.5
176.12
177.2
175.67
176.72
174.19
176.31
175.43
178.68
NA
175.01
176.89
175.35
174.69
174.88
175.73
176.91
174.29
176.19
NA
176.82
177.09
174.74
176.99
176.1
176.33
176.1
174.73
175.95
176.95
176.97
174.69
177.04
174.0
177.83
177.49
174.2
177.12
176.72
174.8
175.05
175.35
177.0
175.97
174.1
177.85
177.53
175.57
175.96
174.35
176.57
174.49
178.42
175.99
175.82
175.49
176.86
174.92
NA
NA
175.52
173.31
176.74
177.35
NA
177.18
NA
NA
177.3
174.35
175.69
175.19
175.17
179.22
177.33
175.95
175.09
175.31
173.85
179.17
177.53
175.84
175.0
175.15
NA
176.56
176.76
174.86
174.46
176.06
176.59
176.79
174.89
174.39
NA
176.09
NA
174.99
174.29
174.89
174.18
175.48
175.11
NA
NA
NA
176.05
176.2
NA
NA
175.29
175.37
176.72
176.63
177.41
174.69
NA
NA
174.72
175.92
177.34
174.41
174.49
175.46
NA
NA
NA
NA
173.71
172.85
177.12
176.67
NA
NA
NA
NA
NA
174.9
176.69
176.77
176.63
NA
177.29
174.57
175.56
176.56
174.66
176.44
172.53
NA
NA
NA
175.22
NA
NA
NA
NA
NA
NA
NA
NA
NA
173.6
176.0
175.85
175.8
NA
NA
NA
NA
NA
175.69
173.65
NA
NA
NA
176.16
175.86
177.16
174.06
175.16
175.36
175.76
175.89
NA
NA
179.05
178.51
NA
NA
179.9
NA
NA
NA
NA
177.06
NA
NA
NA
176.55
175.58
174.98
174.86
175.32
174.82
177.62
178.16
175.54
175.76
176.7
176.68
177.22
175.37
176.12
176.02
175.57
NA
NA
NA
177.18
179.5
176.49
176.72
177.02
174.83
178.23
176.23
175.03
174.83
178.33
176.23
175.03
174.82
178.12
176.22
175.72
174.82
178.02
176.22
176.32
174.92
177.72
176.22
175.02
176.66
176.42
175.91
174.01
176.45
176.05
176.31
176.92
NA
NA
177.49
176.19
177.38
174.86
174.83
171.58
176.88
176.58
177.38
177.98
176.78
176.98
175.68
177.18
NA
NA
NA
NA
NA
NA
NA
174.68
174.42
174.82
176.6
178.87
175.62
176.37
174.85
176.55
174.11
171.27
174.88
174.55
176.65
175.63
175.8
174.84
174.07
175.56
176.0
174.55
174.35
NA
NA
NA
175.93
NA
176.0
174.53
NA
175.04
NA
177.92
NA
175.25
177.15
175.35
175.24
176.68
175.41
NA
NA
NA
NA
175.68
175.81
176.94
176.15
176.73
177.4
NA
NA
176.15
176.37
NA
NA
176.57
176.14
176.6
174.93
NA
NA
174.32
174.92
176.22
NA
NA
NA
NA
NA
NA
174.68
NA
178.0
NA
176.37
174.86
NA
NA
NA
NA
175.08
177.98
175.13
176.81
175.37
175.43
176.05
176.31
175.78
175.51
175.3
174.52
177.11
174.41
175.76
175.15
176.08
174.6
NA
NA
NA
NA
NA
NA
NA
NA
NA
NA
179.22
177.82
177.32
NA
NA
NA
NA
NA
NA
NA
NA
173.53
177.02
175.61
NA
NA
NA
NA
NA
NA
NA
NA
NA
NA
NA
NA
174.55
175.7
175.91
173.11
NA
175.44
173.93
NA
NA
NA
NA
NA
NA
NA
NA
NA
NA
NA
NA
NA
NA
NA
NA
NA
NA
175.65
175.79
NA
NA
NA
NA
NA
NA
NA
NA
NA
NA
NA
NA
NA
178.19
177.19
175.89
173.37
NA
NA
NA
172.88
NA
173.97
NA
NA
NA
NA
NA
NA
NA
177.06
176.69
176.98
NA
177.72
177.36
NA
NA
NA
NA
174.39
177.8
NA
NA
NA
NA
NA
174.84
174.94
174.94
174.94
176.64
176.66
173.6
173.72
176.85
NA
172.95
176.56
NA
NA
174.44
NA
175.54
177.24
174.24
175.44
NA
NA
NA
177.94
175.34
173.04
175.97
177.48
176.68
175.78
176.03
176.73
NA
175.6
176.9
175.6
NA
176.06
174.86
NA
NA
NA
177.15
NA
NA
NA
NA
NA
NA
NA
NA
NA
NA
NA
NA
176.5
176.2
175.7
176.05
177.25
175.65
177.65
175.35
175.35
NA
NA
NA
NA
NA
NA
NA
NA
NA
176.34
178.84
176.04
NA
NA
NA
NA
NA
174.75
NA
177.2
175.3
NA
NA
NA
NA
NA
174.95
174.95
NA
174.95
NA
177.03
174.03
174.93
176.33
178.03
174.44
174.14
NA
NA
NA
174.29
173.25
NA
175.78
177.18
176.25
175.25
174.58
NA
NA
175.8
NA
NA
NA
176.89
175.7
176.63
175.89
171.65
174.5
174.75
173.93
175.95
176.75
175.31
175.01
174.41
176.74
NA
176.46
176.62
177.08
NA
177.01
174.61
179.01
175.81
175.61
174.91
NA
NA
NA
175.55
NA
NA
NA
NA
NA
NA
NA
177.54
180.94
NA
NA
NA
NA
NA
NA
NA
NA
NA
NA
176.4
177.4
175.3
177.9
177.5
NA
174.64
177.1
176.77
175.65
176.02
177.0
176.76
175.52
177.29
176.82
176.25
178.2
177.0
174.95
179.05
NA
171.73
NA
175.51
NA
NA
NA
176.51
175.73
176.17
174.97
NA
NA
178.12
175.32
177.12
173.32
176.25
178.37
175.35
176.45
176.45
176.75
174.75
175.4
174.5
173.75
177.52
NA
NA
177.06
177.19
175.67
NA
NA
NA
NA
NA
NA
176.39
NA
177.01
175.42
176.28
176.64
176.16
175.43
174.91
176.67
174.75
NA
174.17
175.51
174.33
175.73
176.83
NA
176.93
176.83
176.43
174.52
176.57
174.73
176.61
175.21
176.31
177.11
177.31
NA
NA
NA
NA
175.2
175.19
174.48
NA
NA
NA
NA
NA
NA
NA
NA
NA
174.84
176.46
177.63
174.81
177.15
175.55
175.45
176.15
NA
NA
NA
NA
176.23
176.86
177.06
NA
NA
NA
NA
NA
NA
NA
NA
NA
NA
175.86
177.28
176.36
NA
176.72
175.89
NA
NA
NA
NA
177.73
177.02
178.46
177.42
177.77
176.8
177.77
175.49
177.95
177.85
177.45
177.75
175.06
NA
NA
NA
NA
NA
NA
NA
NA
175.91
NA
NA
NA
177.14
176.97
176.66
177.48
NA
NA
NA
NA
NA
176.92
NA
175.45
174.14
175.7
174.65
177.87
175.25
NA
177.52
176.91
175.63
175.23
NA
NA
NA
NA
NA
NA
NA
NA
NA
177.34
174.91
176.48
174.68
174.68
177.08
NA
NA
NA
NA
NA
NA
NA
NA
176.85
177.59
173.16
174.18
174.66
175.37
174.84
178.09
175.03
175.06
176.95
177.07
175.64
174.01
176.44
176.71
NA
NA
175.43
NA
NA
NA
NA
NA
NA
NA
NA
NA
NA
177.27
NA
NA
NA
177.11
175.11
174.41
NA
176.16
178.12
177.36
176.37
NA
NA
NA
177.28
178.48
177.88
NA
NA
NA
NA
NA
NA
NA
NA
176.91
175.17
177.92
177.65
174.87
NA
175.29
175.25
NA
NA
NA
NA
NA
175.17
176.95
175.89
177.09
NA
NA
177.86
176.86
176.4
174.9
178.5
NA
NA
NA
NA
NA
176.92
178.51
177.35
NA
NA
NA
NA
176.0
173.67
176.68
176.99
176.53
NA
176.67
175.57
177.84
174.95
177.7
174.41
NA
176.0
178.34
174.94
177.44
177.54
175.43
175.48
175.23
NA
NA
177.05
177.59
177.81
176.53
177.48
176.08
179.44
176.76
NA
178.26
175.4
176.53
NA
NA
NA
NA
177.08
177.98
177.48
174.58
173.77
177.47
NA
177.07
176.97
175.77
173.67
177.57
NA
NA
176.77
175.17
175.67
177.23
NA
NA
NA
NA
NA
176.14
178.04
177.34
176.34
177.33
177.6
176.15
176.05
177.7
NA
NA
NA
NA
NA
NA
NA
NA
NA
NA
NA
NA
NA
177.19
175.24
NA
NA
NA
176.63
176.21
175.8
174.45
176.2
177.5
NA
177.13
178.13
178.53
NA
NA
NA
NA
NA
NA
NA
175.27
NA
177.43
NA
NA
NA
175.93
174.21
175.67
NA
175.3
175.8
NA
NA
NA
176.53
NA
176.05
176.05
172.75
176.75
174.76
178.46
176.24
174.85
172.52
172.44
177.13
174.91
175.83
173.02
174.34
176.98
176.06
176.71
177.81
173.03
174.83
177.48
177.25
176.97
NA
177.61
174.56
174.61
176.61
175.91
NA
177.1
176.6
176.7
NA
176.31
175.05
175.36
177.98
174.46
175.16
175.63
176.78
176.77
NA
176.45
NA
NA
NA
NA
NA
NA
174.25
174.38
175.91
NA
NA
176.28
176.5
176.16
NA
NA
NA
NA
177.44
175.54
176.17
175.87
177.37
173.27
174.37
176.97
177.07
175.67
177.37
174.4
176.49
176.19
175.89
176.23
177.15
176.99
176.64
NA
173.82
175.08
175.61
176.23
NA
NA
176.91
175.02
NA
178.84
174.14
176.64
177.08
176.75
175.07
174.5
174.69
176.0
175.92
177.94
NA
175.83
174.71
175.94
174.74
174.78
174.73
177.27
177.85
175.55
176.85
177.15
177.15
177.55
176.95
176.51
177.68
NA
NA
175.48
177.65
176.65
176.75
NA
NA
NA
NA
NA
NA
NA
177.68
177.28
177.33
NA
173.73
174.92
177.01
176.96
175.05
177.03
178.5
174.99
174.69
175.49
175.24
175.05
174.28
174.23
177.86
175.44
176.69
175.76
174.28
NA
NA
NA
176.92
175.23
NA
NA
NA
NA
NA
170.99
175.24
175.23
176.14
174.34
177.69
176.84
177.32
177.17
175.79
172.85
176.1
175.0
NA
NA
NA
NA
177.11
177.75
177.21
176.39
176.7
173.21
174.58
176.39
176.26
175.27
177.59
176.53
175.77
176.96
174.77
176.09
176.83
176.39
174.69
175.89
178.19
176.89
177.19
175.19
174.89
173.89
NA
174.51
175.57
175.98
177.38
176.68
177.38
177.37
NA
NA
NA
176.87
NA
175.55
176.85
177.15
177.15
177.55
175.87
175.2
173.89
175.71
176.71
175.63
174.87
177.66
176.66
177.26
175.86
NA
176.46
173.68
173.46
174.65
175.14
176.21
176.08
174.86
176.03
175.34
178.07
177.05
175.89
175.57
176.17
177.05
NA
176.4
NA
177.3
NA
174.9
NA
NA
NA
NA
NA
NA
NA
NA
NA
NA
177.36
NA
NA
177.63
NA
174.35
174.97
175.23
NA
176.79
176.47
NA
NA
NA
NA
NA
NA
176.26
176.6
174.44
176.64
179.56
NA
NA
NA
NA
NA
NA
NA
NA
NA
NA
NA
177.11
176.31
NA
174.4
175.8
176.3
175.2
176.59
177.63
175.63
175.03
176.7
NA
177.28
NA
NA
NA
NA
NA
NA
NA
NA
174.76
NA
174.64
NA
NA
175.22
176.37
174.8
172.87
173.19
173.83
173.73
175.46
175.1
176.88
177.21
176.77
175.96
NA
NA
NA
NA
176.62
177.45
174.7
177.77
177.23
175.8
174.74
176.74
176.34
177.14
177.44
175.74
174.94
NA
174.4
177.99
174.68
175.81
174.74
176.0
176.4
177.58
176.57
176.79
177.13
177.05
177.04
176.28
176.62
174.72
176.64
176.32
179.24
NA
NA
NA
NA
NA
175.69
177.09
174.69
176.99
174.69
176.49
176.19
175.99
175.51
173.61
178.11
177.67
176.29
NA
176.68
173.38
177.98
177.69
175.45
178.06
175.19
176.88
175.31
175.54
176.99
176.76
176.77
176.9
176.49
174.53
177.9
177.06
176.35
176.88
175.25
175.62
177.22
175.55
183.48
183.48
179.48
177.48
NA
NA
NA
NA
175.8
175.03
NA
NA
NA
175.62
176.0
NA
177.02
175.49
178.19
174.45
173.51
177.07
175.45
173.35
176.45
175.6
177.4
174.9
177.6
175.1
177.87
176.98
174.65
176.4
174.91
NA
NA
175.45
175.19
NA
176.22
178.06
179.1
175.17
175.95
175.11
175.81
174.71
177.11
175.01
NA
176.19
175.29
174.39
175.5
174.93
175.06
NA
175.79
175.39
178.43
173.93
175.73
NA
NA
177.06
176.8
177.08
175.25
175.88
176.92
176.73
NA
NA
176.17
NA
NA
174.46
175.22
176.82
175.3
173.7
174.9
NA
NA
NA
175.34
174.82
175.27
175.91
174.75
175.21
176.31
NA
NA
176.14
176.84
176.19
176.89
175.29
172.29
175.16
177.36
176.7
174.18
177.69
173.84
176.44
178.3
175.9
175.03
176.11
174.46
176.04
174.94
174.78
174.14
173.8
178.32
176.79
175.59
176.05
177.15
177.12
176.24
176.4
177.76
NA
174.94
173.75
174.38
175.5
175.61
NA
NA
177.56
177.16
174.61
NA
NA
NA
176.04
175.76
174.87
175.47
175.33
176.92
175.32
177.02
175.02
NA
177.29
176.5
178.16
175.08
NA
NA
NA
NA
NA
NA
175.36
175.64
NA
NA
NA
NA
177.47
176.91
176.03
175.52
176.22
173.27
172.24
173.12
174.52
173.57
NA
NA
176.6
177.25
177.59
175.6
NA
NA
NA
NA
173.86
178.71
175.99
174.79
174.89
NA
177.23
175.72
176.33
NA
NA
NA
NA
175.36
176.76
177.16
177.16
NA
NA
NA
NA
NA
NA
177.33
176.25
176.99
174.91
173.81
NA
178.11
176.21
176.34
NA
NA
177.23
176.73
176.07
175.77
175.34
NA
178.96
176.13
177.62
175.44
175.64
177.04
176.75
176.1
175.72
175.52
NA
175.04
176.34
176.28
174.61
177.15
175.97
178.47
NA
NA
NA
NA
NA
174.19
176.68
173.86
175.86
175.96
176.21
174.29
176.15
178.64
175.51
177.85
176.1
176.69
NA
179.95
176.24
172.89
177.7
176.52
178.94
173.0
174.9
176.4
176.05
176.78
175.87
174.56
176.15
178.05
179.11
175.13
176.32
175.66
175.18
NA
NA
NA
NA
NA
NA
NA
NA
NA
NA
NA
NA
NA
NA
NA
NA
NA
176.28
175.78
NA
177.57
NA
NA
176.41
176.86
175.48
NA
NA
175.91
176.05
175.15
174.38
176.97
177.52
172.93
177.59
NA
176.14
176.69
NA
NA
174.41
174.89
172.26
177.36
176.92
175.03
174.43
177.04
NA
178.01
177.79
177.25
NA
175.45
178.58
175.95
NA
178.21
174.31
173.51
176.61
174.71
176.01
177.61
NA
NA
175.8
176.6
174.7
176.8
177.2
NA
NA
NA
NA
174.34
NA
NA
NA
176.14
177.64
NA
174.27
NA
NA
NA
176.98
NA
177.22
174.42
176.06
177.01
174.01
174.11
176.93
176.13
175.89
174.88
174.49
175.37
175.86
178.01
177.04
176.22
175.45
175.57
175.17
177.37
176.32
175.63
174.91
177.23
177.41
NA
175.39
174.37
177.4
NA
NA
NA
176.53
NA
NA
175.85
176.75
178.4
NA
NA
176.71
176.49
176.53
176.65
175.1
176.37
175.23
175.23
NA
NA
174.17
177.89
177.27
175.66
175.84
176.0
NA
NA
174.86
176.66
175.28
174.88
174.63
NA
NA
NA
NA
NA
NA
NA
NA
NA
NA
NA
NA
NA
NA
NA
NA
NA
NA
NA
NA
178.57
176.5
175.58
177.3
174.85
176.86
177.21
174.31
175.6
176.77
175.44
174.85
176.55
177.04
175.47
NA
177.12
178.35
NA
176.91
175.51
177.33
175.41
174.81
175.61
NA
175.87
175.86
174.52
176.33
177.02
176.76
175.94
176.5
175.6
177.06
176.32
176.5
176.13
176.03
174.53
176.53
177.13
176.83
175.83
NA
NA
174.69
175.82
176.13
175.14
176.4
175.22
175.33
174.34
NA
174.15
NA
173.69
174.51
175.01
177.51
NA
175.71
NA
176.43
177.65
NA
NA
176.74
176.48
176.34
175.32
177.53
174.54
176.62
NA
NA
177.79
NA
NA
174.82
177.41
175.38
175.89
177.64
NA
176.57
175.57
175.87
175.57
174.57
177.72
176.98
177.27
176.45
176.36
173.29
176.36
173.34
176.95
173.43
177.13
177.74
174.82
177.3
175.24
173.58
176.28
NA
175.77
177.64
NA
NA
177.06
NA
175.18
NA
174.65
NA
NA
176.6
177.19
177.62
176.01
NA
NA
NA
NA
NA
NA
NA
NA
NA
NA
174.48
175.79
177.57
NA
176.68
NA
177.25
NA
175.66
175.56
NA
176.52
174.62
176.21
176.41
174.51
NA
NA
NA
NA
NA
NA
176.92
177.62
174.92
174.92
175.22
175.87
174.19
176.01
176.09
177.86
176.48
176.69
NA
175.5
176.21
176.28
NA
175.68
NA
NA
NA
NA
176.53
176.11
177.3
177.43
174.57
176.93
174.96
175.44
175.03
NA
NA
NA
NA
NA
NA
NA
NA
NA
NA
NA
NA
173.44
177.12
177.58
176.54
NA
175.43
176.93
174.63
177.6
176.9
176.98
179.13
NA
NA
NA
NA
NA
NA
NA
NA
NA
NA
NA
177.86
176.22
175.68
173.62
177.84
177.02
176.55
175.44
NA
177.94
177.54
176.44
NA
179.36
175.8
172.46
175.36
177.36
174.39
176.56
175.87
177.24
174.84
176.19
174.95
177.0
177.26
175.76
175.59
177.58
176.78
176.04
173.96
176.94
174.74
175.67
NA
177.32
177.64
176.81
175.91
176.23
NA
NA
NA
177.9
176.02
175.73
175.13
177.65
176.79
176.74
175.9
176.44
177.45
178.56
175.55
175.26
176.86
NA
174.51
176.46
175.66
176.16
176.87
177.09
175.7
176.21
175.51
174.21
175.42
176.17
178.01
175.59
174.75
NA
NA
175.7
175.81
176.92
175.56
177.45
178.25
174.74
177.34
173.72
176.45
176.74
176.1
173.9
177.45
175.39
173.93
NA
NA
NA
NA
NA
NA
NA
NA
NA
NA
174.15
177.66
NA
175.33
176.21
175.47
176.69
NA
NA
NA
NA
176.54
173.63
176.31
175.02
177.13
177.47
175.61
NA
NA
NA
173.22
175.85
176.38
176.98
176.19
176.3
173.08
176.3
173.09
NA
NA
NA
175.29
176.84
178.52
175.17
177.11
174.75
178.61
180.75
174.49
175.95
177.48
NA
NA
NA
NA
175.38
176.34
175.37
174.93
NA
NA
NA
NA
174.62
NA
174.29
175.89
175.2
176.76
176.5
175.34
NA
NA
NA
NA
173.71
176.32
NA
NA
NA
NA
177.48
176.68
178.88
NA
177.72
177.01
178.67
NA
NA
177.51
176.13
178.01
179.05
175.17
NA
NA
NA
NA
NA
NA
NA
NA
NA
NA
NA
175.11
176.58
NA
NA
NA
NA
175.54
175.34
175.38
175.07
176.44
176.04
175.34
176.57
175.45
176.93
177.3
177.54
176.0
NA
NA
NA
NA
NA
NA
176.76
177.43
173.04
177.29
176.79
176.89
172.25
175.76
177.08
173.82
178.03
174.61
177.51
176.03
176.22
172.82
176.36
173.06
NA
NA
NA
NA
173.28
177.18
177.57
177.18
177.33
174.55
176.82
176.21
174.62
175.9
NA
NA
NA
NA
NA
NA
NA
177.23
177.18
176.2
174.9
175.5
176.82
176.72
174.99
176.51
176.79
178.1
176.72
176.16
173.32
174.6
174.5
173.75