61.47
61.77
58.41
61.15
61.66
60.67
58.33
62.57
NA
61.26
NA
61.72
62.14
62.41
61.52
60.0
59.21
61.56
61.14
62.91
60.31
61.39
61.64
59.96
61.58
61.99
60.77
64.8
61.25
60.91
61.02
60.53
61.0
61.84
61.7
61.99
61.73
61.23
60.55
62.2
61.98
61.8
62.78
59.39
61.36
58.28
62.03
62.15
63.03
62.74
NA
59.56
60.92
59.59
61.68
61.63
62.96
59.9
61.4
60.99
62.21
62.48
61.33
60.97
60.63
63.44
60.83
57.77
61.4
59.81
59.46
62.4
61.63
59.19
57.96
63.0
63.57
61.18
61.73
60.97
60.99
61.16
60.89
61.33
63.09
62.07
60.76
62.2
61.89
59.25
61.71
62.34
61.28
59.08
59.08
61.67
61.07
61.6
61.14
61.93
61.54
60.78
63.22
60.66
61.26
59.67
59.0
61.49
61.46
60.64
61.47
59.84
60.62
61.61
61.5
60.54
58.52
61.93
61.35
61.4
61.62
62.96
61.75
NA
61.27
62.69
61.27
60.35
60.91
60.78
61.54
60.66
61.43
61.52
59.27
60.06
62.16
61.66
60.52
61.54
NA
62.07
61.17
61.48
57.58
59.55
62.01
NA
61.03
NA
62.81
61.1
61.65
61.26
59.94
61.08
NA
62.22
61.47
60.7
62.04
61.79
60.6
60.98
61.12
60.99
60.84
61.53
61.57
59.82
61.06
62.31
61.44
59.97
NA
61.65
61.82
59.97
61.16
60.77
NA
60.35
62.17
58.27
62.06
61.56
61.58
62.31
61.39
61.54
62.46
61.75
61.4
59.85
61.21
61.78
61.66
61.24
61.34
61.74
61.77
62.95
56.99
61.93
62.66
62.66
62.09
61.03
60.45
61.86
61.26
62.75
61.38
61.68
61.87
61.68
61.3
61.27
61.85
56.92
62.0
61.51
61.25
NA
62.14
61.81
61.24
60.76
59.09
62.77
61.65
58.63
61.72
62.07
61.13
61.9
61.49
61.41
60.67
61.97
61.19
61.77
55.98
60.94
61.55
58.93
61.4
57.83
61.34
60.79
59.65
61.32
61.91
60.36
61.24
60.48
61.96
59.6
60.95
61.14
62.6
60.48
61.94
58.53
62.46
62.52
61.68
62.09
62.78
58.3
61.54
59.8
61.93
61.53
62.57
59.06
61.88
61.68
58.56
61.65
62.11
61.81
62.28
57.62
61.11
62.53
60.83
61.44
62.64
59.75
59.13
59.01
60.35
NA
NA
NA
NA
NA
NA
61.67
61.11
59.43
58.75
60.66
61.99
61.02
59.21
58.59
60.05
61.07
NA
59.37
58.44
56.59
59.01
58.82
58.72
61.16
61.6
60.5
61.8
61.35
62.63
60.67
60.34
60.99
61.88
63.11
61.64
60.96
61.25
NA
61.12
60.53
57.89
58.49
61.32
NA
58.44
61.12
61.11
61.54
60.37
65.47
62.55
60.42
59.47
60.88
61.65
NA
NA
60.84
61.78
NA
NA
63.03
61.61
60.96
60.24
62.74
61.24
61.08
58.66
NA
NA
NA
58.69
61.23
NA
NA
NA
NA
NA
NA
NA
NA
60.8
59.26
62.19
60.86
60.54
58.63
58.44
62.16
58.51
60.99
58.69
64.07
60.19
60.58
61.0
61.3
62.6
62.2
60.4
62.3
61.2
60.74
61.3
57.6
61.5
62.0
63.3
62.7
62.9
NA
NA
NA
NA
61.11
58.44
61.44
60.74
NA
61.76
61.33
56.45
64.34
61.06
61.74
62.78
59.64
61.74
62.48
61.01
61.24
59.43
62.78
63.74
60.66
NA
NA
NA
61.49
59.82
61.74
61.46
62.18
60.88
NA
59.78
62.28
60.88
61.58
59.78
62.28
60.89
61.59
59.79
62.49
60.92
61.62
59.72
62.62
60.86
62.26
59.76
62.36
62.06
60.87
62.45
58.54
61.36
62.3
61.01
60.42
63.42
61.72
61.81
62.53
62.27
61.58
59.97
57.96
61.6
61.7
61.6
61.8
61.2
61.8
63.1
62.0
61.8
NA
60.3
NA
NA
NA
NA
59.0
61.53
61.83
60.94
61.06
61.27
61.59
61.26
61.56
59.4
60.88
60.29
64.28
61.72
61.13
61.6
63.51
58.76
62.13
60.41
61.48
61.63
NA
NA
60.05
61.85
61.87
60.42
58.94
61.45
59.86
58.82
58.62
61.99
62.48
61.33
61.36
62.48
61.92
61.35
63.9
60.52
61.11
59.26
59.36
59.3
62.28
60.27
60.99
61.25
NA
NA
61.34
61.1
61.63
NA
61.46
61.41
59.91
61.15
61.47
58.22
61.64
61.84
61.44
NA
57.69
60.94
61.67
61.59
63.26
57.77
NA
61.93
NA
62.58
57.02
NA
61.91
NA
NA
61.38
61.71
64.1
63.8
59.21
59.12
59.13
59.31
59.17
62.37
62.96
63.42
61.47
59.22
64.7
61.41
62.7
58.42
60.68
61.17
60.68
61.17
60.52
61.53
60.58
61.5
60.55
61.1
61.38
57.86
61.17
NA
NA
NA
NA
NA
NA
NA
NA
NA
61.99
62.42
NA
NA
NA
NA
NA
NA
NA
NA
NA
61.81
NA
NA
61.79
59.63
60.61
59.87
NA
60.15
59.05
61.08
61.39
61.54
57.01
62.32
60.88
NA
NA
62.6
63.32
NA
56.84
62.43
NA
64.15
NA
62.4
NA
58.92
58.85
61.42
61.61
62.12
58.47
58.64
57.24
62.15
58.24
58.53
62.9
63.31
61.89
61.43
61.04
62.52
NA
60.75
NA
60.73
NA
61.03
NA
60.88
NA
NA
NA
NA
62.08
61.89
61.07
61.73
61.24
62.57
59.49
57.82
61.24
NA
62.12
NA
61.96
61.56
61.48
NA
62.23
NA
NA
59.62
58.52
62.42
62.42
60.62
61.75
61.15
59.56
60.89
62.76
NA
62.59
NA
59.55
NA
62.67
55.02
57.93
61.83
56.43
58.93
58.74
61.46
61.46
61.57
58.97
61.47
60.53
62.0
60.7
60.9
60.49
63.06
62.68
63.38
62.68
63.18
61.4
61.27
62.97
62.01
60.91
61.21
61.54
56.86
61.14
62.25
61.94
61.89
NA
NA
61.57
61.7
61.3
61.05
61.2
61.83
61.53
61.13
61.44
61.64
61.34
61.64
62.54
62.14
61.55
61.25
62.85
61.21
62.58
61.76
61.56
NA
60.55
61.64
61.42
61.53
59.81
62.46
61.36
60.45
61.49
59.48
61.14
60.37
61.27
61.66
61.14
60.91
62.54
61.61
59.35
59.35
61.5
61.42
61.93
61.48
59.88
61.78
NA
61.78
60.12
58.62
60.36
60.36
57.89
60.39
61.66
60.08
59.61
62.61
60.84
59.24
57.71
60.67
60.27
60.53
62.66
61.56
61.66
62.18
60.52
60.02
62.62
58.23
61.43
60.4
61.77
62.99
58.91
60.91
63.04
59.47
62.26
NA
59.58
59.47
60.63
60.58
62.44
58.34
61.24
60.94
60.44
62.34
61.24
60.54
60.94
58.07
62.89
61.96
60.99
61.05
61.66
61.76
60.87
61.05
59.25
NA
61.11
58.9
62.76
61.65
61.07
60.47
60.87
59.47
63.07
60.15
61.15
63.25
60.65
61.05
NA
63.08
63.82
63.1
61.19
62.56
62.47
62.09
63.03
61.34
62.61
61.9
61.99
61.59
62.69
61.49
NA
59.72
NA
61.27
61.42
63.09
62.22
61.85
57.99
61.55
61.25
59.62
58.42
60.72
61.52
61.52
57.62
61.66
60.97
62.42
61.42
58.72
61.62
56.92
58.37
60.97
59.19
61.9
NA
NA
61.43
NA
58.95
NA
61.41
62.45
59.22
61.72
62.72
60.17
60.92
61.81
62.83
61.85
61.58
61.3
59.92
61.18
61.61
57.86
60.98
59.74
NA
61.01
56.91
62.71
63.91
62.41
62.31
62.91
61.02
62.68
59.9
61.89
59.79
61.09
61.59
61.79
62.09
62.45
59.44
61.25
61.12
60.09
61.31
61.73
62.83
62.09
NA
60.15
NA
61.04
62.15
60.95
62.21
61.24
61.53
59.82
61.52
62.81
63.01
61.71
61.5
62.05
60.95
58.99
60.57
60.91
59.21
61.95
61.86
60.96
60.16
61.85
61.75
60.35
61.14
61.74
60.54
60.48
62.16
62.94
61.17
61.72
60.87
60.86
63.52
60.24
60.75
61.24
62.48
60.06
58.04
59.43
59.01
62.29
59.39
61.67
62.07
61.17
61.07
58.99
60.18
62.36
58.77
61.22
61.95
62.05
62.55
62.54
61.08
61.66
59.86
59.16
57.17
61.64
61.59
61.64
NA
61.47
61.27
62.47
61.57
61.24
61.7
62.75
59.08
59.66
59.03
62.38
59.93
61.54
61.31
61.52
63.1
61.77
63.92
61.82
62.92
63.42
61.35
61.15
61.0
61.14
61.74
62.26
62.96
61.79
63.99
63.09
60.79
58.47
58.47
59.27
61.93
60.63
61.67
61.4
62.37
61.78
57.69
61.98
62.22
61.28
61.44
61.34
57.65
61.05
61.25
61.29
61.3
62.68
60.34
60.68
62.08
61.08
62.47
NA
NA
62.61
61.66
62.01
61.52
61.69
58.45
60.2
61.97
58.29
61.76
62.39
59.99
61.99
60.9
63.5
60.2
61.93
59.72
61.58
61.69
61.43
NA
NA
NA
59.09
61.69
59.39
58.76
61.83
59.54
61.42
60.92
57.19
NA
NA
66.81
61.24
62.0
61.81
61.35
63.03
58.82
59.08
62.55
62.81
56.61
61.02
61.12
58.36
61.36
62.52
61.56
63.7
NA
62.4
61.1
60.86
61.66
63.06
61.63
58.2
61.39
61.39
61.86
61.96
61.12
61.78
62.78
62.89
63.9
62.46
62.84
62.66
61.29
62.31
61.89
62.78
56.94
63.74
61.38
61.48
61.38
60.65
60.02
62.55
60.52
58.33
61.43
61.53
58.07
58.76
58.89
NA
61.11
61.59
61.46
61.81
62.44
62.09
62.91
60.7
61.65
60.47
61.86
61.56
62.15
61.01
65.64
68.74
58.94
61.72
60.92
62.02
59.92
59.21
61.91
NA
61.61
NA
59.01
59.39
61.89
61.49
60.89
61.49
63.09
59.09
61.28
NA
NA
57.67
NA
59.53
59.76
61.56
61.66
61.46
61.04
60.93
57.46
61.26
62.31
63.65
61.55
63.05
61.65
61.85
62.45
61.05
59.95
61.35
61.96
60.7
62.2
61.4
61.6
62.47
59.0
59.57
62.61
62.5
61.92
61.06
56.37
63.56
61.46
NA
57.92
61.72
61.42
62.28
62.08
62.78
62.48
62.48
NA
61.36
NA
62.76
61.3
59.84
60.47
60.29
59.11
60.41
59.71
61.61
59.91
62.41
61.67
NA
60.51
61.04
61.81
61.34
61.34
59.34
61.54
61.17
61.22
59.93
62.56
58.54
58.56
61.87
60.64
61.02
64.4
59.32
61.23
61.26
61.25
61.92
60.22
59.62
NA
60.72
56.42
NA
57.52
59.05
62.35
61.39
62.44
NA
61.85
61.15
61.85
NA
61.77
62.84
61.78
61.5
59.31
59.01
62.54
61.08
62.14
61.61
62.46
61.16
62.66
60.48
59.9
61.98
NA
61.32
61.77
61.07
62.48
58.68
60.9
61.17
61.3
53.35
61.87
61.8
59.92
61.75
60.67
61.14
60.97
61.39
61.32
60.09
61.0
61.43
61.37
61.85
58.22
62.38
58.28
61.98
61.13
NA
61.77
61.76
61.71
60.53
60.95
NA
61.33
64.0
61.22
61.38
60.73
61.36
58.96
64.08
61.61
62.13
61.82
60.36
58.58
61.32
61.01
61.96
62.05
59.8
60.68
63.43
60.82
59.27
60.29
59.4
62.14
61.65
64.21
61.78
62.54
61.18
62.09
61.67
61.49
61.53
61.74
57.09
61.78
61.89
62.29
62.79
61.16
62.36
62.96
61.76
57.16
61.66
NA
61.66
62.76
61.55
NA
57.65
59.99
62.77
61.83
61.97
62.6
60.65
61.44
61.64
59.74
59.21
59.09
58.7
58.73
61.55
60.39
64.37
64.11
59.29
64.99
58.18
59.95
61.22
59.35
61.75
61.78
61.76
NA
NA
60.64
NA
NA
61.71
58.21
60.8
57.99
NA
61.87
61.16
57.86
61.44
61.34
61.64
NA
61.99
61.69
61.59
62.32
62.23
62.02
61.79
61.17
58.81
61.63
62.64
60.63
61.27
61.72
61.56
61.94
62.06
63.95
61.92
60.22
59.82
59.22
62.52
62.02
61.02
60.12
59.82
60.71
60.52
61.89
61.97
63.1
60.86
61.76
61.96
62.36
58.65
63.55
62.85
61.28
61.62
64.21
61.78
62.54
61.18
62.09
62.43
60.6
59.71
60.44
61.84
60.61
59.3
61.01
62.28
62.3
62.6
NA
60.56
58.29
59.05
61.05
60.63
62.61
62.65
61.55
61.82
60.79
61.52
62.04
61.6
62.31
61.39
60.18
61.32
65.78
60.58
61.78
NA
60.72
60.54
60.67
60.3
NA
61.24
NA
62.18
NA
61.76
60.13
60.89
61.43
60.6
61.24
58.6
60.28
60.48
60.47
62.72
61.33
60.32
62.04
61.84
58.14
61.71
62.74
61.71
62.11
60.62
60.88
60.09
60.95
61.5
62.62
61.88
61.94
58.18
61.64
62.4
61.79
62.54
58.15
57.5
61.7
61.9
62.81
60.91
60.31
60.91
60.51
61.92
62.31
62.31
62.44
62.14
60.04
61.62
NA
61.05
61.2
59.97
61.53
61.07
61.62
62.23
62.95
NA
58.61
59.73
NA
60.62
61.52
60.88
61.11
58.74
64.05
61.01
61.9
59.81
62.53
62.08
61.76
61.33
61.35
61.95
61.35
58.35
61.26
61.49
61.46
61.71
60.91
63.05
59.35
62.15
61.15
61.05
61.45
61.75
61.35
62.35
58.39
62.35
61.8
63.78
61.75
64.2
61.63
61.61
59.77
61.14
61.14
62.78
62.62
63.9
62.05
60.37
62.04
60.83
62.18
59.12
62.58
60.65
59.93
61.77
61.98
60.78
57.98
61.68
63.58
61.28
62.78
61.38
63.56
61.21
61.21
62.01
62.71
NA
61.48
61.38
61.58
61.4
62.22
61.12
56.15
61.57
61.2
59.79
61.57
61.56
60.31
61.26
60.91
61.84
62.22
61.52
62.21
62.04
59.58
62.25
61.63
62.3
56.69
61.76
NA
61.97
57.65
61.69
61.42
61.72
61.06
61.32
61.12
59.52
61.26
61.56
61.32
59.64
61.41
61.5
61.26
59.48
58.86
62.7
60.61
57.81
61.81
61.35
61.55
61.05
61.55
60.35
62.01
62.92
61.71
59.35
61.66
NA
NA
58.05
61.18
62.31
57.39
61.7
61.27
62.63
61.86
59.84
61.64
58.45
61.35
59.35
NA
62.2
61.9
62.0
60.48
61.31
61.11
61.81
59.81
62.31
59.69
61.19
61.29
61.5
60.93
61.41
59.14
60.89
60.83
63.43
62.71
62.45
61.11
60.92
61.43
61.49
NA
61.3
59.57
62.27
61.17
58.07
62.27
60.37
61.4
59.88
61.88
60.13
61.06
61.73
60.31
62.36
61.46
58.89
61.03
61.32
60.7
61.69
60.59
61.29
59.69
59.65
61.37
61.99
60.43
61.29
59.43
62.81
61.3
61.17
63.19
61.58
59.25
62.76
63.16
61.03
61.45
64.21
61.32
61.57
61.35
61.02
61.39
61.58
61.29
61.51
61.23
60.78
60.25
61.2
61.8
60.9
62.68
60.87
61.9
61.89
62.46
57.59
61.09
58.11
63.21
59.88
61.36
64.38
62.0
58.64
60.79
63.89
62.19
58.99
NA
61.12
62.46
60.11
60.95
61.36
61.26
62.16
60.56
61.46
62.66
59.45
61.36
58.56
61.26
61.06
61.66
60.23
60.02
61.64
59.75
60.66
59.67
58.97
59.96
60.58
61.53
60.33
62.14
61.77
61.84
61.78
61.58
61.76
61.76
62.32
NA
60.84
60.07
61.93
57.33
60.43
NA
61.22
60.12
58.98
61.44
60.07
62.24
60.18
62.38
62.29
61.82
61.75
60.76
62.83
62.04
58.93
62.14
NA
62.38
61.83
61.58
60.11
58.31
61.91
61.81
61.51
61.4
NA
NA
61.04
61.64
61.57
62.04
62.89
61.68
61.83
62.71
62.14
61.3
61.19
61.36
61.8
61.22
61.58
62.18
NA
62.73
62.63
NA
61.59
62.18
60.9
61.1
NA
59.3
59.33
58.79
NA
59.22
61.43
59.15
61.56
60.89
61.79
59.16
62.55
61.04
60.46
60.91
61.84
61.57
60.02
61.08
61.43
59.99
61.0
61.54
57.94
61.45
60.61
62.81
59.65
61.53
60.54
59.75
NA
61.57
61.12
62.55
61.49
60.43
61.6
60.7
60.85
60.01
60.94
62.12
60.8
62.46
61.37
59.04
62.04
60.84
NA
65.24
62.34
60.62
60.62
63.42
61.45
61.75
63.89
62.44
61.45
61.26
61.96
61.73
NA
60.87
61.21
61.32
63.05
61.33
58.37
61.64
62.46
61.55
63.45
63.17
61.71
61.87
61.92
60.33
57.52
57.88
60.66
62.25
61.73
62.14
60.8
60.58
NA
61.61
NA
60.91
NA
61.2
61.98
62.7
62.25
62.82
63.72
60.22
60.52
61.52
NA
61.72
NA
61.44
61.44
60.07
61.16
61.99
61.44
61.23
NA
NA
61.97
63.67
NA
NA
NA
61.77
NA
NA
57.76
61.59
61.49
62.89
62.46
65.12
61.24
59.49
60.6
59.03
57.63
62.93
61.34
61.6
62.94
61.57
57.76
60.83
61.2
60.79
62.38
62.01
61.84
60.78
60.48
62.38
NA
59.26
58.8
61.34
61.3
62.75
62.36
60.35
62.3
NA
58.73
56.71
62.1
NA
NA
NA
63.23
62.1
NA
NA
61.32
62.18
61.16
61.18
60.41
61.55
62.44
60.74
61.21
60.02
58.4
61.4
61.24
61.5
62.73
60.45
62.7
60.45
62.75
61.95
62.49
61.5
61.65
61.01
61.0
63.87
62.6
61.58
61.59
58.64
61.01
62.32
60.17
62.87
NA
NA
62.03
61.73
61.83
61.43
61.83
62.93
61.93
61.54
61.07
61.05
61.32
60.95
62.94
60.83
62.4
61.47
61.53
60.36
60.86
61.41
61.51
61.03
59.91
56.19
62.22
NA
NA
63.98
61.26
59.82
60.84
62.64
61.29
60.06
60.41
58.5
60.73
61.29
61.62
62.01
61.07
60.87
61.15
61.67
61.35
60.28
60.58
58.68
60.78
61.28
61.68
61.88
61.45
61.77
59.3
62.49
60.89
59.9
60.26
62.53
62.03
60.21
63.1
61.27
NA
NA
59.61
62.71
61.91
62.91
62.91
61.62
61.67
62.39
62.09
62.07
61.56
61.67
62.77
60.62
61.26
61.17
61.73
61.48
61.91
61.71
61.25
61.56
62.01
61.77
58.93
60.72
61.55
60.68
61.8
61.81
61.64
60.49
60.07
62.09
62.31
62.74
62.43
60.98
56.36
60.31
58.44
56.85
61.31
61.87
61.75
61.46
60.86
61.38
56.49
59.39
58.54
60.86
61.9
67.07
60.99
62.12
60.8
61.09
57.14
58.85
NA
59.42
61.66
61.99
61.81
62.45
61.7
61.39
61.02
61.25
60.88
61.79
60.76
61.08
61.83
NA
60.46
61.33
62.43
59.98
62.05
61.29
60.79
61.74
61.94
59.84
61.45
62.31
63.11
62.26
62.36
63.76
61.85
NA
NA
61.44
62.18
58.86
61.26
61.86
61.26
60.26
60.16
61.64
57.4
62.29
61.74
62.68
62.3
61.13
62.04
61.28
62.39
61.01
61.62
63.45
62.34
58.53
61.17
61.87
63.4
61.33
60.88
61.65
60.86
61.97
60.61
55.63
63.41
NA
60.56
60.7
59.67
61.12
61.24
61.89
61.11
62.37
59.95
58.3
61.98
61.79
61.5
61.59
62.13
NA
60.95
61.95
58.85
61.01
61.55
61.29
60.94
58.75
61.48
61.67
61.68
59.18
61.63
61.56
62.31
57.95
62.6
61.52
61.36
61.45
61.33
58.39
61.92
61.32
62.22
60.12
NA
60.98
60.78
60.48
62.6
60.62
60.78
59.13
61.93
62.03
57.0
62.7
61.64
61.88
60.25
60.15
61.82
62.83
62.07
61.3
58.35
61.91
62.22
61.69
61.88
61.01
58.81
58.98
61.79
60.45
60.73
61.5
61.34
61.28
61.94
62.84
60.13
60.37
60.45
61.4
60.55
61.87
62.0
62.09
61.81
61.56
61.01
60.72
58.39
59.66
62.13
59.5
59.17
61.8
62.5
59.8
60.71
61.67
60.38
60.94
61.24
62.69
62.34
62.65
61.78
62.59
61.18
57.29
63.74
59.27
59.75
61.59
61.38
63.55
60.77
58.29
62.27
60.99
60.77
61.84
61.26
58.46
60.83
61.6
59.68
62.03
61.14
61.86
61.33
61.71
61.5
61.42
61.95
61.42
61.8
60.96
63.77
61.41
58.58
59.91
60.34
60.98
59.8
60.13
60.28
60.1
61.14
58.49
62.18
61.46
61.09
61.65
61.43
NA
NA
NA
58.73
57.02
58.72
NA
61.97
62.25
61.53
62.28
61.42
61.91
62.86
58.13
62.26
62.26
61.05
56.95
62.5
59.6
63.47
61.21
58.52
60.59
57.78
60.4
62.28
59.79
61.38
62.98
61.04
59.68
59.55
NA
NA
62.49
61.27
59.78
61.2
60.1
61.8
61.67
62.04
61.68
63.77
61.23
58.53
61.23
61.67
60.77
59.34
61.81
61.5
61.73
61.35
61.61
61.51
61.51
60.12
63.21
62.58
61.15
61.99
61.04
60.71
NA
NA
NA
NA
NA
61.12
62.11
59.7
61.62
61.16
61.63
61.58
61.86
60.14
60.96
60.68
61.39
62.52
62.37
62.39
59.48
60.75
64.05
61.02
61.79
61.79
61.28
62.3
60.43
61.97
61.34
61.75
61.07
62.97
60.46
61.99
61.33
61.74
61.11
62.93
61.8
61.17
58.31
61.96
61.06
61.66
58.69
60.22
60.87
56.48
61.91
58.74
61.75
61.25
60.58
60.58
60.38
60.38
60.62
63.23
60.32
63.03
61.05
61.71
61.76
61.61
61.82
64.28
61.54
61.65
58.51
61.7
62.12
61.29
60.34
62.11
61.34
60.38
60.49
61.42
61.31
61.28
60.75
61.86
61.14
62.76
61.05
62.04
61.45
65.29
60.69
60.43
59.89
61.56
61.81
60.14