61.64
59.73
61.71
62.36
61.97
63.09
NA
61.25
65.71
60.53
60.91
61.79
NA
59.24
61.25
62.68
61.34
62.8
NA
62.44
61.3
66.62
NA
61.51
60.15
61.63
61.85
61.59
61.79
65.44
60.67
61.92
60.15
61.76
62.03
65.9
60.55
60.8
61.47
59.76
60.35
59.96
60.92
66.49
62.14
62.72
61.7
60.17
60.29
59.04
63.04
61.86
61.72
59.27
61.79
61.65
61.99
62.26
61.66
61.0
59.7
61.97
61.56
62.53
61.75
61.54
60.78
63.4
NA
61.86
63.58
62.93
62.05
63.71
65.58
64.67
62.11
60.61
61.82
62.09
61.97
60.67
61.75
63.06
61.15
60.47
61.56
61.58
61.58
62.54
62.29
61.29
61.39
63.42
63.2
60.59
64.31
NA
64.57
60.02
59.63
62.59
61.62
58.16
66.4
61.82
60.53
61.97
59.77
65.01
58.46
60.99
62.34
60.82
59.2
61.79
61.69
61.98
61.67
62.52
61.92
61.04
61.34
63.91
62.02
61.81
61.53
61.96
58.74
60.99
62.12
62.75
60.09
61.04
63.74
60.53
63.03
62.84
60.8
62.44
61.71
59.06
61.98
58.17
61.41
61.89
63.59
61.37
63.18
62.12
62.04
63.27
61.89
61.53
60.26
63.83
NA
61.96
64.99
63.77
61.21
60.31
61.85
64.5
61.03
61.66
61.55
61.85
63.21
60.15
58.88
63.06
59.63
61.64
64.59
61.78
61.2
59.56
59.55
60.26
62.66
61.74
60.51
65.01
61.03
60.02
62.72
62.09
62.68
61.77
62.04
NA
59.42
60.99
61.67
61.31
61.43
66.09
61.47
62.32
63.88
61.78
59.83
61.84
60.11
60.05
61.7
60.66
62.01
58.98
59.4
61.27
60.57
58.75
64.44
61.2
60.36
62.13
60.24
60.97
59.17
61.37
NA
61.76
62.05
61.71
61.13
62.02
61.53
58.38
60.01
NA
61.68
66.09
NA
60.65
64.7
59.56
60.62
62.43
60.68
59.05
60.78
60.58
61.6
62.53
60.77
60.91
64.93
61.53
60.73
60.63
61.25
59.03
61.52
62.22
NA
62.14
61.44
NA
62.17
58.97
61.0
NA
60.6
59.74
59.1
61.88
61.26
62.07
61.05
65.7
62.31
58.75
59.33
61.31
64.84
64.66
58.94
61.42
65.2
NA
NA
NA
NA
61.38
59.27
60.91
61.81
60.16
57.37
65.09
61.81
62.63
61.35
63.03
60.05
62.42
58.73
61.69
60.19
62.24
61.93
59.73
62.98
60.93
64.53
63.13
59.7
58.76
63.54
61.92
61.48
61.55
61.65
61.6
61.54
61.52
59.79
59.92
61.91
61.65
61.53
62.09
64.79
61.79
59.48
62.65
61.99
61.34
65.61
NA
NA
62.73
65.31
NA
57.5
62.25
63.2
65.39
64.05
62.85
62.81
62.39
62.78
61.28
63.4
62.55
60.6
NA
62.69
NA
61.6
63.13
59.92
62.26
61.83
67.04
62.56
60.19
59.21
61.81
60.68
62.41
60.56
60.15
60.36
59.19
61.82
61.92
60.28
NA
60.12
60.51
61.24
62.36
60.12
59.82
61.15
61.76
65.98
62.33
63.21
58.39
60.88
NA
65.01
61.86
63.03
64.88
61.7
60.53
59.56
58.57
62.11
61.3
62.48
60.57
61.68
61.81
62.0
60.6
60.53
62.44
59.87
62.08
60.82
NA
58.51
62.0
59.49
60.22
60.49
60.45
61.74
60.31
NA
61.47
60.39
59.78
NA
61.85
60.52
62.16
60.71
59.98
62.36
61.5
59.21
64.01
63.11
61.64
61.8
61.21
61.79
62.47
62.14
63.68
59.62
61.48
61.05
60.45
64.09
64.67
63.28
61.5
60.92
62.09
59.71
62.05
59.52
58.19
59.58
59.82
58.66
NA
61.95
59.02
58.98
61.67
61.68
61.52
62.47
61.83
61.14
58.93
60.18
60.85
65.47
61.96
60.79
61.53
61.49
62.46
62.09
60.95
61.43
61.3
60.65
60.67
59.77
61.76
64.24
60.63
62.89
60.56
59.55
61.9
62.45
62.5
67.47
60.07
61.92
NA
60.56
59.88
NA
60.8
61.54
64.8
61.69
61.63
NA
64.06
62.45
61.2
61.12
61.51
61.13
61.32
63.61
63.15
59.68
58.54
59.31
58.89
58.18
61.57
NA
59.02
62.98
65.2
60.65
61.97
62.21
60.29
60.87
60.74
58.78
63.59
60.64
62.47
61.71
64.22
61.72
60.75
59.17
61.73
61.94
61.95
60.73
61.75
62.59
61.82
61.58
61.89
NA
58.95
63.47
59.07
62.81
63.69
57.22
60.46
60.53
59.71
61.54
62.77
62.16
NA
61.14
59.84
61.33
NA
61.0
59.9
60.76
61.99
61.91
61.81
61.01
59.99
61.37
62.34
61.94
61.74
60.93
59.9
61.75
61.85
61.8
61.1
59.96
61.33
61.98
61.83
61.87
62.66
61.62
60.74
59.5
61.49
64.57
NA
62.76
63.56
65.66
59.96
63.26
65.57
61.92
62.13
62.15
59.91
NA
61.01
62.41
61.7
61.59
60.17
61.55
60.21
62.11
61.14
61.69
67.44
61.08
61.25
59.46
58.62
NA
NA
NA
NA
NA
60.23
60.2
60.09
63.13
61.72
61.5
61.64
59.67
60.52
63.18
62.59
61.04
61.89
60.16
61.76
60.43
NA
62.28
62.6
63.43
64.66
NA
NA
NA
58.9
58.05
62.66
62.01
58.05
60.84
61.15
NA
59.85
NA
NA
NA
NA
NA
59.73
61.4
NA
62.06
61.33
62.22
56.17
58.97
59.56
60.09
57.78
65.16
62.84
61.97
62.07
60.43
62.47
62.23
62.37
63.12
58.62
59.52
59.02
NA
64.31
NA
60.59
61.84
62.35
NA
61.87
62.34
58.17
60.81
62.94
62.38
60.4
60.71
61.76
60.04
61.84
59.04
64.54
61.94
61.66
61.86
62.58
61.23
61.58
61.81
58.91
NA
64.19
66.49
62.32
63.07
61.03
58.86
61.5
61.21
61.97
62.0
64.85
59.29
61.0
64.8
62.9
61.14
63.8
61.92
59.92
62.63
62.83
60.73
NA
60.54
61.54
NA
NA
62.47
58.93
65.7
65.4
61.19
62.55
62.41
60.22
61.95
NA
60.75
62.15
65.55
61.34
59.07
61.67
61.47
61.72
61.98
61.54
61.73
62.74
59.48
66.58
61.28
62.57
65.3
61.67
60.08
61.04
NA
NA
NA
NA
NA
NA
NA
NA
NA
NA
NA
NA
63.48
61.95
61.93
61.38
59.66
60.44
61.54
57.58
62.18
58.08
NA
60.98
58.98
62.18
58.08
NA
60.98
58.98
62.19
58.09
NA
60.99
58.89
62.22
58.02
NA
61.02
58.82
62.16
57.96
NA
61.06
58.86
64.04
63.82
65.78
66.01
61.81
62.37
64.87
64.11
63.8
62.56
62.83
65.02
61.64
61.59
63.93
61.59
62.18
61.01
57.84
60.76
59.52
60.01
61.41
62.12
NA
NA
61.3
61.0
60.34
60.34
61.84
60.66
61.89
62.44
59.74
61.61
62.86
57.55
60.26
63.1
61.63
60.55
61.61
59.62
61.48
59.84
60.89
61.73
61.33
60.75
66.23
61.12
58.06
61.48
61.53
62.59
60.98
58.68
59.08
63.08
60.07
62.68
61.48
63.44
60.69
64.76
57.34
61.82
61.61
60.8
60.3
60.1
61.46
60.35
60.35
61.71
60.59
62.02
61.07
60.31
60.11
61.47
60.36
NA
NA
64.11
62.94
60.01
61.32
59.53
61.8
62.77
63.04
63.13
62.43
62.22
62.26
62.69
63.1
63.88
63.61
61.83
63.81
63.56
61.6
63.64
63.7
61.76
63.81
63.75
61.77
63.81
63.75
61.77
61.54
59.94
60.41
60.9
61.69
59.4
60.86
58.44
62.98
59.28
61.01
61.19
61.6
59.94
57.4
57.97
59.65
NA
57.82
61.54
59.77
62.43
65.02
59.7
62.78
64.34
NA
63.75
62.1
60.7
61.03
NA
NA
NA
NA
NA
NA
60.03
60.46
61.21
63.07
58.17
60.54
60.44
62.74
60.34
59.22
59.09
58.97
65.29
62.88
60.94
65.42
64.39
61.99
62.01
63.59
61.7
64.56
62.84
62.06
NA
61.55
62.84
61.74
62.79
61.96
NA
62.9
62.05
63.68
58.85
62.71
62.67
60.39
61.74
63.52
58.41
63.52
58.41
63.79
58.44
63.51
58.27
63.32
58.29
58.8
NA
60.64
61.09
NA
66.8
NA
61.6
NA
NA
58.79
60.79
61.09
64.29
62.02
58.17
66.54
NA
NA
NA
NA
NA
NA
NA
NA
NA
59.16
59.01
58.83
65.32
62.82
59.91
NA
NA
61.02
62.12
NA
60.66
64.42
60.66
60.51
NA
62.01
59.57
61.77
60.48
60.48
60.79
NA
62.57
63.87
64.1
63.59
59.74
66.72
59.52
66.14
61.79
61.96
61.62
NA
60.87
67.49
NA
NA
58.23
62.54
NA
59.67
63.37
59.17
59.87
62.77
59.87
59.27
59.97
63.09
60.05
63.13
61.59
62.94
61.17
61.19
63.27
62.07
NA
NA
NA
59.52
61.4
60.74
61.24
61.41
59.62
60.52
61.52
63.12
58.56
68.48
61.98
NA
59.33
61.31
59.47
59.98
59.13
NA
NA
NA
59.7
62.06
62.35
68.95
61.87
62.37
63.37
57.17
59.97
61.42
64.02
60.42
NA
NA
NA
NA
NA
NA
NA
NA
66.23
63.13
62.83
58.83
58.33
61.53
61.62
60.12
60.02
61.82
60.82
59.76
63.94
62.57
61.46
59.3
61.5
61.4
61.2
61.4
60.27
60.47
60.67
59.17
60.3
60.18
61.48
58.9
60.3
NA
60.21
60.27
61.46
60.41
61.11
62.71
61.26
61.78
59.18
64.68
66.58
62.38
58.18
68.98
62.28
58.28
68.78
55.97
59.97
59.97
62.07
60.37
NA
63.35
62.85
61.05
60.05
61.85
61.55
64.34
61.29
62.09
60.89
65.09
61.04
61.04
NA
63.87
64.97
58.77
59.77
61.37
60.67
64.9
63.0
62.1
59.95
58.25
61.55
NA
64.41
61.3
61.4
61.4
62.9
58.91
64.41
60.81
61.01
62.73
59.73
64.33
61.43
60.73
65.33
58.83
62.13
62.04
62.54
64.24
62.34
63.74
61.84
60.24
63.14
64.94
60.34
60.88
59.21
NA
63.14
64.67
60.62
61.61
61.56
61.86
58.62
62.47
60.97
60.41
62.12
NA
59.72
61.09
63.65
63.31
60.57
59.11
60.54
59.65
64.78
61.63
61.69
62.24
61.26
61.44
60.74
59.74
NA
60.47
62.57
69.02
61.87
69.02
61.87
61.5
59.6
62.42
65.92
61.72
60.53
57.73
61.93
62.63
58.18
61.58
61.88
62.72
63.78
60.08
60.04
61.43
60.09
60.14
61.42
58.99
64.39
61.19
61.91
62.21
62.91
61.61
63.01
62.11
59.81
64.58
62.08
NA
59.02
61.86
61.3
58.51
63.01
57.91
62.11
63.11
62.84
59.46
64.42
60.44
60.55
61.47
60.06
60.11
64.29
62.17
61.74
63.84
59.04
63.94
63.14
61.92
63.21
61.09
63.42
61.93
67.06
61.32
63.78
59.26
62.97
61.04
60.45
59.68
61.38
59.7
61.4
60.52
61.52
61.26
61.02
61.49
62.43
63.97
59.92
61.98
61.43
61.81
62.5
63.89
59.9
61.99
64.73
60.13
59.43
64.43
62.23
65.06
62.47
61.81
61.21
62.27
60.72
62.26
62.18
62.41
NA
65.23
62.63
NA
59.44
62.02
61.45
59.28
61.99
61.42
59.25
59.64
60.74
62.77
63.47
57.27
64.22
60.38
58.95
60.85
63.65
61.15
59.75
63.31
61.23
57.69
60.02
61.75
62.56
59.16
61.62
60.32
60.7
63.59
60.82
60.99
67.29
61.51
64.72
61.82
64.9
62.96
61.64
63.87
61.87
58.63
56.99
63.44
58.37
NA
61.75
65.45
61.22
64.22
62.02
62.32
62.42
61.16
60.16
59.37
68.27
60.97
60.77
58.12
60.62
NA
60.97
63.42
62.88
61.7
57.92
66.76
58.97
61.43
65.01
56.98
60.16
60.51
65.03
60.92
60.42
59.5
NA
NA
NA
64.42
62.46
60.0
61.78
60.87
61.92
59.89
60.46
61.25
63.02
58.25
60.68
61.92
61.74
62.1
60.87
58.21
62.92
59.86
61.86
61.82
58.14
63.91
59.51
61.41
61.51
60.16
60.45
59.6
60.02
62.39
61.19
62.89
61.49
63.05
61.75
NA
NA
61.98
61.22
60.36
60.55
61.6
67.67
64.88
61.58
63.28
61.58
56.82
57.08
62.28
57.4
54.9
60.64
58.98
63.28
61.62
60.52
62.52
58.91
62.15
61.56
58.78
59.58
60.03
62.11
62.81
63.89
59.38
63.76
60.94
59.57
63.44
62.04
60.8
62.07
61.89
NA
60.21
65.1
62.7
59.53
65.08
55.6
60.07
61.34
60.41
60.02
63.51
60.21
58.44
59.93
65.76
61.62
61.15
61.15
59.75
63.15
61.3
64.4
58.06
59.76
58.05
60.55
61.94
65.04
59.74
61.04
59.74
58.14
61.82
60.3
61.16
59.75
60.45
59.75
61.51
61.86
60.63
62.28
64.35
64.53
60.11
60.31
59.11
63.18
61.66
58.64
62.04
58.47
62.44
59.18
62.37
61.92
61.85
58.1
61.49
60.21
58.44
59.93
65.76
61.62
66.7
61.52
57.32
60.62
59.44
60.19
64.76
59.96
62.65
60.48
64.67
NA
58.47
60.6
61.2
60.4
NA
NA
60.59
60.5
59.22
59.09
62.31
60.6
61.66
60.17
62.22
61.54
60.47
66.02
60.75
60.99
62.63
55.21
61.59
60.47
61.29
61.31
61.7
66.18
NA
61.64
64.54
NA
66.15
58.65
59.15
60.65
61.55
66.07
58.6
59.06
60.43
61.67
60.91
59.22
59.36
59.77
62.86
61.28
62.36
60.46
61.14
61.54
62.14
59.34
64.64
61.99
66.39
61.27
61.17
64.21
58.95
60.63
61.67
58.96
61.14
59.59
59.82
62.06
63.38
63.54
62.08
60.92
62.43
65.6
60.44
62.19
63.04
61.15
62.64
60.88
64.64
63.11
60.59
63.35
60.65
64.13
61.74
62.33
62.92
62.12
60.78
59.61
61.18
60.98
60.61
61.77
58.88
60.38
NA
NA
61.7
61.89
NA
58.01
61.72
62.23
66.06
65.12
60.05
58.83
62.99
58.56
60.45
59.32
58.54
60.42
59.35
66.51
NA
64.4
64.6
60.1
60.2
60.93
59.63
61.03
61.43
61.03
62.88
62.49
61.19
61.89
62.47
61.88
60.77
61.69
62.76
63.04
61.94
57.63
57.63
62.33
60.53
62.23
63.08
59.38
60.58
NA
61.2
62.93
62.57
63.14
64.98
57.92
NA
61.32
NA
59.72
60.22
61.94
61.97
62.67
62.2
64.2
60.26
62.06
69.59
58.72
58.87
62.64
60.19
61.45
59.35
58.78
65.08
63.41
61.55
66.75
61.26
64.22
62.32
60.11
63.54
61.62
NA
62.73
58.28
64.43
61.97
61.26
61.56
66.54
61.24
62.35
63.32
59.1
60.85
59.51
60.23
62.5
61.06
59.56
60.3
59.55
61.46
58.96
63.16
60.56
60.66
59.14
60.11
60.08
60.21
61.48
57.79
59.94
61.36
63.58
66.7
60.73
62.98
60.89
64.71
61.65
62.52
NA
61.35
62.29
60.88
62.29
62.76
61.35
62.99
66.64
60.64
61.14
62.25
62.02
62.15
61.63
NA
59.77
63.53
60.04
59.92
60.02
61.81
58.11
60.11
66.81
59.01
61.51
62.89
61.69
57.69
66.79
59.09
61.49
61.73
60.64
61.06
60.51
65.78
61.14
60.7
60.53
65.61
61.11
60.81
60.56
61.76
62.16
58.86
62.46
61.4
61.85
NA
59.56
60.58
62.79
60.69
61.49
62.24
61.28
58.95
59.65
62.45
62.05
61.85
61.85
61.55
61.85
61.85
61.55
61.55
61.55
61.55
61.68
59.72
61.85
67.92
NA
62.13
63.37
66.01
58.96
59.86
NA
NA
63.36
60.1
62.0
62.3
60.83
60.88
64.82
59.95
NA
NA
NA
59.32
61.28
61.3
63.0
59.72
63.19
60.95
62.86
62.31
62.31
61.49
63.05
59.93
61.68
61.58
57.68
54.08
64.78
60.38
61.48
NA
NA
62.96
69.09
61.48
NA
58.16
59.57
62.5
61.56
60.06
62.46
64.73
NA
66.14
61.32
59.84
60.55
61.11
60.2
59.58
60.93
64.83
59.83
66.33
57.97
64.06
64.42
60.31
60.76
61.41
NA
59.54
NA
NA
61.78
62.56
64.58
60.19
61.62
60.82
62.07
63.21
58.99
64.19
61.29
57.19
59.59
63.53
60.22
65.88
61.54
60.12
58.42
59.84
61.13
59.96
59.06
62.0
62.48
59.24
62.14
63.74
60.83
61.93
63.63
62.53
62.49
58.2
NA
61.19
59.41
61.54
60.75
60.37
NA
NA
64.47
62.79
60.6
60.05
64.22
59.42
NA
62.62
62.06
61.7
64.86
61.81
61.92
60.58
60.56
60.12
61.65
64.04
63.6
NA
64.39
65.35
61.35
61.15
65.16
66.58
63.36
61.43
59.29
61.33
61.21
62.88
62.21
62.51
60.91
62.21
62.21
62.21
62.21
62.21
61.91
61.81
60.02
63.98
60.93
59.35
61.07
61.54
60.8
58.64
61.33
59.88
NA
62.72
61.62
61.72
59.77
64.84
60.78
58.34
61.36
63.1
62.88
61.49
61.01
59.72
66.39
61.6
63.41
60.19
60.29
62.35
60.53
61.98
59.58
59.68
60.87
57.56
60.8
61.57
61.44
61.3
NA
58.02
60.88
65.04
68.55
62.95
59.78
61.39
69.36
57.76
60.56
58.86
61.43
61.84
NA
59.26
62.98
60.03
61.77
58.98
59.83
65.23
60.93
61.95
61.85
61.95
64.25
62.45
60.25
60.79
64.7
62.25
63.53
NA
59.32
60.66
60.74
62.11
60.77
60.36
60.51
61.55
64.75
64.52
NA
60.6
63.79
66.94
67.12
60.25
64.93
63.98
60.4
NA
58.98
62.58
60.08
61.78
58.57
68.41
60.04
64.59
NA
60.71
62.33
59.36
61.54
58.83
61.77
61.45
64.67
65.19
59.89
59.13
60.09
60.92
68.74
68.79
61.74
60.58
63.43
59.22
61.74
61.37
58.89
60.59
61.39
NA
NA
61.46
59.66
60.96
60.26
58.24
63.14
61.75
65.65
NA
61.75
60.32
60.54
60.54
62.14
60.64
61.57
63.28
63.08
63.16
60.77
60.6
65.19
61.94
60.25
58.03
60.21
59.11
60.61
61.11
59.61
63.01
61.99
62.15
62.29
64.11
59.51
59.72
61.21
59.17
59.58
59.21
59.61
59.48
59.59
61.44
NA
NA
58.25
60.64
59.93
64.03
NA
NA
NA
NA
62.07
60.93
61.6
60.7
59.34
62.52
59.21
59.82
60.82
58.71
65.55
60.65
60.03
63.23
61.63
NA
60.94
61.94
59.24
60.54
61.73
61.43
61.38
57.72
59.58
63.1
60.58
62.72
NA
NA
66.86
61.92
NA
59.8
NA
61.32
62.74
65.47
60.47
63.91
59.95
62.27
61.18
59.25
60.59
60.51
62.03
61.29
62.5
62.3
57.72
62.82
64.37
62.42
58.34
60.89
59.87
62.4
NA
60.12
NA
60.76
67.37
58.67
NA
61.77
59.77
57.12
62.12
58.41
63.25
61.48
60.07
60.99
NA
61.56
64.06
59.46
62.86
60.46
60.68
59.62
62.25
59.78
60.83
60.52
61.48
61.83
61.95
59.45
60.95
61.9
61.66
61.55
66.08
61.68
62.19
60.71
62.33
59.36
61.54
58.83
NA
58.77
61.07
59.24
59.11
61.2
61.55
59.95
63.46
61.66
62.08
61.55
60.85
60.28
61.81
59.88
61.75
59.58
59.8
60.59
59.83
64.97
59.74
61.68
60.38
64.98
62.08
61.88
62.48
60.22
61.08
61.68
61.89
62.02
60.43
61.93
60.52
NA
61.86
NA
NA
61.85
61.13
61.94
62.21
60.38
65.12
58.78
61.87
61.27
60.37
63.93
62.04
61.73
NA
63.09
63.29
60.6
62.25
61.26
61.9
NA
NA
61.79
61.73
62.52
61.35
61.82
62.05
61.85
63.0
62.33
61.62
61.22
65.02
64.78
61.74
61.11
58.78
60.09
63.13
66.14
61.64
61.34
60.34
62.0
NA
64.47
61.6
62.42
60.23
59.92
62.11
59.7
60.27
63.63
63.59
NA
58.4
NA
NA
63.0
60.19
62.01
61.48
63.11
59.91
61.68
63.51
59.9
64.99
62.58
59.28
60.0
60.58
61.93
60.3
61.69
62.52
60.83
62.04
64.02
61.36
61.74
61.39
59.14
61.21
62.71
60.31
63.49
59.31
60.86
62.39
59.27
64.25
62.09
59.85
58.95
59.25
59.25
60.25
62.55
64.95
59.55
60.25
62.08
NA
61.61
61.4
63.94
59.52
56.64
60.84
60.39
63.01
63.99
57.01
60.86
60.43
NA
58.59
61.15
NA
60.44
62.6
61.87
58.77
NA
62.86
NA
NA
NA
59.18
62.66
65.76
70.16
61.81
62.11
59.01
65.72
60.19
NA
61.48
63.38
59.98
61.97
60.36
59.93
61.88
61.75
61.65
60.15
60.58
58.83
58.79
59.77
59.38
62.14
60.61
58.85
59.05
NA
61.09
63.5
61.68
62.56
60.64
61.7
61.03
60.98
61.09
61.49
60.94
NA
69.49
62.42
60.59
62.0
61.64
63.63
56.98
61.92
62.22
62.22
59.55
61.7
62.32
60.46
61.51
61.81
59.73
64.64
58.79
58.32
61.12
58.49
58.89
61.42
65.74
NA
60.94
62.04
62.62
NA
61.92
63.29
67.59
62.29
62.79
61.79
NA
62.67
61.76
59.71
59.22
61.82
59.42
63.42
NA
61.93
61.6
59.8
58.09
61.69
61.47
61.73
61.36
NA
61.96
61.5
NA
57.99
61.62
62.26
60.91
64.03
62.7
57.58
61.01
64.11
62.61
54.21
59.08
60.83
59.35
60.05
61.35
59.75
61.8
57.27
63.02
65.46
62.2
61.74
59.09
64.17
60.97
NA
NA
59.66
63.88
61.93
NA
64.57
61.45
60.3
60.17
64.35
61.01
62.09
61.62
63.94
60.34
60.64
60.44
59.85
59.77
64.77
64.64
NA
63.1
60.7
59.2
62.8
61.5
61.78
62.18
62.48
NA
NA
NA
61.77
60.54
61.28
62.22
61.72
62.81
60.72
62.82
62.72
60.32
65.21
NA
59.01
62.21
NA
NA
NA
64.15
61.61
65.41
64.11
NA
64.69
62.29
60.94
NA
61.0
59.59
60.41
62.91
61.53
60.48
61.88
66.75
60.82
58.72
61.17
61.06
61.09
59.78
60.86
NA
60.69
59.53
62.17
62.13
62.9
64.64
64.48
NA
NA
61.73
60.78
60.17
63.57
62.07
62.77
64.17
NA
60.44
61.64
61.9
61.32
58.35
60.13
59.09
61.58
61.76
62.06
59.46
60.06
65.06
64.46
60.76
58.96
59.56
61.56
61.66
62.05
62.99
61.37
NA
NA
59.33
62.83
64.17
69.42
64.85
62.45
63.32
60.55
59.12
61.45
58.22
60.0
60.21
59.43
59.63
58.73
61.82
59.07
59.92
63.73
61.06
61.07
62.16
60.19
64.94
60.3
60.12
60.19
59.99
60.49
61.89
63.89
59.44
60.4
NA
NA
59.92
58.69
61.3
59.83
61.93
66.02
61.6
63.78
61.71
61.21
60.21
64.46
62.73
67.91
63.24
61.72
58.78
61.57
63.82
60.45
67.14
61.42
61.42
63.05
61.59
56.64
61.68
61.12
61.86
67.06
61.71
61.72
60.02
66.49
59.02
62.88
61.06
58.52
61.01
65.8
59.0
60.6
59.9
61.7
61.36
62.16
62.36
62.26
60.34
65.36
61.66
62.16
62.06
61.66
59.84
61.53
61.96
61.73
NA
62.42
66.22
62.22
61.76
62.11
61.92
62.19
61.65
63.23
62.79
62.99
61.72
64.56
62.99
NA
61.18
63.59
60.82
65.21
62.88
61.9
61.1
61.8
62.64
59.06
61.72
60.87
60.99
61.33
58.83
NA
64.83
NA
62.0
62.03
62.12
61.94
64.6
63.47
57.9
62.89
60.97
61.05
59.94
61.61
61.81
60.77
65.28
62.44
65.23
59.68
64.64
NA
59.49
62.42
62.04
61.15
62.67
61.55
NA
61.6
64.4
56.2
62.67
63.16
NA
62.04
NA
NA
61.74
62.84
62.54
66.59
67.11
61.06
59.61
62.23
60.93
61.63
62.64
61.68
64.86
61.51
61.82
60.24
58.3
63.49
61.31
61.41
59.9
62.84
57.48
60.55
60.15
62.65
64.79
62.55
64.78
68.37
61.6
61.61
64.82
62.97
62.96
61.64
59.22
NA
61.38
59.28
NA
60.23
NA
62.13
60.63
59.23
NA
64.51
58.51
61.11
62.21
60.71
62.75
61.85
60.14
67.32
61.94
61.01
60.41
64.01
61.91
65.61
62.42
62.25
61.5
64.08
60.69
61.85
61.38
59.83
64.36
58.63
65.19
NA
60.84
57.74
62.54
58.72
61.32
61.92
61.82
59.95
60.88
62.08
61.69
57.89
66.59
62.39
62.59
61.64
61.64
58.24
60.64
64.74
60.34
59.4
61.35
61.6
61.88
60.55
60.86
59.63
60.78
63.28
60.48
60.67
63.31
63.31
63.51
63.51
60.51
59.8
61.3
61.6
61.9
61.6
62.1
63.0
58.66
59.92
60.28
62.48
62.8
60.23
60.64
60.03
60.97
59.95
60.96
65.71
NA
61.92
61.72
60.83
65.56
59.43
61.46
NA
NA
61.99
64.35
63.11
63.55
59.39
61.22
63.06
NA
59.53
60.38
60.52
62.15
62.22
59.73
63.04
62.19
62.22
62.02
62.44
60.62
NA
61.28
65.28
61.71
63.35
60.89
NA
NA
62.53
61.83
NA
59.69
60.12
53.45
NA
61.77
60.77
NA
66.3
60.4
62.3
64.52
61.88
59.2
NA
NA
61.8
64.41
58.9
59.19
60.59
61.74
60.92
61.05
61.39
59.68
59.68
66.09
62.8
60.41
59.07
58.48
61.89
61.33
59.13
59.67
61.26
59.85
59.92
61.44
59.74
59.74
61.48
60.62
62.26
60.99
62.96
62.12
62.62
61.29
61.02
59.98
61.58
58.38
60.58
58.52
65.32
64.72
58.29
64.89
64.89
62.19
65.12
66.03
61.44
65.33
61.5
58.08
64.75
59.25
62.95
61.85
62.25
59.95
61.1
62.2
61.49
59.33
61.35
61.48
62.07
60.62
61.08
59.65
61.27
57.94
59.85
62.93
64.08
60.97
60.05
62.24
59.14
62.39
NA
65.42
61.72
61.53
61.05
60.77
60.31
NA
NA
61.02
64.94
60.9
60.46
65.26
61.81
63.67
61.33
62.9
61.8
61.62
60.58
60.6
62.24
60.81
62.65
60.58
60.7
60.18
60.89
62.16
59.73
65.25
65.15
63.66
63.04
65.03
62.11
59.84
60.57
67.17
59.67
58.47
62.47
62.28
59.79
61.04
66.23
64.53
61.73
59.11
61.26
61.54
61.85
61.7
65.09
62.73
62.57
67.26
59.66
61.83
59.86
64.38
60.54
60.24
61.14
NA
61.84
59.94
59.83
61.43
63.13
65.69
61.72
61.43
59.82
62.42
60.0
67.6
62.5
62.7
61.06
59.79
61.98
61.62
60.39
59.94
58.99
61.94
61.8
61.8
61.18
63.7
61.14
58.52
61.6
66.3
58.9
NA
NA
62.19
NA
NA
NA
60.68
61.78
59.51
NA
60.96
65.93
NA
59.59
61.2
60.98
59.9
65.68
62.27
62.27
61.91
61.81
57.91
62.62
60.22
65.42
63.82
63.32
62.99
61.26
NA
62.53
NA
61.57
57.45
62.64
NA
59.82
60.44
61.48
61.3
63.21
59.46
60.72
60.94
62.58
59.13
61.86
62.74
62.47
58.56
59.61
60.37
58.86
62.76
62.31
63.5
61.46
62.01
61.59
65.67
59.48
61.77
62.92
60.27
63.49
62.29
59.69
61.84
62.23
62.39
62.01
62.14
63.21
61.82
61.81
61.34
63.38
61.89
63.48
60.38
60.09
58.53
60.02
65.01
64.35
61.59
NA
61.01
64.49
59.99
61.96
61.32
63.61
59.91
59.39
64.96
61.0
61.29
61.57
61.81
61.7
59.2
60.62
61.38
NA
59.68
60.83
NA
61.63
59.58
60.69
62.93
60.76
61.52
NA
NA
61.36
61.33
62.82
NA
62.06
62.08
62.13
61.94
61.83
64.91
60.39
61.48
60.99
65.07
62.23
63.35
60.67
66.66
61.35
61.5
61.31
59.46
66.44
58.48
61.44
61.15
61.78
60.96
60.25
65.41
63.84
63.22
61.59
61.79
62.55
59.93
61.82
59.75
64.34
65.93
NA
62.24
60.64
60.69
61.37
57.38
57.94
60.05
66.78
58.87
61.36
62.27
58.82
62.77
62.31
61.61
NA
59.86
66.28
64.46
60.66
61.76
61.06
59.96
NA
61.92
61.12
60.64
64.89
61.24
64.72
60.91
54.84
66.34
61.66
64.1
60.0
65.94
62.46
64.11
58.9
61.64
61.84
64.07
59.03
61.33
62.75
63.74
62.23
60.33
58.96
65.0
58.94
59.98
59.02
61.97
61.7
61.95
62.8
62.74
61.71
62.75
61.97
64.42
60.62
61.31
62.03
62.12
62.37
59.95
64.55
60.65
63.66
60.64
64.72
57.52
65.14
62.5
59.05
62.37
58.99
60.34
65.85
64.89
NA
60.64
59.12
61.95
61.91
62.15
61.62
61.66
61.84
61.92
61.89
61.86
62.17
62.04
62.5
62.24
61.92
62.1
61.7
62.11
61.48
62.88
62.21
61.62
65.97
60.53
63.51
64.6
61.22
64.02
60.99
60.4
59.58
NA
NA
61.19
61.19
60.29
61.59
58.88
64.58
65.0
62.23
58.93
61.63
61.73
62.02
66.37
61.45
NA
60.64
64.89
61.57
62.03
61.83
61.5
63.14
59.73
61.63
61.81
61.23
61.94
62.09
61.93
61.99
62.07
60.27
61.3
62.07
60.91
60.51
62.17
58.79
61.22
60.26
61.25
60.31
61.64
59.22
59.21
NA
63.68
63.65
62.55
62.05
NA
58.4
61.4
64.66
64.06
63.95
64.36
63.8
60.21
62.79
60.75
59.37
61.07
61.65
60.62
61.09
60.8
61.9
62.19
60.94
61.62
60.07
64.1
62.47
58.84
66.54
61.04
61.54
61.44
61.24
NA
NA
NA
61.44
60.36
62.86
NA
NA
NA
62.24
62.44
61.94
60.94
61.34
58.99
61.48
61.71
62.59
61.4
61.24
61.97
63.04
64.92
62.94
62.47
62.76
61.74
61.82
62.16
62.75
59.83
61.06
64.91
63.85
61.6
62.34
60.01
59.76
60.8
61.6
62.92
57.59
60.08
61.88
NA
NA
NA
60.8
NA
62.18
60.94
59.0
61.21
60.22
63.26
61.17
58.41
57.51
61.18
57.97
57.77
61.96
61.59
63.16
63.55
61.25
61.39
61.85
61.38
61.35
60.03
62.75
64.1
62.93
59.98
61.1
60.37
65.77
59.7
60.37
NA
NA
NA
NA
62.14
61.85
58.92
NA
60.63
63.47
61.53
63.16
62.08
NA
NA
62.62
60.94
60.81
59.71
65.0
59.16
59.53
65.53
61.38
60.48
59.05
59.1
60.72
NA
60.4
59.5
62.39
61.2
60.46
60.81
63.7
60.73
58.37
NA
61.39
NA
59.69
68.09
58.89
60.19
60.09
61.09
NA
58.81
63.09
60.52
60.21
61.63
61.72
61.4
60.93
61.11
59.55
62.14
NA
NA
NA
NA
NA
62.02
61.92
61.73
59.71
61.62
61.84
61.34
60.95
61.13
59.57
NA
NA
NA
NA
NA
NA
NA
63.62
60.47
65.9
65.7
60.39
62.77
62.35
59.76
63.24
62.14
60.33
61.83
NA
60.17
60.87
61.63
NA
NA
62.51
60.21
64.69
61.78
58.15
59.61
61.98
60.82
60.7
61.18
62.78
67.55
62.42
61.03
61.7
62.83
59.38
61.76
61.63
59.55
62.21
60.16
61.55
59.67
64.24
61.58
60.56
60.03
61.39
59.14
61.64
62.54
62.14
64.94
61.05
59.83
61.09
61.48
60.03
NA
NA
NA
NA
NA
60.88
61.14
63.64
57.92
58.02
61.25
61.86
60.35
58.55
59.45
60.55
63.72
61.68
61.0
62.44
NA
58.16
60.99
63.9
64.62
62.92
62.8
62.95
59.08
62.11
62.55
66.33
56.37
62.93
59.07
62.06
62.54
66.31
56.37
60.55
60.85
59.96
59.03
61.53
61.21
58.84
65.98
61.41
61.94
59.72
NA
59.78
NA
59.78
59.47
61.36
60.41
58.85
61.35
59.11
61.55
60.21
58.81
61.14
61.35
62.07
61.34
61.67
62.83
62.52
63.73
61.76
58.88
61.73
61.33
60.41
58.37
60.97
58.44
61.02
62.26
61.78
65.04
61.12
NA
NA
61.39
65.87
60.37
63.67
59.47
61.32
62.44
60.52
61.75
60.01
60.73
61.84
60.47
61.91
59.31
61.0
61.95
60.2
61.69