63.91
62.8
64.96
62.83
61.77
61.86
64.66
60.66
64.98
63.12
NA
62.35
62.41
62.5
62.31
62.39
65.39
61.03
61.26
66.49
63.47
62.12
65.4
60.92
64.0
64.63
64.97
64.71
62.13
59.78
59.88
62.76
64.33
66.62
60.86
62.21
62.27
62.09
62.25
63.78
62.62
65.02
61.58
64.02
62.14
62.82
65.41
NA
63.51
62.68
62.3
62.97
60.57
63.31
63.21
61.38
62.23
59.89
61.09
60.76
62.27
64.24
60.41
62.25
64.47
NA
NA
NA
NA
64.75
64.12
65.37
60.95
61.48
62.98
67.3
65.27
62.23
61.97
62.11
64.4
62.63
66.17
59.62
61.94
61.27
63.78
60.65
63.65
61.44
61.98
63.13
62.73
63.31
61.78
59.33
65.36
60.76
62.17
65.33
61.64
64.81
62.25
61.8
59.34
64.13
61.98
62.73
60.47
62.46
62.6
62.5
62.43
62.69
62.88
61.89
64.2
NA
62.12
59.18
62.33
61.21
59.22
63.15
62.08
62.29
62.72
57.51
62.66
65.13
59.4
63.85
59.26
67.87
57.23
62.27
58.73
64.4
65.69
64.32
65.38
62.19
60.0
65.4
62.39
62.07
66.58
NA
59.71
NA
62.58
NA
58.18
66.26
62.91
59.89
62.43
60.02
64.21
62.41
61.72
63.68
65.36
62.64
62.84
63.86
63.44
61.81
60.69
59.05
65.1
63.46
61.12
63.7
58.61
64.6
60.96
62.67
62.62
64.68
60.87
61.59
59.84
60.92
62.88
62.2
67.48
64.39
64.38
62.13
64.92
62.39
61.38
62.05
60.94
NA
62.62
60.84
63.98
62.1
62.06
61.56
63.81
61.47
63.27
61.51
NA
NA
62.97
62.09
61.9
62.75
59.91
61.6
63.23
62.72
61.97
62.15
60.47
64.15
61.64
64.1
61.38
61.88
61.85
62.01
61.86
62.19
65.19
63.45
61.84
62.3
65.23
66.27
60.65
NA
62.24
65.01
66.34
60.76
58.22
66.03
60.69
63.68
64.36
59.17
62.28
64.33
61.33
62.09
61.7
65.6
60.98
60.08
64.67
63.07
59.91
62.34
60.78
NA
58.04
61.05
63.65
64.66
62.22
62.59
61.36
64.78
64.4
65.58
61.1
63.32
61.29
60.81
61.62
62.24
62.39
63.22
64.74
60.57
NA
65.02
66.89
65.05
58.67
62.1
60.17
65.03
63.7
62.14
61.93
NA
59.43
59.99
60.18
60.73
61.22
62.38
62.12
62.84
62.38
64.99
63.12
64.64
63.26
61.77
62.11
62.07
64.74
63.15
66.04
63.19
62.13
59.97
62.34
61.11
62.24
62.02
61.73
61.79
59.87
60.02
62.37
61.83
62.47
61.65
61.48
61.5
61.32
61.39
63.12
63.93
60.92
61.81
61.64
64.21
59.51
59.94
58.75
60.24
62.37
65.18
59.56
NA
64.72
65.74
63.95
60.76
63.01
59.77
63.46
61.97
62.22
61.71
63.53
62.4
57.87
62.53
60.91
62.43
58.93
63.0
62.03
64.27
61.49
59.76
62.15
64.01
64.13
63.76
62.35
58.28
65.42
62.05
62.34
63.75
61.83
63.73
63.8
62.04
58.91
59.09
65.63
62.84
63.34
60.83
60.83
63.47
63.51
60.16
59.43
65.51
63.94
64.02
62.39
58.87
59.33
60.23
61.65
62.56
62.91
61.01
62.99
58.27
63.14
60.36
62.63
61.06
63.26
65.56
64.84
59.55
64.61
63.91
65.37
64.71
61.98
61.75
62.03
NA
64.72
62.4
66.92
64.79
61.55
62.77
NA
NA
NA
NA
NA
NA
NA
62.64
63.3
62.8
63.23
62.78
63.18
64.14
59.89
62.29
57.61
57.41
58.03
62.26
62.28
62.03
60.57
62.67
NA
58.48
60.02
60.74
60.63
62.96
58.16
NA
NA
61.51
63.05
66.48
61.65
62.07
64.22
64.6
61.25
64.77
63.63
61.88
61.96
59.53
62.41
60.92
60.52
61.12
NA
NA
NA
NA
60.2
58.54
60.17
60.34
62.81
59.64
58.74
63.74
62.74
65.94
61.86
63.17
62.14
62.84
62.35
60.24
60.81
62.51
62.43
NA
NA
61.37
62.49
62.69
59.59
62.18
61.85
64.01
66.26
59.39
67.52
66.61
63.47
58.47
63.81
63.07
61.22
63.15
61.76
62.04
65.44
62.67
61.45
62.47
61.05
61.25
NA
59.94
61.63
63.12
66.5
61.15
62.86
62.1
61.95
61.97
62.15
62.3
62.64
61.8
61.43
61.99
64.68
61.82
62.42
58.53
65.4
59.11
62.65
NA
NA
NA
NA
58.32
59.02
62.12
58.68
60.31
63.85
60.11
66.92
66.51
66.4
61.69
65.38
65.38
65.39
65.42
65.26
60.39
59.14
64.17
NA
61.74
58.42
62.56
67.14
59.02
62.6
61.29
62.09
59.67
61.59
61.23
61.96
60.37
60.93
45.05
65.03
62.29
65.16
59.06
61.69
62.59
58.7
58.55
61.23
62.12
65.14
62.01
64.91
62.49
61.88
59.26
65.28
63.63
62.12
62.39
62.07
61.03
62.13
61.57
61.79
58.68
62.51
60.47
60.46
56.96
NA
62.14
61.93
NA
63.28
63.47
63.02
61.79
63.59
63.7
62.95
61.72
63.52
63.54
63.08
61.71
63.48
63.66
62.97
61.77
63.54
63.66
62.97
61.77
63.54
58.44
65.88
61.79
63.2
61.53
61.53
65.95
62.78
61.68
65.98
62.88
61.91
58.87
63.83
61.79
63.44
63.15
NA
62.78
NA
64.95
64.23
63.77
62.25
NA
62.01
62.14
63.64
62.51
60.39
63.79
59.23
57.74
NA
NA
61.08
61.34
60.71
59.58
61.79
62.43
61.98
60.7
61.49
60.69
57.25
60.59
59.89
63.58
NA
NA
58.95
61.18
63.71
61.36
NA
65.59
65.74
61.37
59.51
62.15
58.87
61.15
63.68
NA
NA
65.55
66.11
61.5
59.53
60.93
58.95
61.15
NA
NA
59.39
65.22
NA
60.72
59.48
60.61
63.46
63.18
63.13
63.97
NA
58.64
66.21
63.71
62.91
66.21
63.71
62.91
66.26
63.66
62.7
66.16
63.56
62.77
66.24
63.61
62.84
62.58
60.35
56.58
54.5
62.0
61.56
62.18
NA
NA
NA
NA
NA
NA
62.19
NA
NA
NA
NA
60.99
59.46
61.64
62.14
64.81
65.1
NA
60.17
58.8
67.7
64.69
61.93
NA
65.2
63.17
NA
64.96
NA
63.12
62.68
62.67
62.44
62.41
57.27
66.89
56.41
66.88
56.57
66.95
62.87
61.64
59.06
60.9
61.01
NA
60.4
65.19
65.29
NA
65.15
NA
NA
64.36
64.81
62.66
60.14
61.92
59.68
63.03
60.39
60.77
63.4
62.15
61.72
62.32
64.52
61.92
63.21
62.52
59.3
60.66
62.36
62.96
61.42
63.47
61.95
NA
58.37
59.5
NA
60.17
56.69
NA
NA
62.73
59.83
63.53
61.53
65.78
63.09
62.83
63.12
63.7
61.2
61.17
58.97
62.16
63.5
62.12
63.11
59.51
61.41
62.38
62.28
61.98
62.18
62.38
60.37
62.47
61.05
63.45
57.14
67.04
63.59
61.32
NA
NA
63.37
60.67
63.87
63.57
60.8
61.6
61.75
61.25
60.11
58.61
59.3
67.01
63.01
61.43
61.74
63.54
61.83
57.48
66.8
60.81
65.12
66.21
65.42
61.91
64.42
62.26
62.71
63.31
61.96
61.58
61.08
61.68
62.1
61.98
63.74
62.04
60.44
62.04
62.07
63.77
58.8
63.55
63.55
60.9
61.32
60.92
59.52
62.42
63.53
60.13
61.13
65.13
64.08
64.48
62.28
62.45
64.45
62.14
62.12
62.69
60.89
62.59
58.29
61.49
62.31
61.23
61.67
59.96
61.41
62.98
61.88
66.78
65.28
63.28
64.99
63.72
65.0
62.36
NA
63.41
59.71
61.11
65.01
59.78
63.47
65.35
62.25
61.78
59.33
62.2
59.96
59.77
62.08
62.07
60.74
63.31
64.29
67.81
63.24
57.98
58.0
60.63
60.3
61.64
64.09
63.87
59.13
60.28
59.26
59.51
62.27
59.56
62.46
62.83
65.23
58.32
61.95
62.99
66.61
63.01
61.61
65.2
65.69
66.93
61.11
58.71
61.91
64.03
59.44
58.84
58.74
NA
60.93
NA
60.9
59.74
61.54
62.84
58.87
59.37
60.17
61.77
57.12
58.69
65.56
63.15
61.45
63.95
63.31
63.31
62.21
66.39
60.33
62.78
61.8
62.68
64.69
63.09
65.05
60.21
61.45
59.53
60.2
62.9
59.06
60.57
62.77
61.07
58.97
NA
63.81
63.57
62.69
61.05
61.15
63.22
64.32
64.52
62.32
64.06
63.57
64.42
63.02
62.22
62.32
61.62
62.32
61.48
59.8
63.42
61.52
58.32
65.51
64.84
59.17
62.83
61.08
61.57
63.22
61.45
59.93
62.71
63.73
64.8
61.11
64.31
63.02
62.39
62.29
62.39
62.05
NA
NA
NA
NA
62.18
65.39
60.84
63.31
59.81
62.68
61.28
60.58
64.93
64.94
NA
59.6
57.4
NA
NA
NA
59.9
NA
62.38
64.02
62.23
62.0
64.12
60.92
61.22
59.32
65.05
61.05
63.23
59.3
65.17
61.02
61.88
61.53
57.61
62.89
58.64
61.81
66.83
62.61
63.8
63.58
62.49
NA
65.52
62.16
62.44
62.31
62.37
65.49
62.3
63.75
61.95
60.45
62.15
60.1
58.6
63.94
64.04
62.84
65.07
57.9
58.72
62.29
61.84
60.57
65.05
65.03
61.17
64.52
62.11
62.78
64.37
61.07
NA
63.2
65.42
62.57
61.36
62.43
62.66
63.8
62.31
62.37
65.49
62.3
63.32
61.92
64.22
60.02
61.85
65.25
65.44
64.1
59.46
64.1
62.07
NA
60.81
NA
58.62
64.34
62.47
65.81
62.43
68.85
60.94
NA
59.81
62.2
64.96
59.74
59.83
60.4
62.63
66.28
67.63
61.82
59.94
59.34
61.08
57.49
65.28
65.48
64.35
NA
60.14
59.54
66.94
60.74
61.56
60.59
62.57
62.47
60.74
65.6
65.33
64.63
59.97
60.32
62.61
61.97
60.88
63.58
62.1
58.54
62.87
61.26
60.8
63.05
61.25
60.75
61.99
62.1
59.51
61.75
64.34
63.39
62.03
62.87
60.28
62.38
61.12
63.71
60.73
62.93
62.92
60.81
59.92
63.57
63.51
NA
59.57
62.44
61.56
63.11
62.03
61.28
62.21
66.49
65.49
61.25
58.96
61.23
59.37
61.91
63.31
62.07
62.32
63.43
61.33
NA
NA
NA
NA
58.82
NA
67.7
62.0
62.2
65.5
63.8
63.36
60.56
64.46
61.56
61.46
63.15
62.05
60.72
66.2
67.14
58.98
65.5
62.01
58.81
64.51
61.66
57.28
57.12
61.95
65.04
60.77
63.07
61.83
57.28
63.94
64.14
60.83
59.94
57.05
62.02
NA
65.74
64.07
59.51
64.63
61.33
61.81
60.51
62.06
61.16
67.19
61.17
59.71
59.09
60.25
59.19
60.07
66.28
64.1
58.86
62.29
61.12
59.71
NA
65.1
58.88
60.55
65.49
NA
63.52
62.86
NA
66.72
59.71
59.69
63.19
61.83
62.9
57.95
58.22
59.56
62.56
61.66
63.46
59.49
NA
NA
59.53
61.7
64.9
66.46
61.8
61.98
60.72
61.6
63.22
61.52
62.69
62.14
63.12
61.85
64.05
61.25
61.05
62.15
63.55
62.25
62.21
61.53
63.72
59.9
61.77
61.38
63.36
NA
58.66
63.86
NA
60.84
60.7
61.24
NA
NA
59.17
63.57
58.27
61.77
58.66
65.65
65.27
58.14
65.33
62.0
61.3
56.42
66.62
64.42
61.0
NA
65.32
60.95
63.05
62.74
62.38
61.08
61.38
62.38
62.48
NA
NA
61.99
66.82
61.8
62.97
64.19
59.26
62.56
62.24
62.22
60.42
62.0
60.62
61.15
66.93
64.37
61.32
60.01
61.32
63.52
61.81
60.22
61.9
NA
NA
61.93
65.31
62.82
61.2
61.03
60.04
61.27
63.61
59.89
64.59
62.09
61.41
60.99
66.54
61.73
65.89
57.6
60.03
61.87
62.27
62.0
59.4
62.82
62.74
67.24
60.94
61.54
63.74
62.34
64.13
63.03
60.53
62.53
59.73
62.53
63.33
65.73
65.86
61.43
62.72
61.25
62.81
57.72
62.06
62.48
NA
64.59
63.03
62.69
66.52
62.32
61.06
60.66
64.19
66.53
62.57
60.09
66.72
65.35
58.65
59.81
62.5
58.62
65.9
67.58
61.4
NA
62.71
60.61
62.51
63.2
62.21
64.73
66.68
68.46
63.33
66.02
58.59
61.71
NA
61.95
61.5
58.91
63.61
61.08
60.98
62.38
61.3
60.56
64.3
63.35
62.15
62.25
62.15
62.14
62.56
60.26
63.56
62.05
62.34
62.58
62.06
62.07
62.66
61.83
59.83
62.73
57.95
63.15
NA
61.87
60.15
61.46
60.57
61.83
NA
NA
59.73
60.35
62.66
NA
62.48
61.98
62.08
63.44
60.44
63.17
63.55
63.76
60.11
59.17
60.82
64.31
61.43
58.12
62.56
65.57
63.09
NA
62.75
63.9
60.49
59.91
61.14
63.99
66.49
61.86
60.46
62.36
62.96
64.64
62.66
61.48
63.2
NA
59.55
62.44
59.45
60.94
61.84
61.48
61.72
61.65
67.11
62.68
NA
58.31
63.54
57.71
62.01
61.4
62.2
68.83
60.92
63.34
58.01
66.71
61.02
62.14
65.56
60.18
65.46
60.21
65.34
60.3
NA
NA
60.87
NA
60.93
NA
NA
NA
NA
NA
62.23
61.76
61.7
59.62
59.75
60.63
61.93
64.54
62.29
62.34
62.26
62.29
61.12
61.1
60.82
59.42
60.2
64.04
64.34
59.77
61.01
63.01
65.61
62.31
62.71
60.63
62.44
62.29
65.07
62.0
58.45
61.74
67.52
63.63
NA
62.74
62.18
62.26
60.03
58.85
60.89
58.85
61.91
58.92
62.02
65.14
60.32
62.72
61.29
63.72
57.92
60.64
62.18
63.02
62.66
61.67
61.2
62.26
62.35
63.15
NA
61.75
62.19
61.89
62.14
58.36
58.76
63.76
60.11
59.17
60.82
64.31
63.89
61.17
62.56
62.09
61.04
62.48
60.43
62.06
57.84
62.83
61.95
61.96
63.15
59.45
60.67
65.82
66.61
NA
61.65
NA
60.72
60.73
60.57
62.22
63.88
63.73
62.18
59.58
61.38
NA
NA
NA
NA
NA
NA
61.79
61.8
65.02
58.3
58.69
65.02
58.24
59.81
NA
NA
NA
65.42
64.02
63.74
62.12
61.76
61.13
61.5
62.62
63.67
59.67
62.07
64.67
61.47
59.77
62.27
62.27
61.07
61.22
61.14
62.29
64.09
60.66
62.95
NA
59.27
62.41
61.58
NA
63.75
61.72
65.04
61.74
59.44
61.74
63.99
61.69
61.62
62.16
60.75
59.21
59.8
NA
59.8
NA
62.21
63.81
63.51
63.62
64.48
62.22
61.02
61.91
61.74
65.5
61.38
60.73
61.4
64.85
59.79
59.28
58.49
64.63
60.82
62.52
NA
63.65
64.07
60.88
62.36
60.64
62.18
58.75
59.79
64.89
61.46
61.15
60.25
61.65
64.05
58.75
62.51
NA
62.31
62.29
63.04
64.3
63.01
62.79
62.49
65.37
61.85
65.36
61.86
62.33
64.54
63.58
61.58
65.38
64.31
63.61
61.11
61.77
60.94
NA
61.78
NA
61.28
60.95
63.0
62.33
61.89
60.48
62.44
60.95
61.45
63.2
60.58
61.7
62.08
NA
NA
59.51
57.9
62.42
62.24
61.96
62.76
61.64
62.19
60.49
61.39
61.59
63.79
59.54
61.34
63.32
62.92
61.32
60.01
65.35
60.97
62.77
62.94
64.08
62.61
59.89
62.09
60.62
NA
63.39
64.69
62.72
66.42
61.42
63.72
NA
63.53
NA
NA
63.62
62.61
62.71
62.01
61.91
62.13
63.15
59.69
60.35
63.55
62.06
63.19
63.72
62.55
64.94
63.32
59.17
NA
NA
61.2
62.64
NA
NA
66.6
62.63
58.87
63.73
60.76
64.14
61.15
NA
61.73
63.68
65.52
65.9
67.3
58.0
64.2
62.18
62.08
61.93
63.24
63.24
61.62
63.52
59.32
NA
64.81
65.9
63.21
NA
63.79
62.42
64.45
62.02
60.04
61.97
NA
63.41
63.31
63.01
62.64
62.69
60.6
59.93
66.31
62.15
64.89
64.72
64.49
62.04
60.04
62.04
NA
63.8
61.86
60.2
61.85
NA
62.6
63.25
61.31
62.01
NA
61.27
63.71
63.36
59.63
64.78
59.92
61.39
63.44
59.84
61.64
57.54
62.9
61.44
63.69
62.06
62.06
59.46
65.06
61.76
61.36
61.32
62.47
62.16
66.06
62.46
62.16
65.29
60.59
62.69
61.59
62.77
62.77
61.99
NA
65.08
62.08
65.43
64.29
63.76
63.65
61.62
59.23
62.5
62.7
64.3
60.6
60.5
62.11
61.32
61.72
61.6
62.1
59.27
59.88
64.55
60.81
61.8
62.19
63.73
62.48
63.67
61.84
62.22
59.44
66.49
64.19
62.89
62.2
NA
59.46
61.91
60.72
65.02
66.12
60.36
62.73
62.58
59.61
62.01
64.91
61.31
59.81
62.31
62.21
60.91
63.74
65.52
59.98
61.05
60.19
NA
NA
60.23
60.42
60.49
62.14
60.16
62.52
60.59
65.74
62.39
59.54
59.74
63.58
62.22
62.5
64.19
63.69
62.19
63.79
64.89
62.29
60.9
64.27
61.84
61.98
62.08
62.06
59.36
59.76
62.76
65.78
64.56
62.56
62.32
62.32
62.2
62.19
62.03
62.59
59.64
62.38
59.13
NA
59.42
64.52
61.86
59.13
61.97
NA
NA
60.51
61.87
64.29
62.18
64.76
61.25
63.03
58.38
NA
61.8
66.25
63.53
62.63
62.74
62.38
58.77
58.43
62.23
63.03
62.8
61.95
64.0
66.08
63.12
60.88
62.59
64.75
61.6
58.22
62.52
64.44
62.14
62.44
57.54
62.64
58.59
62.38
58.81
62.34
62.54
59.54
62.04
58.25
63.22
NA
62.15
62.05
59.12
60.03
64.02
61.35
65.36
62.06
61.99
NA
NA
61.9
65.64
NA
61.74
60.94
NA
62.74
61.72
66.05
63.72
61.61
61.85
63.7
62.69
62.17
58.32
61.66
64.84
64.56
62.13
54.66
64.05
63.32
61.82
63.54
63.7
62.74
59.98
61.55
60.81
62.69
67.16
59.4
62.36
62.08
62.86
61.96
63.18
59.97
62.45
62.14
61.54
69.19
63.3
64.28
NA
NA
61.13
61.73
62.63
58.61
61.31
61.58
62.68
60.85
63.41
64.91
61.01
63.41
59.43
64.07
62.34
58.67
64.06
58.65
64.21
63.51
60.4
63.13
64.93
61.83
64.51
61.5
NA
60.04
61.24
66.34
60.72
60.22
62.82
63.48
59.88
60.19
61.79
62.24
58.44
63.84
60.37
62.07
62.39
62.25
62.35
63.65
67.65
62.26
62.36
65.06
NA
62.05
62.38
62.28
NA
62.27
62.27
58.37
64.77
62.31
62.41
65.41
64.51
61.9
61.3
61.6
62.2
63.6
59.41
60.24
64.19
59.31
64.65
64.5
64.73
63.95
64.18
58.6
64.37
61.91
59.6
58.84
62.27
62.46
61.92
59.59
58.93
62.17
62.45
62.33
62.63
58.63
64.33
62.09
58.89
65.03
63.09
61.96
61.14
NA
62.13
64.95
NA
62.83
60.22
NA
64.97
67.09
63.58
58.98
NA
NA
NA
NA
NA
NA
NA
NA
NA
NA
NA
59.06
61.6
59.5
63.3
65.1
NA
59.96
NA
NA
61.72
59.89
61.99
62.44
65.43
63.0
61.09
61.52
57.93
58.98
62.02
60.7
61.3
58.9
61.9
62.58
60.28
59.62
60.42
62.12
59.59
60.59
61.89
64.67
59.43
66.96
62.25
59.02
57.99
65.87
NA
NA
61.66
68.85
63.46
60.74
58.14
63.64
NA
61.17
59.11
64.64
62.78
64.93
63.23
61.69
NA
61.86
65.12
63.13
63.11
61.92
61.91
61.58
65.18
59.03
NA
60.57
NA
62.13
61.73
62.13
59.63
63.73
60.96
59.35
59.26
62.4
62.27
NA
59.03
61.26
58.72
61.42
62.98
61.77
61.76
61.74
NA
59.84
61.64
63.33
61.64
62.95
62.78
62.44
62.33
62.27
61.12
63.08
59.82
62.4
62.39
60.48
58.76
63.77
59.28
64.3
60.0
67.0
59.6
61.49
60.19
56.35
NA
NA
62.19
NA
62.03
63.49
61.8
NA
59.9
60.35
62.25
61.02
60.62
62.0
61.36
61.49
62.93
61.34
NA
62.19
65.95
60.52
65.62
62.67
61.61
NA
NA
63.81
61.34
62.85
63.84
61.47
62.23
61.82
62.72
60.55
58.45
62.35
63.39
NA
64.53
60.13
64.01
58.98
62.69
64.28
64.08
61.48
65.73
63.62
60.78
62.18
59.13
NA
61.73
62.14
63.93
62.23
62.16
60.01
62.21
64.86
62.77
61.68
58.7
65.12
59.93
NA
62.15
62.0
62.12
60.07
NA
63.1
60.76
61.13
62.67
61.89
61.16
62.92
61.12
60.14
62.74
58.56
NA
62.08
60.28
62.18
61.55
58.27
62.0
62.59
60.99
60.97
60.6
65.71
67.34
66.01
62.19
60.28
62.24
62.24
61.44
61.24
61.11
61.26
59.71
63.36
59.63
62.15
62.34
61.64
63.48
60.07
NA
62.26
60.86
63.26
61.66
62.26
61.96
62.33
60.36
62.3
NA
64.82
61.68
62.46
61.65
60.61
62.43
61.87
62.44
59.22
60.92
64.28
61.31
59.43
59.01
64.3
65.07
59.43
61.35
59.39
58.3
59.31
64.38
60.52
61.61
60.31
62.25
62.19
62.61
60.8
62.15
61.57
58.51
57.28
60.6
61.1
62.43
NA
60.35
NA
66.12
60.66
62.46
62.04
66.35
60.74
63.69
60.82
60.61
60.25
62.36
62.24
62.62
61.97
62.38
61.98
62.78
57.29
62.09
59.68
NA
62.99
NA
61.49
63.89
61.29
64.38
62.78
60.88
63.95
59.66
62.6
NA
59.93
62.73
59.83
61.03
64.35
63.59
62.3
61.9
61.89
62.48
60.07
63.69
61.92
64.04
65.16
60.53
63.36
58.47
61.04
63.1
61.68
62.92
65.36
60.31
63.5
58.18
62.71
64.96
62.73
59.42
NA
66.36
62.12
66.11
65.24
64.93
62.4
67.22
62.25
64.93
61.38
61.88
64.63
62.49
61.97
62.47
62.25
58.64
64.04
64.5
59.84
62.24
58.27
65.64
61.44
64.54
64.34
62.06
65.59
63.98
62.72
66.59
60.29
61.88
62.46
62.47
60.63
67.31
59.11
60.07
NA
66.03
59.31
62.81
67.19
59.58
62.63
62.13
61.17
62.1
63.66
61.96
62.79
62.71
60.54
60.39
61.47
62.21
61.68
58.98
61.07
61.21
62.09
61.84
63.8
62.62
58.06
62.64
60.38
62.27
62.63
60.75
62.07
65.2
58.39
62.65
63.49
63.32
64.28
64.08
64.5
64.67
60.17
58.98
60.38
NA
NA
62.45
62.59
60.72
65.94
59.73
65.53
61.67
63.47
59.69
64.61
60.61
59.91
61.5
59.71
62.98
63.91
63.96
64.73
63.82
63.85
64.78
64.49
62.49
60.33
65.51
64.42
66.11
63.32
59.96
60.11
62.43
NA
63.19
59.68
56.79
61.59
65.79
56.49
62.31
61.14
61.98
62.2
61.12
61.04
62.22
62.4
61.92
62.23
61.13
NA
NA
66.95
59.78
61.1
62.6
62.3
61.75
65.54
63.94
62.74
58.73
NA
60.15
62.8
62.6
60.8
60.67
NA
61.01
61.89
62.09
62.27
63.58
60.46
61.79
62.03
61.61
63.05
66.31
59.94
61.43
63.09
62.29
61.99
61.89
60.74
61.44
61.24
61.64
61.45
62.36
NA
59.85
NA
NA
NA
NA
62.27
62.76
61.72
61.03
63.15
60.89
60.14
62.43
66.07
65.41
60.37
66.14
58.84
62.38
NA
NA
57.55
62.07
NA
59.88
63.94
58.37
62.3
NA
61.81
59.27
60.62
62.74
62.07
61.45
63.52
65.72
60.42
59.17
60.6
62.73
61.98
61.43
63.79
65.73
64.2
60.34
63.75
59.06
62.36
61.56
NA
63.42
58.53
64.91
65.29
61.95
54.83
62.13
62.34
67.32
60.99
67.28
60.95
62.37
60.57
NA
62.85
61.5
62.12
65.14
62.01
62.39
62.39
65.14
62.27
65.24
62.13
65.35
62.36
60.26
58.66
61.66
62.06
63.26
NA
NA
NA
NA
61.91
59.87
64.42
60.35
60.74
NA
NA