NA
NA
NA
NA
NA
NA
NA
NA
NA
NA
NA
NA
NA
60.96
61.18
NA
NA
NA
NA
NA
NA
NA
NA
NA
NA
NA
62.26
62.67
62.53
NA
NA
NA
NA
NA
NA
NA
62.08
59.62
61.86
62.11
NA
NA
NA
NA
NA
NA
NA
NA
NA
NA
NA
NA
NA
NA
NA
NA
NA
NA
67.4
62.37
NA
NA
NA
NA
NA
NA
NA
NA
NA
NA
61.88
62.1
NA
NA
NA
NA
NA
NA
NA
61.58
61.82
62.16
61.73
NA
NA
62.47
NA
NA
NA
NA
NA
62.42
62.42
NA
NA
NA
NA
NA
NA
NA
NA
NA
61.88
62.1
NA
NA
62.76
62.65
57.97
64.05
61.71
NA
65.02
NA
63.23
NA
NA
NA
NA
NA
NA
NA
NA
62.06
61.64
62.6
NA
NA
NA
NA
NA
NA
NA
NA
62.09
62.44
NA
NA
NA
NA
62.23
62.28
62.81
NA
NA
59.68
61.17
62.37
61.95
65.82
64.43
62.46
62.05
67.34
66.99
67.81
62.43
62.21
62.09
62.13
62.52
61.8
62.2
NA
62.43
62.13
62.13
62.33
62.1
61.5
59.15
62.16
62.34
62.85
62.15
62.47
61.93
62.28
62.32
60.14
58.82
59.14
58.23
60.87
59.92
60.29
62.49
NA
NA
62.28
62.78
62.27
62.26
59.81
62.61
62.15
62.45
62.14
62.44
62.18
61.99
62.35
62.25
59.94
67.35
65.3
60.53
61.94
62.11
61.32
64.7
65.88
62.07
62.22
62.62
62.06
62.1
61.77
59.58
62.3
62.33
62.53
62.58
62.28
NA
62.13
63.09
62.56
62.05
62.02
NA
62.82
62.33
59.55
NA
NA
NA
62.2
62.5
54.38
62.28
62.78
59.52
NA
61.23
NA
61.0
NA
62.08
62.22
62.22
NA
61.98
63.28
NA
61.04
59.87
61.89
61.89
62.12
62.44
NA
62.5
60.39
62.74
59.73
61.68
62.18
NA
NA
NA
NA
62.59
62.89
NA
NA
NA
62.56
62.16
62.1
62.58
59.55
62.33
NA
60.05
59.32
65.12
60.52
62.02
65.37
60.47
61.87
59.7
62.15
62.19
61.77
63.58
NA
62.83
61.64
62.25
62.32
NA
61.96
NA
62.96
62.94
57.92
60.07
62.04
59.47
62.96
62.94
61.56
61.8
62.14
62.96
64.31
NA
NA
NA
NA
NA
NA
61.3
61.94
61.65
NA
49.29
62.33
NA
NA
NA
NA
NA
NA
NA
61.56
61.8
62.14
NA
NA
NA
NA
NA
62.42
64.28
67.28
61.58
59.08
61.48
60.48
64.38
NA
61.68
58.78
61.48
60.48
62.25
62.21
NA