30.93
30.5
34.31
28.94
30.87
30.97
30.48
NA
30.83
30.11
33.44
33.31
32.62
34.0
31.16
32.0
29.38
32.2
31.11
30.2
29.99
31.55
31.57
30.3
31.16
30.16
32.85
33.57
31.26
32.12
31.86
31.46
NA
29.86
33.48
31.81
30.88
NA
30.97
29.58
31.39
31.71
30.23
33.61
31.17
30.45
31.71
31.47
31.96
33.45
30.03
30.82
30.62
32.03
31.99
NA
31.53
32.89
30.5
29.22
32.23
30.07
30.96
33.98
35.11
32.48
31.26
29.39
30.07
30.95
31.57
29.06
31.32
NA
28.46
NA
28.26
32.25
31.79
NA
32.02
32.87
31.44
29.06
29.8
30.57
31.4
31.9
30.56
30.48
NA
31.8
31.06
29.06
28.4
31.58
31.02
34.06
32.61
31.8
33.88
31.09
28.87
30.51
30.22
32.15
32.03
30.18
32.69
32.11
33.22
30.19
29.12
29.09
29.6
28.76
29.59
NA
32.32
31.22
29.68
30.35
30.82
31.18
NA
32.41
30.53
29.81
29.89
32.12
31.27
30.0
31.92
31.96
31.05
30.51
29.57
30.62
31.02
30.39
31.6
29.71
29.87
32.15
30.18
30.64
30.95
30.11
31.13
29.43
29.22
NA
30.8
29.89
32.06
32.1
NA
27.85
34.19
29.97
33.68
32.3
29.26
32.67
29.92
30.86
30.7
NA
32.44
33.11
31.59
NA
NA
33.04
31.8
31.54
30.29
NA
NA
NA
NA
31.46
32.2
30.45
32.34
32.33
28.71
35.81
29.73
36.4
NA
29.19
29.18
31.26
32.53
32.29
30.02
33.39
29.32
27.93
NA
NA
31.62
32.01
NA
31.18
30.25
31.75
33.97
30.88
33.45
33.69
32.94
32.24
31.58
34.14
34.03
29.75
33.06
29.93
33.7
32.15
31.42
NA
NA
NA
NA
NA
32.67
NA
NA
28.25
34.86
34.56
33.92
32.87
30.44
29.68
NA
31.06
30.78
31.76
34.28
31.15
31.5
34.2
30.37
31.6
30.92
31.86
29.43
29.99
29.61
31.62
29.43
28.6
34.53
34.17
30.5
31.9
32.68
32.09
32.89
32.0
32.75
32.17
32.82
32.17
32.82
34.44
32.24
33.49
33.02
33.36
30.96
31.96
30.6
33.29
32.89
35.94
31.85
29.81
30.95
NA
40.87
NA
32.86
29.16
NA
NA
NA
NA
32.92
36.16
31.81
29.94
33.71
31.61
31.66
NA
30.57
30.87
32.27
28.19
28.35
31.5
29.54
33.13
32.3
34.66
29.74
NA
31.43
30.63
34.33
31.53
31.63
31.45
31.54
31.45
29.41
29.41
30.68
33.78
32.15
28.27
32.9
33.31
32.84
28.95
30.28
NA
30.18
31.33
33.07
33.07
30.4
30.12
30.82
33.8
NA
NA
31.88
32.78
29.01
31.03
30.65
30.5
32.46
NA
28.47
30.04
NA
NA
29.31
NA
NA
30.08
29.93
35.23
31.19
30.54
29.14
32.74
29.68
35.12
37.16
30.87
29.87
30.63
32.82
31.76
28.6
31.23
32.41
33.63
30.95
NA
29.09
31.39
31.81
26.9
NA
35.35
NA
28.72
31.62
33.02
30.22
32.04
32.12
29.17
33.46
33.45
28.86
34.12
31.01
33.61
29.92
NA
34.27
30.79
NA
30.81
31.14
32.85
31.45
32.95
32.55
30.95
35.35
29.35
32.45
29.45
NA
32.47
31.67
NA
32.73
31.39
35.74
29.56
32.73
29.71
NA
29.38
28.95
NA
31.77
28.96
43.47
34.18
32.38
31.35
30.17
31.67
NA
NA
35.25
32.45
31.48
35.78
32.68
30.58
31.27
NA
NA
29.68
33.19
35.36
31.11
29.8
34.21
NA
29.45
29.68
35.44
29.45
31.24
32.95
31.17
30.15
32.26
31.95
32.18
30.63
32.44
27.68
29.68
28.77
29.01
31.59
33.01
31.61
33.09
30.19
28.49
29.56
30.98
30.22
30.17
31.35
33.62
31.28
31.47
NA
31.96
34.29
31.49
30.12
33.88
31.78
30.89
30.86
30.42
30.59
33.61
33.94
29.49
30.09
36.29
31.99
32.17
30.94
33.54
33.53
31.63
30.23
30.51
30.2
NA
33.81
30.26
31.08
30.18
32.99
31.53
35.6
NA
27.71
28.2
31.74
32.97
29.52
34.09
33.29
32.25
NA
32.64
33.62
35.58
29.92
33.19
32.55
34.65
NA
34.81
30.51
30.7
30.24
30.49
NA
NA
NA
NA
NA
NA
32.03
30.35
29.21
NA
30.38
NA
32.03
31.93
NA
NA
30.62
NA
30.41
30.61
32.71
31.91
32.29
33.92
NA
31.0
34.45
31.85
32.95
33.18
31.78
31.58
28.98
29.48
32.28
30.8
32.3
32.23
29.04
33.97
29.15
33.6
30.3
32.8
30.76
32.9
31.32
NA
NA
31.87
31.37
NA
32.92
30.21
30.69
33.13
NA
34.52
31.12
30.42
30.24
30.73
NA
31.47
NA
32.58
32.08
39.88
29.62
32.49
32.21
30.79
29.63
30.75
28.45
33.16
NA
NA
33.96
31.05
32.95
NA
30.84
31.72
30.36
30.06
33.91
31.67
33.59
33.78
31.18
34.69
30.19
30.29
29.89
31.92
33.1
30.36
NA
32.87
28.82
NA
NA
32.37
30.8
31.74
33.2
30.27
32.68
28.93
28.57
33.08
30.26
32.44
33.12
31.91
28.11
31.51
31.5
32.91
31.01
31.46
29.35
NA
31.24
33.24
30.88
32.58
32.96
31.91
34.69
30.92
30.47
30.47
30.87
NA
NA
31.21
31.21
33.51
30.78
32.43
30.39
32.01
30.42
31.55
32.19
30.42
30.5
29.96
33.43
30.52
33.93
32.13
30.73
32.19
31.25
29.8
32.9
31.34
30.74
33.04
NA
31.03
33.13
33.0
30.82
32.52
30.32
34.63
31.46
32.16
30.66
28.88
30.43
32.21
30.61
32.6
31.01
30.91
27.93
28.53
32.04
29.34
32.75
32.05
32.09
30.09
30.79
34.54
30.34
29.25
30.54
32.3
33.56
32.27
33.73
31.11
29.96
30.35
34.72
29.73
30.84
31.55
32.96
27.95
31.61
NA
25.76
30.7
31.5
31.57
29.09
32.83
32.84
31.01
33.22
NA
29.1
32.21
34.25
NA
31.14
33.3
33.21
33.72
31.29
31.26
NA
32.12
32.11
30.67
32.67
31.28
28.34
27.73
31.23
NA
30.22
29.9
29.86
29.17
31.57
30.25
31.83
31.52
32.2
31.61
NA
NA
31.43
NA
32.08
NA
29.97
33.2
35.42
28.69
31.43
31.72
30.03
31.57
NA
30.14
30.92
34.33
31.21
30.01
32.14
30.66
31.99
31.81
NA
NA
33.4
32.78
30.34
32.67
31.75
31.76
32.36
32.42
NA
NA
32.58
31.53
29.0
31.38
30.0
33.4
31.7
31.2
32.13
33.56
30.83
29.4
30.56
28.08
30.84
31.03
31.85
NA
30.7
32.44
31.65
34.39
31.79
NA
34.19
31.07
33.62
31.84
32.97
32.07
33.61
31.7
31.54
27.84
35.44
28.14
33.09
34.6
34.32
32.09
28.54
33.65
31.64
33.41
32.61
27.18
35.62
31.05
31.01
NA
NA
30.87
26.78
32.61
32.01
30.71
30.61
30.99
NA
33.1
32.99
33.29
30.19
35.69
34.89
33.12
30.6
NA
NA
29.9
31.4
34.73
29.57
33.34
31.23
25.51
32.07
32.43
31.52
30.3
31.94
NA
NA
29.85
31.85
31.86
32.67
35.23
NA
35.21
NA
31.97
31.86
32.32
34.2
NA
31.06
31.57
33.25
31.21
32.37
31.31
32.56
32.15
33.3