57.03
58.44
NA
56.46
56.23
56.51
53.89
56.64
57.84
59.79
59.37
55.58
54.62
56.8
61.02
59.83
56.75
54.49
56.01
54.2
58.58
57.0
57.4
57.39
57.48
58.51
55.14
56.08
56.45
56.44
56.33
56.55
60.6
56.63
56.26
52.92
57.04
59.94
60.32
54.13
58.08
58.58
57.65
57.5
54.12
57.14
58.75
57.16
55.7
56.47
57.15
57.12
56.81
57.98
NA
53.48
53.89
60.98
54.04
53.73
55.06
58.85
53.92
54.41
53.84
57.5
54.22
55.61
57.28
53.82
57.69
61.69
NA
57.6
NA
57.51
58.24
57.69
58.21
57.49
58.06
57.51
58.28
57.78
54.71
59.71
56.94
NA
NA
56.44
56.18
59.16
56.83
60.36
NA
56.56
55.5
53.44
57.65
53.83
56.9
NA
56.65
56.5
58.09
59.7
NA
56.33
NA
58.08
55.66
57.07
57.13
57.75
59.87
58.34
57.03
55.73
NA
NA
57.99
56.57
NA
56.37
58.76
58.78
58.29
56.67
56.9
56.17
62.42
58.59
53.57
57.57
56.82
56.9
54.42
58.92
59.32
61.96
59.0
NA
60.17
56.13
59.18
NA
NA
57.27
55.77
57.29
59.09
58.97
61.6
58.61
54.36
58.24
NA
56.8
59.6
58.32
57.12
58.25
54.61
56.68
56.89
60.4
59.77
57.06
61.79
57.03
61.87
58.94
56.34
53.87
60.57
55.57
60.23
58.57
56.27
57.41
57.42
55.87
53.37
59.26
58.11
57.06
57.99
61.58
56.52
57.98
57.34
59.61
54.7
57.83
62.4
58.6
57.27
59.88
59.05
55.82
NA
NA
58.0
56.88
56.78
57.93
58.34
57.51
54.73
56.04
57.04
57.66
57.77
55.81
57.85
56.33
55.87
56.35
57.28
58.29
58.99
60.0
55.39
54.29
59.29
56.6
59.33
60.13
58.07
60.77
58.77
59.37
59.57
58.37
56.21
59.7
56.91
53.95
59.42
55.55
54.03
NA
NA
56.25
54.72
NA
NA
57.46
58.36
59.55
57.67
54.47
52.64
56.35
56.44
56.66
57.67
NA
57.91
56.06
56.86
59.25
56.25
54.09
56.16
58.67
59.28
58.68
60.25
58.72
54.14
58.95
59.37
NA
59.29
56.55
57.73
58.21
57.02
58.12
58.62
58.62
59.32
58.02
56.5
56.25
57.47
NA
NA
59.82
55.58
56.78
56.2
53.31
56.05
57.93
57.8
57.88
54.93
56.89
57.34
57.35
57.38
56.69
54.87
61.63
52.57
NA
57.86
55.35
55.49
NA
54.91
53.31
56.69
NA
57.64
60.93
NA
62.22
58.57
57.52
56.91
56.59
57.85
54.87
61.63
56.61
65.4
58.45
56.38
56.27
58.45
60.04
58.58
57.19
54.92
54.03
59.57
56.79
NA
61.19
58.72
53.2
56.61
57.49
NA
55.69
55.88
55.44
57.78
NA
58.32
55.29
54.1
58.63
59.25
NA
62.26
57.08
57.95
NA
NA
56.26
54.79
56.97
61.42
56.35
55.79
57.33
57.22
55.99
56.77
NA
58.29
60.38
NA
59.68
51.61
57.81
56.41
57.71
NA
58.27
57.84
58.08
57.92
56.06
54.93
58.02
57.64
59.81
55.89
58.07
56.19
58.81
56.96
60.92
57.62
56.42
54.92
58.47
58.5
57.43
69.53
NA
53.54
58.23
58.36
58.31
61.17
59.77
56.54
NA
55.53
54.93
53.8
52.74
58.19
58.38
56.57
57.92
60.09
55.48
NA
57.28
58.08
56.22
59.44
58.4
58.4
57.91
NA
NA
NA
55.74
56.94
55.79
58.31
58.96
54.16
53.68
NA
57.66
NA
53.51
NA
NA
NA
56.7
58.82
58.28
NA
57.83
59.92
59.29
56.48
53.63
57.24
61.75
56.75
53.75
63.34
56.31
57.63
NA
56.97
60.7
62.25
58.38
59.56
58.18
59.48
NA
53.61
NA
NA
NA
59.05
58.59
NA
NA
57.22
53.48
56.81
57.91
58.37
NA
53.15
55.1
53.37
56.47
61.79
58.22
60.69
56.24
56.96
57.46
56.92
57.15
NA
NA
58.16
60.94
60.69
53.24
57.74
56.46
58.38
57.62
58.72
NA
57.06
57.18
58.35
55.71
55.42
NA
56.89
57.79
58.09
53.08
53.33
NA
56.85
59.32
57.27
54.04
54.12
58.54
56.81
57.91
61.4
56.44
58.47
56.92
59.47
58.67
53.38
55.89
58.87
58.12
NA
NA
NA
54.23
54.06
55.75
NA
56.94
58.03
57.67
56.21
53.8
58.14
54.53
57.07
57.17
NA
NA
55.32
56.99
56.06
56.12
60.29
NA
58.7
58.35
60.22
NA
NA
NA
54.86
56.6
59.9
59.85
NA
57.76
57.2
59.29
56.85