30.21
27.94
28.3
28.4
30.3
28.97
28.59
29.63
29.88
29.6
31.19
31.08
31.11
30.58
29.79
27.37
29.68
NA
28.57
28.22
28.1
28.08
27.41
30.39
29.9
29.57
30.53
NA
28.1
29.88
26.69
28.17
27.99
28.81
27.99
30.83
28.37
31.54
29.15
29.55
29.62
28.63
27.25
27.48
30.2
28.19
29.87
30.05
29.1
28.37
27.89
29.6
29.64
29.57
30.56
29.24
29.37
28.96
30.09
28.99
29.83
29.49
28.96
28.9
29.7
28.46
28.6
29.24
29.33
30.05
28.61
29.0
29.69
28.66
28.76
28.23
28.48
28.27
28.58
29.35
28.84
28.83
29.33
28.27
28.5
28.6
28.49
28.97
NA
28.73
NA
28.69
NA
28.93
28.85
28.7
29.53
28.6
28.73
29.18
28.74
28.27
26.93
28.13
28.42
26.36
27.08
30.88
29.33
28.97
30.43
28.21
29.42
29.97
30.9
27.69
27.67
27.6
27.85
27.75
29.94
27.88
29.42
29.16
27.36
28.55
27.11
NA
NA
28.3
28.68
28.56
NA
27.53
NA
30.05
29.21
27.71
28.54
30.49
29.84
NA
NA
28.79
29.28
29.9
28.8
28.31
32.05
28.94
28.74
31.35
28.95
30.18
31.5
29.62
28.41
26.9
30.93
NA
NA
NA
NA
NA
NA
NA
NA
NA
NA
NA
NA
NA
NA
NA
28.43
28.68
31.02
28.86
28.14
28.97
29.3
32.63
31.38
27.88
27.88
30.64
30.58
29.3
29.49
28.61
29.75
29.71
27.87
27.34
NA
30.34
30.67
30.28
30.57
31.04
30.06
28.5
NA
NA
NA
NA
NA
NA
NA
26.61
29.1
NA
28.96
28.22
28.25
29.49
30.64
27.96
NA
40.11
NA
NA
29.11
28.31
28.85
27.73
28.22
29.72
29.23
30.77
27.84
31.09
30.54
29.21
29.61
29.13
28.27
29.63
28.61
28.65
28.71
28.69
29.0
28.72
30.12
28.92
26.51
28.44
29.44
27.89
27.37
29.33
29.07
29.24
28.55
28.06
30.07
30.33
29.72
29.14
NA
NA
28.54
29.57
28.31
NA
28.75
29.23
30.58
27.82
28.1
29.16
28.55
29.65
27.87
28.07
29.46
28.68
NA
NA
30.38
NA
NA
30.88
29.42
27.04
29.53
29.28
27.99
27.25
29.71
29.81
30.13
NA
NA
26.55
29.74
29.39
30.42
NA
29.38
NA
29.56
29.65
31.24
29.99
30.27
29.71
28.32
28.76
NA
29.94
29.78
26.93
32.34
NA
NA
29.56
28.83
28.59
30.92
30.22
28.72
27.15
27.66
NA
28.64
27.57
28.32
29.65
28.55
NA
29.54
NA
NA
28.35
28.45
29.29
NA
NA
28.64
29.89
32.6
29.4
28.1
28.4
29.49
30.16
28.56
27.73
29.25
28.92
30.02
29.98
28.38
28.2
27.0
32.76
29.16
32.36
NA
29.07
32.18
30.15
29.2
27.54
28.62
29.41
28.71
28.41
26.61
28.41
30.31
29.69
27.79
25.79
29.39
30.79
27.65
NA
27.97
30.07
27.66
26.65
27.44
27.93
29.64
27.34
30.44
30.49
29.54
28.7
29.15
30.69
28.97
28.64
NA
NA
30.78
29.82
29.64
27.34
30.44
27.14
30.53
30.68
30.41
NA
30.8
31.52
NA
30.41
NA
29.92
29.36
27.7
42.28
29.39
28.96
28.48
30.18
29.98
29.52
27.01
29.55
NA
27.31
27.38
29.01
29.35
27.69
29.26
29.56
28.48
27.84
28.17
27.49
29.41
29.86
29.99
29.11
28.88
30.21
NA
28.4
NA
31.11
NA
NA
NA
NA
29.12
29.55
29.75
30.28
30.64
29.67
30.9
28.36
29.63
27.61
29.66
29.36
27.69
29.13
27.61
29.56
28.48
28.98
29.28
30.58
30.18
28.88
29.08
29.15
NA
29.14
29.99
28.57
NA
31.52
29.02
31.66
29.32
28.9
29.27
31.8
28.8
30.11
30.01
29.71
30.95
27.78
29.87
29.75
28.91
30.85
28.19
29.33
29.3
29.89
29.69
NA
29.56
28.38
30.08
28.69
29.32
28.48
26.92
NA
NA
28.86
28.94
NA
28.67
27.35
30.05
30.95
28.48
28.5
29.2
28.91
27.39
29.59
28.49
29.47
NA
28.87
27.37
28.8
29.82
28.49
NA
29.84
30.98
29.27
NA
28.53
29.38
29.72
30.03
27.48
28.36
29.99
30.55
NA
29.02
29.63
29.03
29.94
29.42
29.88
29.54
29.34
28.84
29.84
30.94
27.46
29.83
29.7
NA
29.33
30.0
27.7
28.59
28.75
29.4
28.07
28.29
28.66
29.31
NA
29.75
28.58
28.11
29.64
30.54
29.79
30.79
29.1
31.08
32.46
30.44
30.65
30.53
29.77
30.65
28.79
30.76
28.9
NA
28.46
26.21
35.63
NA
31.81
31.71
27.92
27.12
30.21
NA
NA
29.51
28.63
28.79
31.09
32.19
29.83
28.39
30.14
35.82
28.92
29.54
28.74
28.49
28.38
29.87
31.28
29.16
29.57
27.67
29.67
28.91
28.48
29.73
29.36
NA
NA
NA
NA
29.39
NA
28.41
29.58
31.69
NA
30.83
31.57
28.16
27.14
29.99
26.81
29.66
28.58
29.67
28.85
29.75
28.48
30.45
28.56
NA
30.31
29.75
29.23
28.89
30.52
30.24
28.71
29.21
29.6
28.64
NA
NA
NA
30.47
28.93
29.87
28.8
NA
29.38
28.46
30.95
29.65
26.84
29.44
29.21
26.66
29.37
30.97
28.37
32.13
29.39
28.94
28.93
28.83
26.84
28.34
27.88
28.14
27.47
28.42
28.22
27.7
30.84
28.84
27.91
28.51
28.79
28.41
29.38
28.66
NA
NA
NA
NA
28.99
30.36
28.7
29.24
29.65
NA
NA
NA
28.27
29.57
NA
29.18
31.13
28.33
29.35
28.74
29.18
29.13
29.83
28.57
28.62
NA
29.32
29.82
29.26
30.83
28.13
29.95
30.45
30.85
29.08
28.98
27.56
27.63
29.46
29.18
29.06
28.22
NA