53.82
56.32
56.72
57.28
NA
58.37
59.54
58.83
55.61
56.18
55.44
57.58
55.64
56.38
56.45
56.98
56.16
55.34
57.18
59.46
60.39
58.61
57.79
57.59
56.54
58.39
59.34
57.66
58.09
55.33
55.5
55.75
53.69
56.19
56.67
58.92
58.0
57.86
56.02
56.02
57.83
56.44
56.44
58.92
56.7
55.9
57.19
57.94
57.76
58.15
55.58
57.89
55.46
58.39
56.35
56.67
55.96
58.43
56.84
55.45
54.44
54.8
54.4
55.15
56.07
57.13
56.32
56.56
60.47
57.83
55.1
57.79
57.08
57.24
55.69
57.32
55.98
58.34
57.98
55.76
56.82
56.49
57.57
56.34
57.34
57.73
59.1
58.04
57.9
58.13
58.43
56.69
56.39
54.1
56.66
61.71
56.29
59.85
55.31
56.3
57.87
60.22
54.84
56.24
54.78
56.92
57.59
56.27
56.48
56.07
59.96
56.14
55.83
56.68
56.66
NA
56.76
55.44
57.59
57.82
58.58
59.38
55.93
57.06
58.96
57.7
57.12
57.24
56.17
54.9
57.24
57.13
57.15
56.09
61.11
59.34
56.26
58.18
56.71
58.18
57.16
54.48
56.58
56.76
56.5
56.67
NA
NA
56.86
56.4
55.64
57.61
56.63
55.83
54.95
59.59
58.86
57.42
56.48
58.22
57.03
55.03
58.1
57.46
56.24
56.45
55.74
56.32
56.38
55.99
55.84
56.42
56.38
56.11
55.84
56.8
54.53
56.33
56.21
55.99
55.91
56.71
54.96
55.59
57.7
54.41
53.96
59.15
54.74
55.2
57.21
57.68
56.69
57.84
58.07
55.44
56.6
57.26
53.3
56.87
56.82
55.19
55.43
56.28
57.93
53.34
57.24
57.17
57.95
56.9
58.68
NA
56.93
56.85
NA
56.82
58.3
56.95
55.09
58.39
56.65
56.42
54.61
55.33
57.27
58.15
56.19
56.41
55.44
59.37
57.38
56.44
58.48
55.98
55.74
57.54
55.25
56.65
56.84
56.57
54.35
57.25
NA
57.35
57.65
55.01
58.93
59.3
59.67
55.2
53.2
56.85
59.51
56.99
60.35
56.48
53.9
55.54
58.94
54.89
56.59
56.51
56.99
58.62
56.48
57.86
56.17
52.21
56.21
59.02
57.4
56.14
NA
57.18
57.14
55.66
NA
54.18
56.68
56.41
57.12
57.82
54.2
59.48
54.25
55.91
55.11
55.94
56.67
57.38
55.04
55.93
57.21
56.64
56.52
56.94
56.5
57.33
56.97
57.59
56.71
56.03
57.02
56.14
56.27
56.25
57.2
57.24
57.15
55.45
57.77
56.96
55.09
56.57
58.23
56.51
56.22
56.6
57.0
55.44
55.87
54.84
57.15
56.58
56.6
55.83
56.96
55.12
57.02
56.81
56.7
59.42
57.95
57.19
54.85
56.69
54.87
55.18
57.01
56.46
56.67
55.02
58.2
55.2
57.81
54.81
57.08
55.07
56.53
58.75
54.78
58.19
57.19
55.83
56.09
59.71
57.51
54.83
54.74
56.63
56.23
57.34
56.38
55.47
56.36
57.65
56.32
56.39
56.15
55.76
59.58
58.44
56.8
55.45
57.77
58.39
54.81
58.15
55.04
55.16
55.08
55.24
55.05
57.16
NA
56.94
57.76
54.51
59.98
55.86
57.99
55.61
55.51
57.11
55.61
NA
56.11
NA
NA
55.31
57.05
58.27
57.4
56.91
60.55
58.42
58.73
56.87
56.99
56.78
57.83
57.27
56.19
NA
NA
NA
58.27
54.22
55.49
54.78
54.93
54.77
56.13
57.18
55.45
55.88
53.72
57.61
56.64
54.99
56.52
56.18
55.03
57.26
53.31
55.88
NA
56.52
56.61
57.83
58.37
57.02
56.2
56.85
57.28
60.32
54.25
NA
NA
57.41
56.6
56.01
54.98
56.38
54.15
56.35
55.25
57.17
57.21
55.31
57.27
57.17
60.57
56.3
57.22
55.02
57.82
56.62
60.07
NA
NA
57.65
57.3
57.63
NA
56.42
57.28
55.43
59.01
54.57
56.62
57.79
55.94
58.34
56.93
58.77
55.8
56.02
57.02
58.96
56.57
58.51
54.5
57.05
56.93
57.97
56.93
56.43
55.89
59.02
56.63
56.32
57.08
57.46
57.28
57.82
56.48
NA
NA
NA
NA
57.07
54.15
57.44
57.45
56.02
55.68
54.58
57.48
54.48
52.48
55.68
54.58
57.48
54.48
52.58
55.69
54.59
57.49
54.59
52.49
55.62
54.52
57.52
54.52
52.42
55.66
54.26
57.56
53.06
53.36
57.13
55.95
54.29
56.71
57.19
55.95
55.86
NA
58.42
55.64
59.29
54.82
56.93
58.44
58.39
55.87
NA
55.56
57.54
57.21
57.52
57.33
56.1
56.65
56.21
56.51
53.78
59.99
55.65
57.46
54.67
57.12
56.28
57.21
54.43
56.58
55.38
56.33
58.18
56.9
56.47
55.49
56.21
58.3
57.24
60.94
54.92
58.23
56.49
56.57
55.76
56.95
56.15
56.51
NA
56.36
56.75
57.26
58.43
54.93
58.24
56.51
56.59
54.25
55.48
58.17
55.75
59.85
57.33
55.21
59.56
55.41
56.55
56.75
58.81
58.45
58.33
58.35
58.05
58.47
56.33
56.26
56.04
56.24
56.24
56.34
56.72
56.19
56.87
56.84
56.9
57.92
56.47
56.11
56.25
57.31
56.4
55.22
56.72
56.35
57.49
58.2
56.13
57.29
57.96
56.61
58.26
58.72
55.21
56.62
56.4
55.01
51.98
55.3
NA
NA
55.49
56.32
56.18
57.97
56.53
56.5
57.57
59.86
57.76
NA
57.88
57.12
55.73
NA
57.19
57.85
57.12
55.52
58.23
58.04
56.58
58.09
55.64
55.67
NA
56.96
57.61
55.78
58.37
56.86
57.86
56.96
NA
NA
55.29
56.49
55.69
56.85
57.09
56.37
NA
NA
NA
NA
NA
NA
56.37
56.16
58.05
56.5
56.51
57.61
56.49
55.1
56.37
57.95
NA
NA
56.05
57.76
55.78
55.6
NA
57.19
60.19
59.34
56.99
56.56
62.35
58.99
NA
57.48
57.53
58.94
57.52
54.99
56.96
NA
NA
55.27
56.37
58.17
56.15
56.07
56.48
56.81
55.83
56.72
56.04
56.51
57.68
56.5
55.54
56.6
56.05
56.33
56.41
58.32
57.18
57.89
57.72
56.82
57.41
61.24
57.44
57.07
55.78
55.97
62.34
NA
56.48
59.97
56.75
57.75
56.25
56.92
54.86
57.16
NA
NA
NA
NA
NA
NA
NA
NA
NA
58.63
52.43
56.23
57.53
55.93
56.23
57.12
58.72
58.52
56.13
57.33
57.06
57.9
57.3
57.47
54.97
58.28
56.57
56.58
54.95
58.25
56.54
56.73
55.61
56.61
57.01
54.98
54.08
58.48
56.78
57.78
56.28
56.68
57.68
56.18
55.27
62.27
59.15
54.75
58.15
55.84
54.19
56.59
58.4
55.75
58.25
56.81
57.11
58.91
57.81
56.81
58.11
56.04
52.74
58.96
56.97
57.58
57.42
56.87
58.24
54.24
53.87
58.03
59.18
55.74
51.57
55.03
56.92
57.57
54.93
56.82
56.19
54.93
56.82
56.19
56.62
53.92
56.63
55.73
55.63
56.12
56.48
56.96
54.97
58.15
56.54
56.72
54.98
58.17
56.56
56.7
57.19
57.39
56.89
55.89
56.61
55.98
56.18
56.17
57.11
55.91
56.21
56.63
58.79
56.39
56.46
55.97
58.67
56.14
58.99
55.64
54.04
55.44
58.14
55.96
55.04
56.78
55.66
58.26
57.34
56.42
56.17
55.66
57.06
56.43
55.69
55.13
57.43
55.63
56.83
60.91
53.66
55.61
54.8
54.53
58.18
55.99
56.01
57.61
57.43
57.83
56.75
58.45
56.45
56.72
58.42
56.42
56.74
54.67
58.07
54.24
55.77
54.89
58.69
57.18
58.09
56.81
55.94
54.55
57.25
57.85
56.35
54.25
55.65
59.15
57.46
54.86
56.98
56.34
56.51
58.04
56.43
57.76
56.6
58.17
57.43
57.57
NA
57.32
56.12
56.42
55.52
56.06
55.66
58.37
57.57
59.47
53.77
57.82
55.91
56.06
54.66
57.66
54.82
57.41
58.63
56.48
56.96
58.86
57.88
58.79
56.95
NA
57.63
56.77
55.42
58.08
57.18
55.98
58.39
56.77
56.62
56.54
60.6
58.3
55.44
NA
NA
57.13
57.01
57.26
57.09
57.44
NA
NA
56.17
57.85
56.95
55.55
57.68
57.18
58.07
58.15
51.7
NA
58.04
57.04
55.94
57.48
54.48
57.14
54.57
56.98
57.65
56.1
57.12
55.32
56.52
61.13
54.41
57.56
57.42
56.42
56.19
56.94
55.71
55.84
61.08
54.78
56.77
56.95
55.75
56.26
56.55
57.84
53.74
56.74
56.29
54.79
58.18
54.83
56.56
59.39
57.95
57.15
56.05
58.67
56.25
56.95
57.2
59.2
NA
58.02
57.12
55.92
56.75
57.7
56.75
55.55
58.96
58.03
NA
56.82
57.11
57.62
56.89
57.21
55.77
59.82
57.15
56.95
56.1
55.91
56.64
56.89
58.18
56.77
54.82
56.21
58.35
57.75
56.85
54.05
56.45
54.55
56.95
59.95
56.05
54.75
56.65
51.85
57.85
56.65
58.23
57.47
56.72
53.82
56.83
54.58
57.32
59.69
56.05
54.69
56.4
51.99
57.81
56.81
56.64
56.97
56.77
56.75
56.46
57.08
57.9
57.18
57.03
57.03
56.11
58.57
58.36
56.59
57.39
57.87
56.84
55.94
57.45
54.47
58.17
57.53
58.19
58.13
57.03
55.83
57.77
54.57
55.84
55.61
53.6
56.0
58.68
56.98
57.75
57.44
55.64
58.72
55.55
59.51
53.39
55.39
56.58
NA
58.28
56.58
NA
55.18
55.88
56.16
55.15
58.22
58.56
56.44
57.24
56.75
56.14
56.98
56.38
57.19
56.66
56.11
56.95
59.5
56.25
58.85
58.78
58.36
56.22
58.59
58.81
58.11
56.73
57.08
56.48
56.99
57.81
56.97
58.09
59.51
56.29
57.2
53.92
57.76
59.68
55.45
56.39
59.76
56.58
55.06
56.43
58.68
57.38
56.9
55.48
53.8
53.8
54.24
55.77
57.24
56.23
55.82
53.8
53.8
57.55
56.45
57.25
56.15
57.85
57.15
55.05
56.45
56.25
56.15
55.85
57.95
56.55
55.85
55.55
55.75
50.9
54.95
61.11
58.03
58.96
53.56
56.36
57.47
55.54
56.06
57.02
60.42
57.2
59.2
NA
57.53
56.75
57.57
57.09
58.32
56.06
57.07
55.98
NA
56.43
56.9
53.62
55.96
56.55
55.52
53.81
55.91
54.81
57.71
54.91
55.99
54.69
57.19
54.79
56.1
52.99
58.22
56.62
56.18
56.81
56.41
56.53
57.07
56.06
56.06
56.72
56.63
54.59
57.84
56.87
56.05
54.77
56.81
56.26
57.07
57.82
56.59
57.78
56.22
NA
61.36
56.56
62.73
57.12
57.84
54.97
56.62
NA
NA
NA
NA
55.42
58.32
57.12
57.42
58.72
57.21
57.4
56.92
57.88
57.94
57.48
59.13
NA
56.49
57.12
NA
53.28
59.28
59.68
56.01
57.79
54.87
57.39
57.47
57.14
53.53
55.71
59.32
56.86
57.46
57.76
58.29
56.68
58.38
57.67
56.42
55.2
57.8
57.17
57.74
55.07
57.58
59.64
55.56
NA
57.62
59.59
57.89
55.8
57.22
55.34
57.04
55.84
56.83
56.03
55.23
55.91
54.63
57.7
54.87
53.05
59.66
57.07
59.25
57.33
57.78
56.35
55.57
57.69
59.09
60.04
57.12
53.89
58.26
57.61
58.3
57.54
57.05
54.66
NA
57.05
55.41
57.14
NA
57.36
60.86
58.78
56.71
57.21
56.15
57.23
57.09
54.54
55.13
NA
56.9
57.7
56.54
59.37
57.37
56.32
57.14
59.44
55.15
55.5
NA
57.51
56.0
56.18
56.78
57.61
54.62
55.72
56.26
55.25
57.25
56.75
56.73
56.72
57.36
54.53
55.63
53.7
54.67
54.66
57.08
55.7
55.2
51.62
58.74
56.15
56.7
58.81
NA
57.04
59.44
NA
57.42
59.62
54.82
56.96
58.0
56.8
55.8
56.23
57.43
56.89
57.05
57.91
54.57
54.66
57.46
NA
56.05
57.7
57.77
58.0
57.64
57.89
55.34
55.44
56.19
57.85
55.61
56.91
56.43
57.13
56.93
56.08
55.89
56.62
56.87
58.16
58.11
56.55
55.43
56.46
57.99
55.19
56.36
58.0
55.22
56.36
58.09
55.64
52.21
NA
56.53
56.23
56.73
NA
NA
NA
56.72
57.35
56.15
59.23
55.2
56.47
53.75
58.65
55.93
56.53
54.13
55.84
56.04
55.84
57.34
55.57
59.27
56.82
NA
NA
56.17
58.13
58.38
60.04
55.04
53.87
58.57
57.21
57.91
57.69
58.59
56.99
56.39
56.32
54.96
57.45
58.96
55.42
57.62
56.26
57.25
56.59
52.95
58.17
56.6
59.27
57.47
56.18
56.5
56.45
54.43
56.73
56.96
56.25
56.94
56.48
57.08
54.88
58.02
56.92
55.72
59.88
NA
NA
NA
NA
NA
NA
NA
NA
NA
NA
NA
NA
57.0
57.24
56.71
55.97
54.82
55.92
54.77
NA
56.86
NA
57.86
56.25
57.57
52.77
55.77
55.87
57.67
55.27
57.67
57.37
56.77
58.47
58.07
56.93
56.66
56.77
56.67
56.87
57.39
56.79
55.42
58.07
56.66
56.71
NA
56.88
55.66
55.46
56.62
57.44
56.82
58.26
56.38
NA
NA
55.32
55.22
56.16
54.91
NA
58.35
56.32
54.71
56.02
55.68
56.72
55.12
57.5
55.67
56.75
58.51
57.09
57.07
59.42
56.48
55.04
58.21
57.46
56.39
58.1
57.5
57.64
55.53
62.31
57.91
NA
NA
58.26
57.66
55.76
58.41
57.98
57.98
56.19
59.95
57.95
54.89
56.79
56.42
57.82
56.11
57.07
57.57
59.01
54.06
57.69
54.62
57.7
57.57
56.55
54.29
57.59
55.59
56.69
54.89
55.33
57.11
59.58
56.64
55.73
55.09
52.79
56.29
57.89
57.39
57.29
57.59
54.92
57.22
56.02
NA
NA
55.53
55.18
56.22
56.89
55.26
55.88
58.44
56.37
56.85
54.62
56.2
55.26
59.2
56.82
57.11
59.32
59.5
55.54
58.29
57.53
55.54
56.95
57.1
56.4
NA
56.6
NA
56.28
56.64
56.92
55.32
57.12
56.31
57.41
56.21
56.31
57.91
57.11
59.01
59.31
53.41
55.7
59.01
58.54
57.65
58.0
55.93
55.95
54.28
55.78
57.2
57.3
55.6
55.95
58.67
57.47
NA
59.21
64.44
55.86
54.66
54.63
56.69
54.48
55.58
56.98
55.57
59.53
51.94
53.92
56.25
59.29
55.94
58.76
57.42
57.54
59.58
56.12
53.95
56.27
53.69
54.49
56.99
58.5
NA
NA
56.55
58.05
55.06
57.51
52.61
56.21
55.51
57.61
55.21
57.81
57.41
55.91
58.41
58.01
NA
59.54
57.87
57.44
54.42
57.5
55.62
56.49
56.49
55.69
57.8
54.66
56.04
58.35
56.92
56.9
57.89
NA
57.44
59.45
56.8
NA
56.2
56.07
55.76
55.37
55.98
57.28
57.07
57.33
56.19
56.14
56.54
55.44
56.6
57.59
57.86
60.58
59.75
56.34
56.74
54.84
57.24
56.33
55.11
58.49
57.8
56.6
56.71
58.75
58.79
57.22
56.3
56.4
57.03
NA
56.24
54.24
60.34
54.67
58.88
58.59
57.8
56.38
57.96
57.49
55.41
56.02
57.52
56.22
57.6
56.96
56.72
57.02
55.86
57.29
55.66
57.26
56.06
54.9
57.52
57.13
56.1
56.98
54.06
56.63
57.43
58.23
60.11
57.01
56.61
57.21
56.11
55.01
56.77
56.91
57.34
57.74
56.74
55.78
55.88
59.88
56.84
53.04
56.66
56.39
55.41
56.94
58.05
56.85
55.95
57.06
55.96
55.03
55.61
57.14
54.59
58.18
57.28
56.08
57.87
56.87
55.77
57.91
57.11
56.01
56.6
56.3
56.72
55.09
56.22
55.42
58.78
57.25
56.23
56.23
58.98
57.29
55.07
62.56
57.73
57.13
55.83
55.37
55.8
56.24
56.42
55.57
56.1
59.56
57.28
56.0
53.3
55.45
NA
56.52
55.43
NA
56.44
54.85
58.04
56.83
56.34
55.57
59.63
59.66
54.69
55.19
56.79
54.29
57.83
54.23
57.53
NA
58.0
55.99
55.67
57.81
58.28
60.39
56.15
57.73
60.48
56.08
56.92
56.89
56.51
56.72
56.93
56.95
55.35
56.95
57.65
55.35
57.25
56.66
57.97
56.57
54.91
58.2
55.46
57.14
56.69
58.53
55.85
56.21
59.74
55.12
NA
NA
56.69
55.3
57.0
56.47
58.46
56.1
56.84
57.4
54.06
57.51
57.77
57.57
59.18
56.61
58.8
56.66
54.44
54.44
56.14
57.34
59.23
56.09
57.22
57.55
59.6
55.65
57.16
57.55
57.42
56.74
56.44
57.99
56.9
57.09
55.05
NA
57.42
57.25
57.51
55.58
58.0
57.85
56.76
56.99
NA
56.4
56.15
57.07
57.39
56.02
56.22
57.64
54.99
56.69
55.7
57.01
56.52
56.22
55.91
56.18
58.38
58.16
56.64
56.78
54.04
56.03
57.28
56.95
55.69
56.79
56.0
56.64
57.15
57.64
56.13
58.69
56.57
57.21
56.14
55.62
57.06
55.86
57.88
55.96
52.95
56.66
56.54
58.85
57.1
54.36
57.1
54.97
55.61
55.81
56.94
56.52
55.37
57.24
56.81
56.2
55.12
56.72
56.87
58.87
57.14
58.25
56.29
58.44
57.57
59.33
59.72
56.92
56.7
56.97
56.59
59.86
55.28
56.3
NA
NA
NA
57.79
56.3
56.24
55.92
NA
59.68
57.57
58.69
55.37
55.62
56.52
56.17
59.39
NA
56.04
54.52
57.56
54.6
56.56
57.36
59.45
NA
59.76
58.06
56.62
56.69
57.51
56.22
58.07
56.47
58.97
56.45
57.44
57.09
57.2
57.0
55.4
57.45
57.46
59.2
58.15
59.38
57.16
57.99
53.75
57.27
56.52
57.17
56.06
58.23
56.17
60.72
57.73
57.08
55.95
56.25
57.74
55.79
56.06
53.37
58.18
58.38
55.28
56.98
55.02
NA
NA
56.5
56.99
55.79
55.79
58.99
54.78
55.48
55.98
56.58
55.43
56.61
55.07
57.24
57.96
56.63
NA
55.25
59.29
58.67
59.17
55.88
59.24
56.93
55.9
55.59
57.75
56.15
57.07
57.41
56.46
56.0
56.1
53.54
55.01
55.56
60.37
57.14
53.14
55.54
55.64
57.64
56.34
54.54
58.51
56.27
58.16
55.34
57.77
56.59
57.02
58.2
56.18
NA
55.57
56.46
56.58
55.26
57.32
56.93
57.3
56.05
54.67
59.79
58.78
NA
57.29
57.58
58.95
53.37
58.28
NA
57.41
55.23
57.48
57.41
56.88
57.4
56.07
55.07
53.58
55.01
53.41
59.28
57.39
56.12
56.7
57.94
60.96
55.22
57.9
57.07
56.45
52.43
55.64
56.35
58.87
55.7
59.84
57.17
56.37
56.77
56.79
55.13
56.87
NA
56.13
57.06
56.5
56.93
56.15
56.91
57.41
54.93
58.06
56.49
57.19
59.04
54.06
56.58
55.07
56.43
57.64
55.97
55.74
58.74
57.73
55.03
56.4
57.66
55.99
NA
NA
57.6
55.1
58.6
53.94
53.84
58.18
53.47
56.74
53.74
57.73
56.97
57.49
56.35
55.84
56.37
57.61
58.51
58.31
57.67
59.48
55.71
58.31
57.01
54.84
57.45
57.28
58.96
57.29
54.94
54.31
57.96
57.63
56.94
57.08
56.98
55.93
58.24
56.94
55.94
56.59
57.65
55.16
56.66
55.67
NA
NA
55.66
56.93
56.44
60.73
57.12
57.69
60.27
57.98
56.48
55.03
56.45
54.82
55.9
55.92
58.7
56.46
57.73
57.56
59.53
55.72
57.18
57.88
57.69
56.57
56.32
53.59
55.65
57.46
54.67
NA
NA
57.72
57.66
53.61
58.48
57.04
53.92
57.67
55.42
56.06
55.44
56.18
56.06
55.38
57.43
57.99
NA
57.81
57.8
56.04
56.04
55.98