42.05
37.76
41.09
37.87
39.16
38.0
37.58
38.75
NA
38.6
37.23
38.29
38.41
37.98
38.2
36.9
38.49
40.34
38.22
40.05
39.3
38.99
38.59
38.31
38.26
38.62
38.79
38.56
38.34
39.85
39.84
38.17
38.1
NA
38.26
NA
NA
35.55
39.36
39.99
38.37
38.59
38.16
39.12
39.94
39.7
39.16
41.31
40.69
38.61
38.06
37.95
38.48
38.06
37.94
38.99
37.66
38.6
38.66
39.38
43.91
39.98
NA
NA
NA
39.23
38.9
NA
38.56
38.76
38.32
35.2
40.79
NA
38.98
38.3
37.87
40.75
40.62
39.01
40.83
38.06
38.1
38.77
37.86
40.38
38.59
NA
NA
NA
NA
NA
NA
38.66
38.53
37.87
38.78
37.99
NA
37.28
39.77
37.26
NA
39.35
38.37
37.59
37.22
39.97
39.24
38.91
39.07
38.65
NA
39.88
41.27
39.51
38.1
39.09
41.19
38.87
37.29
39.62
39.7
39.42
38.71
34.6
38.84
38.8
41.22
39.7
41.17
35.39
38.01
41.2
39.53
39.62
38.55
NA
39.86
38.11
38.63
38.93
39.96
37.05
37.38
41.86
40.15
41.55
39.63
37.92
41.03
37.96
38.44
37.2
40.97
36.51
38.18
38.1
38.76
40.26
38.61
38.6
38.75
38.62
38.66
39.26
37.68
39.62
38.76
39.89
40.85
NA
37.91
41.11
38.51
38.41
40.46
37.32
40.35
NA
40.44
NA
39.79
38.77
39.45
38.83
NA
NA
38.79
38.39
39.01
NA
NA
NA
42.03
NA
38.59
42.02
NA
NA
41.23
37.81
39.48
36.94
37.08
40.71
40.25
38.75
NA
NA
NA
NA
38.38
37.9
NA
37.75
41.27
38.67
NA
NA
NA
36.78
39.54
41.14
41.44
38.24
NA
39.34
39.34
40.11
40.79
37.31
NA
39.91
NA
37.66
40.44
39.4
NA
39.17
38.33
38.37
38.12
38.4
NA
41.18
38.63
37.83
37.79
41.65
38.33
39.2
39.68
NA
NA
39.98
NA
NA
39.94
38.72
38.76
NA
NA
NA
NA
NA
NA
NA
NA
NA
NA
NA
NA
NA
NA
NA
NA
NA
NA
NA
NA
39.66
38.82
37.67
NA
NA
38.72
NA
NA
NA
37.58
37.73
38.05
38.34
34.99
40.32
40.2
37.99
36.51
34.88
41.33
NA
34.47
38.47
37.0
38.78
41.28
40.66
37.07
NA
42.38
39.14
39.14
38.67
NA
39.7
39.18
38.88
38.95
39.61
38.98
38.88
38.88
36.6
41.61
36.83
37.22
38.75
36.36
34.17
33.14
34.13
37.15
41.33
39.39
NA
39.19
39.82
NA
39.72
39.71
39.51
NA
39.41
39.41
NA
NA
38.78
38.57
NA
37.59
38.02
39.26
37.77
40.58
39.68
NA
NA
38.5
NA
NA
41.32
35.93
34.6
38.67
37.55
36.88
39.55
NA
NA
NA
NA
NA
41.08
38.17
NA
NA
NA
36.31
38.11
36.51
39.4
NA
NA
NA
39.98
NA
NA
38.11
36.11
34.76
NA
37.63
33.3
39.27
40.77
NA
NA
38.83
42.27
NA
NA
39.4
39.5
39.69
39.62
38.92
37.87
38.91
37.62
38.92
37.83
37.91
39.01
38.84
38.81
37.65
NA
39.8
36.18
38.39
38.01
38.22
40.12
37.76
38.17
39.85
NA
40.26
NA
NA
NA
NA
NA
NA
NA
NA
NA
NA
39.03
40.63
38.12
38.72
NA
NA
NA
NA
38.33
NA
NA
38.58
38.58
40.08
NA
NA
36.58
NA
38.58
38.18
34.68
38.28
41.07
39.07
38.77
41.07
39.15
39.14
37.54
39.49
41.69
NA
38.79
37.59
39.29
38.87
40.47
37.57
NA
NA
38.55
NA
40.2
36.71
35.84
38.54
42.44
38.1
37.72
39.92
39.22
40.06
39.3
NA
42.68
39.41
NA
35.37
39.35
39.35
38.3
NA
39.12
37.68
NA
NA
39.41
37.78
37.94
38.74
38.04
37.95
37.87
NA
39.88
40.1
37.7
37.4
38.77
38.38
36.76
39.14
NA
40.78
38.09
39.32
NA
NA
NA
NA
NA
NA
NA
NA
NA
39.03
NA
38.29
40.74
NA
NA
39.34
39.24
38.64
38.07
41.87
39.22
35.66
42.0
39.63
37.43
40.73
36.32
39.57
39.41
38.66
NA
NA
39.93
NA
NA
NA
NA
38.77
39.32
39.12
38.56
37.16
37.07
34.17
NA
37.9
39.05
41.9
39.87
39.88
38.01
NA
NA
38.34
41.02
38.82
NA
NA
38.54
NA
35.08
NA
38.66
38.87
35.41
38.05
40.24
NA
NA
34.95
NA
38.92
35.11
42.23
37.98
NA
NA
NA
35.04
NA
38.59
39.42
39.1
39.42
38.92
NA
NA
38.69
40.94
38.58
38.48
39.88
38.93
39.58
30.4
37.63
NA
38.14
39.19
38.47
38.81
34.85
41.65
38.55
38.42
40.96
NA
39.15
NA
38.77
NA
30.4
37.63
NA
40.26
35.02
NA
34.78
41.16
38.76
37.76
NA
38.76
39.77
39.87
39.19
NA
39.3
35.87
36.67
38.65
36.7
35.39
35.16
38.1
41.23
NA
35.98
40.41
38.76
39.38
39.35
36.25
39.62
40.85
40.76
35.51
35.93
40.27
NA
36.24
NA
39.76
38.27
38.97
NA
38.34
NA
35.03
42.03
38.7
38.17
40.09
38.15
39.54
41.94
35.76
41.18
38.78
34.52
41.66
36.0
38.08
39.88
42.88
34.38
NA
NA
NA
42.01
36.83
36.23
38.65
40.35
36.65
36.68
38.3
38.6
42.33
40.47
34.91
40.59
37.33
41.42
35.22
NA
NA
NA
38.32
NA
37.64
39.67
40.17
38.27
38.87
38.87
40.16
37.36
37.36
40.66
41.07
39.88
34.7
NA
41.77
40.38
41.87
39.22
39.16
38.41
41.77
40.38
41.16
NA
39.72
38.06
35.06
NA
37.88
39.86
36.98
NA
NA
39.42
38.52
39.82
39.21
41.61
40.11
40.31
38.11
38.99
42.09
39.79
39.49
38.09
41.66
36.41
NA
41.73
36.59
41.14
40.86
37.96
38.06
40.09
39.18
39.25
NA
37.65
NA
NA
38.65
NA
38.33
NA
NA
NA
40.77
39.77
NA
NA
38.6
41.18
38.78
40.18
37.68
38.87
37.9
39.19
NA
39.63
NA
40.34
40.04
38.03
38.34
40.72
38.52
36.62
39.67
38.8
38.66
36.84
40.07
38.92
NA
42.96
40.34
40.04
39.07
35.99
40.23
39.93
37.53
42.65
38.75
36.34
38.37
NA
38.76
NA
NA
NA
NA
38.02
40.22
39.52
34.92
NA
NA
38.72
39.06
38.48
40.76
38.56
NA
39.41
NA
NA
NA
39.95
41.25
38.85
37.75
38.85
39.95
41.65
38.45
NA
37.82
37.23
35.29
35.8
37.61
39.9
38.47
38.26
38.76
38.76
38.75
38.74
38.42
38.67
39.18
41.48
39.83
39.23
38.92
38.91
NA
NA
NA
43.78
NA
36.8
NA
NA
40.43
34.9
42.0
39.9
38.78
38.02
37.83
37.9
41.69
39.89
32.06
41.06
35.66
37.75
35.15
37.75
NA
39.52
38.48
38.85
40.96
39.01
NA
NA
38.41
NA
35.37
35.14
35.52
NA
NA
NA
NA
NA
40.33
NA
40.03
NA
NA
38.9
38.27
39.51
37.85
36.25
40.93
38.73
37.03
41.63
NA
NA
38.42
38.66
38.17
36.07
38.89
NA
40.36
37.73
39.58
40.01
NA
NA
38.73
38.81
38.82
40.88
38.4
37.83
38.32
36.03
38.63
39.29
36.42
41.25
38.78
37.54
37.22
40.75
42.28
36.84
37.91
39.36
39.15
41.25
NA
38.78
37.28
34.82
NA
NA
NA
NA
NA
NA
NA
NA
NA
NA
NA
NA
NA
NA
NA
NA
NA
NA
NA
38.7
40.5
41.47
39.3
39.08
NA
39.05
38.81
39.07
38.94
39.01
38.73
40.36
35.97
NA
40.57
34.5
38.91
NA
38.84
37.94
35.54
39.43
38.54
38.51
39.7
40.1
NA
NA
41.51
36.32
39.42
40.84
38.5
37.74
40.6
NA
40.1
41.08
41.63
38.46
39.08
40.47
42.15
NA
37.45
39.95
NA
41.19
40.77
NA
37.98
NA
NA
NA
NA
NA
NA
37.85
NA
NA
39.48
39.15
38.09
38.65
40.46
38.01
38.96
41.43
NA
40.99
NA
41.27
41.32
38.72
38.67
38.96
39.31
38.97
37.48
39.99
40.49
37.8
NA
39.85
NA
40.69
39.25
38.74
41.02
39.08
39.29
38.98
NA
38.77
42.02
38.13
39.67
38.37
35.72
41.38
41.09
35.04
41.24
38.94
NA
37.41
38.81
38.44
38.25
38.55
38.44
42.55
39.38
38.63
NA
38.38
35.97
37.72
42.04
34.84
39.24
38.58
38.85
NA
38.49
35.97
38.1
39.3
39.9
38.38
34.88
38.11
40.41
38.13
40.18
41.09
38.89
38.89
35.71
39.71
40.61
NA
37.59
38.24
39.27
38.24
40.69
41.18
NA
36.9
39.1
NA
NA
NA
40.76
37.55
37.13
39.4
NA
39.36
38.22
39.97
NA
41.2
39.27
39.82
NA
NA
39.3
38.9
39.11
39.98
38.99
40.83
37.83
39.0
38.98
NA
38.69
40.58
37.27
NA
43.64
41.54
39.17
40.44
38.16
39.71
37.84
40.35
38.94
40.24
37.61
37.95
38.09
37.76
37.62
NA
37.22
34.92
41.16
37.78
38.15
38.84
39.14
NA
40.54
45.94
NA
39.83
38.63
37.79
33.92
37.99
38.58
39.85
40.17
33.34
41.53
40.79
39.72
39.11
39.28
NA
38.97
39.76
36.9
38.56
39.07
38.58
37.43
37.35
39.31
41.61
42.51
38.4
NA
39.14
41.68
39.1
40.5
NA
NA
NA
NA
38.22
38.92
39.12
40.52
38.72
38.18
38.48
38.54
41.94
39.72
36.35
36.35
NA
40.26
36.46
36.66
41.36
38.26
38.55
NA
38.28
NA
NA
NA
37.67
36.37
36.17
41.27
36.31
35.11
41.61
40.5
40.78
NA
38.44
40.5
32.59
36.65
32.42
36.94
38.93
38.61
38.8
37.63
36.53
36.53
NA
NA
37.22
38.89
36.23
39.07
34.99
36.14
37.91
NA
39.22
NA
39.0
NA
37.92
41.21
NA
NA
NA
40.52
38.77
38.17
NA
40.5
40.1
39.96
37.43
38.75
NA
40.95
39.11
39.09
37.49
39.72
40.06
39.39
NA
40.98
37.11
37.12
38.31
NA
40.14
38.97
38.52
40.48
37.72
NA
43.11
37.56
39.78
NA
37.74
36.04
42.59
38.5
NA
38.43
NA
37.27
NA
37.46
42.61
38.54
38.22
41.46
NA
42.07
39.57
39.03
37.63
NA
40.95
38.56
43.53
41.83
39.73
38.09
NA
NA
NA
38.7
40.44
38.09
41.27
38.25
37.94
41.61
37.42
41.3
38.9
37.09
NA
40.75
NA
41.72
NA
NA
40.26
NA
40.03
37.82
39.12
37.51
38.31
NA
NA
37.26
NA
40.39
38.22
39.45
NA
39.54
40.92
39.82
34.62
40.25
39.84
39.84
38.54
44.28
NA
39.3
39.74
NA
36.45
39.16
37.85
40.34
NA
NA
NA
39.06
40.21
33.4
39.46
41.24
39.05
38.45
37.2
40.33
38.47
38.74
35.61
NA
NA
39.11
40.4
NA
38.49
NA
38.23
39.35
38.41
39.62
39.65
39.44
39.07
42.11
39.87
39.88
38.05
NA
39.5
38.68
39.33
38.36
NA
38.88
40.64
36.64
NA
36.09
39.44
37.97
41.95
38.95
NA
40.22
40.27
37.5
34.63
39.0
NA
39.66
NA
39.54
37.74
38.29
40.47
40.29
NA
NA
39.49
37.68
NA
38.54
NA
38.8
36.12
38.32
37.87
37.82
NA
NA
39.62
39.96
35.61
41.92
42.56
42.0
39.4
39.31
37.56
40.49
40.57
36.87
38.35
NA
38.58
38.91
39.7
38.53
NA
NA
38.54
38.59
37.97
39.05
39.5
39.23
31.0
38.27
38.46
39.5
38.83
37.74
38.18
37.81
NA
37.94
NA
38.96
38.12
NA
33.21
NA
NA
44.93
36.73
38.89
39.64
NA
NA
NA
NA
NA
37.03
41.86
39.0
39.11
NA
NA
39.18
37.53
40.6
40.3
38.58
38.79
NA
37.59
42.39
37.95
35.54
NA
39.96
NA
NA
35.1
38.23
40.24
38.54
NA
43.04
38.64
37.43
40.93
42.37
38.54
39.04
39.33
39.28
41.51
38.04
38.4
37.82
41.37
43.67
NA
38.75
39.15
38.03
39.03
42.69
35.39
41.19
NA
NA
40.01
NA
NA
36.98
38.77
44.36
NA
39.15
NA
38.04
39.92
38.94
33.73
38.92
33.71
39.56
39.39
38.06
39.54
38.52
38.56
38.98
38.57
38.98
NA
NA
NA
NA
38.59