38.37
37.41
38.3
37.52
37.52
40.34
38.2
39.97
36.65
37.82
NA
37.49
38.41
38.0
37.72
38.82
36.95
36.74
37.81
39.29
39.1
36.79
NA
38.1
36.46
38.26
38.16
38.39
NA
37.08
39.15
37.97
37.71
38.48
39.52
38.06
39.6
38.37
38.58
38.29
37.32
39.41
39.0
37.17
38.44
38.27
39.18
37.85
39.17
36.41
35.93
39.29
37.44
38.24
38.34
38.4
38.39
39.68
38.61
39.24
38.58
38.1
38.51
39.02
38.25
37.76
39.12
38.05
38.25
38.68
38.3
38.9
38.68
37.65
38.42
36.92
37.04
37.22
37.97
38.0
38.05
38.49
38.67
38.42
NA
38.06
38.64
39.0
38.32
38.72
38.27
37.71
40.15
NA
39.01
39.1
35.97
38.12
37.09
38.81
39.34
39.65
36.72
NA
37.52
39.37
36.14
37.21
37.8
38.27
38.71
38.08
NA
37.13
39.23
38.69
NA
35.81
39.0
39.45
38.9
37.91
36.86
37.12
38.11
36.11
NA
NA
NA
39.4
38.62
36.4
NA
38.25
37.26
39.11
NA
NA
NA
NA
NA
39.43
NA
NA
38.68
NA
39.8
39.2
38.31
NA
NA
38.27
36.94
38.0
37.46
37.99
38.71
36.79
38.53
40.06
36.31
37.91
39.33
37.14
36.54
39.13
29.39
NA
38.77
NA
39.12
36.32
NA
37.59
37.51
38.05
39.09
36.65
38.05
NA
NA
NA
38.21
NA
NA
38.96
38.29
38.61
37.78
38.08
36.9
38.9
38.8
37.3
39.22
37.81
35.51
38.11
37.35
37.43
36.7
37.6
38.3
NA
NA
38.52
37.85
38.65
38.09
38.31
37.43
38.91
38.84
39.27
38.1
39.54
39.3
36.62
37.85
38.48
38.31
NA
NA
NA
NA
NA
NA
NA
NA
NA
NA
NA
NA
37.88
37.63
39.06
36.42
39.64
35.25
NA
NA
NA
NA
NA
NA
NA
NA
NA
NA
NA
NA
NA
NA
NA
NA
NA
NA
NA
NA
38.4
NA
37.91
37.59
37.59
37.46
38.63
37.1
NA
37.57
NA
NA
35.97
35.7
38.78
39.38
38.82
38.24
37.42
39.49
38.82
38.45
37.16
37.69
38.25
38.42
37.58
38.9
39.17
39.1
39.23
39.22
39.22
38.05
38.88
38.88
37.66
39.1
37.2
38.31
40.22
36.32
38.81
36.3
38.83
37.82
39.14
38.67
37.83
37.93
38.05
NA
NA
NA
NA
NA
NA
NA
37.63
39.09
NA
36.47
NA
37.43
38.9
35.92
39.12
38.88
37.59
38.16
38.89
35.03
34.74
38.88
35.32
34.8
38.82
35.32
35.26
37.9
39.64
39.08
39.45
37.32
39.19
39.19
39.19
39.22
39.19
NA
38.2
NA
NA
NA
NA
NA
NA
NA
NA
37.67
39.08
38.57
NA
38.65
NA
NA
NA
NA
NA
NA
37.29
34.74
39.35
NA
NA
38.56
38.88
38.2
37.96
38.01
NA
38.37
38.67
38.45
39.06
39.02
37.44
NA
38.66
37.16
38.27
38.52
39.22
35.72
37.76
39.23
36.43
37.89
38.55
36.46
38.19
NA
NA
39.62
37.51
NA
38.24
37.4
37.6
38.0
38.19
37.91
35.71
38.01
36.29
37.69
38.94
37.57
38.57
38.81
39.3
40.27
37.66
37.73
38.83
38.44
40.25
37.37
38.31
38.58
38.43
38.22
39.38
41.81
39.81
38.39
NA
NA
NA
NA
NA
NA
38.2
41.8
NA
37.93
38.53
37.63
NA
NA
35.41
36.69
38.31
37.41
39.81
37.81
38.94
38.44
38.87
38.37
36.74
37.14
37.79
38.47
38.08
35.28
38.78
38.58
39.18
39.38
38.1
35.3
38.7
38.7
39.1
39.1
40.01
40.68
36.86
39.63
39.15
38.63
37.08
37.53
38.37
38.64
38.87
39.3
38.54
37.54
40.14
37.94
38.34
40.12
NA
38.37
38.65
37.06
38.68
38.31
NA
NA
NA
38.52
41.28
37.43
40.18
39.17
37.87
39.87
37.45
39.08
40.27
39.33
39.34
39.21
NA
37.02
37.99
36.99
38.09
35.15
NA
39.21
38.06
38.64
39.02
41.26
37.6
38.57
38.45
38.72
37.72
38.62
37.47
37.69
35.84
40.2
39.12
38.64
38.46
NA
NA
NA
NA
NA
NA
NA
38.22
38.72
37.75
38.27
38.01
37.58
39.35
39.74
36.34
38.18
38.28
38.18
37.18
39.08
38.28
38.69
38.32
38.61
39.41
39.11
39.71
36.51
NA
NA
NA
NA
38.65
38.94
38.25
38.35
38.25
37.15
39.15
38.25
37.94
39.01
39.26
35.64
NA
40.31
37.5
39.99
NA
38.24
38.24
38.34
37.14
39.04
38.34
39.65
38.65
37.92
38.75
40.17
35.52
38.51
36.71
39.11
38.68
38.37
38.64
37.47
37.84
38.97
38.44
37.86
37.71
NA
NA
38.86
NA
38.75
62.84
37.74
37.95
38.25
38.15
38.05
36.95
38.53
39.93
38.55
38.46
NA
37.3
38.81
38.12
38.22
38.12
37.42
39.32
38.22
40.75
39.19
38.41
38.05
38.02
38.0
38.67
38.76
38.03
38.86
38.86
38.7
NA
NA
NA
38.41
38.42
36.64
38.97
41.19
35.42
36.52
NA
38.04
37.04
38.56
NA
37.59
40.79
NA
38.57
36.93
38.13
38.13
38.13
37.23
38.83
38.53
38.95
38.59
37.8
37.21
38.46
38.47
NA
38.24
NA
39.74
38.66
NA
38.85
38.31
39.59
36.78
38.78
38.28
NA
39.99
37.58
NA
38.13
37.83
38.63
37.63
38.34
37.44
38.29
37.48
37.99
38.45
37.74
36.79
38.28
37.88
NA
37.52
38.32
38.52
NA
41.77
38.68
38.91
38.34
40.5
38.56
40.3
37.49
38.84
NA
39.38
40.12
39.38
37.47
37.97
37.52
37.83
37.73
37.81
40.23
39.81
37.28
39.46
38.56
38.17
37.51
35.91
39.31
39.31
38.71
38.51
37.19
35.79
39.99
39.29
38.79
37.99
37.78
38.68
38.36
36.46
39.36
37.8
38.3
38.69
38.79
35.49
39.39
40.19
38.88
38.16
38.15
37.95
38.4
37.7
38.3
38.2
40.84
37.98
39.41
NA
37.43
38.36
39.24
38.06
NA
36.14
38.38
38.08
38.88
NA
38.04
39.4
38.21
NA
38.52
37.71
NA
NA
38.15
38.82
38.57
36.77
36.14
38.84
37.84
39.87
37.36
37.99
38.71
38.44
38.59
37.91
38.62
38.52
39.98
39.07
37.88
NA
37.15
39.15
38.33
36.15
37.37
40.16
38.62
37.63
36.88
36.95
NA
NA
38.32
38.82
38.13
38.7
38.41
38.92
37.75
38.07
38.08
36.96
36.04
38.16
38.46
35.83
38.64
38.43
NA
NA
NA
37.47
37.32
38.08
38.55
38.08
38.1
38.1
38.1
37.0
38.5
38.5
35.98
38.82
38.62
39.83
37.94
38.27
38.01
39.77
38.54
38.38
37.39
NA
37.64
38.14
38.16
38.99
37.34
38.17
39.79
38.09
38.09
38.39
37.06
37.56
36.06
36.76
37.75
NA
36.76
NA
38.56
40.6
39.91
39.21
37.95
38.42
37.46
38.39
NA
NA
NA
NA
NA
NA
NA
38.68
38.98
38.81
37.65
37.57
38.91
38.82
38.21
NA
38.25
37.46
39.58
38.78
36.86
39.5
38.08
38.2
38.22
38.47
38.89
38.62
38.52
37.56
37.04
37.97
35.22
38.01
39.77
38.54
38.38
37.39
38.04
37.11
37.32
36.79
38.96
38.0
37.74
38.42
38.38
38.87
37.7
38.07
35.93
39.85
38.68
38.38
38.02
38.22
38.02
37.12
39.02
38.02
37.68
NA
37.98
NA
NA
NA
NA
NA
NA
37.87
37.74
NA
38.2
37.77
38.23
40.13
37.11
38.24
38.36
37.9
38.77
37.61
38.86
30.06
38.42
39.03
38.24
NA
37.17
39.7
37.06
38.56
38.38
36.5
37.53
38.24
NA
NA
37.7
39.2
35.4
38.2
39.0
NA
37.64
39.05
NA
39.24
35.56
36.27
38.52
37.95
36.85
37.81
38.44
38.44
38.0
40.0
39.35
37.85
37.35
37.55
NA
38.8
39.29
37.87
NA
NA
NA
39.14
38.41
37.58
NA
37.09
37.48
35.98
39.78
38.76
NA
NA
39.16
37.74
NA
38.86
38.46
37.46
38.33
37.9
37.95
39.58
37.15
38.12
39.46
37.7
37.32
38.12
37.72
38.32
38.16
38.49
38.07
38.54
37.11
37.51
37.75
38.04
41.61
36.95
37.95
38.14
37.05
37.36
37.64
40.14
38.51
38.49
38.81
38.41
39.71
38.25
37.89
37.73
39.0
NA
NA
NA
NA
NA
NA
NA
38.32
38.74
39.1
37.56
38.3
38.46
38.19
39.33
38.08
38.08
38.55
38.08
39.49
38.34
40.69
37.76
NA
37.0
38.3
36.97
38.46
37.16
38.39
37.91
NA
38.16
NA
38.09
37.57
37.97
38.01
36.71
39.02
38.76
38.54
39.12
37.72
NA
38.91
NA
39.36
39.06
37.56
39.56
39.46
39.36
39.06
38.76
39.06
39.82
37.22
NA
39.92
NA
38.72
37.51
38.83
38.33
NA
38.31
40.88
37.39
38.14
38.14
38.14
38.63
NA
39.4
37.19
37.13
38.44
38.94
37.04
38.74
38.96
38.18
38.16
38.41
36.94
37.14
36.94
38.54
37.67
37.87
37.04
37.95
39.63
38.88
NA
39.08
37.73
38.45
37.69
38.53
38.28
NA
37.64
37.99
36.85
38.25
38.88
41.03
38.33
36.23
39.33
39.11
39.39
36.05
38.38
NA
38.67
35.84
38.76
37.84
40.82
36.82
38.02
37.55
38.45
38.45
36.85
38.55
37.75
37.66
38.56
38.46
37.16
38.56
36.42
38.86
38.25
38.38
38.28
36.78
NA
38.48
38.47
38.47
36.97
38.67
38.17
37.71
38.61
38.41
37.21
38.61
38.31
38.72
37.04
38.87
37.16
38.8
39.23
37.45
37.66
35.63
37.03
37.51
38.88
36.55
38.38
38.75
39.27
34.58
38.3
38.63
39.25
34.88
38.53
38.63
37.03
38.73
38.53
37.92
40.31
36.41
38.03
37.98
39.72
38.84
37.86
36.32
37.72
38.47
35.74
37.13
38.53
NA
NA
38.72
36.59
39.19
38.29
39.34
40.04
39.21
38.23
39.16
37.9
39.27
38.84
36.07
38.28
38.08
39.08
37.59
38.46
39.92
38.92
NA
38.18
39.53
37.15
39.36
39.08
38.86
37.75
38.74
39.04
39.54
38.34
37.64
39.33
38.97
NA
37.36
38.69
38.05
39.16
37.55
37.97
38.57
NA
36.62
36.97
37.83
38.93
37.85
40.02
37.21
37.18
36.33
36.37
38.59
37.54
38.94
NA
NA
NA
NA
NA
NA
NA
NA
NA
NA
NA
38.35
38.35
40.31
37.9
39.71
37.4
37.79
37.5
NA
37.43
37.94
39.41
38.11
35.21
38.31
38.08
39.15
NA
38.47
40.49
37.35
39.22
38.68
36.8
39.49
37.75
39.45
38.61
39.57
38.0
NA
38.0
38.05
38.77
36.34
38.18
37.98
38.18
40.87
38.62
38.74
38.23
38.34
39.57
38.13
38.56
36.35
39.8
NA
38.34
38.24
37.74
37.86
37.7
35.81
40.22
39.08
38.63
38.46
38.26
36.66
38.66
38.07
38.3
36.39
38.84
37.87
35.92
38.56
38.33
39.35
39.46
40.32
38.33
NA
38.59
37.67
39.45
38.02
37.67
38.27
37.65
38.68
38.63
38.68
38.14
37.65
38.23
39.08
38.68
38.83
38.66
37.47
39.33
38.37
35.7
37.45
38.4
37.69
37.6
35.45
39.23
36.49
37.06
37.95
NA
38.52
39.96
NA
38.33
NA
42.87
38.92
38.53
39.11
37.45
38.35
37.97
36.25
36.92
37.75
39.22
37.58
40.16
37.77
39.09
39.08
38.59
38.72
37.68
38.12
38.17
40.31
39.32
35.93
38.18
NA
39.12
38.99
38.67
37.9
39.0
38.78
39.03
39.98
38.58
39.04
38.36
38.43
39.13
38.83
38.35
NA
38.8
NA
35.73
37.71
39.43
38.66
37.39
38.65
39.07
39.18
37.53
40.13
38.64
39.34
37.78
39.51
38.57
NA
NA
NA
NA
NA
NA
NA
NA
39.02
39.18
37.48
41.5
39.0
37.39
38.29
38.07
37.2
39.4
38.99
38.11
38.91
38.61
37.85
39.23
38.63
39.69
37.44
38.34
NA
37.76
38.17
37.46
38.69
39.18
38.69
38.45
38.2
38.05
38.17
39.41
38.0
39.28
38.86
38.76
38.11
39.22
37.61
37.84
38.95
37.76
NA
37.92
37.54
37.75
38.89
37.82
NA
37.97
37.79
36.7
37.85
39.66
36.16
37.96
37.96
NA
40.16
38.57
39.27
37.43
38.51
37.89
37.85
37.24
39.65
37.17
37.28
39.69
38.3
40.16
40.23
40.02
38.11
38.22
38.14
38.1
38.29
38.14
38.08
39.25
38.99
37.43
37.3
NA