19.54
18.6
19.28
19.97
18.31
18.87
20.32
19.69
17.28
18.02
18.66
18.8
18.82
20.64
NA
18.39
17.49
16.76
17.52
18.51
19.24
19.16
18.58
18.73
18.83
17.8
19.63
19.59
19.65
18.67
19.63
19.56
18.36
19.08
19.3
19.79
19.53
18.97
25.16
18.89
23.03
19.85
18.91
19.05
17.34
19.82
19.18
19.1
19.38
NA
19.52
17.03
19.42
18.6
22.21
NA
19.32
19.23
19.27
18.34
19.09
19.39
19.41
17.75
18.33
21.66
20.25
19.46
18.02
19.3
18.97
19.44
16.63
NA
19.21
19.33
19.42
19.09
19.0
20.48
21.42
18.65
19.22
19.52
18.96
18.86
19.15
20.99
18.13
NA
21.91
19.43
17.9
18.38
16.0
17.86
17.68
18.56
17.55
16.97
19.37
17.87
17.08
19.61
19.99
19.45
19.43
19.42
19.19
NA
17.62
23.0
19.3
18.28
18.79
19.03
19.21
20.65
19.47
18.26
19.37
20.57
15.47
NA
17.22
19.26
18.29
18.83
19.58
22.61
19.12
18.62
18.59
19.41
19.01
19.99
19.04
20.24
19.6
NA
19.21
18.09
17.41
16.98
NA
19.37
18.47
16.11
19.98
19.04
20.62
19.85
18.6
18.26
18.96
19.87
18.43
20.97
19.06
NA
17.2
18.9
19.62
19.03
NA
19.31
19.27
23.07
19.3
18.06
19.3
17.96
18.87
19.64
20.0
19.17
18.61
18.36
18.5
18.9
18.54
NA
NA
19.05
18.51
NA
19.15
20.69
19.28
17.78
19.35
19.43
NA
19.02
19.03
18.8
20.07
20.33
19.05
19.23
18.16
NA
19.54
20.22
19.45
19.26
18.75
NA
19.23
19.2
18.96
18.18
17.76
19.42
18.79
17.07
19.0
NA
17.91
NA
16.51
20.83
19.13
19.31
18.35
19.61
18.95
18.62
18.9
19.06
18.65
18.77
19.14
18.45
20.07
19.53
19.49
18.54
16.67
18.41
19.24
19.79
NA
18.91
20.57
18.29
NA
19.25
19.25
18.68
17.89
19.88
18.37
19.49
18.5
19.21
17.37
18.47
19.63
19.43
18.65
16.89
19.07
20.18
17.56
19.91
19.87
21.31
19.04
19.02
20.15
17.99
21.95
19.1
19.1
19.1
17.13
19.27
18.94
17.32
NA
18.91
NA
NA
NA
19.62
NA
NA
NA
NA
NA
NA
NA
NA
NA
NA
18.94
19.06
15.97
20.77
18.78
17.05
19.36
20.21
18.82
NA
NA
19.29
19.17
19.42
18.22
18.76
18.05
19.08
NA
19.01
NA
18.44
19.45
19.37
18.9
NA
17.89
20.07
NA
19.12
18.09
NA
17.18
20.14
NA
20.7
19.23
18.44
22.88
19.58
18.9
NA
NA
18.98
19.74
19.54
20.77
18.14
17.88
18.92
19.09
18.09
19.28
NA
19.29
18.84
NA
19.12
15.63
18.13
19.25
NA
17.77
20.49
19.5
19.5
19.22
18.44
20.13
17.62
21.61
18.91
NA
19.25
19.28
17.75
17.88
18.49
18.68
18.55
19.19
18.34
NA
NA
19.48
19.92
NA
17.41
18.34
17.48
NA
18.4
NA
18.22
17.81
19.46
18.91
18.72
19.4
16.62
18.85
18.82
20.28
19.81
NA
NA
18.4
19.38
21.53
19.18
19.48
16.22
21.17
20.93
21.64
23.72
17.88
19.34
17.82
19.86
NA
21.5
19.71
19.37
19.01
18.95
19.04
20.09
18.99
23.54
19.05
18.33
19.34
20.46
21.18
20.36
21.49
19.12
19.6
20.67
19.19
19.54
21.04
16.46
19.96
19.97
16.77
23.24
19.8
NA
18.1
21.51
19.16
NA
16.71
18.54
NA
17.92
21.36
19.08
18.46
17.9
19.68
20.22
20.85
19.1
18.02
19.06
19.16
19.28
18.56
19.27
17.73
19.38
19.16
18.39
16.43
19.35
19.61
19.99
21.37
19.24
19.04
19.41
19.07
19.21
19.17
19.48
NA
19.9
21.19
19.44
18.15
19.72
20.97
18.33
19.06
19.63
18.35
NA
19.05
19.4
19.22
21.2
21.41
16.64
21.49
19.98
18.66
18.92
19.08
19.73
18.88
19.74
17.91
19.1
19.56
17.82
18.66
NA
19.69
18.04
NA
19.69
17.95
19.65
18.12
19.53
19.04
19.36
18.58
17.25
17.96
NA
16.0
17.95
18.24
20.98
NA
18.92
NA
18.21
NA
NA
NA
18.41
18.56
18.94
NA
19.07
18.62
18.26
19.03
19.05
19.24
21.04
18.59
18.9
14.8
19.7
19.18
NA
19.92
20.69
20.98
18.92
18.97
15.39
19.96
20.1
NA
19.18
21.13
17.3
NA
20.09
19.29
17.03
NA
NA
NA
NA
18.17
19.78
19.02
19.42
20.29
19.57
19.52
19.16
18.4
19.05
15.65
20.75
NA
18.22
18.29
18.55
18.37
18.91
18.52
20.03
19.29
19.17
19.27
17.79
23.69
18.93
17.91
NA
NA
NA
NA
NA
NA
22.02
NA
NA
19.66
19.0
22.34
18.11
18.79
19.02
18.68
NA
22.03
20.52
21.02
17.93
19.1
17.57
21.45
NA
NA
NA
19.78
17.94
18.13
18.51
NA
18.15
21.48
18.09
NA
NA
NA
19.16
19.21
19.27
NA
18.02
20.02
NA
19.92
18.39
NA
19.86
20.19
17.69
19.16
19.52
NA
20.66
18.14
19.08
20.28
18.71
NA
NA
18.95
19.09
19.18
19.22
18.71
18.42
19.04
17.24
20.31
17.3
19.76
18.81
19.41
19.44
21.0
18.91
19.06
17.53
NA
NA
NA
19.27
18.66
18.46
17.85
19.47
20.08
18.76
NA
NA
19.15
19.24
18.96
18.91
20.27
21.27
19.72
18.45
20.85
19.35
19.45
18.85
19.19
18.98
NA
19.26
17.03
21.15
NA
19.06
18.99
18.94
NA
18.76
NA
18.71
15.78
20.48
21.08
18.27
18.06
18.47
19.84
18.92
18.7
17.55
17.04
19.24
18.79
19.37
17.91
18.98
20.42
18.02
NA
18.24
NA
16.48
19.8
NA
16.49
18.61
17.58
20.31
19.1
19.36
15.81
18.34
18.33
19.81
18.94
18.73
17.89
17.14
17.89
18.0
18.97
NA
NA
NA
NA
NA
NA
NA
NA
NA
NA
NA
NA
NA
NA
NA
NA
NA
NA
NA
NA
18.84
17.67
18.02
18.61
NA
NA
18.65
19.87
18.86
NA
19.63
19.01
18.75
18.7
18.7
22.1
NA
18.29
16.58
22.15
20.58
17.75
21.88
20.59
19.67
NA
NA
19.24
18.73
19.75
NA
NA
NA
21.05
19.66
17.75
18.7
19.05
20.45
19.38
NA
20.25
19.09
17.39
19.51
NA
NA
17.46
21.06
17.18
19.41
NA
19.48
18.14
20.22
18.72
20.81
18.82
18.92
20.19
18.41
19.66
18.41
20.14
19.66
19.54
18.87
18.94
16.6
20.6
23.06
NA
NA
NA
NA
18.44
18.93
20.2
NA
NA
19.07
NA
17.91
19.24
19.25
19.72
19.71
19.88
19.9
18.58
18.46
18.16
18.68
18.51
18.43
18.51
18.48
18.51
18.48
19.37
NA
20.72
19.58
18.61
18.89
19.58
18.61
18.89
20.28
NA
21.92
18.78
NA
NA
NA
16.58
16.11
22.46
18.51
18.82
18.54
19.45
NA
17.81
18.82
NA
18.97
15.61
20.53
22.17
15.76
20.7
19.7
19.37
NA
17.18
18.02
NA
17.0
NA
18.92
18.99
17.59
18.22
17.79
19.24
20.62
19.77
18.06
18.18
23.44
20.02
19.42
18.52
18.54
NA
20.8
NA
24.94
NA
16.81
16.93
NA
22.28
NA
18.95
17.62
16.32
18.44
22.73
24.24
26.1
20.89
NA
25.03
NA
16.94
17.01
NA
22.25
NA
18.94
17.46
16.49
18.37
20.83
21.67
25.29
18.24
16.36
17.33
NA
NA
19.34
18.89
17.4
16.17
18.56
20.9
19.58
19.58
18.33
18.35
18.88
19.16
NA
19.27
19.15
20.38
21.39
19.84
19.15
20.38
21.39
19.84
19.3
20.52
21.5
19.92
19.35
20.57
21.53
20.0
19.18
20.52
21.54
19.76
20.27
20.79
20.2
NA
20.1
17.0
21.7
20.2
NA
NA
18.1
NA
NA
NA
NA
NA
NA
NA
18.38
19.28
NA
NA
NA
18.38
NA
18.95
19.02
17.7
18.33
17.43
19.3
21.27
19.34
19.27
24.36
19.18
18.11
18.89
18.54
18.91
NA
NA
19.02
21.47
20.24
18.39
18.33
17.89
18.22
18.45
NA
NA
18.89
19.76
20.89
19.25
19.17
19.05
19.22
19.13
NA
18.64
17.03
18.94
18.33
18.02
19.35
18.34
17.71
18.57
17.96
17.52
18.98
17.82
21.75
19.67
18.09
18.64
NA
19.12
19.01
18.99
19.17
NA
17.78
17.68
16.84
18.53
19.94
19.19
NA
NA
NA
19.17
19.67
19.07
18.57
21.07
18.67
18.07
19.37
19.57
18.67
18.77
19.87
19.78
19.7
19.81
19.41
19.18
19.24
19.26
20.31
20.6
18.99
19.85
18.02
21.82
18.02
18.62
18.72
18.72
17.72
17.8
22.51
22.46
22.51
NA
NA
18.38
18.56
16.39
NA
NA
NA
18.92
23.14
18.68
15.57
NA
NA
NA
NA
NA
NA
NA
17.99
NA
NA
NA
NA
NA
NA
NA
NA
NA
NA
NA
NA
18.63
18.33
18.83
20.32
18.52
19.32
NA
NA
19.61
19.5
21.2
20.2
18.4
19.4
17.5
NA
NA
NA
NA
NA
NA
NA
NA
18.59
20.07
18.46
20.07
18.21
18.51
17.71
16.81
18.51
18.86
19.18
19.68
19.18
18.48
19.48
18.18
19.28
22.47
19.17
21.17
17.95
18.45
17.95
18.35
19.25
19.04
19.04
17.79
19.79
19.51
19.41
16.81
NA
17.47
19.1
NA
20.25
18.21
18.91
19.31
NA
NA
21.81
19.91
19.81
17.51
NA
NA
19.11
19.2
19.0
19.19
19.21
21.11
18.33
19.03
21.23
20.13
18.54
19.24
19.64
16.14
18.14
22.44
16.24
19.24
21.17
18.28
18.95
20.46
17.79
17.48
18.14
19.16
19.03
19.15
22.68
20.77
19.25
15.6
16.65
19.08
21.38
18.51
19.63
19.24
17.67
NA
NA
NA
20.84
21.89
19.58
20.84
21.89
19.58
18.9
NA
19.02
19.22
19.42
17.92
19.02
19.02
20.62
NA
NA
19.33
16.43
19.58
19.88
19.88
19.42
19.32
20.12
20.01
21.15
21.75
NA
NA
NA
NA
NA
NA
19.07
18.45
17.11
19.81
18.71
15.71
19.14
19.24
19.51
18.65
18.62
19.87
19.32
19.31
18.63
20.96
18.16
19.27
19.77
18.24
19.24
19.44
NA
17.99
17.88
18.37
17.84
18.89
18.92
16.76
20.64
19.49
18.29
NA
19.44
19.24
19.65
18.56
19.98
19.28
19.28
17.88
18.28
18.38
19.3
19.3
18.3
18.4
20.51
19.11
20.89
20.13
18.91
19.68
19.68
18.76
19.06
20.06
18.96
18.63
17.45
NA
19.11
18.9
19.1
19.29
19.1
19.29
19.66
16.37
23.13
16.99
NA
NA
NA
NA
NA
NA
NA
19.98
18.94
20.5
22.57
18.94
19.98
18.61
18.87
19.7
19.84
NA
NA
19.34
19.6
18.51
24.71
18.43
19.43
NA
NA
NA
19.13
18.49
22.59
18.69
18.64
18.64
18.64
NA
NA
NA
18.74
NA
NA
NA
NA
18.71
NA
18.54
19.44
18.04
16.47
21.27
20.07
18.77
NA
NA
NA
NA
NA
NA
NA
NA
NA
20.35
19.25
NA
19.57
19.77
16.5
18.16
20.27
19.34
17.67
18.86
19.3
NA
21.81
17.69
18.79
19.17
18.66
19.75
NA
NA
NA
NA
NA
NA
NA
NA
NA
NA
NA
NA
NA
NA
NA
16.52
NA
16.81
18.85
NA
19.05
16.85
22.52
18.52
18.52
19.92
20.52
23.76
17.96
20.26
19.27
19.17
19.52
NA
18.52
20.96
18.24
18.79
19.72
18.3
17.93
18.59
NA
NA
19.48
18.87
18.31
21.18
20.63
NA
NA
17.93
18.73
19.87
21.15
23.46
NA
19.07
16.99
19.19
19.25
18.69
19.56
19.59
19.7
20.98
19.17
19.11
18.38
19.59
19.33
19.94
18.54
20.56
15.69
16.96
18.38
18.71
18.4
19.35
18.26
18.45
17.24
19.3
18.65
18.61
18.08
18.16
18.26
19.22
19.1
20.16
18.69
19.28
22.05
19.11
22.53
19.28
19.58
14.1
NA
NA
NA
12.6
NA
18.98
18.75
22.95
19.15
19.15
17.97
19.44
19.1
19.29
19.12
19.27
18.74
19.18
19.13
19.11
18.69
NA
NA
19.03
18.74
18.96
18.24
NA
19.68
18.28
NA
NA
19.11
19.21
18.71
18.01
19.51
19.06
20.1
17.93
NA
18.2
19.4
19.28
19.31
19.36
16.39
19.61
19.21
18.79
20.91
18.16
18.25
17.51
19.25
18.2
NA
NA
18.6
19.5
21.8
19.9
NA
17.5
NA
18.4
19.1
0.06
NA
18.54
20.54
18.04
19.74
19.39
22.17
20.93
18.18
22.87
20.22
NA
17.48
17.96
18.98
18.91
NA
18.34
18.18
18.55
20.25
19.46
NA
21.18
18.57
19.56
19.87
16.9
18.05
18.79
20.91
18.16
18.25
17.51
17.5
19.0
18.5
18.5
19.22
18.92
19.62
18.51
16.27
19.19
18.87
18.65
19.19
19.06
18.36
17.46
19.06
20.25
20.2
17.72
17.93
19.44
20.46
16.2
NA
19.34
19.19
19.21
20.43
18.51
18.26
19.39
19.56
18.47
18.93
19.21
19.53
19.08
18.55
19.79
18.78
18.62
18.56
18.82
19.96
21.32
18.45
20.04
17.42
22.68
20.05
19.03
19.46
19.46
18.46
16.97
18.84
19.44
NA
19.84
21.94
NA
20.94
NA
17.34
NA
NA
21.95
NA
22.34
19.57
19.65
21.35
19.07
21.08
18.18
18.87
19.68
18.74
20.25
19.14
20.64
19.14
19.34
19.24
19.34
NA
18.34
20.64
18.26
19.76
19.39
19.47
19.36
NA
NA
24.1
22.46
18.15
17.93
NA
19.44
19.52
18.45
18.0
19.26
20.13
21.49
17.98
18.48
19.35
18.24
NA
NA
NA
19.78
18.78
16.91
NA
NA
NA
NA
20.95
23.85
18.15
19.25
18.55
NA
20.32
19.0
18.86
NA
NA
17.98
NA
18.78
NA
19.64
19.15
19.29
18.74
20.18
17.81
18.56
19.31
18.87
19.11
18.83
17.04
18.2
NA
17.89
NA
NA
18.13
18.73
18.73
18.82
18.63
18.2
19.57
18.18
18.44
17.87
20.49
18.69
19.19
18.29
19.08
17.06
19.21
19.54
19.01
18.56
18.13
18.0
17.78
NA
NA
NA
NA
NA
NA
NA
18.37
NA
16.82
18.52
18.92
NA
18.04
18.36
19.48
19.12
18.77
19.77
20.17
18.37
20.17
19.77
20.16
18.46
20.66
NA
NA
NA
17.9
18.54
NA
NA
NA
21.2
22.45
20.13
19.92
22.01
21.99
21.83
20.4
19.93
19.93
20.55
19.93
18.68
19.83
NA
18.54
19.58
19.49
20.28
21.23
NA
NA
NA
NA
NA
NA
NA
18.42
19.65
18.72
18.78
19.15
18.94
19.92
19.91
23.24
23.34
19.06
20.35
19.55
17.25
19.22
18.51
22.83
20.07
18.45
17.52
18.04
17.86
17.86
18.78
19.42
16.97
19.67
18.95
18.61
18.05
19.98
NA
NA
19.13
18.95
19.49
19.22
20.72
20.22
20.22
18.73
20.53
19.64
18.68
19.68
18.69
NA
18.69
18.69
19.4
16.58
21.04
17.99
21.74
18.93
NA
NA
NA
18.59
18.73
19.28
19.36
18.32
17.92
17.92
19.81
18.31
17.91
18.61
18.29
18.69
19.69
18.39
17.99
18.59
21.81
44.29
21.02
18.88
19.12
18.57
19.95
18.66
18.56
18.16
20.26
19.42
17.96
17.85
18.63
18.26
19.51
18.67
18.8
19.49
NA
17.88
18.94
19.59
18.39
18.39
19.29
18.89
19.29
18.49
18.82
21.48
17.4
NA
18.45
18.25
19.15
19.77
20.15
19.85
18.52
18.21
19.56
19.06
19.56
19.26
19.1
18.4
NA
19.41
NA
19.69
20.62
18.3
18.83
19.17
NA
18.6
18.52
16.78
NA
19.78
21.39
19.46
20.97
19.94
19.2
19.2
21.0
NA
19.02
NA
19.52
18.02
NA
NA
18.6
19.09
18.51
NA
NA
NA
NA
NA
NA
19.93
18.29
NA
19.94
20.36
NA
17.88
16.18
19.28
NA
18.89
19.44
18.7
18.18
18.33
18.55
18.89
19.66
19.76
19.05
19.05
19.05
19.12
19.14
18.68
17.59
18.45
20.52
18.23
18.96
20.87
22.61
18.44
18.78
19.27
NA
NA
19.18
19.53
20.1
18.76
18.39
19.0
19.22
18.59
19.22
19.84
NA
18.49
19.17
16.59
21.18
19.14
18.92
18.32
17.97
17.15
18.52
19.34
18.84
18.24
19.13
19.93
18.03
17.63
18.93
18.84
22.03
21.69
18.61
18.84
19.69
17.37
18.23
18.82
18.36
NA
NA
NA
18.75
19.52
19.32
18.42
18.52
19.52
19.22
19.12
19.92
20.6
20.53
17.76
25.55
20.63
19.59
19.49
21.91
19.21
19.28
18.85
20.45
21.35
20.43
17.74
18.71
NA
16.58
NA
NA
19.3
20.14
18.09
20.14
19.62
18.16
19.25
20.65
18.16
18.2
18.74
19.29
19.29
17.48
20.1
NA
22.25
19.28
18.8
19.21
19.77
NA
18.98
19.08
NA
19.6
19.9
17.9
18.3
19.15
17.79
18.91
17.25
19.25
19.95
18.75
18.65
18.45
18.23
18.77
19.12
13.36
13.56
16.26
20.16
19.43
18.21
18.87
18.72
18.75
19.33
18.9
19.26
19.07
19.07
19.18
19.5
19.38
19.32
19.08
18.66
19.63
NA
17.43
19.25
19.45
19.45
18.35
19.15
17.35
NA
20.55
17.83
NA
19.45
NA
NA
19.22
18.82
NA
NA
NA
21.82
18.98
18.85
19.07
19.5
19.75
18.76
NA
NA
21.87
16.64
NA
NA
NA
NA
NA
19.22
20.72
19.72
18.72
NA
NA
NA
19.08
19.28
19.28
19.18
19.9
18.78
NA
18.3
18.77
20.82
18.82
19.14
19.23
18.78
21.7
NA
18.07
NA
NA
NA
19.39
18.29
19.29
19.99
20.39
18.29
NA
19.79
17.46
NA
18.96
18.26
18.96
18.75
18.77
21.08
18.15
17.15
18.15
NA
NA
19.46
19.47
20.41
19.37
19.36
19.08
19.02
20.73
18.83
NA
19.01
18.01
16.61
19.01
18.31
18.71
18.61
18.81
21.44
18.61
18.24
18.91
19.19
19.51
19.06
18.53
19.77
NA
18.31
NA
17.23
NA
NA
NA
NA
NA
NA
NA
NA
NA
NA
NA
19.03
NA
NA
NA
NA
NA
NA
18.19
19.53
19.27
19.65
19.97
19.03
18.55
18.75
NA
18.95
19.65
NA
NA
19.03
17.94
19.14
19.44
NA
18.44
NA
18.0
NA
19.09
19.27
19.52
20.25
NA
NA
18.13
17.92
18.94
17.98
18.57
18.77
NA
19.07
19.57
19.49
19.47
19.21
20.52
18.69
NA
20.24
16.37
19.71
18.66
19.25
19.36
21.39
19.84
19.28
18.88
18.68
19.05
17.29
18.17
18.64
NA
18.7
18.15
20.14
18.61
18.1
19.34
NA
17.59
18.61
20.65
NA
NA
19.15
19.01
19.07
17.92
21.88
22.64
18.99
18.47
19.76
19.06
18.56
20.06
20.46
18.66
18.69
19.8
19.19
18.38
18.56
19.35
19.05
17.95
19.33
18.92
17.76
18.3
18.77
20.82
NA
NA
17.65
18.56
18.67
17.54
18.81
19.15
17.22
19.54
19.43
19.26
21.58
22.16
19.28
19.35
NA
NA
20.13
NA
18.04
19.16
19.32
19.61
19.77
18.58
18.84
19.08
NA
17.68
18.58
18.98
NA
17.08
18.18
17.08
17.38
19.08
NA
NA
NA
NA
NA
NA
NA
NA
NA
NA
NA
NA
NA
NA
NA
NA
19.2
NA
19.42
21.56
21.16
18.4
19.7
19.82
21.29
18.32
20.93
18.27
19.11
20.35
20.17
22.42
19.13
18.75
18.06
19.07
18.54
21.06
NA
19.28
19.21
18.24
16.8
20.24
18.94
19.16
18.57
18.99
NA
NA
18.88
19.16
17.37
18.32
21.23
18.94
18.14
NA
NA
19.15
18.93
NA
NA
18.27
18.58
NA
17.96
21.4
20.59
18.69
18.19
19.39
20.71
18.03
19.09
18.61
18.35
19.93
18.26
19.92
19.1
19.7
21.6
NA
NA
18.91
17.55
20.05
19.52
18.81
18.94
19.21
19.06
19.63
18.2
17.66
17.48
17.22
17.74
19.5
18.62
NA
20.48
19.58
19.96
20.48
18.58
23.49
18.29
18.91
19.83
19.72
18.28
18.91
18.09
19.39
20.11
18.09
18.75
19.05
20.05
20.45
18.75
18.55
21.05
20.95
20.25
18.65
20.87
18.34
19.1
19.31
19.1
NA
19.17
19.07
18.56
22.09
21.61
NA
21.96
21.35
17.88
18.21
NA
NA
NA
19.45
18.76
18.36
20.39
NA
19.38
NA
NA
17.18
18.96
18.36
20.56
NA
NA
NA
NA
22.25
18.72
19.85
19.85
19.91
NA
16.85
NA
18.32
20.02
NA
23.61
19.07
20.4
18.99
20.37
19.21
18.54
19.28
18.37
NA
NA
19.01
17.23
20.43
16.62
19.22
18.2
19.09
18.92
20.36
19.16
22.05
19.45
19.26
NA
NA
18.35
NA
18.39
18.69
19.95
21.78
18.55
20.16
18.55
18.87
18.34
NA
19.56
NA
18.52
19.46
19.39
18.19
19.29
17.99
21.19
17.79
18.59
18.59
18.39
NA
17.62
19.52
NA
18.54
17.64
19.73
NA
NA
18.8
18.63
NA
18.1
18.74
19.66
20.05
NA
18.5
18.62
19.71
18.43
19.51
19.81
19.31
16.72
17.65
23.22
18.23
19.96
18.79
18.27
19.31
18.27
NA
17.66
19.21
NA
NA
19.45
NA
19.48
18.17
17.68
18.63
NA
19.22
20.02
17.75
18.05
18.51
19.6
19.7
19.5
19.2
19.5
NA
NA
19.28
18.68
18.48
NA
18.78
18.98
19.3
18.37
19.72
19.52
19.52
NA
16.61
17.71
22.11
18.31
18.61
20.61
18.84
18.6
21.52
18.6
18.51
16.51
NA
20.41
NA
19.41
NA
18.68
18.1
18.63
19.14
19.61
18.61
22.01
18.41
19.81
NA
19.31
19.11
18.98
18.42
19.89
18.96
19.43
17.74
16.86
NA
18.57
17.05
18.42
NA
22.58
21.2
NA
NA
19.26
22.32
NA
18.88
NA
NA
20.05
NA
18.14
17.66
NA
NA
19.37
19.57
19.94
19.04
19.44
19.56
19.3
19.56
18.96
20.27
17.86
19.36
18.06
22.26
NA
18.66
19.12
19.16
18.89
18.96
19.49
19.16
19.76
16.96
18.56
17.76
NA
17.59
NA
16.69
18.71
18.89
NA
18.08
19.98
18.86
19.28
18.23
19.38
19.17
19.02
NA
18.64
19.3
19.7
18.12
18.97
18.9
18.92
18.92
17.62
20.79
18.89
19.49
18.62
18.15
18.73
20.02
18.25
19.22
17.45
19.47
19.82
19.41
16.9
23.34
16.48
18.51
18.28
19.15
19.95
NA
19.36
19.24
19.2
18.12
NA
20.81
NA
18.62
18.97
19.01
19.06
17.77
18.25
19.4
NA
20.77
19.01
22.03
20.38
18.73
20.38
20.66
17.99
NA
18.09
18.05
18.0
18.45
19.06
19.86
19.56
19.43
19.32
22.44
19.54
21.28
21.29
21.59
16.47
18.0
NA
19.92
18.0
19.12
19.68
19.68
19.41
19.55
19.55
19.55
18.73
19.16
18.51
NA
19.29
19.07
19.01
18.1
19.5
19.23
19.77
21.9
19.72
19.62
19.7
19.95
NA
NA
19.34
18.34
NA
NA
NA
18.16
18.52
22.09
NA
19.43
19.64
19.65
19.59
19.96
19.12
19.34
19.34
19.14
19.14
18.84
18.84
19.04
21.72
18.4
18.6
21.41
18.54
NA
NA
NA
18.91
18.51
18.71
19.21
19.21
NA
NA
18.93
18.34
19.59
17.91
NA
19.2
18.7
19.79
19.37
18.9
17.33
18.76
20.49
19.8
18.93
NA
20.35
NA
18.48
20.0
19.0
NA
NA
22.53
NA
18.94
18.84
NA
NA
18.54
17.64
NA
NA
NA
19.94
19.84
NA
NA
22.89
17.03
19.43
18.53
20.93
18.63
19.06
18.82
19.19
18.9
16.5
21.3
17.8
NA
19.05
NA
19.33
18.68
20.16
18.64
19.32
19.42
20.22
18.72
20.92
20.12
16.86
19.05
19.65
19.15
18.72
19.43
19.66
19.56
20.36
18.76
21.76
20.06
20.02
18.42
21.12
19.35
18.96
19.12
19.1
NA
19.26
18.87
18.91
19.79
18.38
18.68
19.58
18.08
19.13
18.23
18.53
17.93
17.93
18.73
20.41
19.05
18.05
18.65
19.11
19.21
NA
21.71
19.26
19.42
NA
NA
NA
20.26
18.03
17.03
19.33
21.03
NA
18.8
18.42
18.82
15.94
19.84
22.54
18.52
19.52
21.05
19.35
22.58
19.38
18.78
21.19
15.99
19.89
22.29
19.14
18.84
18.04
21.56
20.02
19.62
17.62
19.16
18.92
18.25
19.15
19.46
17.67
19.65
19.35
19.19
NA
16.88
18.47
19.47
19.51
18.8
18.6
20.8
22.9
19.7
18.0
20.9
18.5
18.2
18.8
21.1
19.1
19.2
19.4
22.29
17.97
18.31
19.63
20.23
19.65
19.74
20.37
19.65
19.86
18.63
19.43
18.98
19.42
NA
20.56
17.59
20.15
19.31
19.11
18.62
18.39
NA
17.26
17.24
17.35
18.97
18.21
19.71
17.38
15.69
19.23
NA
18.61
17.81
16.26
18.48
NA
19.98
18.81
20.92
19.55
19.7
19.76
19.54
19.27
19.42
NA
NA
18.81
18.73
18.77
18.88
NA
19.06
19.18
18.91
19.23
19.41
20.25
18.2
19.06
20.43
NA
17.93
NA
NA
22.25
NA
NA
19.46
18.2
NA
20.2
NA
NA
17.87
18.19
19.99
19.79
19.29
20.99
19.3
16.56
19.29
19.11
19.03
NA
NA
19.26
19.5
19.3
18.95
20.35
18.46
19.15
16.54
18.67
20.23
18.09
NA
19.18
19.31
21.21
18.99
18.53
18.95
18.92
NA
17.7
18.85
18.95
19.29
19.55
18.19
20.6
19.45
15.52
18.45
18.75
16.96
NA
NA
19.0
18.42
17.06
18.38
18.85
19.65
19.44
18.94
19.24
NA
19.31
18.13
18.71
21.34
19.27
NA
19.86
19.41
18.33
NA
19.07
18.67
18.01
19.21
18.68
NA
18.43
NA
19.14
18.41
19.83
18.23
19.1
18.66
19.75
18.54
20.59
19.12
18.59
NA
NA
24.47
NA
21.67
18.97
19.22
19.13
18.52
NA
NA
18.97
18.97
18.98
NA
18.55
19.53
18.63
NA
20.33
18.96
18.81
19.04
19.07
NA
19.11
18.94
NA
21.49
18.41
18.66
18.19
17.2
18.23
18.54
17.54
19.04
19.34
19.23
20.23
19.83
NA
NA
NA
NA
NA
NA
19.92
19.08
18.72
18.24
18.45
19.16
18.19
19.6
22.6
NA
19.13
20.29
17.85
20.06
19.7
22.62
19.34
19.74
18.04
18.1
18.4
18.29
17.69
17.94
20.03
20.36
NA
NA
NA
18.22
NA
19.52
20.12
18.22
19.22
NA
18.42
22.16
NA
NA
NA
18.66
18.78
18.59
17.23
18.13
18.72
21.2
21.65
19.38
19.13
19.29
19.53
18.26
19.37
18.69
21.78
17.95
19.65
19.18
18.88
16.08
NA
NA
NA
20.69
18.8
18.84
17.92
19.31
21.63
NA
20.06
NA
17.56
18.46
19.03
19.62
19.71
19.84
17.87
17.88
19.05
18.47
18.66
19.34
17.91
18.64
17.49
18.76
21.3
17.49
19.11
22.74
18.49
NA
19.32
16.65
19.14
20.57
17.07
18.02
18.99
NA
19.23
18.84
26.36
17.87
18.69
20.36
NA
NA
18.5
NA
19.32
19.21
19.51
19.13
18.43
19.35
19.28
19.62
19.64
20.48
17.35
19.87
19.15
18.67
NA
18.87
18.73
19.64
20.63
17.3
18.45
NA
18.76
NA
NA
20.76
19.66
19.28
20.05
20.01
20.05
17.97
NA
19.16
NA
22.04
20.5
NA
19.68
18.71
20.38
19.51
18.34
20.21
19.31
20.07
19.64
19.88
19.88
18.57
19.32
19.51
19.51
19.32
19.3
18.88
22.18
20.64
NA
NA
NA
NA
19.47
18.72
20.26
16.09
19.1
19.24
19.24
18.78
19.1
19.06
18.9
18.3
20.2
18.74
19.21
18.28
19.06
17.22
19.31
19.3
18.59
17.78
17.88
19.76
19.38
19.92
18.26
NA
19.24
20.09
18.07
19.19
18.38
19.15
NA
19.27
18.38
NA
NA
18.13
NA
19.04
20.84
16.54
18.94
17.91
17.86
18.22
17.85
18.55
19.41
19.45
18.6
18.66
18.66
18.26
18.86
18.66
19.36
19.16
18.26
19.39
19.31
20.18
17.78
16.4
18.52
18.87
19.15
18.14
21.14
NA
20.22
19.53
NA
NA
NA
18.08
19.64
18.78
18.75
19.23
20.89
NA
19.2
20.2
19.25
19.73
22.45
18.42
19.81
18.48
19.4
19.67
18.14
17.67
18.6
19.88
18.89
19.81
NA
17.99
18.48
17.49
22.42
NA
NA
19.35
18.95
NA
NA
18.06
20.56
19.86
23.49
19.4
17.87
18.44
19.27
NA
18.64
19.47
18.6
19.33
19.19
19.33
21.08
20.08
18.34
19.04
19.33
19.44
18.87
16.12
NA
NA
19.49
17.98
21.28
21.28
17.68
17.78
18.68
17.98
17.91
18.08
19.33
19.03
19.13
18.43
19.23
19.13
19.33
19.53
19.63
NA
19.68
18.99
19.12
19.03
19.28
18.8
19.78
18.82
18.86
18.92
19.09
NA
19.15
18.64
18.97
20.09
18.47
18.96
19.08
20.13
19.27
18.87
NA
22.07
23.69
20.15
19.16
19.34
19.25
18.22
17.91
19.09
NA
19.07
19.27
21.57
21.57
17.67
18.37
20.37
19.57
18.47
20.22
18.88
20.13
18.71
19.16
19.11
19.47
19.61
18.6
20.5
19.8
19.2
NA
17.91
18.44
NA
18.94
19.14
19.04
19.04
18.24
18.74
19.84
18.44
18.81
19.31
17.94
17.69
19.79
19.06
19.5
18.54
19.3
19.33
19.83
19.95
19.48
18.82
18.4
21.22
16.92
NA
19.03
23.28
NA
NA
19.51
17.15
17.82
18.66
18.72
16.48
22.27
20.54
18.85
18.83
18.73
18.93
18.83
21.03
18.12
17.5
19.16
19.21
NA
NA
NA
NA
18.96
18.91
18.91
18.83
17.95
18.85
18.84
18.75
18.02
17.79
18.91
17.79
19.8
19.62
20.93
20.17
NA
18.01
20.77
NA
NA
NA
NA
17.89
18.01
17.96
NA
18.94
18.93
19.52
17.88
16.61
19.21
18.21
17.71
18.51
18.71
16.98
19.97
NA
17.1
19.92
NA
18.36
20.51
NA
NA
19.51
19.12
17.79
NA
19.39
18.79
NA
NA
19.09
17.64
17.88
19.38
19.98
19.86
21.19
19.44
19.44
20.02
19.89
21.2
NA
18.22
NA
19.79
19.2
NA
17.8
19.2
19.4
18.1
18.3
19.29
19.62
NA
19.24
18.84
18.84
NA
NA
19.13
NA
19.47
18.97
17.57
21.34
17.64
18.24
NA
18.87
20.0
19.34
17.91
19.1
19.45
18.24
19.07
19.07
19.07
18.84
19.44
18.89
17.01
20.03
19.23
20.59
18.89
19.19
19.09
NA
NA
NA
NA
NA
NA
21.41
20.77
21.56
19.34
18.09
18.57
16.97
19.39
16.07
17.75
19.35
19.41
19.0
NA
18.93
19.49
18.63
NA
19.0
NA
NA
18.9
18.7
18.4
NA
19.82
20.6
20.09
NA
18.09
22.8
18.21
19.14
NA
19.87
20.38
20.24
20.55
18.01
22.81
18.19
19.12
18.91
18.46
19.77
21.68
NA
NA
18.65
19.13
16.51
19.6
18.6
18.42
18.28
19.19
18.65
19.24
16.6
19.56
18.56
18.37
18.24
19.15
19.44
18.39
18.51
NA
18.77
21.36
20.22
NA
19.05
20.45
19.38
NA
20.25
18.92
NA
19.18
17.34
19.07
NA
18.72
19.19
18.98
18.7
19.1
19.03
19.12
18.53
19.33
NA
NA
21.19
18.02
18.49
18.9
NA
21.52
NA
18.76
NA
NA