180.56
179.42
178.98
179.41
181.82
180.83
181.03
178.36
178.29
178.21
179.23
179.89
180.46
179.39
179.35
179.93
179.24
178.95
179.56
179.56
NA
179.56
179.56
179.56
179.56
NA
NA
179.56
179.56
NA
NA
NA
178.21
181.71
178.82
179.47
178.05
181.4
178.03
179.22
179.6
180.03
178.96
177.05
178.62
179.76
179.7
178.87
178.59
180.73
180.71
178.58
179.07
179.03
179.14
180.63
179.9
177.78
181.81
176.58
177.01
177.64
179.06
179.91
179.2
177.9
177.88
179.84
179.99
180.87
178.97
177.7
177.54
180.63
180.0
NA
175.54
177.86
179.61
179.93
180.43
178.72
179.96
180.06
179.3
181.25
179.54
179.97
180.66
179.67
178.57
180.82
180.7
179.96
178.56
178.65
178.3
180.13
178.07
179.18
179.14
177.1
179.1
177.92
179.05
179.04
177.02
179.02
177.71
176.44
179.31
180.26
180.26
180.32
181.94
181.96
179.96
181.04
174.66
178.29
178.15
181.01
179.6
NA
178.06
NA
179.7
178.35
179.03
180.29
179.93
180.14
177.99
178.89
178.74
NA
NA
178.83
177.6
179.9
177.48
NA
178.72
180.27
181.94
180.2
180.85
180.04
178.73
180.75
179.89
180.63
181.22
177.21
180.82
177.92
178.65
177.58
179.28
178.87
180.13
178.54
179.3
178.92
180.54
179.49
179.64
179.63
178.41
180.55
NA
181.07
179.31
177.53
177.56
180.73
177.8
180.11
178.25
178.5
178.91
179.01
179.03
178.24
177.95
178.6
178.42
NA
NA
179.45
179.87
177.29
180.46
177.59
177.85
181.38
178.67
180.95
180.42
178.69
181.57
177.05
180.14
NA
179.63
180.06
180.46
NA
176.55
179.1
NA
178.62
180.63
NA
180.27
180.25
178.36
179.82
180.2
181.34
179.81
181.15
179.24
177.88
179.26
180.54
179.97
178.13
179.33
177.5
177.71
178.18
179.63
180.18
179.2
179.86
179.63
181.3
178.43
180.69
179.22
178.64
175.12
178.23
180.35
180.97
NA
181.69
178.91
179.75
179.56
181.39
180.22
177.52
179.04
181.03
179.18
177.04
181.3
NA
179.64
178.51
179.56
178.41
NA
NA
178.74
179.68
179.37
178.69
176.56
179.33
180.54
180.25
179.07
180.88
178.93
179.95
177.65
179.73
179.44
178.94
177.44
178.62
180.6
179.68
179.11
179.16
179.43
178.41
179.6
179.82
179.57
178.1
180.87
NA
180.18
180.26
180.02
180.77
180.23
179.63
178.98
179.81
179.52
180.31
NA
179.73
178.07
NA
180.13
178.86
180.17
178.35
180.9
178.15
178.44
180.72
179.12
180.62
180.77
180.67
NA
179.17
176.2
177.7
180.39
180.31
178.49
179.86
179.56
179.56
179.4
180.11
179.95
179.41
181.8
180.41
NA
178.47
179.91
178.24
180.69
178.06
180.65
181.64
180.2
179.46
181.1
180.3
180.72
181.22
NA
180.88
180.21
180.61
177.93
179.36
177.73
180.35
NA
178.82
179.33
180.92
180.85
180.1
180.23
179.14
177.97
180.95
179.79
180.59
180.98
177.24
180.64
180.6
179.33
180.26
180.09
180.92
178.07
180.15
179.04
NA
180.46
179.83
180.24
178.59
180.56
179.54
180.63
179.9
181.04
180.21
178.92
179.51
NA
179.36
180.87
179.66
179.78
180.55
179.0
180.55
179.1
178.39
181.59
180.67
177.75
178.51
180.56
177.96
179.64
180.28
179.74
178.66
179.57
182.09
181.24
179.57
180.28
177.39
NA
178.63
179.38
178.37
179.9
178.32
NA
178.7
179.0
180.05
180.71
177.65
177.35
178.98
NA
NA
NA
NA
NA
NA
NA
NA
179.74
179.98
179.87
180.37
180.59
180.4
179.06
178.71
178.8
180.7
178.42
180.27
179.47
179.6
178.86
181.47
178.55
179.76
178.98
178.76
178.17
178.79
180.12
179.18
177.14
180.39
178.34
178.02
180.42
179.91
180.5
180.94
178.73
179.95
177.5
176.47
179.83
176.69
175.52
179.18
180.64
175.94
174.71
175.93
178.33
180.98
179.22
176.34
180.6
176.17
176.12
176.77
179.93
180.65
180.09
179.98
180.03
176.07
178.13
178.93
182.22
179.19
175.55
178.53
179.77
178.7
181.01
179.07
178.82
177.81
180.19
177.69
176.3
177.86
179.27
180.11
177.62
176.21
177.81
179.17
180.11
177.6
176.15
177.76
179.18
180.14
177.64
176.22
177.77
179.22
180.07
177.53
176.11
177.71
179.14
179.94
179.68
178.45
178.69
178.55
NA
180.6
180.39
178.09
NA
180.23
NA
180.55
179.47
179.13
180.44
179.18
178.58
178.22
179.07
180.83
181.3
179.63
180.16
177.84
180.0
177.87
181.44
178.02
177.1
177.79
179.05
180.72
181.22
179.56
180.1
177.89
179.98
177.61
181.36
177.92
177.03
177.69
180.76
180.16
179.76
NA
NA
179.16
179.76
178.86
180.36
178.66
179.66
178.86
180.96
179.26
178.86
NA
179.96
174.56
178.96
179.66
180.66
180.79
180.09
NA
NA
NA
179.09
179.59
178.89
180.29
178.49
178.99
178.89
180.99
179.29
178.69
179.99
174.39
178.89
NA
180.69
180.69
180.59
179.99
NA
NA
178.99
179.69
178.99
180.39
178.59
179.69
NA
180.79
179.39
178.99
NA
173.89
NA
NA
180.69
NA
NA
NA
NA
NA
NA
NA
NA
NA
NA
NA
NA
NA
NA
NA
NA
179.1
180.2
179.03
180.12
179.68
179.9
179.25
178.46
179.49
179.1
NA
NA
NA
NA
NA
NA
180.9
178.59
177.96
180.74
180.01
181.44
179.76
178.74
NA
NA
NA
NA
NA
NA
177.68
179.77
178.3
177.63
180.66
179.17
175.85
179.62
176.63
179.86
179.1
178.22
176.31
179.55
178.91
NA
NA
NA
179.29
181.09
176.84
179.18
NA
178.52
179.88
178.13
177.98
178.77
179.97
179.67
179.47
179.57
178.97
181.07
178.77
177.17
NA
NA
NA
NA
NA
NA
NA
178.97
NA
179.65
NA
NA
NA
NA
NA
NA
NA
NA
NA
NA
NA
NA
NA
NA
NA
NA
NA
NA
NA
NA
NA
177.96
176.65
180.24
178.66
180.14
180.6
180.09
179.63
NA
NA
NA
NA
NA
NA
178.25
179.73
179.43
178.37
177.29
179.98
179.1
NA
NA
NA
NA
NA
NA
NA
NA
NA
178.46
179.06
178.36
179.16
179.16
178.86
178.86
178.86
179.66
176.93
177.33
178.13
180.13
179.73
179.13
179.23
176.73
180.92
178.88
178.63
NA
179.32
179.32
179.24
179.87
178.15
181.43
180.42
NA
NA
NA
NA
NA
NA
NA
NA
179.74
180.33
178.92
180.07
180.66
179.76
NA
NA
NA
NA
179.66
179.31
180.1
179.32
178.05
178.15
180.06
178.87
179.62
180.13
178.81
179.26
180.98
179.36
180.66
179.04
177.32
178.78
178.43
179.91
NA
NA
NA
NA
180.04
178.95
178.91
177.98
NA
179.87
180.51
180.74
180.0
181.44
NA
180.64
180.83
177.75
180.96
182.33
178.6
178.88
178.27
178.91
178.59
177.83
181.43
180.03
178.43
180.33
180.73
179.83
180.83
178.83
177.83
181.43
180.03
178.43
180.33
180.73
179.83
180.83
178.83
177.82
181.42
180.02
178.42
180.32
180.82
179.82
180.82
178.82
177.82
181.42
180.02
178.42
180.22
180.82
179.82
180.82
178.82
177.92
181.42
180.02
178.42
180.32
180.72
179.82
180.82
178.72
179.72
179.47
178.88
181.07
179.0
177.54
182.09
178.01
179.96
180.49
179.26
180.25
178.85
178.15
180.75
180.25
179.85
179.15
179.65
179.17
178.9
177.75
178.08
180.5
NA
NA
NA
NA
180.63
179.22
NA
NA
NA
NA
NA
NA
NA
NA
NA
NA
NA
NA
181.39
178.1
177.99
176.27
180.78
180.88
177.18
179.08
179.68
180.28
NA
178.38
181.12
178.02
179.32
180.22
178.92
179.12
181.42
NA
179.78
181.44
178.33
180.98
177.72
180.28
178.45
NA
176.14
180.47
179.81
178.18
179.82
179.36
NA
179.81
179.11
178.21
179.43
179.7
181.04
178.55
177.62
179.43
NA
179.5
177.95
179.51
177.07
181.33
179.11
176.67
180.86
179.56
179.86
178.66
179.76
179.1
179.66
179.1
178.28
180.85
177.95
180.05
179.55
179.25
179.05
181.35
177.25
179.08
180.68
173.95
178.35
181.03
179.17
NA
NA
NA
NA
NA
178.16
NA
NA
NA
NA
NA
NA
NA
177.74
177.94
178.34
178.44
178.74
NA
NA
NA
NA
NA
NA
NA
NA
NA
NA
NA
NA
NA
NA
NA
178.37
178.64
NA
NA
NA
NA
NA
178.36
180.06
175.97
177.69
177.96
178.41
180.54
180.92
179.29
181.81
179.14
180.27
178.28
NA
175.89
177.4
177.87
182.18
179.53
180.93
179.19
181.82
179.13
180.26
179.93
NA
NA
NA
NA
NA
NA
NA
NA
NA
NA
179.06
178.86
179.03
179.35
179.32
178.91
179.64
178.98
178.86
178.79
178.68
178.83
179.64
178.7
178.85
179.28
178.81
180.59
180.07
179.48
179.76
178.65
178.93
180.14
178.93
180.09
180.69
178.88
178.8
179.51
179.63
178.65
NA
NA
NA
NA
180.84
179.03
181.01
179.67
178.95
179.67
179.99
180.71
176.9
181.15
180.45
NA
180.72
179.42
178.65
179.61
NA
NA
180.04
181.33
179.37
180.22
178.48
181.03
179.96
177.85
177.4
180.72
179.22
180.22
178.02
179.12
179.12
181.42
177.42
NA
NA
NA
NA
NA
NA
NA
179.26
180.17
179.93
177.87
178.65
NA
181.59
179.56
179.96
181.25
178.77
181.29
179.44
177.82
176.45
176.81
175.85
180.23
178.76
179.76
178.88
NA
180.81
179.01
180.51
179.2
179.04
181.07
177.65
179.64
177.44
NA
NA
NA
NA
NA
NA
NA
NA
NA
NA
NA
NA
NA
NA
NA
NA
NA
NA
NA
NA
NA
NA
179.43
NA
NA
179.58
NA
178.4
177.55
181.57
179.7
180.03
181.24
178.86
181.24
179.47
178.26
176.72
176.81
178.44
179.33
178.82
179.84
178.96
177.84
180.59
179.19
180.27
179.33
179.09
180.22
177.0
179.56
177.18
180.92
178.98
179.06
179.76
180.23
179.98
179.23
179.0
NA
NA
179.82
180.23
180.03
179.47
179.7
178.9
179.22
179.34
179.29
180.48
180.37
179.0
179.77
180.09
181.31
181.2
180.83
181.43
178.59
180.18
178.6
178.98
181.41
179.5
179.63
178.4
181.15
178.57
179.65
178.78
179.16
180.16
NA
NA
NA
NA
NA
NA
NA
NA
NA
NA
NA
NA
NA
NA
NA
NA
NA
NA
NA
NA
NA
NA
NA
NA
NA
180.32
178.62
179.32
181.22
180.62
178.12
180.62
179.12
179.52
178.42
NA
NA
NA
NA
NA
NA
NA
181.93
NA
NA
NA
NA
NA
NA
NA
NA
NA
NA
NA
NA
178.81
176.54
179.67
181.05
179.57
NA
NA
NA
NA
NA
NA
NA
NA
NA
NA
NA
NA
NA
NA
NA
NA
NA
NA
NA
179.26
180.62
178.45
179.96
177.91
NA
NA
NA
NA
NA
NA
NA
NA
NA
NA
NA
NA
NA
NA
NA
NA
NA
NA
NA
NA
NA
NA
NA
NA
NA
NA
NA
NA
NA
NA
NA
NA
NA
NA
NA
NA
NA
NA
NA
NA
179.03
178.81
178.85
179.39
179.25
178.8
179.51
178.86
178.88
178.67
178.65
179.25
179.53
178.67
178.82
179.17
NA
NA
NA
NA
NA
173.27
NA
174.13
176.18
172.14
172.94
173.69
NA
173.4
175.05
171.92
NA
174.25
174.43
172.3
172.12
170.23
175.71
173.55
173.12
173.97
175.92
178.48
170.28
170.25
NA
173.32
169.81
169.38
NA
169.35
NA
174.67
176.81
171.56
171.57
171.57
NA
169.38
167.63
172.87
171.12
172.01
171.57
NA
NA
180.33
178.6
179.73
180.09
179.47
NA
NA
NA
NA
NA
NA
NA
NA
NA
NA
NA
NA
NA
NA
NA
NA
NA
NA
NA
NA
177.25
177.93
179.58
NA
180.66
178.68
179.43
181.33
180.72
178.22
180.76
180.43
179.61
178.55
179.3
178.92
NA
178.99
177.56
179.54
178.37
179.87
179.27
179.6
179.54
178.14
176.64
179.84
178.44
180.84
180.04
177.84
178.64
180.54
178.64
178.24
180.34
NA
NA
NA
NA
NA
NA
176.44
182.57
180.49
179.7
180.59
179.03
178.64
175.65
179.33
181.11
178.94
178.47
181.07
NA
NA
NA
NA
NA
178.04
182.34
180.54
NA
NA
NA
NA
NA
179.37
179.36
179.32
179.24
180.04
179.84
175.64
178.64
178.24
180.34
181.38
180.28
180.98
180.68
178.88
NA
NA
NA
NA
NA
178.94
178.88
181.28
180.58
NA
180.63
178.73
178.53
178.03
179.53
180.43
178.63
NA
NA
178.7
179.1
179.6
180.9
179.5
178.6
179.2
179.7
180.9
179.6
NA
NA
NA
180.26
180.46
177.76
178.26
178.16
178.36
NA
NA
NA
NA
NA
NA
177.1
177.85
179.5
180.2
176.5
178.8
NA
NA
NA
NA
NA
NA
NA
NA
NA
NA
NA
NA
NA
NA
NA
NA
NA
NA
NA
NA
NA
NA
NA
NA
NA
NA
NA
NA
NA
NA
NA
NA
NA
NA
NA
NA
NA
NA
NA
NA
NA
NA
NA
NA
NA
178.5
179.1
180.3
178.1
178.75
179.35
177.95
180.25
178.75
177.65
178.75
180.65
178.35
179.15
178.75
180.25
175.05
175.25
179.85
NA
NA
NA
NA
NA
NA
NA
NA
NA
NA
NA
NA
NA
NA
NA
NA
NA
NA
NA
NA
NA
NA
NA
NA
NA
NA
NA
NA
NA
NA
NA
178.54
177.94
NA
NA
NA
NA
NA
NA
NA
NA
NA
NA
180.45
179.45
NA
NA
NA
NA
NA
177.9
178.3
175.7
176.3
177.4
NA
NA
NA
NA
NA
NA
NA
NA
NA
179.67
179.67
NA
NA
NA
NA
NA
NA
NA
179.45
180.15
NA
NA
NA
NA
NA
NA
NA
NA
NA
NA
NA
NA
NA
NA
180.83
180.93
177.43
179.93
177.63
179.03
175.54
179.54
180.24
180.34
NA
180.45
180.98
178.32
179.07
182.43
NA
NA
NA
177.22
179.94
178.88
171.68
178.88
178.68
177.48
177.98
178.28
181.68
181.58
NA
181.88
177.58
180.38
180.88
178.85
180.15
179.45
179.15
178.65
178.95
178.85
178.85
179.17
180.08
177.39
177.78
NA
NA
NA
NA
NA
NA
NA
NA
NA
180.64
NA
NA
NA
NA
NA
NA
NA
NA
179.79
179.49
180.59
178.09
180.79
179.39
179.57
179.27
179.07
180.47
177.87
180.57
179.17
179.21
178.45
NA
180.52
176.62
176.13
179.07
179.39
182.66
175.69
179.07
178.58
178.83
NA
178.99
180.34
180.2
NA
NA
NA
NA
NA
179.92
NA
NA
NA
NA
NA
181.85
181.45
179.35
179.29
177.38
178.6
179.05
178.54
178.09
178.74
178.35
177.75
175.65
180.15
NA
179.14
179.66
180.41
178.91
177.79
179.25
179.73
179.96
180.05
179.78
180.51
180.84
NA
179.15
179.95
179.65
179.21
178.91
180.31
179.71
180.21
180.61
181.51
178.01
180.31
NA
NA
NA
NA
NA
NA
NA
NA
NA
NA
NA
NA
NA
NA
NA
175.55
NA
NA
NA
NA
NA
NA
NA
NA
NA
NA
NA
NA
NA
NA
180.84
180.94
181.34
180.04
179.94
179.14
NA
NA
NA
NA
NA
NA
NA
NA
NA
NA
NA
NA
NA
NA
NA
NA
NA
NA
NA
180.0
179.0
178.56
179.21
181.47
179.88
178.71
180.24
179.28
181.63
178.56
180.83
178.52
179.21
173.31
181.22
181.36
180.7
177.96
179.98
179.72
179.13
180.71
180.16
179.49
180.23
180.02
180.4
180.5
179.68
181.02
179.45
181.05
178.75
178.55
178.75
179.95
176.85
178.35
178.85
180.23
180.94
178.17
180.33
176.36
175.6
179.73
178.75
182.7
174.34
177.23
178.64
181.82
NA
178.81
179.61
180.51
181.41
179.21
NA
NA
NA
NA
NA
NA
NA
178.97
178.44
178.73
181.36
180.26
180.45
179.47
179.97
178.47
179.57
179.17
180.27
180.67
179.97
177.17
180.47
180.47
180.27
179.17
178.67
180.27
178.47
180.27
178.77
NA
NA
NA
180.42
178.22
NA
179.45
173.37
NA
178.37
178.37
NA
178.25
178.65
178.75
178.75
179.1
179.3
177.7
179.9
177.7
178.5
178.0
179.1
NA
180.4
180.4
180.71
179.93
182.11
180.34
176.87
181.2
178.59
179.57
180.44
180.76
181.26
177.84
NA
180.64
NA
178.55
180.74
176.64
181.26
178.83
180.17
179.95
180.81
179.15
181.08
178.25
181.47
178.37
NA
NA
NA
NA
NA
NA
NA
178.75
NA
NA
NA
NA
NA
NA
178.91
180.06
181.35
179.32
180.28
178.52
181.05
179.87
177.78
177.22
NA
176.91
180.32
181.05
180.99
177.61
180.89
180.12
180.27
179.8
178.27
179.02
179.4
181.54
181.86
179.68
178.78
178.25
179.07
180.34
176.29
177.13
181.03
179.13
NA
180.13
179.03
179.88
179.6
180.04
178.41
176.15
180.61
179.21
180.11
180.71
NA
179.41
178.48
177.78
177.28
177.58
180.78
NA
NA
179.95
NA
NA
179.96
NA
178.13
178.9
NA
NA
NA
NA
NA
NA
NA
NA
NA
NA
NA
NA
NA
NA
NA
NA
NA
NA
170.64
170.32
178.82
178.19
178.25
178.05
NA
179.05
180.45
178.35
179.35
178.85
178.95
180.85
179.35
NA
NA
NA
179.91
178.2
NA
175.5
NA
NA
NA
NA
177.64
177.84
178.89
179.95
179.59
178.56
179.77
178.61
178.49
177.47
NA
175.06
178.76
180.56
175.56
177.56
NA
NA
NA
NA
NA
NA
NA
NA
NA
NA
NA
NA
NA
NA
NA
NA
NA
NA
NA
NA
NA
NA
NA
NA
NA
NA
NA
NA
NA
NA
NA
NA
NA
NA
NA
NA
NA
NA
NA
NA
NA
NA
NA
NA
NA
181.34
178.75
177.92
180.48
177.11
NA
180.87
178.81
180.06
180.28
180.0
NA
NA
NA
NA
NA
NA
NA
NA
NA
NA
NA
NA
179.7
181.28
179.09
180.31
175.95
178.54
180.97
180.24
177.7
177.78
177.29
178.04
177.92
175.9
175.4
176.79
178.05
178.83
174.86
177.3
176.3
178.91
177.76
179.94
177.95
178.15
169.25
175.95
178.14
178.11
181.19
NA
NA
NA
NA
NA
NA
181.17
179.37
179.87
NA
NA
NA
NA
NA
NA
NA
NA
NA
NA
NA
NA
NA
NA
NA
NA
NA
NA
NA
NA
NA
NA
NA
NA
NA
NA
NA
NA
NA
179.02
NA
NA
NA
NA
NA
180.38
180.05
180.78
179.69
179.78
177.43
180.53
177.5
177.45
177.27
NA
NA
NA
NA
NA
NA
NA
NA
NA
180.06
179.36
171.52
171.05
180.02
177.7
178.81
180.66
175.06
180.55
179.01
NA
NA
NA
NA
179.76
181.39
179.45
NA
NA
180.26
178.5
176.96
180.03
NA
NA
NA
NA
NA
NA
NA
NA
NA
NA
NA
NA
NA
NA
NA
NA
NA
NA
NA
NA
NA
NA
NA
NA
NA
NA
NA
NA
NA
NA
NA
NA
NA
NA
NA
NA
NA
NA
NA
NA
NA
176.97
178.46
179.57
178.29
179.18
181.18
178.88
182.28
NA
NA
NA
NA
NA
NA
NA
179.71
180.2
181.54
178.3
178.12
NA
NA
NA
NA
NA
173.11
180.39
180.59
181.03
180.24
178.34
180.37
179.66
178.82
180.45
173.56
173.26
171.22
171.89
181.47
180.87
179.97
180.77
177.77
178.07
179.37
178.57
177.67
178.57
179.17
181.11
179.22
178.57
178.13
179.59
181.26
179.47
179.87
181.36
179.56
180.06
179.48
180.87
178.8
178.4
181.14
178.91
176.68
172.6
172.68
170.38
173.47
174.5
173.31
178.25
179.11
177.8
180.38
NA
NA
NA
NA
NA
NA
NA
NA
NA
NA
NA
NA
NA
NA
NA
NA
NA
NA
NA
NA
NA
NA
NA
NA
NA
NA
NA
179.43
179.04
NA
NA
178.31
179.71
180.71
178.11
179.01
179.01
180.71
178.81
177.41
180.51
179.61
NA
NA
NA
NA
NA
NA
NA
NA
NA
181.02
179.85
179.07
178.59
179.86
178.52
179.71
178.52
178.85
178.81
177.77
177.01
176.98
178.08
178.97
179.4
175.17
179.28
177.08
175.68
173.68
177.68
177.78
177.98
177.98
NA
NA
NA
178.39
179.45
178.44
178.81
178.7
177.23
NA
176.52
178.05
NA
179.13
175.02
178.82
181.34
176.25
180.26
180.38
179.96
179.66
178.7
NA
NA
NA
NA
NA
NA
NA
NA
NA
180.73
NA
NA
NA
NA
NA
NA
NA
NA
NA
NA
NA
178.99
180.09
NA
NA
NA
NA
NA
NA
179.16
181.86
179.76
181.26
180.46
178.96
179.0
179.3
177.4
175.8
180.9
180.5
179.9
176.4
NA
NA
NA
NA
177.01
179.2
179.5
179.16
180.89
NA
180.19
179.51
180.67
179.69
178.5
NA
176.73
175.01
NA
NA
NA
NA
NA
NA
NA
NA
NA
NA
NA
NA
NA
178.25
178.44
178.0
NA
NA
NA
NA
NA
NA
179.47
178.17
179.07
180.17
180.23
181.09
180.88
178.29
179.33
178.03
178.81
181.87
182.09
178.34
182.79
177.94
178.14
178.94
179.44
180.44
181.04
179.14
179.14
180.84
179.44
175.34
179.34
NA
181.76
179.89
179.48
179.37
179.8
180.47
179.42
180.88
178.84
179.99
180.27
179.16
181.06
179.06
178.26
178.24
180.69
179.87
179.13
178.31
178.07
180.76
178.6
178.67
179.32
178.91
NA
178.87
180.29
NA
175.08
179.38
179.38
179.98
178.78
175.18
176.18
180.28
181.78
180.48
181.58
179.38
180.78
180.68
180.67
179.87
178.57
182.07
180.37
176.57
181.17
178.57
179.37
180.47
180.77
181.27
177.77
179.77
180.67
179.37
178.57
180.77
176.47
181.27
178.67
179.67
179.87
180.77
179.17
181.07
178.27
181.47
178.37
180.67
179.97
182.27
180.27
177.47
181.17
178.57
180.37
180.57
180.57
181.27
177.87
179.77
180.67
180.37
178.57
180.47
177.87
181.27
179.17
180.07
181.07
180.97
179.07
181.17
178.27
181.67
178.27
NA
NA
NA
180.83
180.03
NA
NA
NA
NA
NA
181.04
179.94
179.04
178.54
179.84
180.63
178.53
180.86
178.83
175.91
179.05
180.35
180.35
180.98
180.34
180.22
180.14
179.38
180.55
179.15
178.35
179.85
180.85
176.25
180.05
179.02
178.41
181.15
179.66
181.9
181.36
NA
NA
NA
NA
NA
NA
NA
NA
NA
NA
NA
NA
NA
NA
NA
NA
NA
NA
NA
NA
180.24
NA
NA
179.13
180.63
178.93
NA
NA
181.16
180.16
181.51
180.16
180.11
179.27
179.4
179.9
175.4
179.7
180.8
178.1
179.0
180.51
180.88
178.03
NA
NA
NA
NA
NA
NA
NA
NA
NA
NA
NA
NA
NA
NA
NA
NA
NA
NA
NA
NA
NA
NA
NA
NA
NA
NA
NA
NA
180.58
180.46
178.4
NA
NA
NA
179.21
179.1
179.55
179.16
180.92
178.8
180.92
179.2
180.23
NA
NA
NA
NA
NA
179.91
179.07
179.44
180.07
179.63
179.31
179.54
178.42
178.7
180.02
178.15
179.1
179.58
179.08
179.44
179.59
180.84
177.55
177.92
178.41
NA
NA
NA
NA
NA
180.22
178.77
180.35
179.13
179.15
180.55
179.65
177.75
181.32
180.0
178.35
180.21
180.64
179.78
180.78
178.7
179.68
178.72
180.06
179.22
179.12
180.92
178.57
180.26
181.16
180.59
177.78
178.62
178.54
181.26
178.94
180.03
180.01
179.81
179.59
180.7
181.33
180.39
178.69
179.46
180.96
177.48
178.79
181.18
179.62
180.05
177.13
180.21
181.23
179.73
177.63
176.93
NA
180.18
180.25
179.55
NA
NA
178.57
178.94
179.31
180.17
178.89
177.56
178.14
180.71
179.41
177.91
178.51
180.01
179.0
178.4
178.52
178.82
179.92
177.21
179.72
178.14
178.71
179.55
179.41
178.27
179.82
178.58
180.81
180.93
181.29
180.33
179.58
178.06
176.94
180.36
180.64
179.13
178.86
181.31
177.22
180.4
181.07
NA
NA
NA
NA
NA
NA
NA
NA
NA
NA
NA
NA
180.57
180.46
180.59
178.28
180.11
180.08
178.8
179.13
181.27
177.5
178.34
NA
NA
NA
NA
NA
NA
NA
NA
NA
NA
NA
NA
NA
180.43
180.5
178.62
179.33
NA
178.54
180.17
175.57
179.27
178.67
181.58
178.68
NA
NA
177.87
176.89
178.02
180.63
180.41
179.58
179.07
179.18
179.08
180.48
179.08
180.08
180.08
178.48
177.68
178.58
179.98
178.58
179.99
179.39
180.49
179.74
177.84
179.44
179.94
180.26
179.89
180.75
NA
179.66
179.8
NA
180.44
177.51
177.47
NA
180.28
178.83
179.31
179.11
180.25
179.02
178.92
178.26
176.79
176.99
176.81
181.23
177.86
179.9
180.66
178.09
NA
178.65
182.02
NA
180.55
181.19
177.62
180.21
180.24
177.77
179.43
179.48
177.3
178.55
NA
175.46
180.07
NA
180.57
180.47
179.27
179.07
177.93
181.4
178.41
181.02
180.24
181.42
175.84
178.75
180.01
179.76
177.7
179.99
180.28
178.59
180.39
180.36
179.75
180.75
178.05
178.15
179.05
179.05
180.35
179.35
179.35
180.35
181.45
180.75
179.69
177.72
178.04
178.46
179.2
180.09
179.98
181.5
178.83
180.37
180.48
178.98
181.22
180.5
180.95
NA
178.85
178.25
179.05
NA
NA
NA
NA
NA
NA
NA
NA
NA
NA
NA
NA
NA
NA
180.58
178.88
178.78
180.98
179.38
178.78
181.08
179.88
180.18
180.08
180.58
181.18
178.68
178.98
178.95
180.03
180.03
179.93
179.53
179.33
180.34
180.69
178.79
179.99
179.39
178.99
179.19
181.09
177.59
180.79
180.7
180.38
180.42
179.48
178.79
178.95
179.21
179.45
179.14
179.84
176.54
179.74
177.34
181.44
180.34
180.34
178.54
NA
NA
NA
NA
NA
175.06
180.55
179.01
180.59
179.13
NA
NA
NA
NA
173.39
177.33
173.5
171.09
172.51
180.76
180.72
178.75
179.28
179.29
179.07
179.26
179.62
177.35
180.59
180.02
181.3
181.89
180.78
179.2
179.79
178.41
179.31
182.31
177.21
179.01
182.31
176.81
178.81
176.61
179.56
180.16
178.4
178.5
179.7
177.87
180.39
180.84
181.92
NA
NA
NA
NA
179.16
178.35
179.35
182.45
177.35
178.75
181.05
176.85
178.75
176.65
177.68
180.28
179.58
180.38
178.48
179.68
179.48
177.18
179.38
177.73
180.26
177.54
177.91
180.09
NA
179.01
177.54
179.42
179.48
178.55
179.0
181.1
180.83
180.52
180.55
180.33
178.35
178.39
179.28
178.3
181.4
178.21
NA
180.54
177.89
179.64
176.34
179.44
179.34
179.19
181.03
180.43
179.13
179.99
178.59
179.09
178.89
181.09
NA
NA
177.81
178.93
179.88
180.27
178.54
178.25
178.2
176.22
178.49
178.98
180.41
180.32
177.7
177.96
179.0
172.38
NA
178.28
179.38
179.38
179.28
181.48
NA
180.58
180.18
181.18
180.68
180.28
178.88
171.48
172.4
173.25
172.52
172.47
173.39
177.26
178.71
181.29
NA
NA
NA
178.93
179.75
180.75
178.05
178.15
179.05
179.05
180.35
179.35
179.35
180.35
181.45
180.75
180.25
180.68
180.21
180.29
180.17
179.47
179.59
178.21
178.34
NA
177.62
179.36
179.26
179.76
179.76
179.46
178.16
180.36
179.96
180.66
179.45
178.21
177.96
179.31
178.27
179.61
179.06
179.06
178.96
178.02
179.44
178.07
180.74
179.13
180.48
177.64
175.4
179.9
177.27
180.47
178.19
179.37
178.84
180.13
179.2
180.42
181.43
177.74
179.39
178.88
179.32
179.31
179.25
177.98
178.82
178.53
179.76
180.68
180.72
180.6
180.72
181.06
180.4
179.54
177.35
177.88
177.75
179.65
178.75
NA
181.0
179.0
179.8
181.6
180.5
180.9
178.4
179.5
179.7
178.5
177.6
181.1
181.1
178.8
178.2
180.3
179.6
179.0
180.8
177.51
181.13
179.18
NA
NA
NA
NA
NA
NA
NA
NA
NA
NA
NA
NA
NA
NA
NA
NA
NA
NA
NA
NA
NA
NA
NA
NA
NA
NA
NA
NA
NA
NA
NA
NA
NA
177.19
177.98
181.18
180.03
180.2
180.21
177.37
180.05
177.91
181.01
179.81
179.51
NA
NA
NA
180.03
178.98
179.87
178.78
178.63
179.3
NA
179.41
180.24
178.64
NA
177.24
178.83
178.68
181.13
177.83
177.88
180.49
179.41
179.56
179.71
180.98
179.65
178.29
177.64
178.97
179.27
178.27
178.87
179.03
NA
NA
NA
173.1
173.3
170.1
171.3
NA
NA
180.45
178.54
179.53
179.85
180.59
180.44
178.79
180.0
180.57
178.1
179.76
178.52
NA
181.0
177.3
NA
NA
NA
NA
NA
NA
179.21
NA
174.71
179.51
178.41
178.51
NA
175.91
NA
173.7
NA
179.5
177.8
179.2
NA
NA
NA
NA
179.5
180.29
179.79
178.59
181.13
179.63
179.33
170.33
179.24
NA
179.31
170.13
177.96
178.65
NA
NA
NA
178.33
179.14
NA
179.62
181.61
176.3
180.68
180.5
NA
175.7
178.71
181.31
181.57
178.07
NA
NA
NA
180.74
178.13
179.4
NA
NA
NA
171.31
171.44
169.89
172.52
NA
170.36
171.22
179.14
180.01
179.27
178.14
177.79
NA
NA
NA
NA
181.18
180.15
175.49
180.84
173.81
178.84
180.27
180.63
180.45
178.54
178.04
176.04
178.54
180.24
177.14
178.44
178.94
177.34
180.94
179.04
179.84
178.44
178.44
179.04
178.04
179.54
179.74
178.84
NA
NA
179.85
178.4
179.63
180.01
180.14
179.32
177.96
180.75
178.59
179.81
180.17
179.41
179.2
177.98
177.93
177.59
178.72
176.79
179.69
178.32
180.67
179.53
180.26
179.68
178.94
178.54
181.48
177.25
NA
NA
NA
NA
NA
NA
NA
NA
NA
NA
NA
NA
180.69
178.29
182.69
179.19
180.49
181.39
179.19
179.79
177.91
177.71
178.81
179.71
178.31
179.61
172.51
179.81
179.59
180.48
179.98
177.08
179.88
180.5
179.25
178.6
176.6
178.8
176.6
178.53
176.19
174.58
178.7
180.04
179.8
175.9
177.85
178.84
179.9
181.36
178.62
179.69
NA
185.3
176.8
NA
NA
180.65
178.73
179.68
179.4
181.55
179.95
180.7
179.8
179.18
179.89
180.95
180.38
179.73
178.62
178.93
180.27
177.73
NA
179.15
179.35
179.73
178.81
181.35
180.4
179.29
178.97
180.61
178.82
178.33
180.88
179.15
180.68
176.48
174.48
178.48
176.48
176.48
174.48
176.48
NA
NA
NA
181.4
181.88
180.75
NA
NA
NA
NA
177.69
180.12
177.54
179.7
175.93
179.21
179.85
179.65
179.75
179.05
179.6
178.5
NA
179.0
180.3
178.2
180.5
180.4
178.9
179.2
180.8
179.8
178.57
182.38
176.76
180.14
179.26
180.51
178.01
NA
NA
NA
NA
179.64
181.07
178.0
180.37
178.55
178.52
178.27
179.62
179.16
178.08
178.55
181.6
180.62
180.41
177.81
180.71
178.41
179.21
179.41
177.71
179.41
181.11
178.81
171.91
180.29
182.09
180.0
180.53
180.28
180.62
180.1
177.26
179.56
180.16
179.16
180.46
NA
179.56
178.96
180.06
NA
NA
NA
NA
NA
NA
NA
NA
179.19
180.19
172.23
171.73
172.83
170.03
171.23
NA
NA
NA
181.66
179.96
178.16
180.66
179.24
178.55
181.73
182.92
180.28
181.51
181.03
178.53
181.39
182.57
176.82
180.39
179.32
180.9
179.34
179.73
177.5
NA
NA
NA
NA
NA
NA
NA
NA
NA
NA
NA
178.72
178.63
NA
178.86
NA
NA
178.19
NA
NA
NA
178.62
178.72
178.62
180.02
NA
NA
NA
178.56
179.3
NA
NA
NA
NA
NA
NA
NA
NA
179.98
180.28
179.38
178.18
178.58
179.38
180.68
180.48
178.58
177.81
179.44
177.95
173.86
180.83
178.36
178.71
179.3
179.57
178.17
179.38
179.11
180.39
179.01
168.51
NA
178.94
178.89
180.29
181.29
179.19
178.89
180.54
178.67
179.0
180.98
179.22
179.88
179.44
180.65
178.13
180.87
179.56
178.47
179.45
181.63
179.79
180.76
181.07
180.35
175.53
178.21
178.06
181.36
179.14
176.88
178.54
179.94
180.03
180.73
176.85
179.41
180.94
176.58
179.65
NA
NA
NA
NA
171.39
170.34
181.43
181.06
177.01
180.05
180.03
179.46
179.5
178.28
178.52
179.6
178.59
NA
NA
NA
NA
NA
NA
NA
NA
177.96
181.06
179.96
179.86
179.6
179.93
NA
176.84
180.91
181.13
NA
181.21
180.63
179.26
178.02
NA
NA
NA
NA
NA
NA
NA
NA
NA
NA
NA
NA
NA
NA
NA
NA
NA
NA
NA
179.27
177.66
181.37
180.86
173.27
178.54
179.13
180.83
180.61
179.23
NA
180.69
178.66
179.87
179.64
178.22
180.49
179.95
NA
178.67
178.29
178.99
179.29
NA
NA
NA
178.88
179.37
179.16
180.0
NA
NA
NA
181.61
182.64
178.51
181.35
178.84
178.36
181.09
176.73
179.01
178.71
NA
177.41
176.99
182.76
183.79
185.09
182.91
182.17
181.56
181.41
179.82
180.68
181.68
183.79
184.55
NA
177.65
178.59
176.37
178.83
181.83
177.56
178.63
178.92
179.07
180.16
180.74
178.0
179.56
180.03
NA
NA
NA
NA
NA
NA
177.71
178.41
178.2
180.45
178.57
180.74
180.04
180.88
177.2
180.15
178.56
178.51
179.76
179.19
177.19
NA
179.68
NA
180.18
181.08
180.12
178.27
180.19
179.34
179.03
180.61
178.23
179.05
180.72
NA
NA
180.76
178.66
177.56
178.66
179.66
178.76
NA
NA
NA
NA
NA
NA
NA
178.29
178.73
177.85
176.54
179.67
179.73
177.96
NA
179.49
NA
180.41
179.61
179.71
180.91
180.71
180.01
178.81
NA
180.71
179.31
180.31
179.21
180.31
178.21
180.51
180.81
180.71
179.81
178.11
180.13
180.68
181.03
181.03
NA
178.93
179.67
180.14
179.28
178.9
179.54
NA
179.81
178.76
179.04
181.59
NA
180.7
NA
NA
NA
180.15
179.1
NA
179.55
179.17
173.43
179.41
176.93
180.47
177.56
175.64
179.14
179.19
177.67
174.43
176.76
178.39
179.84
178.44
178.74
179.64
178.34
179.14
181.44
176.7
177.02
177.61
179.04
181.63
178.97
179.12
181.27
176.97
180.17
179.77
179.07
NA
NA
NA
NA
NA
NA
NA
NA
NA
169.39
179.69
179.19
NA
179.19
179.39
179.21
178.4
177.83
179.66
176.86
179.06
179.66
180.96
175.37
180.51
179.33
178.85
180.53
178.55
180.21
179.67
180.69
179.69
179.19
180.99
178.89
179.39
178.23
179.04
180.13
178.73
179.56
NA
176.48
NA
NA
173.84
175.33
179.64
178.54
179.24
180.31
177.77
177.83
178.13
178.7
178.1
180.05
180.95
180.15
178.02
177.36
172.62
179.64
181.05
177.96
180.31
178.53
178.48
178.24
179.54
179.12
178.03
178.48
181.55
175.56
180.51
180.24
178.86
180.86
179.96
178.63
180.84
180.2
NA
NA
NA
NA
NA
NA
NA
NA
NA
NA
NA
NA
NA
NA
NA
NA
NA
179.18
180.18
180.18
180.28
NA
NA
NA
NA
NA
NA
180.7
178.97
178.98
179.56
NA
NA
178.23
179.97
181.22
NA
180.33
180.07
178.86
179.09
NA
NA
NA
179.44
178.75
178.41
180.45
181.65
177.37
180.69
180.55
180.27
181.7
177.39
180.69
180.67
180.2
180.1
179.15
178.52
180.14
180.34
181.63
177.75
179.36
177.8
177.51
180.01
179.64
NA
179.32
NA
179.68
177.81
180.75
178.94
181.22
179.7
178.81
179.54
181.21
180.36
179.49
NA
NA
NA
NA
180.25
178.56
178.73
175.81
179.48
179.91
177.42
180.07
179.52
181.98
179.66
180.36
182.75
177.68
178.6
180.04
179.63
180.84
180.32
180.39
177.61
177.35
179.06
181.51
176.22
180.64
178.8
180.85
179.55
NA
178.81
179.1
177.53
181.01
178.74
179.6
179.99
179.57
175.98
180.76
178.91
178.82
180.38
181.53
179.59
177.3
NA
NA
178.31
179.21
179.21
180.31
177.91
179.21
177.51
NA
178.41
181.21
180.81
181.51
180.41
178.41
178.91
178.47
NA
180.4
NA
NA
NA
NA
180.46
181.09
179.04
NA
NA
179.24
NA
NA
NA
NA
NA
178.54
181.24
180.84
181.64
180.54
NA
NA
177.49
182.2
175.65
178.94
NA
NA
NA
NA
NA
NA
NA
NA
NA
NA
NA
179.38
180.33
177.92
180.03
177.11
181.26
179.43
178.72
180.05
178.49
178.55
179.94
179.12
178.06
180.32
177.42
179.42
179.8
181.21
182.47
179.96
179.14
180.0
177.89
180.5
180.8
180.08
181.19
180.1
179.03
179.06
179.74
179.24
179.04
179.54
178.24
178.34
179.67
178.6
180.82
180.66
180.4
180.32
178.39
179.97
179.26
181.37
179.77
178.97
178.87
180.07
179.87
175.42
178.22
178.72
177.72
176.65
179.75
178.35
178.97
NA
NA
180.47
179.43
180.67
177.6
180.79
179.56
179.47
179.07
180.31
NA
178.85
178.97
179.27
178.33
179.93
180.43
178.73
179.33
174.03
NA
NA
NA
NA
NA
NA
NA
NA
NA
NA
NA
NA
179.8
178.71
178.14
178.97
NA
178.67
178.22
178.32
179.69
180.87
178.93
180.14
179.5
179.11
179.24
181.23
177.66
NA
NA
NA
NA
NA
NA
NA
NA
NA
NA
NA
NA
NA
NA
NA
NA
NA
NA
NA
NA
NA
NA
NA
NA
NA
NA
NA
NA
NA
NA
NA
NA
NA
179.65
176.72
NA
NA
NA
NA
NA
NA
NA
NA
NA
NA
NA
NA
180.58
179.44
180.87
181.49
180.32
180.29
180.56
178.71
178.9
179.92
179.27
179.61
180.93
179.31
179.96
179.73
180.43
180.32
178.26
178.63
179.38
180.57
179.44
179.65
177.84
NA
NA
179.15
180.8
179.18
178.72
178.47
179.13
179.62
179.71
174.21
177.21
NA
NA
NA
NA
NA
NA
NA
178.89
178.22
179.96
180.68
178.72
179.1
180.46
180.26
180.33
181.06
179.8
179.75
177.29
179.2
179.69
179.03
178.23
180.03
180.13
178.93
179.33
180.63
180.43
180.33
180.93
179.43
NA
NA
NA
181.19
180.19
178.31
173.06
172.65
172.67
171.56
173.23
176.5
178.84
181.19
179.83
177.83
NA
NA
NA
NA
NA
172.84
NA
NA
NA
NA
NA
179.46
180.41
180.01
179.61
178.11
179.01
178.01
178.71
179.31
178.31
178.61
178.71
178.71
NA
180.91
179.51
NA
NA
179.75
181.09
179.16
180.24
178.39
178.42
NA
178.35
181.33
179.59
178.85
NA
NA
NA
NA
NA
NA
NA
NA
NA
NA
180.53
180.08
180.28
178.68
177.86
174.92
175.72
173.1
178.87
180.17
178.87
178.77
177.41
179.85
176.96
177.9
178.64
180.69
179.8
177.86
174.03
179.66
180.18
180.26
181.05
180.25
180.68
180.31
179.99
178.56
178.8
180.44
178.92
178.24
180.23
181.58
178.69
179.73
177.08
177.58
178.78
174.68
174.68
176.78
178.12
178.59
181.79
176.18
176.54
180.33
178.18
178.9
178.66
176.66
NA
181.09
176.62
178.03
NA
NA
181.27
180.05
178.76
178.89
180.17
178.68
180.37
NA
178.3
178.55
179.7
NA
177.51
178.61
178.85
178.99
180.09
180.7
178.12
178.64
178.67
NA
NA
NA
NA
NA
NA
NA
NA
NA
NA
NA
NA
NA
NA
NA
NA
NA
NA
NA
NA
NA
NA
NA
177.31
179.92
177.87
179.78
180.23
180.48
178.68
180.19
177.22
180.34
179.84
181.39
180.36
NA
NA
NA
NA
181.42
177.83
180.86
NA
NA
180.3
175.98
180.17
180.49
178.65
NA
NA
NA
NA
NA
178.96
178.66
NA
178.56
177.96
180.26
180.26
178.06
179.66
180.65
181.24
178.82
181.52
180.92
181.22
179.42
179.32
179.31
181.51
181.11
181.31
179.61
179.51
NA
NA
NA
NA
NA
NA
NA
NA
NA
NA
NA
NA
NA
NA
NA
NA
NA
NA
NA
NA
NA
NA
NA
NA
NA
NA
NA
NA
NA
NA
179.23
178.03
179.72
180.32
178.62
181.02
178.52
177.62
179.42
NA
NA
177.41
179.98
178.7
179.02
177.98
176.26
178.9
179.82
180.13
NA
178.57
179.2
180.8
NA
177.35
180.1
NA
178.4
NA
177.38
NA
NA
180.92
177.55
178.51
182.18
179.65
180.58
178.1
178.19
179.07
180.28
178.77
178.67
179.09
179.59
180.46
177.13
178.6
178.16
178.79
176.5
178.84
181.19
179.83
177.83
NA
NA
NA
NA
NA
NA
NA
NA
NA
NA
NA
NA
180.54
178.85
180.14
179.97
180.71
180.32
176.54
180.68
179.65
180.53
180.73
180.13
180.73
178.73
180.43
180.93
178.93
178.63
181.03
180.93
181.33
179.83
178.53
177.43
179.5
178.51
181.19
178.95
177.68
178.1
NA
180.78
178.97
178.19
NA
NA
NA
NA
NA
NA
181.11
180.94
NA
180.16
180.84
179.68
NA
NA
NA
NA
172.58
175.04
175.74
178.04
176.64
175.64
179.14
NA
176.04
176.56
NA
176.19
176.54
177.33
NA
179.83
177.49
179.46
177.96
178.86
180.96
180.16
180.09
178.09
180.92
180.98
NA
176.31
177.41
179.98
178.7
179.02
177.97
180.63
178.48
NA
NA
179.45
178.89
180.4
180.73
180.65
176.05
180.65
181.5
NA
NA
178.86
178.08
179.41
178.94
178.25
180.19
180.12
175.63
176.49
178.26
178.38
180.24
180.57
180.69
177.96
180.47
177.97
178.08
177.83
177.24
NA
178.87
179.35
NA
178.75
175.11
173.17
173.15
176.68
175.25
179.68
179.86
180.96
180.31
179.35
181.59
NA
180.66
178.46
178.89
181.23
NA
NA
NA
NA
181.7
179.3
179.28
180.02
179.31
179.68
179.02
180.88
179.79
179.94
181.28
180.46
181.35
180.63
178.53
177.97
180.26
180.66
180.26
180.66
178.06
179.6
180.84
177.51
180.11
180.31
NA
178.41
NA
179.86
178.05
179.9
180.8
180.6
178.2
179.9
179.2
176.3
178.72
178.82
179.92
180.62
175.92
177.72
178.52
179.92
179.29
179.01
179.21
179.05
180.86
179.37
NA
179.43
179.29
NA
NA
178.32
179.34
179.29
179.38
181.08
NA
178.16
178.36
179.96
179.26
180.96
180.86
179.26
178.76
182.36
179.06
179.27
182.02
179.88
179.79
179.98
179.27
180.17
181.14
178.65
180.55
178.84
178.34
180.71
178.81
178.57
177.17
178.92
179.06
180.97
178.7
180.52
179.74
179.84
179.13
181.73
178.82
180.05
179.24
177.88
176.63
180.98
NA
NA
NA
NA
178.8
178.75
NA
178.76
180.08
179.2
179.17
179.83
180.05
179.29
179.07
NA
NA
NA
NA
NA
NA
NA
NA
177.98
174.88
180.39
179.06
176.26
179.66
179.15
180.66
177.81
179.31
178.51
NA
NA
NA
NA
NA
179.42
179.69
177.98
181.1
182.22
NA
NA
NA
178.71
178.31
179.21
181.41
178.61
178.81
180.21
181.4
179.32
181.73
179.37
181.3
181.13
178.65
181.1
NA
181.09
NA
179.15
180.68
181.15
NA
179.15
180.71
NA
NA
NA
NA
180.62
180.75
178.61
179.58
179.05
180.14
178.94
177.77
NA
NA
NA
NA
NA
NA
NA
NA
NA
NA
NA
NA
NA
181.06
179.63
NA
NA
NA
NA
NA
NA
NA
NA
NA
NA
179.62
179.52
178.72
178.72
176.72
177.52
176.72
180.89
178.99
177.39
177.39
180.69
180.39
179.59
178.17
179.15
180.13
NA
NA
NA
NA
NA
180.18
175.92
173.14
172.02
NA
NA
NA
NA
NA
167.98
178.38
180.38
NA
NA
NA
NA
179.98
181.44
180.11
179.83
NA
180.82
179.65
179.69
NA
NA
NA
NA
NA
NA
NA
NA
NA
179.24
NA
NA
NA
NA
NA
179.62
181.06
177.94
180.25
178.47
178.6
178.36
179.51
179.13
178.03
178.48
181.54
175.54
NA
NA
NA
NA
NA
NA
NA
NA
NA
NA
NA
NA
NA
NA
NA
NA
NA
NA
NA
181.24
177.99
179.19
180.39
181.4
178.43
180.32
179.09
179.89
179.62
179.35
NA
NA
NA
NA
NA
NA
NA
180.04
178.54
181.04
180.34
179.64
178.11
178.48
180.22
180.31
179.29
178.82
177.86
178.34
179.52
178.97
178.84
179.2
180.96
179.17
179.88
177.76
180.68
181.43
179.53
180.36
180.54
178.54
181.35
178.17
180.86
180.76
181.0
178.34
178.8
179.82
177.63
178.45
176.89
179.7
180.32
182.34
180.83
181.14
177.47
180.73
178.01
176.32
179.66
179.35
179.12
NA
NA
NA
NA
NA
NA
NA
NA
NA
NA
NA
NA
NA
NA
NA
NA
NA
NA
NA
NA
NA
NA
NA
NA
NA
NA
NA
NA
NA
NA
NA
NA
181.41
175.54
178.19
180.49
179.99
178.69
181.06
178.35
180.51
180.66
178.2
177.93
180.56
178.87
180.12
179.94
180.95
179.82
178.52
177.82
178.72
179.22
179.62
179.22
179.96
178.56
177.86
178.76
179.26
179.56
179.16
NA
NA
NA
NA
NA
NA
NA
NA
NA
NA
NA
NA
NA
NA
NA
NA
NA
NA
NA
NA
NA
NA
179.17
179.84
179.66
180.31
181.09
180.31
180.7
180.31
177.96
177.18
180.31
180.53
179.53
180.53
179.49
179.43
NA
180.91
180.73
NA
NA
NA
NA
NA
NA
NA
NA
NA
NA
NA
NA
NA
NA
NA
NA
NA
NA
NA
NA
NA
NA
NA
NA
NA
NA
179.27
179.54
180.79
179.62
179.79
178.29
178.98
178.92
180.03
178.7
177.47
179.38
180.33
180.38
177.47
180.88
NA
179.82
177.42
181.32
180.42
179.22
179.02
181.32
180.5
178.0
180.4
178.9
179.2
179.4
181.3
177.2
179.75
177.55
181.05
NA
179.35
178.85
181.25