19.48
17.95
17.05
16.95
17.77
17.84
18.04
18.1
19.09
18.39
17.95
18.44
18.98
18.85
17.87
17.55
19.75
18.3
17.82
17.82
NA
NA
17.82
NA
17.82
NA
NA
NA
17.82
17.3
17.43
17.44
18.49
18.32
16.63
18.12
18.56
18.44
17.09
17.63
18.29
18.08
18.04
19.86
17.84
18.96
19.75
18.1
16.94
18.34
18.54
19.01
18.48
18.65
19.26
17.91
17.94
17.76
18.28
19.62
19.45
17.27
17.55
17.83
17.9
17.7
18.1
15.78
18.85
19.13
18.68
NA
19.19
18.45
17.78
17.91
19.12
19.39
18.16
17.73
17.76
16.94
17.81
17.98
NA
17.95
17.98
18.08
17.78
18.51
18.44
18.19
NA
18.45
18.24
17.81
18.66
18.82
17.26
17.59
19.06
19.87
18.89
19.38
18.09
18.44
20.56
20.58
17.4
18.77
17.72
18.82
17.75
18.09
17.39
17.69
17.1
18.18
18.77
19.12
18.45
18.07
16.58
18.43
18.23
18.39
18.5
18.26
18.76
18.29
18.08
17.9
18.8
18.8
NA
15.76
18.36
19.13
19.45
18.36
19.16
18.83
17.81
17.28
18.21
17.64
17.82
19.19
16.4
17.58
18.15
18.57
19.89
17.04
17.73
19.05
18.39
NA
18.17
NA
NA
NA
17.65
NA
17.94
19.05
18.58
18.01
18.46
17.99
18.09
18.62
19.59
17.18
20.82
17.33
17.95
17.68
18.44
17.78
19.32
18.42
18.18
18.02
19.33
NA
NA
17.75
18.05
18.13
18.14
19.59
17.86
15.14
18.64
17.85
18.38
18.13
17.89
20.03
18.11
NA
18.27
18.73
18.0
17.38
17.94
18.07
17.88
17.92
18.65
17.87
17.89
18.71
19.84
NA
18.58
NA
18.15
18.68
18.05
17.86
17.87
19.06
16.28
NA
18.11
19.09
16.24
20.62
NA
17.6
18.92
17.99
17.42
17.99
18.51
17.69
18.62
18.52
19.44
18.14
16.35
17.84
17.84
18.2
20.95
18.2
18.44
17.12
17.69
18.61
18.1
21.23
17.85
18.35
16.89
18.59
18.83
19.8
17.89
18.47
18.14
18.63
NA
NA
19.95
19.24
18.54
18.95
21.01
18.27
NA
17.88
NA
18.34
18.12
17.8
18.01
17.99
18.02
18.84
19.62
18.1
17.91
18.63
17.81
18.55
18.06
18.32
17.98
17.74
18.19
18.31
17.84
17.53
NA
17.7
17.63
18.12
17.57
17.62
NA
18.34
18.94
18.85
18.3
17.96
NA
NA
19.11
17.32
18.73
18.75
17.92
18.49
NA
18.02
18.22
17.75
18.26
17.71
17.81
18.54
18.81
19.44
17.69
20.67
18.47
18.26
19.24
18.13
17.8
18.54
18.29
18.02
17.36
18.08
19.59
18.64
18.06
18.6
19.06
18.88
19.07
18.37
18.77
18.37
18.56
17.52
17.94
17.94
16.75
18.45
18.25
17.67
NA
18.51
19.71
16.7
NA
17.14
18.03
17.7
18.55
18.51
17.67
18.2
18.86
17.85
19.26
17.44
18.55
18.06
17.61
17.97
18.47
18.68
17.63
19.62
19.75
NA
17.72
17.88
18.45
NA
17.92
18.24
18.34
17.67
16.53
17.83
18.37
17.81
18.31
17.68
NA
17.44
18.98
17.58
17.91
17.54
18.26
17.86
17.12
18.72
18.09
18.14
19.66
NA
NA
18.07
19.06
18.46
18.56
18.34
18.2
18.04
18.09
18.82
17.69
19.98
NA
18.39
18.52
18.18
18.04
19.22
17.96
18.52
19.63
18.29
18.18
19.46
22.05
17.36
NA
17.92
18.82
17.15
NA
17.75
18.54
17.92
17.41
18.77
NA
16.98
NA
19.18
18.42
17.54
18.38
19.89
17.66
18.16
18.66
NA
17.7
19.1
19.38
17.62
19.02
17.61
18.71
15.98
17.67
18.45
18.54
18.0
18.4
17.15
18.72
18.82
18.41
19.25
19.88
17.71
18.73
15.61
17.88
20.35
17.29
18.23
18.09
19.97
21.53
15.5
18.07
19.3
18.33
15.32
17.4
19.56
15.5
19.33
18.21
17.56
17.86
17.94
18.69
16.73
19.28
18.53
18.82
NA
15.63
18.09
19.99
18.49
18.43
18.97
18.02
18.63
18.01
18.94
16.67
19.03
18.98
18.08
18.79
16.62
19.02
18.65
17.82
18.74
16.49
19.1
18.77
17.84
19.02
16.7
19.12
19.07
NA
18.92
16.65
19.14
NA
19.02
17.07
18.1
18.63
18.88
16.9
18.22
17.21
18.01
17.61
17.97
18.6
17.76
17.51
19.17
18.32
18.1
18.92
18.73
17.17
18.05
18.76
17.42
NA
18.86
18.02
17.95
17.97
18.52
18.94
18.29
17.26
18.27
18.97
17.6
NA
19.42
18.34
17.25
18.09
18.92
19.17
17.73
18.13
18.44
18.85
19.01
17.59
16.28
19.73
17.32
18.85
17.93
18.3
17.52
19.22
19.09
19.33
18.26
NA
18.88
17.81
NA
NA
17.98
NA
NA
NA
NA
NA
NA
17.41
18.98
17.92
18.46
NA
NA
18.94
18.94
NA
19.01
17.79
NA
NA
18.07
17.54
16.78
18.73
NA
16.33
19.92
17.35
18.98
17.7
NA
NA
20.35
18.96
19.58
NA
NA
17.66
NA
NA
NA
NA
NA
NA
NA
17.48
19.53
21.15
17.48
18.11
17.47
19.52
19.99
NA
NA
18.71
17.59
19.18
18.69
18.02
16.76
18.63
19.01
19.16
18.45
17.81
17.86
18.81
17.78
17.04
18.55
NA
17.7
19.38
18.86
17.82
17.81
18.64
17.97
19.69
18.65
17.95
NA
NA
NA
NA
17.63
18.98
18.6
18.82
17.85
17.77
NA
NA
17.92
17.62
18.13
18.51
18.92
NA
17.62
18.13
18.41
18.95
18.36
18.36
17.71
18.26
18.3
18.87
19.5
19.19
18.77
18.72
17.92
18.02
18.22
18.12
18.22
17.82
17.72
NA
19.15
16.69
NA
18.64
17.22
17.49
17.84
NA
18.33
18.83
19.38
NA
NA
NA
NA
17.01
NA
NA
NA
NA
NA
NA
NA
NA
NA
NA
NA
NA
NA
NA
NA
18.29
19.93
18.21
19.75
20.09
18.28
18.26
19.03
19.26
18.36
18.18
NA
18.26
17.84
18.66
17.76
17.93
18.85
19.29
17.86
17.88
17.87
17.88
17.78
17.65
18.3
18.68
19.07
18.43
18.29
18.6
17.5
17.7
18.2
20.3
18.7
18.5
18.7
19.1
18.61
18.25
18.0
17.95
17.45
17.43
18.06
17.5
17.93
18.0
17.9
NA
17.52
17.38
18.45
18.92
17.52
17.75
17.75
17.94
17.74
18.44
18.14
17.34
17.74
17.84
18.04
18.36
18.23
18.19
18.41
17.85
17.85
16.35
19.65
17.95
18.25
18.25
17.29
17.53
17.79
17.57
17.86
15.41
17.02
18.58
19.19
17.52
19.09
17.97
17.99
17.99
17.93
19.3
17.02
18.93
17.53
NA
NA
NA
NA
19.08
17.55
18.51
17.14
NA
17.68
18.22
18.38
18.26
17.7
17.87
17.02
NA
NA
18.14
17.18
16.71
17.77
17.19
18.57
19.09
NA
NA
NA
NA
NA
NA
NA
NA
NA
NA
NA
NA
NA
NA
NA
NA
NA
NA
NA
NA
NA
NA
NA
NA
NA
NA
NA
NA
NA
NA
NA
NA
NA
NA
NA
NA
NA
NA
NA
NA
NA
NA
NA
NA
NA
17.5
18.02
18.3
18.23
NA
NA
18.63
19.09
18.48
17.84
18.97
18.4
19.8
18.0
18.0
17.5
16.9
18.7
18.6
18.27
18.27
18.94
18.85
18.27
18.93
17.95
19.22
18.21
18.12
16.96
18.56
18.2
18.1
18.27
18.43
18.72
18.46
18.77
19.18
19.91
18.5
19.45
18.61
17.31
18.79
19.67
17.9
18.4
19.1
18.1
18.1
17.9
NA
18.5
17.64
17.35
17.77
17.65
18.62
17.64
17.99
21.66
18.43
18.28
17.27
17.88
NA
18.31
18.69
19.3
17.68
17.86
NA
18.13
18.37
16.46
20.66
NA
19.47
18.12
16.74
18.17
18.72
19.31
20.5
NA
NA
18.36
18.27
20.03
18.03
18.44
16.14
NA
18.88
17.98
18.78
18.58
18.28
17.28
19.1
16.52
19.31
17.63
17.9
17.9
17.84
18.43
17.76
18.11
22.11
17.77
20.12
19.04
19.04
18.27
18.61
NA
NA
18.55
20.08
21.17
19.1
18.29
19.72
20.08
18.29
18.29
17.82
17.71
19.2
19.24
19.25
18.96
19.24
19.77
19.68
19.7
19.62
19.85
17.79
17.57
17.87
17.5
17.87
17.6
17.86
17.75
17.86
17.75
19.0
19.0
18.73
17.83
NA
18.81
17.02
17.87
NA
18.68
16.38
19.44
17.67
20.4
17.78
19.25
17.21
NA
17.92
17.93
NA
18.67
NA
19.48
18.45
19.29
17.73
19.29
17.19
NA
18.05
17.39
17.51
18.06
17.42
17.1
18.31
17.76
18.71
17.88
18.31
18.81
NA
19.45
19.4
19.4
19.45
NA
19.4
19.4
19.45
19.55
19.45
19.45
19.45
19.45
19.45
NA
17.91
17.97
18.07
18.07
17.97
NA
18.5
18.02
18.18
18.39
18.07
18.18
18.66
18.02
18.23
NA
17.43
19.04
17.57
19.22
17.97
18.25
18.1
19.96
20.14
17.68
17.95
16.83
NA
18.01
18.39
NA
18.08
18.31
17.79
18.22
NA
NA
17.1
17.69
18.33
15.96
18.56
NA
17.95
19.16
NA
NA
NA
NA
NA
NA
NA
NA
NA
19.36
16.69
17.02
18.59
17.43
17.6
17.79
17.87
17.67
18.43
19.06
18.4
NA
17.62
17.89
17.68
17.95
17.66
17.43
18.97
19.99
18.67
18.47
16.86
17.21
NA
15.6
17.36
NA
17.41
18.47
18.18
19.53
17.71
17.69
16.64
18.73
18.97
18.37
NA
17.53
17.91
17.78
18.04
17.66
17.46
19.01
19.98
18.69
18.5
16.88
NA
NA
15.78
17.14
NA
17.59
18.5
18.17
19.72
17.73
NA
16.37
18.43
18.95
19.99
20.11
17.53
17.78
17.72
17.98
17.65
17.4
18.82
19.21
18.5
18.5
17.72
18.11
18.37
16.43
17.46
20.37
17.85
18.24
18.04
19.66
17.4
18.04
15.78
19.21
19.02
17.52
20.4
20.24
19.98
19.81
19.91
20.05
NA
20.69
20.23
19.94
19.76
19.99
19.96
NA
20.2
20.2
20.19
19.87
17.67
18.03
17.47
18.1
17.88
17.39
18.21
17.62
17.85
18.91
19.08
19.15
19.24
17.59
18.05
18.55
17.05
17.77
17.92
19.38
18.45
18.59
17.97
18.02
18.42
18.9
17.75
18.45
18.02
18.42
18.9
17.75
18.45
18.08
18.53
19.01
17.52
18.23
18.14
18.52
19.09
17.88
18.69
18.07
18.32
19.1
18.12
18.4
18.51
17.52
19.03
18.57
18.02
18.47
18.19
NA
19.02
18.47
NA
NA
NA
NA
NA
NA
NA
19.1
17.7
NA
NA
NA
NA
NA
NA
NA
NA
NA
NA
NA
18.26
18.38
18.26
17.65
18.5
NA
NA
NA
NA
NA
17.56
17.63
18.85
17.83
18.2
18.3
18.04
17.97
NA
NA
NA
NA
NA
NA
17.9
17.85
16.94
18.92
19.37
NA
18.83
17.9
18.08
NA
18.42
19.13
NA
18.05
19.16
19.85
17.98
18.0
NA
17.66
19.08
NA
NA
NA
NA
17.53
NA
NA
NA
NA
NA
NA
NA
NA
NA
NA
NA
NA
NA
NA
NA
NA
NA
NA
NA
19.72
19.83
19.46
19.59
19.9
19.77
19.69
20.0
19.83
19.97
19.9
19.61
19.81
19.65
19.77
19.72
18.63
18.87
18.85
18.26
17.71
17.4
17.76
18.16
18.69
17.88
17.85
19.04
NA
19.16
18.05
17.75
19.25
19.47
18.79
17.69
19.07
17.63
18.91
18.3
19.4
17.64
19.07
17.3
16.98
17.38
17.65
18.29
17.36
17.56
NA
19.04
19.09
16.99
17.3
18.79
19.0
18.3
17.0
18.59
17.32
18.51
17.84
19.11
17.06
18.58
16.89
18.53
17.3
17.75
18.09
19.0
18.85
17.65
NA
NA
NA
18.57
18.76
18.68
17.56
NA
NA
19.34
17.72
18.73
17.68
17.89
20.07
17.13
18.93
NA
NA
NA
18.87
18.03
17.59
17.54
18.86
18.39
17.82
18.42
17.84
18.31
18.91
18.45
18.19
17.99
NA
17.98
17.52
18.99
18.08
19.39
18.42
18.13
18.82
18.52
19.02
18.22
18.22
17.42
18.12
21.92
17.42
17.42
18.32
17.62
18.45
NA
NA
17.29
18.01
17.61
17.6
20.88
18.64
17.89
17.95
17.97
17.76
18.39
19.27
19.21
18.13
29.13
17.58
17.85
NA
NA
NA
NA
NA
NA
NA
NA
NA
NA
NA
NA
NA
NA
NA
NA
19.03
17.83
20.33
17.83
19.63
20.13
17.83
18.12
18.82
18.62
18.22
18.02
NA
NA
NA
NA
18.78
NA
18.2
17.7
17.6
18.81
17.56
17.46
18.56
18.06
18.26
17.76
18.86
18.08
19.48
18.18
18.28
18.28
17.68
NA
18.28
18.18
18.18
17.58
18.58
17.8
17.4
17.8
18.57
18.77
18.17
17.87
18.87
18.07
17.41
17.81
16.91
17.61
17.71
NA
17.45
18.74
18.89
18.09
18.79
17.29
17.69
17.45
18.28
17.24
17.44
17.31
17.21
18.51
17.71
18.51
17.31
17.81
NA
18.11
18.21
17.57
18.87
17.97
17.47
18.2
18.2
19.0
17.55
18.85
19.31
18.21
NA
18.81
18.21
NA
17.91
17.71
NA
NA
18.61
18.31
17.4
19.55
17.92
18.99
19.07
18.68
18.54
18.51
18.95
18.33
17.33
17.83
20.13
19.24
19.14
19.24
18.34
19.74
18.64
19.64
16.44
16.34
19.54
18.04
18.14
19.34
17.84
18.14
18.05
18.35
17.45
18.35
17.69
18.18
17.79
18.34
18.17
17.93
19.69
18.14
20.79
17.61
18.37
17.94
19.09
17.77
19.13
18.2
19.9
18.54
17.99
18.0
17.32
18.21
20.35
18.04
18.3
17.93
NA
18.86
NA
18.05
17.75
17.0
18.45
17.92
17.56
17.92
18.03
17.66
NA
17.38
17.98
18.15
NA
18.34
18.34
18.74
19.27
17.37
NA
18.27
17.47
NA
NA
NA
NA
NA
NA
NA
NA
NA
19.37
19.37
NA
18.2
NA
18.8
16.9
17.8
NA
19.12
17.72
18.73
18.63
19.03
18.33
NA
18.53
18.93
NA
NA
NA
19.33
NA
18.93
18.33
17.48
18.48
18.48
18.78
17.18
18.08
18.32
17.22
18.02
17.92
NA
17.71
17.66
18.57
16.68
17.95
NA
NA
NA
18.78
18.3
18.81
17.31
16.91
19.41
18.91
17.61
18.51
18.81
18.31
16.51
18.91
18.71
18.41
17.71
18.44
18.44
18.44
18.84
18.84
18.44
17.84
18.44
17.9
17.69
18.39
19.15
18.57
18.57
18.57
18.67
18.57
18.17
18.27
18.17
18.24
NA
19.19
18.41
NA
18.37
19.14
18.5
18.23
17.97
18.48
16.88
17.88
18.58
17.68
17.98
18.5
16.9
17.9
17.9
18.6
17.7
18.0
18.51
19.02
18.87
18.39
21.42
18.86
NA
18.64
17.23
18.67
18.07
20.32
17.01
NA
18.26
18.83
18.28
18.18
16.32
17.64
18.72
18.12
18.42
NA
16.0
NA
NA
NA
NA
NA
19.98
18.94
19.98
19.98
19.98
19.98
18.94
18.94
18.21
19.21
18.31
18.21
NA
18.74
18.87
18.74
19.43
17.78
20.22
20.05
20.37
20.0
20.3
19.65
19.8
18.24
18.43
18.43
19.73
18.14
NA
17.54
18.64
18.34
17.14
17.64
17.94
18.64
NA
NA
NA
NA
NA
NA
18.24
18.34
17.64
18.64
18.34
16.64
18.54
17.84
18.14
15.67
19.92
20.15
17.63
18.04
NA
NA
NA
NA
NA
NA
NA
NA
NA
18.54
NA
NA
NA
NA
NA
NA
18.15
18.15
19.8
18.67
18.57
18.57
18.87
19.17
18.37
18.57
18.87
18.87
18.77
18.87
19.37
18.47
18.87
18.17
15.55
18.15
19.75
19.08
19.8
18.62
17.45
19.8
18.62
20.49
17.44
17.91
18.16
17.69
17.22
20.98
17.49
18.46
19.83
20.41
18.83
17.55
17.49
17.49
17.8
17.49
18.04
18.16
17.37
18.28
17.8
NA
17.69
17.69
19.29
17.69
18.19
17.69
18.79
17.69
18.79
18.73
18.27
NA
NA
NA
NA
NA
NA
NA
NA
NA
NA
NA
NA
NA
NA
NA
NA
NA
17.72
19.09
17.3
NA
18.36
18.32
18.23
18.35
18.54
17.77
18.35
18.09
18.54
18.55
18.75
18.35
19.55
17.05
18.55
17.75
17.55
NA
18.15
17.45
17.45
17.85
17.65
18.25
18.15
18.05
18.45
18.95
18.52
19.02
17.52
17.22
18.22
17.36
17.57
17.37
18.47
18.37
18.07
17.52
18.42
19.82
18.32
16.57
17.67
18.37
NA
20.27
18.07
17.57
NA
18.07
17.67
17.87
17.47
17.83
17.97
17.56
17.83
17.96
17.83
18.42
18.26
18.36
17.89
17.09
17.86
19.79
NA
17.87
17.67
17.09
17.35
17.98
17.72
18.63
19.14
18.71
17.95
17.99
18.34
17.79
NA
NA
NA
NA
NA
NA
NA
18.28
18.42
16.12
18.72
17.12
17.77
18.6
18.61
16.94
17.51
18.32
16.08
18.45
18.11
17.95
18.92
18.55
18.58
19.59
17.88
NA
18.04
NA
17.95
17.74
17.76
18.2
NA
18.36
19.35
18.9
18.0
20.48
18.98
17.72
17.35
18.93
19.22
18.51
18.31
18.11
17.71
17.61
18.51
18.19
18.49
17.82
18.79
17.68
NA
NA
NA
NA
NA
NA
19.14
19.14
19.04
18.74
18.44
18.1
17.31
17.7
17.53
18.24
18.2
18.65
17.84
18.17
NA
18.77
17.3
17.58
18.39
20.11
NA
18.58
18.87
18.94
17.69
17.45
18.57
18.54
19.75
18.15
NA
18.55
18.03
17.54
17.12
18.35
19.82
17.82
NA
17.91
17.91
18.91
17.61
18.21
17.11
18.51
17.81
18.98
19.12
17.87
17.14
20.68
18.08
19.28
16.45
18.05
18.12
NA
19.37
18.94
18.61
18.36
18.24
18.05
18.31
18.09
18.97
18.69
17.58
18.81
18.71
17.91
18.31
19.31
18.25
18.35
18.75
18.2
18.2
17.5
18.8
NA
17.8
NA
17.7
19.6
NA
18.6
NA
19.46
NA
NA
18.06
19.66
18.76
18.06
18.56
18.56
NA
18.56
17.86
18.26
19.55
NA
NA
17.95
19.85
18.85
NA
19.05
18.15
NA
18.25
18.05
18.35
18.14
20.64
18.44
17.04
19.3
18.04
17.95
17.96
18.06
17.98
17.52
19.89
17.9
18.16
17.52
18.73
17.9
17.95
17.06
18.81
18.08
17.62
18.18
18.13
18.8
18.23
18.65
18.52
18.48
17.41
17.6
18.38
18.52
17.39
17.83
18.67
18.99
19.19
19.41
19.18
19.07
19.31
19.69
19.56
18.57
19.46
19.21
19.31
18.67
18.86
19.04
19.97
NA
NA
NA
19.36
19.22
18.78
18.69
17.06
18.02
20.43
15.42
16.0
18.22
18.02
17.52
18.8
19.87
18.62
18.4
18.62
15.57
17.88
NA
NA
18.19
19.32
18.36
18.44
18.3
18.53
17.77
18.17
18.69
18.22
18.48
17.28
18.04
19.95
18.61
18.1
18.25
18.94
17.94
17.44
18.35
19.48
19.06
18.56
17.66
18.61
18.0
17.31
17.35
17.46
18.17
18.09
17.94
16.36
18.43
19.24
18.0
16.4
17.3
18.7
18.4
19.5
17.0
17.5
17.9
18.25
18.46
17.86
16.03
17.77
19.93
19.03
18.14
20.59
18.04
18.23
18.9
17.67
NA
17.42
16.58
18.08
18.69
17.82
18.37
17.66
19.35
17.76
17.09
18.46
18.96
18.47
17.96
17.82
18.92
18.32
18.32
19.42
19.42
17.82
19.42
18.92
18.82
18.32
18.92
18.92
18.92
18.32
17.82
18.32
NA
18.34
17.34
18.54
18.74
NA
NA
17.64
19.84
NA
17.84
NA
18.35
18.54
18.74
18.84
18.34
19.24
19.04
18.74
18.26
18.16
18.06
19.56
18.49
17.89
18.99
19.49
17.57
19.57
18.87
17.92
19.42
18.63
22.0
17.26
18.01
18.21
18.53
18.84
18.63
NA
19.17
17.67
17.54
18.19
17.94
18.02
18.15
18.68
17.9
17.75
18.99
18.34
18.08
18.87
18.38
18.32
18.35
17.94
17.94
17.94
17.94
18.24
17.04
19.84
18.84
NA
18.44
NA
17.55
19.15
17.1
16.42
17.89
NA
NA
NA
17.65
17.65
17.75
20.21
17.93
20.05
16.9
17.61
17.73
18.51
18.34
17.29
NA
18.16
18.88
18.29
NA
18.95
18.47
17.75
NA
18.05
17.84
18.16
17.75
19.35
18.87
17.91
17.59
18.5
18.6
17.89
18.44
18.56
18.06
19.32
18.58
16.08
17.91
18.62
16.61
18.12
18.24
18.16
NA
NA
NA
19.38
18.7
18.99
18.37
18.9
18.0
18.1
17.2
19.0
18.1
17.6
18.3
18.3
18.8
18.3
18.13
18.43
18.63
17.83
18.93
NA
17.63
17.63
18.13
18.1
18.21
18.18
19.33
18.75
18.11
18.72
19.44
17.77
18.3
18.44
20.22
16.78
20.05
19.79
18.25
16.23
19.49
18.29
17.49
19.99
17.19
18.89
18.69
18.09
18.74
17.85
18.24
18.0
18.27
19.45
18.15
18.35
18.03
20.25
16.87
20.55
18.81
18.09
16.3
18.89
17.74
18.96
NA
17.93
17.9
17.87
18.38
17.83
19.63
17.93
17.43
18.83
18.28
18.18
17.78
16.78
NA
NA
NA
18.42
17.34
NA
18.12
17.22
17.32
18.12
17.42
NA
18.84
17.97
19.6
19.38
19.29
17.85
17.44
18.87
18.9
20.3
18.6
18.1
16.2
19.5
18.26
18.86
19.16
19.26
18.26
18.96
17.46
15.96
18.27
18.08
18.27
17.56
18.33
18.7
20.94
21.44
21.48
NA
21.48
21.68
21.3
21.05
21.46
17.44
20.07
21.35
19.73
19.99
17.61
18.02
19.92
20.15
17.63
18.04
NA
NA
NA
NA
NA
17.57
18.55
17.92
19.73
19.99
17.61
18.02
18.16
18.76
18.04
19.34
18.74
17.54
19.01
17.8
17.78
17.18
19.08
18.61
15.98
18.51
16.99
18.51
18.01
18.93
19.63
18.93
17.63
18.03
17.73
20.33
18.83
17.63
18.13
17.53
18.15
NA
17.83
18.2
17.46
18.46
17.98
17.72
17.99
17.73
20.02
17.68
18.51
17.86
17.86
17.56
18.16
18.7
18.96
18.03
18.8
17.58
17.25
17.9
18.79
18.39
18.28
16.92
17.72
19.34
17.76
NA
19.13
18.22
18.92
17.12
17.62
18.22
21.62
17.72
18.82
17.62
18.22
19.12
17.72
17.82
17.61
17.81
18.31
18.01
17.61
18.31
18.01
17.91
18.41
18.31
18.31
17.91
17.21
17.91
19.81
19.01
17.91
17.71
17.21
17.51
18.11
18.11
18.71
19.31
18.81
18.01
18.01
18.41
17.81
17.59
17.99
18.49
17.69
17.29
17.99
17.89
19.39
18.29
18.69
17.99
17.09
17.89
19.79
18.49
17.89
17.79
17.99
17.29
18.29
17.39
18.09
18.79
18.69
17.99
17.99
18.59
17.89
18.11
19.0
18.59
17.88
17.78
18.02
19.95
19.39
15.82
18.57
17.96
18.16
18.06
19.26
18.66
17.57
18.52
17.56
18.67
20.29
19.16
17.76
17.96
18.62
18.29
18.5
17.51
18.38
17.69
16.49
18.39
18.79
18.79
19.79
18.36
20.6
17.86
18.27
17.87
17.69
18.32
20.65
16.55
18.65
18.05
18.65
17.86
17.86
18.66
18.06
19.86
18.2
18.3
NA
19.4
17.8
17.9
18.63
19.2
19.82
NA
18.67
NA
18.4
18.42
18.32
20.02
17.45
NA
17.96
17.38
17.35
19.48
18.04
20.22
18.46
18.26
18.26
NA
18.46
18.46
19.36
19.05
18.02
19.92
20.04
18.48
17.98
18.18
18.18
NA
17.98
17.98
NA
18.18
NA
17.78
18.68
18.68
17.98
17.98
18.18
NA
NA
17.83
18.24
18.5
18.17
17.76
17.67
17.81
17.4
18.14
18.32
18.36
NA
18.3
19.03
17.73
17.76
18.39
18.61
18.29
17.7
17.73
17.85
17.59
18.03
19.4
18.86
18.5
18.86
19.4
NA
NA
NA
NA
NA
NA
NA
NA
NA
NA
NA
NA
NA
NA
NA
NA
16.89
18.25
15.53
15.48
18.12
19.59
17.04
17.84
20.04
17.52
19.46
18.05
18.02
19.44
18.24
17.84
17.31
17.84
20.06
17.36
17.99
17.81
17.64
18.12
18.72
17.56
17.06
18.06
18.14
19.01
17.43
NA
NA
NA
NA
NA
NA
NA
NA
NA
NA
NA
NA
NA
NA
NA
NA
NA
NA
NA
NA
NA
NA
NA
18.18
19.43
18.02
17.42
18.52
20.42
20.12
18.13
18.28
17.52
17.84
17.66
NA
17.25
17.34
18.98
17.96
17.37
18.32
18.33
19.09
18.18
18.16
16.5
16.83
19.25
18.45
19.2
17.24
18.97
19.2
18.74
18.82
NA
16.7
17.85
17.61
17.4
17.19
17.61
NA
17.31
17.37
17.72
NA
18.37
18.67
17.84
18.86
17.84
18.07
18.88
17.77
17.77
16.94
17.05
17.67
18.55
17.59
17.68
17.48
18.12
17.44
19.17
17.83
19.14
17.82
18.31
17.82
17.83
18.07
17.94
19.42
17.84
18.29
21.79
17.69
18.14
NA
NA
17.91
19.46
18.64
NA
18.14
18.08
17.31
18.41
17.51
18.23
18.68
18.31
18.59
19.57
16.25
19.03
17.49
18.06
18.28
17.53
17.56
18.24
11.16
12.36
NA
19.18
NA
18.61
18.19
18.15
17.46
18.16
18.26
18.16
18.16
18.26
18.36
18.26
18.66
19.26
18.56
18.86
17.93
18.53
17.93
18.45
18.05
16.95
19.25
18.06
17.64
18.36
NA
17.63
18.13
18.69
18.08
16.64
18.45
19.16
NA
17.62
17.3
17.78
18.26
18.02
16.74
16.5
17.06
18.18
NA
NA
NA
NA
18.36
17.61
NA
18.02
18.41
NA
17.92
17.06
18.61
18.06
18.21
19.02
NA
17.92
18.31
17.91
NA
18.71
19.93
18.4
18.38
18.18
18.08
17.38
18.83
17.62
17.98
19.0
17.53
17.36
NA
18.57
16.95
17.4
15.38
18.29
17.6
17.99
17.73
18.13
17.8
18.33
19.71
18.89
19.34
18.47
18.01
19.24
18.49
17.72
19.56
18.8
17.23
18.96
17.44
19.32
17.73
17.96
18.07
17.94
NA
NA
NA
NA
NA
NA
18.69
19.09
17.89
17.99
18.49
17.96
17.46
17.86
17.76
20.76
18.46
17.26
19.26
18.86
16.96
16.46
18.26
17.76
NA
18.06
18.06
18.06
18.16
17.86
18.16
17.66
19.16
18.46
20.66
17.56
17.46
16.76
18.56
17.45
18.35
18.35
17.85
18.15
NA
18.39
NA
NA
NA
NA
NA
NA
NA
NA
18.72
18.6
17.46
17.74
18.95
17.42
17.42
17.27
18.16
17.71
17.81
18.41
17.81
19.21
18.01
17.41
17.61
18.91
18.81
17.14
19.1
17.97
17.97
20.57
18.02
18.21
19.01
18.34
NA
NA
NA
NA
NA
NA
NA
NA
NA
NA
NA
18.96
18.48
18.5
18.41
18.16
19.59
18.07
18.52
18.13
19.43
19.02
18.07
19.88
17.25
18.95
18.25
17.85
NA
20.65
18.05
18.55
18.05
19.65
19.23
17.93
17.74
17.14
18.44
19.09
17.96
19.43
17.48
NA
21.17
NA
18.38
18.44
19.07
18.27
17.87
NA
20.57
17.77
18.37
18.37
19.67
17.71
18.01
18.71
17.99
18.69
17.39
16.29
18.09
17.59
19.04
18.43
18.56
18.1
17.78
17.67
20.22
18.51
17.43
18.02
18.57
19.07
17.95
18.07
18.27
17.92
18.5
17.83
18.04
18.42
17.46
18.15
20.76
NA
18.61
17.59
18.61
18.61
17.08
18.61
18.1
17.91
18.06
18.13
18.12
18.22
18.22
19.12
18.72
18.92
19.12
18.08
16.76
17.8
18.29
18.05
18.53
17.41
19.54
17.8
18.13
17.82
17.86
18.04
18.84
19.62
18.16
16.26
18.46
19.16
19.76
18.36
18.26
19.66
18.36
17.96
18.16
18.36
18.06
18.16
18.12
17.72
18.28
18.5
17.76
18.69
18.63
18.21
17.54
19.05
18.85
17.95
18.67
17.8
18.33
19.71
18.89
19.34
18.47
18.01
19.24
18.49
17.72
19.56
18.8
17.46
17.42
17.76
18.51
17.39
17.32
17.49
17.82
17.49
18.08
17.55
18.74
19.68
16.4
17.16
17.72
18.58
16.79
17.09
17.83
17.66
18.09
18.87
16.62
19.76
17.76
19.25
18.15
18.95
19.01
18.69
18.1
18.28
17.2
17.14
18.5
19.13
18.16
19.08
17.78
19.17
18.57
19.42
17.87
17.61
18.0
17.88
19.11
18.43
15.9
18.32
18.29
18.32
19.25
17.83
17.78
19.11
17.03
18.39
18.16
18.0
18.32
18.04
18.18
19.65
19.11
18.58
18.08
19.88
18.42
17.48
18.38
17.78
18.28
17.98
18.58
17.48
18.08
17.18
17.18
NA
18.08
17.58
18.18
21.48
18.28
17.58
17.98
17.98
19.4
17.83
18.22
NA
19.21
17.72
17.97
17.87
18.1
19.29
17.73
17.99
17.97
18.09
17.49
17.49
19.05
17.8
19.05
NA
18.47
18.44
18.64
18.51
18.35
18.81
18.73
18.3
18.45
18.68
18.4
18.54
18.87
18.87
18.39
19.09
22.07
19.64
17.93
18.0
17.49
17.18
17.3
18.44
19.17
18.07
18.37
19.77
18.81
20.18
19.14
18.7
18.36
18.91
17.79
19.82
18.25
17.61
18.35
17.79
18.49
18.52
17.27
19.45
18.13
18.1
17.71
18.07
18.26
17.61
18.47
18.19
17.87
17.54
18.46
19.26
14.52
18.82
17.22
NA
18.52
NA
19.04
17.84
20.47
18.42
18.61
18.01
18.56
17.6
17.96
17.96
17.96
17.33
17.64
18.58
18.58
17.96
18.09
17.69
17.8
18.58
18.28
NA
19.69
17.81
19.68
17.67
NA
19.79
17.82
18.9
19.1
18.3
17.0
NA
17.5
17.5
17.2
16.21
17.81
NA
17.71
18.11
18.31
NA
NA
NA
NA
18.13
16.92
17.62
18.02
19.41
18.11
18.84
18.08
16.65
17.48
18.35
18.44
16.78
17.17
17.04
18.25
17.64
19.96
17.9
NA
NA
19.53
19.56
17.26
17.65
NA
18.44
18.84
18.84
19.35
18.52
20.48
19.08
18.08
18.26
NA
19.08
17.39
17.88
18.28
18.42
17.31
18.11
19.04
18.91
17.25
19.26
18.27
18.28
19.19
18.39
18.57
17.95
19.25
17.35
18.75
18.13
18.13
18.79
18.76
17.08
18.09
18.33
17.39
17.74
19.55
18.85
18.95
17.95
19.05
21.65
20.05
18.85
19.35
17.65
18.15
19.45
17.65
17.75
18.75
19.65
19.65
17.65
19.15
19.1
18.53
18.87
18.56
18.06
17.9
18.0
18.52
18.46
18.62
18.38
18.0
17.7
18.43
NA
NA
NA
NA
NA
NA
NA
NA
NA
NA
NA
NA
17.04
18.85
17.56
17.34
17.33
17.33
17.83
18.6
17.84
17.84
17.84
18.45
17.59
19.36
18.09
19.24
18.08
17.38
19.48
18.48
19.68
17.78
17.38
18.98
16.46
18.16
16.66
17.86
NA
NA
NA
NA
17.94
NA
NA
NA
NA
18.72
18.88
17.95
20.25
17.45
18.45
17.18
20.84
17.64
17.55
18.89
18.28
19.02
17.45
18.96
18.44
18.99
18.35
17.37
19.5
17.92
20.02
18.24
17.25
NA
19.87
18.46
19.41
18.25
19.72
18.63
18.37
19.29
18.69
NA
17.38
18.03
NA
17.14
19.08
17.18
19.42
18.18
18.24
18.03
18.96
18.23
17.82
18.53
19.16
18.57
19.94
17.92
17.96
NA
17.87
18.74
18.25
NA
17.0
17.37
17.43
17.59
18.28
17.49
18.49
17.62
17.58
18.29
18.62
18.12
17.82
19.02
18.4
18.63
18.34
18.53
18.69
18.69
18.01
17.91
17.81
18.91
19.65
18.05
15.45
17.05
17.95
18.55
17.83
17.65
16.95
17.65
18.45
20.34
18.83
16.7
19.48
19.22
16.49
17.89
18.22
17.88
17.55
18.17
18.16
17.89
16.24
NA
17.08
17.03
18.21
18.95
17.57
18.09
18.51
18.89
NA
17.4
17.39
20.04
17.14
19.55
18.75
19.35
18.15
18.75
19.65
NA
17.95
18.0
17.7
17.18
18.07
17.91
17.91
18.84
17.41
17.11
NA
18.01
18.21
17.21
19.01
NA
17.81
NA
18.6
19.77
17.43
17.43
17.43
17.43
18.6
18.51
18.41
17.29
18.39
19.69
19.19
18.09
18.12
18.18
NA
18.81
17.71
18.21
18.01
18.98
18.13
17.45
16.25
17.98
18.16
18.14
17.71
17.47
17.81
16.12
18.15
17.83
18.6
18.1
18.24
19.45
NA
NA
NA
18.2
18.31
NA
18.1
19.98
20.45
18.57
18.57
18.73
19.83
NA
NA
18.66
19.12
18.46
20.15
17.72
NA
16.97
19.77
18.27
18.27
NA
NA
NA
18.45
18.47
17.47
19.72
18.27
18.64
16.86
16.73
17.69
17.92
18.54
18.04
17.64
19.04
18.34
18.24
18.14
17.74
15.24
19.77
19.32
19.27
20.06
18.12
18.03
18.98
21.5
18.66
18.06
17.77
18.18
18.78
19.07
18.06
17.7
17.68
18.89
16.79
18.09
NA
17.19
17.95
18.5
17.48
17.48
18.03
17.8
18.11
18.42
18.42
18.11
19.12
NA
19.56
16.16
17.79
18.42
18.2
18.75
17.08
21.55
18.94
20.04
17.8
NA
21.43
19.21
20.91
18.43
20.62
19.23
17.56
NA
18.65
18.9
17.9
17.8
17.7
17.66
19.3
18.09
17.81
NA
18.29
17.59
17.93
17.87
17.6
19.1
19.92
19.31
18.48
18.09
19.22
18.06
18.23
18.42
18.23
18.26
19.41
18.31
18.41
19.81
18.3
18.5
19.03
19.63
17.95
17.68
18.18
18.19
17.41
18.2
16.98
18.21
NA
19.09
17.05
18.61
17.75
17.7
19.21
NA
17.42
18.01
18.62
19.76
18.59
17.32
18.05
17.77
18.41
17.99
18.89
19.21
17.54
17.52
17.8
19.28
17.91
17.91
17.63
18.18
18.17
17.94
17.36
17.41
18.16
18.34
17.45
17.65
20.57
17.67
20.0
17.6
18.6
17.86
17.96
18.26
19.41
17.92
18.22
17.65
17.86
18.26
18.96
18.14
18.78
18.87
17.25
16.54
18.43
18.18
20.06
17.62
NA
16.72
18.32
19.6
18.6
18.6
18.32
18.46
18.6
18.46
19.0
19.27
19.14
19.0
17.92
18.32
NA
18.83
19.06
19.8
18.69
17.35
18.99
18.51
18.51
17.71
17.38
18.03
19.48
18.07
18.27
NA
18.45
18.45
NA
NA
18.7
19.29
19.1
19.1
18.59
18.62
19.91
18.81
18.53
18.68
18.74
19.87
20.24
18.76
16.73
19.33
19.7
18.7
NA
18.86
18.58
18.64
16.73
18.08
18.13
18.32
18.51
17.65
17.99
17.8
NA
17.64
17.97
18.01
18.87
18.49
18.11
19.21
19.11
19.27
17.59
17.93
19.35
18.54
18.24
17.83
17.85
20.88
20.13
19.43
18.13
18.48
17.22
18.19
19.04
18.11
17.81
18.01
17.91
18.51
19.41
17.71
17.71
18.21
18.01
NA
18.51
17.91
17.71
17.61
17.41
17.51
17.61
17.91
17.78
18.98
18.44
17.84
NA
18.94
16.88
18.13
18.06
NA
17.84
19.29
17.43
18.97
19.06
18.16
18.18
19.09
17.26
19.35
19.77
19.47
18.47
16.73
17.86
NA
18.97
NA
20.22
19.14
17.13
17.03
16.61
17.98
17.89
18.16
18.3
18.9
18.13
18.13
18.73
16.73
19.33
18.63
17.73
17.59
19.07
17.72
17.04
17.68
19.65
18.23
18.3
16.0
17.6
18.3
17.9
NA
18.02
17.34
18.23
19.27
19.46
18.09
NA
18.85
18.32
17.72
17.62
18.02
17.82
17.82
18.48
18.06
18.65
18.65
19.15
18.25
18.25
18.25
18.46
17.82
18.98
17.98
17.79
18.67
18.6
17.76
18.26
17.86
17.66
18.36
17.96
17.96
17.53
NA
18.24
18.43
17.57
18.35
21.26
20.18
NA
17.78
18.08
18.03
17.93
18.33
18.68
17.95
18.12
17.47
16.71
19.91
17.68
NA
18.64
17.64
19.42
18.57
18.0
16.42
NA
17.23
NA
18.4
19.15
17.74
18.2
18.66
19.02
17.85
18.75
17.49
17.49
18.33
18.53
18.03
21.79
17.53
18.37
19.71
16.71
NA
16.81
NA
19.15
16.95
18.74
17.94
18.24
18.34
20.72
17.62
18.22
19.92
18.12
18.62
18.15
18.05
18.05
17.65
17.58
18.18
18.68
19.19
18.29
18.59
18.39
19.32
18.38
17.91
18.15
18.56
17.52
18.61
18.43
19.96
18.89
17.06
17.82
18.58
18.28
18.47
18.61
18.37
19.5
16.91
17.8
18.29
19.84
18.39
18.1
18.1
18.43
20.16
18.43
18.13
18.03
18.35
18.12
18.89
18.7
16.14
18.04
19.49
16.9
19.1
18.81
17.27
18.65
18.32
18.87
17.42
18.45
19.58
17.26
18.44
17.32
18.4
17.29
18.15
18.63
18.92
18.1
18.66
18.89
17.86
18.53
18.09
18.54
17.16
17.71
18.08
18.08
19.09
NA
18.19
17.44
18.02
17.25
18.08
18.03
19.87
18.69
17.36
17.5
19.72
18.24
21.89
18.65
19.17
17.78
19.38
18.47
18.0
17.83
17.62
NA
17.8
16.93
19.68
17.63
20.05
18.09
17.96
18.93
NA
19.01
18.76
18.36
18.79
17.74
18.23
NA
18.92
19.45
18.92
19.02
17.42
18.32
16.12
16.72
19.62
NA
NA
17.62
17.52
17.62
17.62
17.62
NA
19.2
15.5
18.51
18.33
18.83
17.11
17.63
17.71
17.49
17.48
NA
NA
NA
NA
NA
NA
NA
NA
NA
NA
NA
NA
NA
NA
NA
20.01
18.25
19.2
19.4
21.76
17.65
18.58
17.69
16.99
19.09
20.19
19.29
17.49
17.89
18.89
19.81
18.52
17.5
17.7
16.9
19.29
17.49
18.22
17.17
18.01
18.37
18.27
19.81
18.25
18.32
20.78
NA
17.96
19.04
17.92
17.6
18.05
17.74
18.62
17.5
18.49
17.92
17.71
18.51
18.9
18.71
17.61
18.16
17.46
18.63
17.35
18.19
18.16
18.1
18.07
NA
NA
17.92
18.54
18.11
19.13
18.48
18.18
18.78
18.78
18.18
18.88
19.28
20.12
19.22
17.32
NA
NA
NA
18.83
NA
NA
17.93
19.72
18.53
17.22
18.31
17.63
18.23
19.11
18.28
18.51
17.32
18.25
20.55
18.54
16.74
18.04
18.54
16.94
20.44
18.02
17.97
17.59
17.38
17.93
17.93
NA
17.82
18.04
18.61
19.63
19.04
18.23
18.51
18.89
17.39
17.69
19.05
18.78
18.97
17.74
17.5
17.69
17.81
17.84
17.33
17.59
17.98
20.74
17.37
NA
17.96
16.79
17.62
19.13
20.69
19.26
NA
18.24
19.08
18.57
19.07
18.57
18.07
20.67
NA
18.52
18.18
17.48
17.66
17.74
18.19
18.18
18.35
17.18
18.79
17.48
17.31
17.48
19.22
NA
NA
17.84
19.15
NA
NA
18.8
19.03
18.03
18.93
18.23
18.13
18.43
18.43
18.43
17.93
17.55
16.96
17.82
17.13
17.66
17.82
17.44
17.43
16.51
18.31
18.49
17.89
17.35
18.17
18.32
17.88
18.23
18.32
19.16
18.13
18.11
18.19
18.96
18.96
19.38
19.3
18.7
18.01
17.42
17.42
18.45
18.21
18.46
18.59
18.94
17.44
18.94
17.82
17.59
17.77
18.86
17.45
17.45
17.45
NA
NA
NA
NA
NA
NA
NA
NA
NA
NA
NA
NA
NA
NA
NA
NA
NA
NA
NA
NA
NA
NA
NA
NA
NA
NA
18.19
19.16
19.81
18.5
18.5
19.18
16.9
16.86
19.39
19.06
18.23
19.96
18.1
17.7
18.23
19.03
18.07
18.0
18.6
17.8
18.5
17.15
19.14
20.83
18.58
17.77
NA
18.6
16.01
19.01
19.51
17.91
18.31
17.31
19.21
17.91
16.81
18.51
16.01
18.71
15.61
18.01
18.01
18.32
17.92
21.26
18.29
NA
NA
17.88
18.01
18.6
17.2
18.13
17.57
20.13
18.07
19.06
17.48
16.42
17.81
18.8
17.37
17.61
17.4
19.37
18.87
18.17
18.64
18.75
19.53
17.47
17.65
16.97
18.17
18.63
19.03
20.1
19.42
18.36
18.36
18.77
17.43
18.51
17.8
20.0
17.36
17.48
18.15
18.62
18.01
18.21
18.47
17.94
19.1
18.8
22.88
18.15
17.4
17.9
16.96
17.6
17.6
17.78
NA
NA
NA
NA
NA
NA
NA
19.08
17.96
20.02
16.41
18.23
NA
18.02
NA
18.96
17.83
18.11
20.66
18.11
17.8
19.53
17.6
17.6
19.52
17.87
18.2
17.73
18.27
18.39
18.39
18.37
17.85
NA
NA
18.65
18.42
17.73
17.49
17.86
19.45
17.95
19.2
20.18
19.27
19.06
17.78
17.78
NA
NA
17.78
17.98
18.2
18.76
18.02
18.39
18.57
19.6
19.2
19.2
17.92
18.14
19.61
18.32
17.4
NA
18.81
18.24
19.25
18.63
17.99
17.91
19.01
18.37
19.37
18.63
19.54
19.16
17.41
17.64
17.2
17.07
19.12
18.29
18.84
18.29
18.26
17.96
17.55
18.75
17.59
18.22
18.04
18.11
17.86
18.8
18.26
18.52
19.74
16.54
17.44
18.44
18.64
18.54
17.64
18.04
18.24
16.89
17.92
18.31
17.81
17.91
17.81
17.31
18.51
18.36
17.76
17.56
17.66
17.46
18.46
17.35
17.57
18.09
17.93
17.47
17.76
17.88
17.74
18.32
19.7
18.21
18.27
17.82
17.05
17.78
19.73
NA
17.88
17.62
17.02
17.28
17.9
17.65
18.58
19.1
18.61
17.88
17.93
18.33
17.7
18.48
17.56
18.56
17.96
17.56
17.86
19.66
18.26
18.46
16.57
18.32
17.54
18.64
17.59
18.34
19.39
18.3
17.67
NA
19.9
19.23
17.77
NA
17.84
17.48
NA
17.78
19.42
17.75
20.58
17.66
18.27
16.75
18.06
17.3
16.37
18.06
16.1
17.71
18.4
19.07
NA
18.46
NA
19.38
20.1
19.8
17.62
18.35
18.64
19.07
18.66
19.95
17.97
17.74
17.97
19.07
18.2
18.42
16.95
18.85
19.57
18.43
17.54
20.03
18.32
NA
18.03
18.8
18.45
17.75
18.11
18.12
17.92
18.48
18.48
17.98
17.49
18.25
18.25
18.15
18.15
18.55
17.25
17.75
19.35
18.75
18.35
19.55
17.65
18.25
18.55
19.65
NA
18.2
18.49
16.85
19.51
18.01
16.58
18.98
18.98
20.48
18.6
17.56
18.29
17.38
17.42
NA
18.15
17.82
15.42
17.82
18.23
17.92
NA
NA
NA
18.59
18.0
17.98
15.78
17.98
17.98
17.98
19.08
18.21
16.57
18.81
16.05
17.86
17.92
18.02
17.89
18.94
17.45
18.33
20.63
17.83
18.73
17.73
18.13
18.65
23.66
17.57
NA
18.88
17.5
18.64
17.59
18.34
19.39
17.94
18.23
18.42
18.52
18.12
19.44
18.77
18.12
17.61
18.64
17.09
18.07
NA
18.93
19.04
19.96
18.67
19.06
18.48
17.93
17.94
19.12
19.61
19.73
20.4
18.08
18.07
18.07
19.67
17.54
18.41
18.12
17.77
19.14
19.74
17.9
17.2
NA
18.08
18.79
18.08
18.31
18.08
18.64
17.91
17.91
18.01
17.93
19.01
18.01
20.17
18.27
18.54
17.89
17.96
19.33
17.75
17.76
17.67
17.77
19.67
18.15
17.7
19.43
17.34
18.58
17.96
18.7
18.25
18.98
18.16
18.65
18.32
18.98
19.47
17.9
18.3
17.9
18.7
20.0
18.31
17.67
18.14
18.54
17.74
18.64
17.74
17.74
17.41
16.97
19.04
17.54
18.44
18.44
16.54
17.84
19.04
17.84
20.04
18.04
17.94
19.04
19.24
17.24
17.74
18.16
17.62
18.47
18.86
18.82
19.29
17.99
18.67
17.99
20.04
20.09
19.09
18.74
17.89
18.96
18.34
18.28
18.88
NA
18.28
17.48
18.38
18.68
17.28
18.98
16.58
16.81
17.57
NA
17.15
NA
20.1
18.07
18.75
18.41
18.58
18.58
16.31
19.17
18.43
17.55
19.4
20.06
17.91
18.75
NA
18.03
18.52
18.92
18.83
17.98
19.41
19.61
18.09
19.24
17.42
18.17
18.8
17.37
18.2
17.29
18.26
19.02
18.47
17.0
17.11
18.0
NA
NA
NA
NA
NA
NA
NA
NA
NA
NA
NA
NA
NA
NA
19.35
15.55
16.85
18.02
16.75
18.28
17.17
17.8
18.47
18.74
18.94
NA
NA
NA
NA
NA
18.16
17.66
17.16
17.68
17.77
17.75
17.51
15.56
18.01
17.81
17.91
17.91
19.11
17.91
18.41
16.76
18.06
17.9
17.98
17.87
17.77
19.81
17.65
18.59
17.93
15.2
NA
18.75
18.2
15.25
NA
18.93
19.35
17.58
17.89
17.64
18.7
NA
18.27
18.39
17.91
17.91
17.48
18.61
18.33
17.47
NA
18.53
19.42
18.4
19.8
17.99
17.99
18.03
17.88
17.8
18.11
NA
NA
NA
NA
NA
19.63
19.07
18.05
17.86
19.36
17.98
18.42
18.18
17.38
17.88
17.88
18.28
18.08
19.38
18.3
18.5
20.6
19.6
18.9
18.3
18.2
18.33
19.55
18.54
21.03
17.73
17.63
18.03
18.37
19.11
19.24
17.54
17.61
17.76
18.29
18.99
19.85
17.59
17.81
18.71
18.11
17.57
17.76
18.8
17.5
17.98
17.6
19.94
17.33
18.86
18.25
18.31
18.12
19.23
18.23
17.79
17.69
18.74
18.14
18.54
19.54
20.44
18.26
19.04
20.76
18.71
18.01
16.96
NA
NA
NA
NA
NA
NA
NA
NA
NA
NA
NA
NA
NA
NA
NA
17.29
20.57
18.48
16.74
18.76
17.49
18.23
18.83
17.75
18.37
18.72
17.58
17.98
17.95
19.38
18.44
18.25
17.73
16.42
17.78
17.62
17.67
16.14
18.46
17.63
18.11
18.61
17.64
17.15
17.55
19.48
NA
18.78
18.92
18.88
18.35
NA
NA
18.15
18.19
18.37
19.57
17.91
17.29
17.99
19.75
18.27
NA
18.09
18.55
19.82
17.72
NA
18.64
18.07
NA
18.37
18.01
18.82
NA
17.9
17.58
18.18
16.07
18.51
18.37
16.64
18.06
17.88
17.72
18.25
17.86
21.35
18.46
18.24
18.64
18.55
17.9
17.72
17.75
16.53
19.7
18.21
20.55
20.05
18.65
18.0
NA
18.32
17.99
18.81
NA
17.91
17.63
18.15
16.23
18.48
18.35
16.68
18.08
17.83
17.71
18.16
17.82
21.38
18.49
18.25
18.61
18.53
17.89
17.74
17.74
16.64
19.67
18.21
20.59
20.02
NA
20.1
18.56
17.76
17.76
19.36
18.16
16.08
19.29
19.13
19.94
18.19
17.48
19.52
18.22
18.33
18.43
NA
NA
NA
NA
NA
NA
NA
NA
15.0
NA
14.7
NA
NA
12.0
18.42
18.66
18.05
18.42
17.2
17.04
18.48
18.96
19.92
17.72
15.71
18.37
18.83
18.01
18.37
16.87
NA
18.74
18.92
19.88
17.55
16.01
18.06
18.22
17.94
18.27
17.67
17.68
18.37
17.96
18.08
20.37
18.47
18.58
17.9
19.29
17.99
NA
NA
17.73
18.38
18.67
18.42
18.85
17.8
18.32
18.37
20.2
17.97
18.96
17.9
18.29
19.0
17.16
17.75
18.27
18.34
20.18
17.97
18.9
17.84
18.23
18.95
17.09
19.29
NA
NA
17.94
18.61
17.88
17.3
18.57
18.84
18.67
18.73
18.28
19.45
19.3
18.1
18.28
17.89
18.84
18.58
NA
16.23
17.21
18.13
17.51
18.47
17.5
17.84
17.16
17.79
18.02
17.26
18.32
17.65
17.99
22.0
NA
NA
NA
NA
NA
NA
NA