NA
NA
NA
NA
NA
NA
NA
NA
NA
NA
NA
NA
52.61
52.08
51.91
52.03
52.41
51.84
52.54
52.6
52.8
52.54
NA
NA
NA
NA
NA
NA
NA
NA
NA
52.44
NA
NA
NA
52.51
NA
NA
NA
NA
NA
55.73
NA
NA
NA
NA
NA
NA
NA
NA
NA
NA
NA
NA
NA
NA
NA
NA
NA
NA
52.64
52.5
52.44
53.92
52.69
NA
NA
NA
NA
NA
NA
NA
NA
52.1
NA
NA
NA
52.08
NA
NA
NA
NA
NA
NA
NA
52.24
52.14
52.23
52.23
52.29
51.99
NA
51.85
50.15
52.38
52.38
52.39
52.42
52.36
NA
52.89
NA
50.55
NA
52.23
52.96
52.48
NA
NA
52.16
53.41
NA
NA
NA
NA
NA
NA
NA
NA
52.93
NA
55.5
NA
51.46
52.95
NA
NA
NA
NA
NA
NA
NA
NA
52.1
NA
NA
NA
52.08
51.84
54.2
51.6
50.62
51.15
52.34
52.12
51.38
52.8
52.62
53.33
NA
51.12
NA
NA
NA
NA
53.43
52.54
51.8
NA
NA
NA
NA
NA
NA
NA
NA
52.55
52.61
52.61
52.45
52.61
NA
NA
NA
NA
NA
NA
NA
NA
NA
NA
NA
NA
NA
NA
52.63
52.53
52.4
52.45
52.63
52.27
53.53
NA
NA
NA
NA
NA
NA
NA
NA
NA
52.3
52.81
NA
NA
51.93
51.57
NA
NA
NA
NA
55.33
54.0
52.73
53.02
54.36
55.66
54.8
55.47
NA
52.51
52.51
50.5
52.76
51.51
51.81
52.01
51.21
52.53
52.43
51.04
53.34
53.44
53.84
54.09
53.5
52.89
52.23
52.23
52.89
52.84
52.5
52.7
52.59
NA
52.42
52.87
51.66
52.76
52.48
52.56
52.98
52.75
52.55
53.7
53.45
53.49
51.35
52.91
51.15
53.5
51.1
52.43
50.53
52.33
52.67
51.26
52.56
52.66
52.57
52.42
52.4
52.41
52.5
52.22
52.28
NA
NA
50.82
52.16
53.57
50.75
49.27
50.78
NA
NA
52.62
NA
NA
52.24
NA
NA
NA
52.51
52.61
52.71
52.51
54.04
53.46
53.3
51.61
53.94
52.85
52.65
52.65
52.55
52.55
52.45
52.43
52.54
52.5
52.6
52.64
52.24
52.24
52.24
52.64
52.34
NA
52.32
52.56
50.54
52.78
61.22
52.44
52.92
52.55
NA
52.39
55.45
52.39
NA
NA
NA
NA
52.86
53.75
53.42
49.54
55.3
49.77
54.98
52.16
53.57
54.95
52.37
NA
52.65
NA
52.58
52.43
52.36
52.29
52.57
52.04
52.4
50.38
52.28
52.39
NA
NA
53.48
52.58
53.79
53.18
52.38
NA
52.65
52.65
52.35
53.59
52.94
NA
NA
NA
56.43
52.15
50.47
52.87
51.86
50.17
53.71
NA
52.02
52.12
51.92
52.12
50.12
NA
NA
52.28
52.36
50.66
NA
52.64
NA
NA
NA
52.6
52.48
50.43
52.22
52.36
50.36
51.74
NA
NA
51.79
52.97
52.06
52.84
52.88
NA
52.98
52.94
52.84
NA
53.1
53.9
NA
53.18
NA
54.27
NA
51.7
52.6
53.73
52.82
51.77
NA
51.66
52.18
NA
NA
NA
52.17
52.17
52.61
52.84
52.84
52.28
52.5
52.28
52.88
53.32
53.03
53.22
53.17
51.88
NA
NA
51.83
52.06
52.74
NA
NA
52.39
52.27
52.97
52.71
52.71
51.91
52.18
52.27
52.21
NA
52.12
52.65
NA
53.31
52.71
53.35
NA
52.69
NA
NA
NA
NA
NA
NA
NA
NA
NA
NA
52.9
NA
52.41
53.64
52.52
NA
NA
NA
52.97
50.28
NA
52.87
52.31
52.04
52.7
52.87
52.94
52.81
54.69
NA
53.82
56.02
54.52
53.22
54.33
53.97
55.77
54.47
52.87
51.37
NA
NA
52.21
52.2
50.19
53.34
53.3
NA
NA
52.43
NA
NA
NA
NA
NA
53.1
53.18
53.15
51.08
NA
NA
NA
52.1
50.23
52.52
NA
52.98
52.94
52.38
52.3
NA
NA
52.56
54.83
50.65
54.71
55.62
54.72
53.57
51.07
50.24
53.07
NA
52.98
52.94
52.22
52.12
52.21
52.21
52.27
51.98
52.13
53.91
54.51
55.04
NA
NA
NA
NA
NA
NA
NA
NA
NA
NA
52.41
52.91
52.21
53.71
NA
NA
NA
52.68
52.68
NA
52.13
52.13
52.18
52.2
NA
NA
NA
52.91
NA
NA
52.29
51.74
NA
NA
NA
NA
NA
NA
NA
52.22
52.12
52.21
52.21
52.27
51.98
53.02
52.75
NA
NA
53.12
51.42
51.41
51.78
52.68
51.88
53.38
53.78
NA
54.68
54.88
55.68
54.28
51.58
52.48
51.78
53.38
53.58
NA
55.08
54.68
55.68
54.28
50.39
53.73
50.34
53.69
NA
51.73
52.85
NA
51.96
NA
52.57
52.84
52.16
52.54