NA
NA
NA
NA
NA
NA
NA
NA
NA
NA
NA
NA
NA
19.93
NA
19.99
NA
19.88
19.38
19.16
19.14
19.16
NA
NA
NA
NA
NA
NA
NA
NA
19.29
19.63
NA
NA
NA
19.08
NA
NA
NA
NA
NA
17.73
NA
NA
NA
NA
NA
NA
NA
NA
NA
NA
NA
NA
NA
NA
NA
NA
NA
NA
19.28
18.96
19.38
20.21
19.45
NA
NA
NA
NA
NA
NA
NA
NA
NA
NA
NA
NA
19.12
NA
NA
NA
NA
NA
NA
NA
19.12
18.94
19.0
19.05
19.05
19.31
NA
18.99
17.82
NA
NA
NA
NA
NA
NA
19.32
NA
17.96
NA
18.85
18.88
19.24
NA
NA
19.5
18.64
NA
NA
NA
NA
NA
NA
NA
NA
19.25
NA
18.39
NA
19.46
19.47
NA
NA
NA
NA
NA
NA
NA
NA
NA
NA
NA
NA
19.12
NA
19.81
21.03
21.74
22.96
17.52
19.6
21.85
19.11
21.16
18.09
NA
24.3
NA
NA
NA
NA
18.84
19.29
19.37
NA
NA
NA
NA
NA
NA
NA
NA
19.43
19.15
NA
NA
19.42
19.43
NA
NA
NA
NA
NA
NA
NA
NA
NA
NA
NA
NA
NA
19.18
19.2
19.08
19.07
19.07
19.18
19.22
NA
NA
NA
NA
NA
NA
NA
NA
NA
19.26
18.9
NA
NA
19.43
NA
NA
NA
NA
NA
18.03
18.93
18.78
18.22
18.12
18.06
18.96
18.27
NA
NA
19.31
NA
19.66
19.11
19.11
19.11
18.91
18.63
19.13
17.94
18.64
18.64
20.04
18.32
18.45
NA
NA
NA
NA
19.14
19.0
18.62
18.95
NA
19.0
18.64
19.26
18.74
18.69
18.69
18.27
18.27
18.37
20.34
20.33
20.33
19.34
20.44
19.41
20.32
19.17
19.03
18.13
19.23
19.77
NA
NA
NA
19.25
19.31
19.12
19.2
19.14
19.43
19.13
NA
NA
17.92
19.16
20.47
24.65
NA
22.49
NA
NA
NA
NA
NA
19.74
NA
NA
NA
19.31
19.41
19.21
19.21
18.61
18.7
18.75
19.43
19.95
19.25
19.25
19.05
19.05
19.05
19.45
19.08
19.21
19.06
19.25
19.44
19.34
19.04
19.34
18.94
19.44
NA
19.54
19.24
18.09
19.15
17.22
19.09
NA
19.17
NA
19.31
19.04
19.5
NA
NA
NA
NA
NA
20.25
17.17
23.84
19.82
24.37
17.76
18.98
18.95
17.85
19.11
NA
19.36
NA
19.24
19.34
19.09
19.13
19.11
19.45
19.11
18.04
19.14
NA
NA
NA
18.87
19.36
20.2
19.08
19.48
NA
19.26
19.21
19.36
19.09
19.49
NA
NA
NA
18.11
NA
16.86
18.91
19.46
17.79
20.23
NA
18.32
19.22
19.52
19.52
17.62
NA
NA
19.27
19.41
18.35
NA
19.21
NA
NA
NA
19.08
18.98
18.01
19.09
19.08
18.16
NA
NA
NA
19.48
18.89
19.29
NA
19.39
NA
19.11
19.07
19.07
NA
18.9
18.7
NA
NA
NA
17.86
NA
19.84
NA
20.18
19.22
19.47
NA
20.92
19.19
NA
NA
NA
19.07
19.07
18.96
18.96
18.96
18.87
19.07
18.61
18.96
18.66
18.88
18.61
18.73
19.38
NA
NA
19.04
19.04
19.51
NA
NA
19.21
19.67
18.82
19.16
19.11
19.43
19.43
19.22
19.28
NA
19.19
19.28
NA
18.91
19.01
19.08
NA
19.19
NA
NA
NA
NA
NA
NA
NA
NA
NA
NA
NA
NA
19.38
20.38
18.91
NA
NA
NA
19.11
18.1
NA
19.38
22.14
NA
21.38
19.26
18.87
19.16
NA
NA
18.42
17.92
17.82
18.82
19.88
NA
18.07
NA
19.07
19.11
NA
NA
19.26
19.28
18.16
18.98
18.56
NA
NA
18.89
NA
NA
NA
NA
NA
19.71
19.74
19.79
18.71
NA
NA
NA
19.14
18.08
19.07
NA
19.09
19.24
19.15
19.17
NA
NA
19.04
17.64
21.76
18.53
16.96
18.79
18.03
16.93
17.98
19.24
NA
19.09
19.24
19.1
18.92
18.98
19.03
19.03
19.29
19.54
19.09
20.54
18.07
NA
NA
NA
NA
NA
NA
NA
NA
NA
NA
19.11
18.91
19.31
20.11
NA
NA
19.4
NA
NA
NA
NA
NA
NA
NA
NA
NA
NA
NA
NA
NA
NA
NA
NA
NA
NA
NA
NA
NA
NA
19.1
18.92
18.98
19.03
19.03
19.29
18.24
18.89
NA
NA
18.98
20.12
20.1
NA
NA
NA
NA
NA
NA
NA
NA
NA
NA
15.8
NA
17.7
NA
15.7
NA
NA
14.3
15.2
NA
17.23
19.96
17.55
20.24
NA
19.11
18.92
NA
19.9
NA
18.59
17.93
NA
NA