41.36
40.32
46.51
39.37
NA
28.18
NA
28.34
30.66
29.32
29.4
31.48
29.45
30.01
31.33
33.73
47.01
38.94
31.26
31.77
29.86
29.54
30.81
29.73
49.26
NA
28.64
28.76
30.95
30.93
27.63
29.77
NA
NA
28.73
28.33
27.9
28.17
29.51
32.62
29.47
31.26
28.55
27.66
33.64
28.85
28.06
27.43
31.1
33.61
30.34
33.15
30.12
32.1
26.88
29.51
NA
NA
29.63
29.66
27.34
30.68
28.59
28.51
NA
30.4
NA
33.22
29.43
30.71
30.01
30.93
30.06
30.05
25.38
30.47
31.76
31.97
29.58
31.1
31.61
29.6
29.15
30.63
30.63
29.73
29.44
29.74
33.35
30.66
29.42
30.82
31.77
27.83
31.83
NA
28.34
29.2
29.66
31.53
30.19
29.45
31.28
28.55
29.84
29.79
28.79
30.47
32.61
29.82
29.28
30.11
27.8
30.22
33.61
29.68
31.35
31.25
NA
30.54
30.41
28.69
30.47
30.16
32.69
30.5
29.0
30.51
30.29
30.41
28.92
46.46
31.41
28.77
31.24
30.95
29.24
31.06
28.28
28.98
NA
29.94
32.17
28.87
28.61
33.22
28.7
31.2
29.68
28.79
29.77
28.23
29.78
28.06
32.24
30.83
31.07
30.08
NA
32.31
28.97
38.91
NA
32.36
NA
42.16
36.46
40.76
37.36
39.96
42.26
31.03
30.57
48.4
46.33
38.52
47.28
47.96
49.39
47.8
28.62
29.9
NA
30.69
NA
32.27
NA
NA
30.54
31.68
27.61
NA
26.5
30.17
29.72
31.52
31.32
29.32
30.76
NA
NA
NA
NA
NA
NA
NA
29.58
28.75
27.55
30.13
27.59
NA
31.55
30.71
27.14
30.43
27.28
33.25
31.3
48.52
46.34
37.74
NA
31.67
31.8
31.48
31.18
29.38
31.71
31.47
28.35
29.85
30.39
37.72
38.33
49.35
37.49
43.68
38.78
40.95
28.71
30.15
32.15
NA
44.03
34.56
42.33
41.09
41.74
32.52
28.61
44.28
46.5
35.97
49.28
43.61
46.4
37.69
50.2
46.58
40.18
42.58
48.28
43.01
45.66
36.58
48.28
44.61
46.35
48.57
29.0
28.17
39.46
30.13
29.1
30.28
29.59
29.46
31.27
28.62
30.98
29.44
29.43
41.03
48.59
48.32
36.62
45.77
44.99
NA
28.05
32.93
32.74
41.79
40.33
41.2
39.02
41.77
40.9
NA
41.19
26.52
31.34
26.61
31.5
26.5
31.46
26.51
31.46
26.51
31.46
40.64
39.54
39.74
43.54
45.94
33.23
31.24
44.62
44.62
37.78
29.85
28.45
30.53
31.4
28.82
47.18
47.11
48.66
46.46
45.01
40.71
48.86
46.06
42.39
45.35
43.48
27.51
29.95
NA
28.19
28.2
27.49
31.85
32.55
NA
NA
NA
NA
NA
36.87
35.87
35.17
48.49
31.23
28.67
29.14
29.32
31.46
30.9
27.49
28.8
30.29
41.77
42.87
41.48
43.4
41.24
43.21
28.37
29.2
29.68
31.52
29.18
33.65
32.44
26.62
31.08
30.0
31.33
31.76
NA
28.16
27.72
NA
NA
NA
NA
NA
NA
NA
NA
27.13
38.92
39.12
NA
NA
51.2
48.4
47.4
NA
NA
NA
NA
NA
NA
NA
NA
NA
29.14
40.59
30.57
33.17
26.4
28.5
30.6
29.41
27.61
46.84
27.75
NA
NA
31.68
NA
NA
NA
31.6
NA
27.4
30.72
40.9
43.75
45.81
31.28
27.58
35.08
NA
45.34
28.46
28.26
30.83
29.71
NA
27.75
NA
NA
NA
NA
NA
28.53
29.53
35.64
50.84
39.64
45.74
NA
NA
29.46
27.79
NA
45.16
38.29
41.48
38.59
NA
32.5
29.93
30.42
31.07
31.56
30.98
32.33
42.4
42.78
38.77
47.91
46.82
46.89
NA
NA
NA
NA
45.87
29.15
29.33
NA
43.08
40.78
35.78
41.78
37.48
40.48
39.08
44.58
30.15
30.08
27.42
27.78
28.63
32.78
31.01
36.7
40.1
32.51
29.76
29.85
30.1
46.11
26.78
30.34
32.38
46.27
48.0
27.45
31.59
31.58
31.59
31.44
47.28
49.5
29.28
NA
33.4
46.33
48.82
28.55
34.04
42.98
40.18
46.78
37.18
35.58
48.08
NA
NA
46.38
47.25
42.11
NA
27.45
31.97
28.14
39.0
51.68
46.43
39.28
45.8
30.89
31.63
NA
NA
NA
46.76
32.27
31.48
30.96
40.11
46.39
40.26
32.17
28.84
32.56
45.4
32.17
30.44
30.85
NA
NA
41.74
30.09
30.42
29.91
30.44
29.65
NA
NA
NA
NA
NA
NA
49.72
47.74
44.64
36.98
41.38
38.48
47.99
44.28
43.58
44.15
39.14
NA
30.96
28.83
29.94
29.28
26.45
47.15
47.1
42.67
43.95
46.93
48.53
48.87
28.26
45.95
37.15
34.46
NA
NA
NA
38.6
41.45
46.93
NA
48.83
39.82
48.06
43.68
37.48
48.38
42.68
48.08
28.73
45.52
39.59
NA
NA
NA
45.62
39.44
30.19
48.12
44.52
38.12
40.92
33.14
29.14
37.71
39.31
39.52
35.76
48.37
46.07
NA
39.49
NA
NA
48.09
44.39
25.94
29.42
27.63
40.26
45.08
50.25
30.55
32.55
NA
NA
32.42
38.51
19.98
33.08
26.18
30.13
28.27
29.63
NA
NA
33.72
31.76
29.63
NA
49.12
28.71
28.39
33.89
30.09
NA
39.1
39.03
NA
NA
29.01
34.01
28.91
NA
NA
NA
NA
42.23
44.33
NA
NA
30.55
32.55
NA
28.53
29.43
32.63
29.93
NA
NA
NA
NA
NA
NA
NA
32.24
27.33
NA
32.45
31.02
30.37
32.37
NA
32.71
26.51
29.01
31.49
NA
29.04
27.32
31.87
41.11
27.05
32.94
33.04
34.13
32.07
30.57
34.2
41.05
39.35
39.85
44.05
43.75
46.15
NA
31.78
42.65
48.15
40.55
37.95
31.38
29.78
29.68
NA
NA
NA
NA
NA
NA
NA
NA
NA
NA
NA
NA
NA
NA
NA
NA
NA
NA
NA
NA
NA
NA
NA
NA
30.11
30.11
29.24
30.82
NA
45.07
29.67
29.02
28.92
28.58
NA
27.48
NA
31.87
40.87
33.41
32.39
28.99
27.7
30.35
29.35
27.95
26.94
NA
NA
NA
30.65
29.95
30.41
28.09
43.33
43.33
40.18
NA
36.78
35.19
47.67
NA
NA
NA
43.02
40.19
46.81
36.84
35.71
47.43
NA
NA
46.38
28.59
29.79
31.05
30.95
28.77
30.26
30.01
31.41
27.27
32.72
28.82
NA
NA
NA
NA
NA
NA
47.3
NA
29.74
30.96
NA
49.81
48.34
35.5
44.57
37.89
41.43
40.66
35.76
39.75
43.57
37.36
29.8
24.7
31.0
31.98
30.58
NA
38.62
43.42
29.61
33.31
32.92
28.24
28.81
33.12
27.95
29.82
NA
30.67
26.07
31.95
32.09
27.77
44.52
28.19
27.44
NA
31.91
30.09
32.36
41.11
39.03
40.45
41.14
38.89
40.48
41.85
40.05
44.99
30.42
NA
45.41
31.61
42.89
47.99
40.69
37.99
42.58
48.08
40.48
37.88
NA
27.03
29.5
31.22
28.92
30.96
28.71
26.37
29.21
30.26
28.53
NA
31.19
31.17
28.15
30.09
31.55
26.04
38.8
NA
49.36
38.69
28.97
29.15
45.07
47.49
38.86
48.01
41.39
28.55
31.55
26.35
40.4
43.6
NA
31.09
28.0
33.22
27.82
31.94
33.26
27.66
28.6
29.16
39.57
29.03
30.68
29.51
46.45
38.35
33.65
29.51
30.79
33.34
33.89
30.02
29.25
37.91
37.96
43.43
43.85
41.44
29.6
31.23
31.29
30.09
28.99
41.82
45.22
48.21
30.87
31.72
NA
NA
NA
27.68
31.65
33.15
30.29
28.14
41.64
45.56
47.87
44.78
27.54
27.69
30.32
NA
48.97
28.14
NA
32.77
29.98
30.54
28.34
27.6
31.4
28.75
30.81
30.27
28.12
43.34
29.04
NA
33.15
27.23
31.14
45.52
40.12
NA
29.77
31.2
29.9
32.64
31.32
29.81
31.83
31.08
41.65
30.3
27.24
28.29
30.3
39.29
41.73
41.15
38.82
40.07
NA
28.1
29.01
30.69
40.29
30.33
31.49
NA
30.07
29.89
29.54
30.13
33.03
NA
45.48
27.95
37.71
40.66
30.86
36.76
31.16
47.26
32.78
43.98
40.29
45.68
38.2
40.8
29.17
30.42
39.67
46.07
28.36
28.35
NA
NA
NA
41.23
38.23
40.15
30.81
27.33
30.88
30.88
29.99
32.99
NA
29.69
29.73
30.33
30.1
30.99
27.07
31.27
NA
27.35
29.3
30.28
NA
42.56
25.39
29.72
28.94
29.54
27.47
29.94
27.84
28.64
31.14
34.14
30.64
29.61
33.54
44.22
38.32
42.63
46.96
28.83
35.16
26.12
31.89
27.96
44.07
28.77
28.71
27.61
28.8
NA
32.6
30.3
28.2
29.6
30.01
29.59
44.11
50.01
40.81
41.01
38.81
41.01
28.79
30.29
29.99
30.69
29.1
29.2
32.3
28.83
31.55
32.05
NA
38.3
33.34
40.54
NA
31.16
31.61
29.4
39.73
49.35
39.58
49.48
30.35
30.96
31.79
31.81
44.67
30.29
NA