173.29
175.05
171.7
174.77
172.19
173.28
171.49
175.27
172.01
174.57
171.68
172.52
174.38
171.74
172.54
173.17
171.84
173.24
177.73
175.46
173.48
172.42
172.14
171.8
172.78
NA
174.94
174.18
172.09
172.21
174.07
171.6
175.55
172.98
171.97
172.22
174.17
172.37
173.18
171.59
173.73
173.07
173.86
174.44
171.16
NA
173.65
172.06
170.27
172.02
173.15
173.14
173.32
170.93
175.88
174.57
173.6
177.73
172.73
176.95
173.56
171.96
175.96
174.54
176.22
175.66
173.47
173.1
172.59
172.63
173.84
172.23
173.37
171.64
173.47
170.69
173.78
171.39
174.43
172.91
171.79
174.49
172.41
172.7
175.33
177.48
177.19
175.72
170.84
169.89
175.3
177.22
176.81
173.76
176.83
NA
172.73
170.33
172.32
NA
175.41
174.43
174.05
173.6
177.67
173.79
173.28
172.99
172.27
170.8
172.39
172.23
173.29
172.49
169.1
170.74
171.43
174.34
173.19
173.71
175.38
173.39
172.68
171.45
170.31
172.7
173.98
172.38
171.98
172.48
172.21
172.68
171.53
173.28
173.67
173.49
172.6
173.85
170.82
173.25
174.18
173.09
NA
172.98
174.27
173.38
172.65
173.64
173.63
173.35
172.8
177.08
173.66
173.06
172.8
173.62
172.07
172.45
NA
174.22
174.6
176.03
172.11
176.67
NA
170.69
173.85
NA
173.48
174.72
NA
178.54
175.39
173.09
171.22
172.46
172.85
174.02
171.29
173.17
NA
173.33
173.19
NA
172.66
176.66
NA
NA
NA
172.2
NA
NA
NA
172.91
172.59
NA
177.57
175.47
172.42
NA
NA
NA
NA
NA
NA
NA
NA
172.1
173.3
NA
NA
NA
NA
172.3
175.96
173.11
173.62
171.95
171.14
173.71
173.3
174.0
NA
171.04
NA
176.08
NA
175.38
NA
NA
NA
NA
176.07
175.2
172.52
172.97
174.5
171.41
173.91
173.61
172.51
174.28
171.86
172.1
171.89
171.33
NA
172.3
NA
NA
172.82
NA
NA
NA
NA
NA
NA
NA
NA
173.66
176.66
173.66
NA
NA
NA
NA
NA
NA
NA
NA
174.87
173.1
174.39
NA
NA
NA
NA
NA
175.9
NA
174.28
NA
NA
174.38
NA
171.41
176.1
173.3
172.99
NA
174.2
171.83
170.94
173.84
174.74
173.94
174.44
NA
NA
NA
NA
NA
NA
NA
NA
NA
NA
NA
NA
NA
NA
175.31
175.01
174.61
172.21
174.31
177.31
174.36
174.21
174.48
NA
173.62
172.75
172.89
171.58
173.92
173.48
173.53
172.96
172.96
173.26
174.26
179.06
NA
NA
NA
NA
NA
NA
NA
173.31
NA
173.27
NA
172.52
NA
NA
NA
NA
NA
174.81
172.41
174.31
174.08
NA
NA
NA
NA
180.08
177.26
171.89
NA
NA
171.68
173.18
171.68
171.36
171.96
170.93
174.36
169.57
172.88
170.13
173.59
173.1
172.76
172.24
173.99
NA
176.43
174.38
NA
174.92
172.97
176.24
172.84
176.54
172.54
NA
173.51
173.53
173.6
174.24
173.68
174.28
172.28
NA
NA
NA
NA
NA
NA
NA
NA
NA
NA
NA
NA
NA
172.95
174.5
NA
NA
NA
NA
NA
174.59
172.99
175.15
NA
NA
NA
172.15
174.3
173.7
NA
NA
NA
NA
175.95
172.15
172.55
NA
170.92
173.82
NA
NA
NA
NA
NA
177.95
172.55
175.55
174.7
NA
NA
NA
NA
NA
174.65
174.15
NA
NA
NA
NA
NA
NA
177.69
178.44
173.01
174.55
NA
NA
NA
175.01
173.75
171.58
NA
177.04
NA
173.87
173.8
NA
NA
NA
NA
NA
NA
NA
NA
NA
NA
NA
NA
NA
NA
172.04
175.04
172.84
173.94
174.04
174.24
175.34
173.64
NA
172.94
171.85
174.89
173.26
173.47
NA
NA
174.9
173.02
NA
NA
174.07
NA
NA
177.98
178.07
NA
NA
NA
176.1
NA
NA
176.95
NA
NA
174.35
173.29
NA
172.19
173.72
177.33
178.82
175.36
174.76
172.36
174.86
174.66
175.16
NA
NA
174.56
171.98
173.87
172.85
173.36
175.7
174.03
173.02
172.55
174.15
172.97
171.91
172.64
172.53
175.37
175.33
NA
NA
NA
NA
NA
173.39
173.62
173.86
NA
NA
NA
NA
NA
NA
NA
NA
NA
177.91
172.23
173.07
172.37
NA
NA
NA
NA
NA
NA
NA
NA
NA
NA
NA
NA
NA
NA
172.84
174.17
171.16
171.81
172.85
172.35
171.65
172.48
178.99
171.66
NA
NA
NA
NA
172.07
172.77
172.77
NA
NA
173.82
171.94
172.16
NA
NA
NA
NA
172.42
171.47
174.52
171.59
NA
NA
NA
176.03
NA
174.73
170.13
173.8
NA
NA
173.82
171.95
172.18
172.23
173.07
172.34
NA
NA
NA
NA
172.25
173.95
171.48
170.73
175.04
173.83
173.2
174.04
171.46
170.73
175.0
173.71
173.03
174.47
174.27
173.93
174.89
NA
NA
NA
171.3
172.0
NA
173.66
170.47
175.36
NA
NA
NA
173.0
174.26
NA
175.06
NA
172.18
173.1
173.08
173.73
173.78
NA
173.16
171.45
NA
174.25
175.38
175.29
172.51
NA
175.54
170.74
173.84
NA
NA
NA
NA
170.87
172.97
175.32
175.28
172.61
172.01
174.51
174.46
171.26
173.76
172.56
173.4
173.71
170.37
173.1
172.44
173.27
170.99
NA
NA
NA
NA
NA
172.85
172.15
175.15
172.38
174.48
172.28
174.08
172.63
174.24
171.99
170.64
175.59
NA
176.37
170.34
176.12
NA
178.52
174.46
175.58
174.78
174.78
174.88
172.08
174.08
NA
NA
NA
NA
172.85
NA
172.35
172.75
172.7
174.05
173.35
171.65
172.45
173.95
173.45
171.65
172.45
173.91
173.31
171.61
172.41
174.3
173.3
171.6
172.4
173.95
173.95
171.65
172.65
174.27
173.47
171.57
172.17
NA
NA
171.24
172.47
172.41
172.81
171.47
172.47
177.77
172.07
NA
174.68
171.59
NA
172.97
172.18
174.28
173.23
175.15
NA
NA
NA
174.91
174.35
172.35
174.41
174.3
174.0
171.0
175.22
NA
175.37
175.02
172.4
173.97
174.65
174.84
NA
NA
174.28
175.39
174.72
172.38
174.65
NA
174.79
NA
NA
174.51
173.63
171.63
NA
NA
NA
NA
NA
NA
NA
NA
NA
NA
NA
NA
NA
NA
NA
172.09
NA
177.26
174.95
NA
173.15
173.97
173.62
173.82
175.14
172.82
173.49
176.69
173.12
NA
NA
173.39
174.79
172.49
171.4
177.7
170.8
175.8
171.7
178.46
170.59
NA
174.51
171.14
172.96
174.18
NA
173.68
174.6
173.4
172.41
170.66
171.79
171.0
173.09
173.93
173.27
NA
NA
NA
NA
NA
NA
NA
NA
NA
171.97
175.34
170.75
NA
171.56
172.86
173.38
NA
NA
176.24
NA
NA
NA
172.85
NA
173.32
172.2
170.09
171.11
172.31
176.81
174.58
175.12
NA
173.83
NA
172.76
174.76
172.58
173.85
NA
173.31
171.99
174.01
175.02
173.47
174.17
176.18
171.85
174.29
169.71
173.67
172.39
NA
173.37
171.77
174.27
174.55
171.75
172.47
174.53
174.27
173.69
174.39
176.43
173.79
174.99
174.0
176.7
176.29
173.47
NA
174.5
172.9
173.5
NA
171.7
172.35
NA
NA
172.96
175.42
173.72
173.74
171.42
170.09
NA
177.19
171.89
NA
NA
NA
174.37
173.46
171.66
174.11
172.92
175.12
172.75
174.75
174.27
NA
NA
172.15
NA
173.92
NA
171.49
173.57
174.19
176.34
NA
177.2
NA
171.7
NA
NA
NA
NA
173.31
172.69
177.09
NA
173.19
172.16
NA
NA
174.68
NA
177.16
NA
NA
NA
NA
NA
175.92
175.04
NA
174.27
177.29
171.47
NA
176.34
173.37
172.06
174.59
174.59
172.31
174.11
173.32
174.77
173.02
173.94
NA
179.17
NA
NA
NA
173.74
177.87
NA
NA
NA
NA
NA
176.84
NA
NA
174.18
175.13
NA
172.62
175.82
174.12
172.02
173.21
173.38
174.9
172.47
176.99
173.49
173.45
171.48
NA
NA
174.94
174.73
174.93
172.97
175.2
175.36
175.73
175.61
172.45
176.02
172.76
170.94
176.22
174.52
NA
NA
173.56
171.86
172.49
177.39
174.55
NA
NA
173.5
172.57
174.66
177.69
174.97
173.79
171.58
NA
172.45
172.65
173.91
171.91
171.21
171.32
171.75
172.87
171.73
172.1
171.24
174.48
174.21
174.24
176.44
NA
174.02
178.26
174.26
172.2
NA
177.91
173.61
173.07
172.27
172.67
173.37
173.37
172.97
172.73
174.18
172.89
171.59
175.79
173.89
172.49
174.89
174.26
NA
NA
NA
174.19
175.99
174.69
NA
170.74
176.64
NA
172.33
NA
173.21
NA
NA
NA
NA
175.61
172.82
NA
NA
177.8
175.35
175.59
176.18
NA
173.78
172.03