53.84
55.02
52.85
58.23
58.55
62.8
NA
57.41
62.42
64.07
58.91
59.61
58.6
60.28
60.43
57.77
57.44
59.67
60.0
62.03
58.56
57.87
61.68
58.6
60.13
58.65
59.12
58.41
59.71
61.68
59.12
60.11
57.61
59.25
58.88
58.4
61.38
60.15
54.91
57.26
58.69
60.28
55.26
57.19
58.86
58.55
NA
58.38
59.29
59.01
58.92
59.58
61.73
59.03
61.13
56.77
54.75
57.85
59.43
58.34
60.25
60.04
58.3
58.17
58.24
59.5
58.88
58.58
61.18
58.91
61.34
58.83
58.24
59.85
55.4
58.23
60.98
58.88
58.18
58.53
60.75
NA
NA
59.25
59.65
59.74
61.33
59.23
59.02
59.26
54.62
55.69
57.86
58.75
58.26
55.95
58.42
59.72
NA
56.44
59.58
61.35
54.16
56.55
59.47
60.23
60.07
57.24
60.19
56.71
59.98
58.74
58.37
60.06
57.98
66.18
62.45
59.16
54.26
60.39
61.71
59.02
56.56
55.56
52.86
56.26
56.56
58.8
56.53
56.66
56.28
55.11
NA
NA
59.84
57.75
60.54
59.87
59.56
58.88
60.44
60.17
58.82
NA
56.12
57.82
59.52
56.62
56.2
53.4
57.38
56.55
58.49
60.07
58.64
58.84
55.29
NA
56.97
58.5
60.08
60.85
60.71
63.72
59.97
58.64
59.24
59.64
57.68
56.55
NA
56.58
58.68
61.78
58.18
59.48
56.38
58.32
58.32
56.6
58.66
60.75
NA
52.38
59.19
58.26
60.4
56.33
56.28
53.48
56.08
53.58
56.19
53.79
56.22
53.82
56.16
53.86
57.32
52.19
58.72
55.33
NA
NA
57.15
57.97
55.18
52.98
54.37
NA
NA
NA
55.3
55.7
55.36
55.45
56.84
53.44
57.24
53.05
53.35
54.54
53.05
53.35
54.54
54.41
58.2
52.76
54.84
52.2
57.45
55.72
59.65
NA
58.2
59.03
57.61
56.51
56.87
56.35
58.67
60.46
53.07
51.37
55.15
55.28
57.17
58.67
NA
56.96
60.73
58.82
NA
NA
57.77
58.79
58.77
58.82
58.6
58.29
58.1
59.71
61.06
56.3
58.62
59.19
NA
59.95
59.18
59.97
NA
62.04
NA
NA
NA
NA
NA
NA
NA
NA
NA
NA
53.02
58.83
57.99
56.97
61.71
59.76
62.37
57.2
60.01
NA
NA
NA
53.8
58.0
56.49
50.19
56.79
55.99
57.59
56.21
54.93
57.33
56.53
54.43
55.63
60.94
51.54
58.84
NA
55.94
63.56
58.97
NA
59.42
59.82
58.72
57.12
59.53
56.09
54.29
52.41
55.51
51.31
60.21
58.39
58.99
61.14
51.25
54.46
51.04
NA
59.31
58.95
58.39
61.08
60.02
56.63
54.81
59.51
55.43
58.74
58.64
60.07
58.42
NA
NA
54.86
55.29
54.28
53.85
51.27
55.36
NA
59.45
55.58
58.59
58.57
62.51
56.09
53.93
54.6
53.06
57.11
NA
NA
NA
NA
NA
55.47
53.21
53.44
56.48
52.28
55.38
52.98
58.38
57.13
56.65
NA
NA
NA
NA
53.0
56.2
52.3
56.0
55.67
59.4
56.2
59.17
55.88
60.81
51.44
59.63
59.59
58.15
61.37
57.03
53.43
56.76
53.41
59.7
55.2
58.17
64.02
58.18
NA
53.09
57.49
57.29
57.58
57.24
55.24
58.24
57.49
NA
58.34
NA
59.27
59.77
59.97
NA
58.34
53.64
NA
58.24
56.88
53.98
59.08
59.12
61.82
55.84
57.86
NA
57.65
55.69
54.89
55.29
57.33
50.93
50.45
55.9
54.7
55.4
53.02
52.07
52.79
61.62
60.24
60.7
57.03
59.78
51.4
NA
NA
NA
NA
NA
57.19
NA
55.49
55.55
51.88
57.3
59.14
58.59
NA
NA
59.99
58.21
56.43
60.13
51.56
58.33
58.42
58.41
62.85
59.27
58.28
58.52
58.82
56.51
61.56
54.9
58.33
60.02
56.98
57.48
59.01
54.74
56.24
59.7
55.2
54.8
57.13
59.54
55.74
54.64
55.74
57.74
56.63
56.69
63.22
NA
NA
NA
59.32
53.06
52.06
52.86
55.07
55.98
58.14
59.48
58.39
54.35
55.59
52.82
NA
59.96
NA
57.32
57.04
55.77
NA
51.77
NA
58.61
NA
NA
51.6
51.9
54.6
56.49
54.62
52.18
NA
52.49
NA
NA
54.16
62.22
54.75
52.01
NA
NA
NA
55.01
51.97
59.04
60.84
52.42
51.92
56.38
53.68
52.48
54.13
52.76
NA
59.92
57.62
55.67
55.65
52.75
55.66
58.56
58.41
54.83
56.69
56.74
59.15
57.85
60.73
55.16
58.73
NA
63.02
55.71
NA
NA
54.51
55.38
57.85
57.75
58.05
61.05
58.75
59.15
58.66
58.96
58.56
58.76
58.39
58.97
58.22
NA
59.4
57.94
60.64
55.14
60.52
55.52
60.8
62.63
59.79
60.32
59.32
62.6
57.03
55.76
58.33
58.08
56.35
55.96
58.91
56.55
53.5
52.33
52.87
55.19
56.13
56.4
55.12
56.56
61.21
52.94
59.91
50.73
50.93
50.89
NA
NA
NA
NA
NA
NA
NA
62.25
59.73
55.55
55.07
54.45
58.25
62.37
59.25
NA
55.56
NA
60.74
58.72
60.1
NA
54.85
58.63
58.82
56.99
56.06
58.16
57.13
62.55
60.76
60.63
58.4
62.63
59.79
60.32
59.32
59.17
59.27
58.63
56.61
61.08
53.45
57.35
58.59
58.35
57.32
55.85
57.85
58.1
60.48
58.28
54.88
56.08
59.78
NA
NA
NA
NA
NA
NA
NA
NA
NA
NA
NA
NA
61.24
NA
59.86
63.97
55.97
NA
NA
57.5
NA
55.93
58.56
56.74
NA
NA
NA
56.19
56.69
53.99
54.29
54.79
58.72
58.76
58.9
57.6
55.1
59.91
53.31
60.52
56.99
56.04
57.49
56.7
55.93
56.05
57.34
58.35
58.35
58.15
61.86
58.09
NA
59.11
56.65
54.44
60.22
56.94
54.06
59.64
56.94
54.22
59.22
61.29
57.9
58.15
56.71
56.89
58.05
52.99
53.49
52.69
NA
65.19
NA
57.73
57.73
59.61
55.82
NA
NA
59.4
NA
56.61
53.41
53.33
NA
54.83
56.58
56.5
54.83
54.49
63.1
59.38
NA
62.01
59.81
58.27
58.73
60.56
57.64
60.25
NA
53.45
59.77
57.17
61.07
60.57
58.48
57.13
56.75
57.2
55.35
53.98
58.32
55.89
56.32
53.56
51.35
56.3
NA
NA
NA
56.01
55.99
58.09
55.68
57.78
59.52
60.88
61.42
58.71
55.69
NA
58.46
59.06
NA
59.02
61.51
56.59
55.92
56.13
58.77
60.28
60.92
62.44
57.28
57.13
61.8
55.87
62.71
56.75
63.2
53.4
52.7
55.73
57.83
51.17
56.54
56.47
55.94
54.74
56.63
60.25
NA
59.3
57.64
58.32
55.9
56.08
56.58
NA
58.38
61.38
61.11
64.52
54.9
54.45
59.07
57.26
60.01
58.91
60.11
57.09
58.75
56.55
NA
57.85
56.82
54.89
58.55
54.59
56.34
55.4
54.29
55.76
55.58
60.23
NA
57.5
57.62
54.19
58.4
60.7
NA
58.98
56.5
57.56
59.65
54.03
NA
NA
59.65
58.27
54.7
57.41
59.1
58.44
NA
NA
NA
51.67
54.58
56.98
56.45
58.17
57.37
58.37
56.25
NA
57.67
NA
60.14
58.71
58.43
56.2
59.14
60.7
58.8
59.3
57.7
57.2
58.44
58.39
NA
60.64
56.58
64.43
59.51
58.29
58.71
NA
52.48
55.36
NA
56.15
57.22
61.4
57.45
60.81
60.32
60.08
58.83
58.56
56.27
54.96
56.41
58.51
53.96
55.4
64.39
58.24
59.49
59.11
60.77
60.38
60.51
NA
NA
54.7
NA
53.26
NA
NA
NA
56.17
60.13
58.37
58.92
58.7
57.9
56.95
58.55
58.72
53.06
NA
53.01
54.07
NA
57.68
52.83
51.92
54.85
NA
57.31
60.17
58.78
58.49
62.92
55.89
54.26
55.18
53.3
55.15
NA
54.21
56.93
57.39
61.29
58.29
61.59
58.61
63.81
61.23
57.63
59.28
58.96
58.21
NA
60.24
61.59
58.89
NA
58.21
57.85
58.73
58.73
54.8
58.19
54.94
61.98
54.8
52.8
60.58
58.52
59.95
57.72
54.2
NA
56.74
58.4
56.51
58.52
56.77
58.65
54.12
57.74
NA
NA
57.79
58.51
58.65
56.34
54.47
57.91
53.34
58.47
59.48
57.96
62.95
57.57
63.88
54.24
60.54
56.84
NA
NA
54.71
55.22
59.15
59.19
62.66
60.23
NA
58.9
64.22
NA
58.3
NA
55.1
55.3
56.2
55.8
55.81
57.35
58.17
52.67
55.37
56.07
57.77
NA
54.63
60.19
57.97