173.76
176.82
175.87
175.91
178.4
NA
177.54
176.79
176.19
177.04
176.76
177.3
177.33
176.91
176.34
176.51
177.27
176.95
175.45
175.47
NA
174.29
175.79
176.59
176.42
171.27
174.16
175.6
176.72
176.74
176.14
175.34
175.46
175.69
175.16
175.55
177.27
NA
178.41
176.5
177.61
176.53
175.73
177.11
NA
175.84
175.24
177.66
176.16
177.55
173.67
176.37
177.2
176.95
176.17
176.45
174.41
176.87
176.27
176.8
NA
175.77
NA
NA
175.57
178.58
175.65
172.2
176.15
178.76
178.25
177.85
178.34
178.28
177.52
178.05
175.61
176.42
177.89
178.2
178.55
178.55
176.04
NA
NA
177.35
176.55
176.5
NA
NA
NA
175.03
NA
178.05
NA
177.06
174.84
174.37
NA
NA
NA
NA
NA
NA
NA
NA
176.38
NA
175.36
178.19
177.28
176.57
174.79
NA
176.36
175.04
176.43
178.52
177.77
NA
NA
176.59
NA
NA
177.01
177.29
176.4
NA
178.04
174.94
NA
NA
NA
NA
178.14
174.09
177.02
175.53
175.23
175.53
175.23
175.52
175.22
175.62
175.22
175.52
175.22
NA
178.19
176.06
174.16
NA
175.6
NA
173.54
175.74
175.24
NA
NA
175.58
175.48
NA
NA
175.34
NA
NA
NA
175.01
NA
177.42
177.92
177.22
NA
NA
NA
NA
NA
175.81
NA
NA
NA
NA
NA
NA
NA
NA
NA
NA
NA
177.38
175.22
176.06
176.13
177.3
178.07
177.19
178.64
NA
172.7
174.93
173.7
175.01
172.98
175.24
175.48
172.38
NA
NA
NA
NA
NA
179.0
175.0
176.3
178.2
176.5
175.6
178.3
178.9
NA
NA
NA
NA
NA
NA
177.8
NA
176.54
NA
NA
177.15
NA
NA
NA
175.34
176.49
175.02
176.84
NA
175.49
175.9
178.45
NA
NA
NA
NA
NA
177.9
NA
177.54
178.2
176.08
177.21
177.01
NA
NA
NA
176.9
173.97
NA
177.75
NA
NA
175.84
174.56
NA
NA
178.25
177.13
179.83
178.13
NA
NA
NA
NA
NA
NA
176.23
177.69
175.55
175.06
175.35
NA
NA
NA
NA
NA
NA
178.21
NA
NA
NA
NA
NA
NA
NA
NA
NA
NA
NA
177.37
176.85
NA
NA
NA
NA
176.62
177.93
177.46
174.38
175.92
176.41
176.55
177.32
177.08
176.64
175.86
176.55
176.93
NA
176.44
NA
NA
NA
174.62
177.61
175.31
176.31
175.21
176.74
179.18
175.88
177.68
177.38
180.88
176.28
175.45
177.33
175.54
177.34
NA
NA
NA
NA
NA
176.46
NA
NA
174.66
175.84
180.09
NA
NA
175.35
176.45
176.46
NA
177.93
178.71
177.0
172.94
176.12
177.87
176.56
NA
NA
NA
NA
NA
NA
NA
NA
NA
NA
NA
176.74
176.34
175.15
176.95
177.05
175.71
173.8
176.25
174.5
NA
173.14
177.25
NA
NA
NA
NA
176.05
NA
NA
NA
NA
173.15
177.26
177.23
175.77
176.54
174.79
176.04
175.38
175.11
177.97
NA
176.9
177.16
NA
177.16
176.16
NA
176.59
174.73
NA
NA
173.73
NA
176.93
175.44
176.14
177.8
173.13
175.33
173.83
173.18
175.38
173.88
NA
NA
NA
177.75
174.25
176.85
172.35
174.45
176.9
175.25
176.15
NA
176.97
175.79
175.21
175.2
177.6
175.73
177.2
176.67
176.54
175.94
176.36
177.13
176.23
175.93
172.74
175.49
177.33
175.47
177.22
177.2
NA
NA
177.26
175.43
NA
176.53
177.0
175.68
176.52
179.22
174.82
177.75
174.25
176.85
172.35
175.46
177.98
176.81
175.26
176.81
176.8
175.55
177.32
176.25
NA
NA
175.55
177.45
175.55
177.35
175.31
177.41
175.5
177.3
175.65
177.35
175.57
177.27
NA
NA
NA
NA
173.81
174.93
176.65
176.98
177.1
NA
NA
NA
174.9
NA
NA
NA
173.63
173.04
175.94
175.45
175.84
175.34
177.84
175.37
NA
177.56
NA
174.48
176.29
174.09
177.59
176.88
174.13
179.48
NA
NA
177.74
177.58
175.72
176.09
177.79
176.1
176.21
NA
NA
NA
176.16
173.66
176.04
176.51
NA
NA
NA
177.68
NA
176.83
177.99
176.04
NA
175.94
175.24
175.02
176.84
173.86
NA
176.57
NA
175.9
175.83
176.43
176.11
176.11
178.11
174.61
180.49
177.31
173.77
173.7
176.86
177.48
NA
NA
NA
NA
NA
NA
NA
NA
175.78
177.39
178.82
176.15
174.06
NA
NA
175.27
174.83
176.04
177.04
175.54
176.04
175.14
174.57
176.37
176.09
175.29
175.52
176.09
175.39
176.45
NA
NA
NA
175.69
176.08
NA
NA
NA
NA
NA
NA
NA
NA
NA
NA
178.82
178.84
175.73
NA
175.44
177.5
177.6
NA
NA
NA
177.25
174.97
176.69
NA
176.91
177.01
178.51
NA
175.48
177.5
176.4
NA
176.94
178.54
NA
175.67
178.46
178.24
175.16
178.54
175.02
173.33
NA
176.47
176.59
175.23
177.05
176.29
176.5
NA
NA
173.79
176.69
175.32
176.5
177.25
176.61
175.52
NA
177.1
173.26
180.08
175.28
177.08
NA
NA
NA
176.64
176.77
176.53
175.64
NA
NA
177.25
175.62
177.42
177.3
NA
175.1
NA
175.35
175.65
177.87
NA
NA
176.5
177.25
NA
NA
NA
NA
174.22
175.52
NA
177.12
176.26
177.39
176.29
175.49
NA
NA
NA
175.31
NA
176.79
177.19
175.68
177.09
176.45
173.6
176.86
NA
177.19
176.42
175.65
177.36
176.72
178.86
175.93
NA
NA
176.06
176.69
176.56
177.28
176.49
NA
175.95
NA
NA
NA
NA
NA
179.52
178.02
179.72
175.89
175.03
175.46
NA
177.94
176.52
175.69
176.07
NA
NA
NA
176.98
NA
176.19
176.24
174.85
179.65
175.5
178.19
NA
NA
NA
NA