28.63
28.77
28.35
27.2
NA
26.0
26.82
25.85
26.38
33.87
26.95
26.6
26.09
29.02
26.99
26.98
27.59
NA
27.88
NA
28.19
NA
27.83
26.47
27.56
27.85
27.85
27.35
26.35
26.59
NA
31.24
27.19
27.56
30.54
26.79
29.58
NA
26.04
27.43
26.59
26.13
NA
28.13
NA
26.63
NA
26.7
26.57
26.3
25.92
26.9
26.78
27.82
27.61
27.61
29.26
27.35
27.18
25.7
NA
26.07
29.19
29.51
28.23
27.72
26.35
28.1
27.73
28.78
28.88
30.24
28.82
28.72
27.52
28.45
43.23
28.38
29.92
28.81
29.97
28.49
27.32
NA
NA
29.54
26.86
27.57
NA
27.25
27.24
27.88
24.57
27.47
NA
26.48
NA
26.25
29.6
NA
NA
NA
NA
NA
NA
NA
26.86
26.82
40.76
34.06
41.31
38.62
36.48
39.76
26.8
29.63
30.36
27.0
26.9
NA
NA
26.66
28.74
29.44
26.66
26.4
28.61
NA
27.51
38.4
NA
NA
NA
NA
27.13
27.81
27.76
NA
NA
NA
NA
NA
NA
NA
NA
NA
NA
NA
25.58
42.58
38.78
NA
24.97
27.64
40.45
NA
NA
40.71
41.25
46.99
46.97
39.78
41.46
33.6
NA
NA
25.56
27.17
NA
NA
26.54
27.45
NA
NA
NA
26.18
NA
36.47
37.77
NA
NA
32.43
28.21
NA
NA
28.34
27.47
26.87
NA
39.07
28.13
27.83
27.65
27.92
26.33
27.3
26.82
26.38
NA
NA
NA
NA
NA
NA
39.92
40.42
NA
NA
26.49
27.11
27.31
37.19
44.49
37.29
36.69
39.99
38.89
36.19
35.69
26.64
35.11
26.37
26.4
26.75
28.55
40.73
26.85
29.39
27.0
26.52
24.08
26.72
26.67
28.1
26.52
26.06
27.17
27.22
26.78
27.38
26.3
28.47
27.15
40.11
42.14
NA
26.96
26.45
31.34
29.21
27.04
36.82
NA
NA
26.47
NA
27.27
26.99
29.25
27.02
25.66
NA
NA
26.11
NA
40.48
41.88
27.7
27.21
NA
26.01
NA
40.45
41.95
25.73
40.54
41.84
26.28
25.88
27.71
28.61
27.84
33.71
42.21
37.88
34.56
40.95
42.15
29.25
27.29
NA
NA
NA
40.82
41.82
26.75
NA
27.2
28.1
29.44
40.35
41.8
NA
NA
40.63
42.03
37.73
35.23
27.26
27.25
29.35
29.77
30.16
29.78
26.73
26.68
30.41
29.85
26.9
NA
26.08
NA
NA
NA
39.75
33.5
42.0
37.6
34.3
40.32
41.59
35.49
45.09
38.59
45.49
35.39
NA
NA
NA
NA
26.19
34.53
42.36
37.71
35.37
28.6
26.47
26.47
36.79
NA
28.66
26.96
27.15
29.97
26.65
26.73
26.96
38.76
36.4
37.01
40.61
41.5
40.19
27.5
NA
NA
NA
NA
NA
NA
NA
NA
26.68
27.93
26.83
40.36
27.18
40.89
38.09
37.39
29.89
36.39
26.8
26.79
27.76
38.14
37.56
NA
36.5
NA
26.36
36.82
32.76
44.53
37.56
35.01
NA
NA
32.58
44.58
37.48
34.9
25.59
27.43
29.71
NA
26.33
26.15
26.86
NA
35.71
39.81
43.12
34.39
30.55
31.06
NA
27.75
NA
NA
NA
NA
NA
NA
NA
NA
40.12
44.02
42.72
40.8
41.5
39.5
26.94
28.4
26.77
27.84
27.2
26.88
NA
27.49
41.66
29.04
37.59
42.06
37.5
41.92
37.07
33.17
36.29
36.22
28.24
26.91
27.72
26.73
25.99
NA
NA
NA
NA
NA
25.92
26.38
NA
27.14
38.92
NA
34.74
39.28
36.22
37.1
26.89
26.92
26.94
28.4
26.77
27.84
40.89
34.45
38.44
36.61
27.72
28.6
26.8
26.38
27.18
40.52
41.92
NA
NA
NA
NA
NA
NA
NA
NA
NA
NA
NA
NA
NA
NA
27.95
27.96
43.37
NA
26.36
29.23
29.54
36.89
45.19
NA
27.91
25.46
27.65
25.76
38.67
27.16
27.51
25.79
27.25
27.15
27.05
28.03
27.97
NA
NA
27.06
26.58
27.74
26.37
26.71
27.38
26.09
26.28
26.42
33.72
33.71
NA
42.19
26.6
30.18
25.94
30.88
30.88
30.25
26.71
23.91
30.19
33.33
27.01
NA
NA
26.44
29.3
27.98
45.59
26.79
26.3
38.45
41.02
33.21
43.12
43.11
NA
26.77
26.96
27.79
38.42
38.25
27.52
28.42
NA
27.12
40.06
29.87
30.42
26.24
37.32
25.93
26.52
29.39
29.21
30.16
28.85
31.24
40.04
40.94
27.24
26.04
27.71
39.39
NA
40.44
41.14
37.98
24.19
41.23
35.13
43.23
44.83
35.53
44.6
34.3
26.92
27.12
26.79
26.86
27.16
24.9
26.73
NA
NA
NA
42.15
29.75
41.65
40.46
41.86
40.58
41.48
40.57
41.87
40.91
41.91
33.75
33.73
26.27
27.35
26.36
25.72
27.34
26.81
40.73
41.63
28.51
27.05
28.18
36.39
33.92
29.32
27.22
NA
25.66
NA
26.99
NA
25.87
NA
NA
38.29
38.26
27.65
38.7
38.32
44.77
42.55
28.41
27.29
NA
26.44
25.69
26.53
26.3
26.55
28.92
31.2
29.1
25.47
31.78
29.13
25.31
38.86
41.48
27.63
25.38
29.62
NA
NA
40.98
NA
NA
30.39
NA
26.67
26.45
26.05
26.46
26.15
26.56
45.86
28.24
41.28
35.34
27.92
41.61
42.01
26.65
26.57
27.12
31.82
33.7
26.47
27.82
26.53
26.17
27.79
28.79
NA
34.4
27.03
29.57
26.45
26.8
29.59
30.14
31.18
28.08
NA
26.36
26.93
26.05
40.96
41.92
27.08
26.55
25.81
26.18
25.84
27.14
26.58
26.41
28.07
26.66
29.72
29.76
27.53
27.17
25.77
28.3
35.18
25.69
26.65
27.55
26.32
27.51
NA
NA
27.48
26.18
26.88
26.5
27.78
40.08
26.27
26.58
30.48
NA
NA
26.12
47.51
46.27
41.62
41.65
28.06
28.25
26.75
30.41
27.22
25.58
NA
29.03
NA
28.98