61.12
63.5
58.41
64.13
62.37
63.67
62.84
66.92
63.62
55.64
64.76
64.49
66.01
62.83
64.78
65.17
63.9
64.4
62.39
59.82
64.1
59.64
59.75
62.46
63.06
61.51
56.96
62.95
63.07
62.28
64.06
60.74
64.15
64.9
62.18
59.54
59.54
NA
62.79
65.61
63.15
64.67
62.43
62.36
NA
64.36
59.48
64.25
62.59
62.74
58.98
63.86
64.69
62.75
61.06
64.74
59.34
63.43
64.65
64.54
NA
61.59
64.46
64.27
66.01
65.1
64.91
59.19
64.92
64.19
64.66
60.2
64.56
64.33
63.89
64.73
61.77
64.51
59.83
64.28
64.38
64.2
63.43
NA
54.96
63.36
60.79
NA
63.0
63.18
63.35
59.03
65.48
62.66
NA
64.04
64.0
63.16
58.71
63.22
NA
NA
NA
NA
NA
57.98
63.91
61.22
59.84
55.36
59.72
57.19
59.71
58.64
66.5
60.13
63.91
63.0
65.1
NA
NA
62.75
61.64
58.94
64.66
64.34
62.92
NA
63.63
55.23
NA
NA
NA
NA
65.25
60.81
65.92
64.08
60.48
63.98
60.48
64.09
60.49
64.12
60.52
63.66
60.46
NA
61.96
62.78
55.38
64.11
59.86
63.46
56.48
57.59
56.43
56.0
55.72
62.45
62.81
58.33
60.71
63.04
NA
NA
63.13
62.84
NA
60.93
63.23
64.21
64.99
NA
NA
62.39
NA
59.07
58.87
NA
NA
56.94
64.48
NA
64.36
58.49
65.02
64.86
NA
59.47
59.21
60.54
59.38
61.15
63.53
64.35
63.72
63.22
NA
NA
NA
NA
NA
NA
61.62
55.02
65.69
64.99
62.29
62.31
64.11
57.19
59.29
57.99
61.69
61.19
60.29
56.09
60.89
64.4
NA
62.17
62.9
62.05
61.2
60.43
60.55
64.79
64.02
64.11
63.58
62.95
61.91
62.6
62.62
63.3
62.82
62.1
63.31
62.08
64.36
63.97
62.69
58.6
59.89
NA
64.97
64.75
56.28
63.8
63.93
56.61
59.07
60.07
63.17
64.34
57.5
63.99
58.35
64.72
64.26
60.9
61.24
61.2
57.16
58.78
60.08
64.44
61.71
63.91
62.31
NA
58.75
59.95
63.37
58.74
60.04
63.28
66.13
63.81
59.11
62.01
54.68
60.75
56.78
55.73
58.85
59.95
65.37
63.86
57.7
58.7
54.2
58.72
60.02
63.1
65.15
63.41
58.78
59.44
58.44
59.66
NA
63.77
58.63
60.23
56.29
56.24
63.31
62.39
60.69
64.11
61.13
65.86
64.43
63.87
60.56
64.13
62.92
NA
65.07
59.69
54.99
60.19
58.7
54.6
60.0
56.8
55.7
57.23
59.79
55.49
59.49
56.69
61.99
59.39
58.36
55.32
58.19
55.29
65.3
55.11
60.72
56.01
55.79
65.8
64.44
63.27
50.82
59.9
64.44
62.69
62.69
61.84
63.91
63.48
62.69
58.18
54.11
59.74
53.7
59.88
60.13
64.56
57.7
58.7
54.2
58.94
60.64
62.04
54.94
58.74
63.6
60.7
65.38
57.26
61.78
59.59
60.49
56.09
59.99
59.19
64.03
64.52
63.96
58.68
60.44
NA
NA
55.4
63.27
56.71
54.4
60.38
57.0
55.02
NA
NA
54.43
60.68
57.33
55.26
63.39
64.24
60.77
63.16
61.92
64.65
65.07
NA
60.01
58.41
53.27
62.47
56.25
59.36
NA
58.94
NA
65.73
63.78
64.97
63.67
57.44
58.44
54.04
57.82
58.72
54.32
58.7
59.8
57.0
63.85
62.16
65.08
58.97
63.1
62.53
63.91
62.09
55.66
62.94
58.03
62.21
60.42
59.79
59.21
56.17
62.09
58.63
64.14
63.45
66.07
64.94
61.21
64.97
NA
NA
NA
NA
64.77
63.49
NA
63.04
58.95
59.34
54.3
58.86
59.17
58.43
65.1
63.86
63.85
62.16
65.08
58.97
59.32
54.92
56.56
59.45
64.52
63.59
65.63
62.9
62.38
58.52
59.92
NA
NA
NA
NA
NA
NA
NA
NA
NA
NA
NA
NA
NA
NA
61.9
62.0
54.17
61.4
64.87
63.99
64.3
56.79
60.71
NA
62.61
62.76
63.83
65.02
60.01
61.62
61.88
62.78
62.55
64.55
64.45
64.38
64.19
61.59
60.68
59.37
62.98
58.13
62.23
64.39
62.3
64.48
64.85
62.32
56.29
56.17
63.73
62.16
62.8
62.78
64.7
57.66
58.69
60.88
64.61
58.21
58.08
63.6
63.57
NA
NA
63.04
63.52
62.86
64.29
64.33
62.2
58.34
61.51
59.82
59.82
54.11
NA
65.16
63.26
61.01
58.11
55.52
60.92
58.72
64.72
62.52
56.25
64.59
58.71
61.28
55.75
65.23
64.22
62.56
64.52
64.52
61.47
63.12
58.44
59.14
62.92
65.24
61.45
60.72
53.88
58.54
59.34
58.02
65.47
59.63
55.63
59.73
61.83
59.43
53.7
63.4
64.62
61.62
63.87
64.96
61.86
64.47
64.6
NA
NA
63.56
62.02
63.85
59.85
58.46
60.16
58.88
60.18
58.57
59.77
58.81
59.91
55.44
55.4
64.8
NA
60.31
64.98
63.15
62.49
58.63
59.83
64.57
62.77
62.89
57.84
57.02
64.32
65.22
NA
63.83
NA
64.17
NA
64.37
64.97
NA
59.12
56.99
63.18
59.66
56.78
58.79
54.48
58.51
65.25
65.02
64.94
64.29
65.77
65.0
62.18
62.42
61.7
65.4
60.03
59.94
63.79
64.21
59.03
59.8
62.91
63.39
64.82
64.69
59.79
61.03
NA
NA
58.83
61.39
65.52
62.32
65.68
61.98
65.48
63.66
60.76
58.51
58.18
63.11
62.54
61.32
63.45
60.54
62.51
58.14
59.97
63.83
61.8
62.01
62.89
63.99
59.09
60.79
58.67
65.41
65.23
63.98
63.12
61.88
58.64
62.65
63.64
62.59
NA
65.68
63.45
63.42
58.5
59.75
58.51
63.25
61.29
62.69
66.14
61.31
62.28
64.58
65.22
65.09
64.55
65.16
59.61
64.48
64.24
63.82
63.35
61.2
63.68
65.79
65.07
63.24
NA
NA
65.48
64.68
63.68
63.4
61.49
57.91
63.29
62.42
62.51
NA
NA
60.63
64.32
65.68
57.89
57.85
64.76
63.56
58.05
67.84
61.1
61.96
56.84
64.96
56.8
64.96