54.75
54.18
54.83
53.5
51.9
53.69
56.17
53.98
54.87
56.51
52.73
51.93
53.98
56.87
53.98
54.74
NA
56.51
53.61
52.7
52.96
54.34
54.5
53.82
53.01
56.58
53.64
55.05
54.02
53.35
55.63
55.27
53.99
56.53
54.04
56.27
54.68
54.47
50.78
55.74
52.07
54.18
51.93
52.09
55.22
53.83
54.43
54.24
53.11
55.01
54.34
55.15
54.01
51.54
52.52
53.56
51.64
52.59
54.25
54.58
54.32
54.02
50.89
57.68
53.85
54.25
54.23
53.66
57.53
56.64
55.21
55.83
52.63
55.14
53.61
56.64
52.76
53.68
54.24
57.6
53.64
53.2
56.47
55.75
NA
54.5
52.16
54.82
52.89
53.78
54.28
55.72
53.35
55.01
51.9
54.4
54.06
54.17
53.66
54.23
54.4
54.67
54.57
53.0
56.88
50.91
52.65
56.02
53.54
52.65
54.94
53.31
58.28
56.64
51.57
52.62
52.58
56.85
54.99
53.04
53.68
50.48
56.15
54.22
54.67
57.31
57.3
53.05
56.15
55.19
54.63
55.15
54.24
53.88
52.7
53.62
52.72
55.47
53.03
54.95
54.51
55.43
54.12
55.52
57.16
56.28
54.46
54.08
54.18
52.42
55.55
53.2
51.93
54.66
55.79
56.15
54.3
54.33
53.59
53.55
50.67
53.18
52.37
56.12
52.69
56.75
52.09
54.14
51.73
57.15
54.64
54.59
54.92
54.06
54.37
56.26
52.04
54.34
53.0
54.18
53.81
56.46
54.35
52.1
51.59
54.17
54.37
NA
54.06
53.92
52.56
53.45
51.46
57.99
NA
53.36
50.14
55.57
53.89
57.69
56.07
53.8
53.96
54.19
54.46
54.08
53.63
53.38
56.43
56.06
55.2
52.84
54.52
54.62
54.56
54.06
51.96
54.5
NA
53.31
55.16
53.86
57.53
56.47
53.2
55.08
55.54
54.43
54.61
57.15
53.37
51.88
53.81
56.7
59.15
53.51
56.05
54.63
50.79
54.97
53.85
57.09
54.73
52.51
55.01
53.35
54.3
52.12
56.07
53.04
NA
51.99
54.11
55.04
54.35
54.07
54.52
56.39
54.24
54.59
54.16
53.88
56.48
56.03
53.62
55.67
51.8
54.47
53.6
54.24
51.29
52.53
53.96
51.72
51.95
54.35
53.67
56.81
56.85
54.11
57.18
56.49
55.28
NA
51.35
55.47
57.14
50.94
50.71
NA
54.33
54.73
53.49
54.34
54.04
54.44
55.28
52.31
57.78
54.48
54.9
52.12
54.3
NA
NA
NA
NA
53.31
54.07
54.8
55.82
56.37
54.14
56.08
52.8
51.61
52.06
53.92
54.41
52.3
54.28
54.14
52.67
52.62
54.23
NA
54.23
54.13
NA
54.7
53.28
56.53
55.14
56.37
55.92
50.94
54.1
50.95
51.98
54.77
53.21
54.53
53.3
54.57
NA
53.22
54.47
NA
54.31
54.89
54.4
53.38
54.94
55.39
54.81
56.06
53.15
54.14
54.51
56.47
53.4
57.42
53.74
55.71
54.09
55.92
52.75
55.15
54.77
52.73
54.08
54.5
55.58
54.57
54.08
54.58
51.69
56.76
54.61
52.96
NA
52.47
52.91
53.59
51.75
51.82
52.79
53.28
53.51
54.75
51.22
55.02
53.18
55.9
51.77
NA
53.98
52.43
54.04
53.08
54.41
52.5
55.38
55.7
52.17
54.23
53.54
53.54
56.39
54.7
55.02
53.17
54.13
55.14
53.91
51.95
50.92
52.02
57.34
51.94
50.5
53.87
53.22
54.61
57.22
54.12
55.14
54.15
56.29
55.05
53.08
52.46
52.66
54.95
52.53
57.37
54.43
54.57
54.58
54.42
54.77
NA
54.22
55.17
51.74
52.93
52.87
52.7
52.22
55.17
53.62
52.65
49.97
NA
53.44
56.07
52.92
56.14
53.57
53.48
57.35
53.6
54.12
53.54
52.82
53.38
53.2
56.3
55.24
55.89
55.72
54.2
54.04
54.61
52.61
54.4
52.44
54.12
54.21
53.98
55.54
53.15
55.94
56.71
55.22
52.92
51.28
54.75
54.24
52.32
52.92
55.48
55.31
54.04
54.29
54.33
54.07
54.37
52.08
50.96
52.49
54.48
54.13
52.42
55.5
56.64
52.45
52.58
50.52
53.26
51.93
55.78
54.36
54.5
52.69
53.65
53.15
57.26
NA
54.43
54.68
53.18
52.46
54.27
54.03
52.44
53.99
54.27
52.54
53.97
51.94
55.62
52.86
54.27
53.27
51.93
55.23
54.97
52.31
55.74
56.24
53.85
54.67
55.15
53.63
55.18
51.53
53.66
53.54
52.02
53.03
53.82
53.39
56.31
51.3
57.02
52.51
54.19
56.46
57.4
52.26
55.83
54.28
53.66
51.43
56.62
57.48
53.4
54.34
NA
56.87
56.29
54.49
52.23
54.99
50.32
52.33
53.9
53.92
53.98
53.06
52.28
51.58
52.63
52.73
54.72
54.15
54.37
54.93
50.5
NA
54.08
55.52
53.99
57.18
56.43
54.74
54.82
54.85
58.12
53.08
53.76
50.12
51.93
54.79
52.89
52.93
54.2
53.94
52.14
52.82
56.59
54.95
53.39
52.68
54.56
55.05
52.92
55.44
52.51
54.49
51.4
54.16
53.58
56.13
53.31
51.49
54.73
54.98
52.44
54.59
54.12
54.41
54.35
55.97
54.21
54.21
53.84
54.39
53.07
52.9
54.23
50.62
55.21
54.55
52.82
53.71
54.06
55.27
54.04
55.38
54.1
55.23
54.01
55.24
54.01
55.45
54.39
52.4
54.98
52.66
53.66
51.12
54.14
55.36
54.96
53.56
53.06
55.96
55.55
54.89
53.73
55.88
53.86
53.53
52.4
54.74
53.3
51.69
53.81
55.31
54.31
54.01
54.21
NA
54.41
56.81
53.22
53.51
56.41
59.62
53.08
55.15
54.21
51.29
53.8
55.04
56.46
52.59
54.78
54.48
NA
NA
NA
NA
NA
NA
NA
51.42
52.29
51.53
52.48
51.21
52.14
54.5
NA
52.88
56.61
56.7
52.49
NA
54.86
55.15
54.28
54.4
56.17
54.01
54.25
52.67
55.02
52.9
54.65
NA
53.48
57.28
56.35
52.43
58.01
55.83
54.74
52.3
56.79
52.4
54.59
53.62
55.92
53.94
53.47
56.44
NA
NA
53.25
NA
NA
NA
52.52
53.83
56.24
54.51
55.41
57.79
51.64
54.94
50.56
51.96
54.61
53.23
NA
53.29
52.61
55.86
54.18
52.38
52.58
54.98
55.88
55.35
55.45
53.85
53.75
53.45
54.65
55.45
53.46
50.79
53.0
53.56
54.31
52.69
52.93
51.05
54.8
54.49
53.9
NA
53.97
54.22
55.82
52.42
NA
54.82
54.58
NA
56.26
55.16
NA
NA
55.46
52.79
56.33
54.1
53.41
54.08
53.49
56.57
55.04
56.48
55.04
51.43
52.43
55.46
53.66
56.5
55.33
54.09
53.49
54.14
53.54
54.14
NA
54.34
55.03
53.98
54.01
NA
NA
NA
NA
56.96
51.81
54.28
52.65
55.9
54.04
57.38
54.61
54.49
54.53
54.92
54.18
53.26
54.78
50.66
55.3
57.49
52.05
54.83
52.41
57.52
52.69
51.66
53.69
55.28
52.56
54.24
51.69
NA
55.7
52.42
52.79
55.2
54.33
53.03
53.73
56.53
57.23
53.83
NA
54.78
52.67
52.47
52.9
53.94
58.84
54.37
53.87
54.37
52.75
57.0
54.68
54.54
51.73
53.24
53.73
54.85
53.73
55.57
53.14
NA
54.25
NA
55.35
55.05
53.75
50.6
57.5
52.85
54.05
54.18
53.74
54.2
53.87
54.11
53.79
54.11
53.58
56.18
53.98
53.66
55.38
55.9
54.02
54.64
54.16
NA
55.24
55.57
55.16
53.98
54.11
54.36
52.93
54.11
NA
NA
NA
NA
55.77
55.73
56.67
57.31
52.34
56.97
55.74
54.43
55.69
58.08
55.63
52.88
51.68
NA
53.94
52.79
54.2
56.8
52.25
55.21
52.58
56.18
56.08
52.48
56.18
56.18
52.49
56.19
56.09
52.52
56.12
56.02
52.56
56.06
57.56
53.41
55.08
54.83
52.51
51.61
52.39
55.79
52.89
52.1
NA
NA
NA
53.88
54.92
56.25
52.08
52.52
54.88
55.66
55.68
52.16
56.34
53.5
56.63
51.17
NA
55.73
56.65
55.04
52.75
55.66
55.75
56.6
51.8
52.6
56.36
53.3
54.1
53.0
54.55
55.9
54.49
54.55
54.27
52.18
52.81
55.09
56.29
55.27
53.29
53.37
54.94
52.03
52.38
NA
NA
NA
54.9
54.0
NA
52.67
53.84
52.79
53.78
54.94
53.5
52.95
53.84
53.61
54.51
54.23
54.06
53.52
52.59
56.88
55.64
53.56
51.79
50.96
52.2
54.0
54.33
54.67
56.05
56.07
53.1
53.86
53.08
55.88
57.56
57.01
53.25
56.05
52.28
55.28
52.07
57.11
51.91
53.5
52.92
55.25
53.62
54.0
54.2
53.29
55.54
54.05
52.12
52.1
52.79
53.84
52.67
54.46
55.55
52.68
53.65
52.8
53.85
NA
53.71
52.96
53.87
53.63
54.14
54.14
52.99
NA
NA
51.69
54.28
52.9
56.78
53.21
55.83
52.22
54.51
53.97
53.98
55.14
54.13
53.31
53.3
55.56
54.06
52.13
56.86
52.51
52.56
56.02
53.87
52.78
54.92
54.97
54.72
55.01
53.39
53.79
53.41
54.29
52.72
56.09
52.27
53.6
55.07
55.18
53.73
54.22
52.4
56.02
52.29
53.43
55.0
55.11
53.91
54.03
52.53
55.98
52.24
53.57
55.12
55.19
53.7
54.12
52.52
56.02
52.37
53.67
55.16
55.16
53.72
54.12
52.52
56.02
52.37
53.67
55.16
55.16
53.72
52.04
56.04
53.61
56.47
55.38
54.04
53.46
NA
52.73
56.58
56.18
54.09
NA
54.29
55.98
54.78
52.46
52.75
52.17
56.0
56.36
56.86
53.74
56.09
55.01
52.98
54.96
54.01
55.6
53.79
53.19
52.26
53.33
56.14
55.24
NA
55.63
53.91
55.51
53.72
53.11
52.57
53.25
55.92
55.9
56.68
57.48
53.07
52.12
53.82
56.18
52.82
54.5
53.79
NA
55.35
NA
53.1
55.45
55.11
NA
54.96
NA
52.58
54.96
54.66
60.35
54.3
52.72
54.37
54.35
53.1
54.41
56.65
53.77
52.86
55.01
54.29
NA
NA
49.95
52.86
52.59
53.43
52.87
52.87
50.95
NA
51.94
52.74
53.54
53.54
52.64
53.04
53.84
53.54
53.81
54.24
NA
51.96
51.97
53.03
54.87
54.63
55.46
52.73
54.48
NA
55.46
55.47
56.37
54.31
49.49
51.76
NA
NA
55.66
53.47
54.58
52.55
55.97
54.98
54.74
52.44
52.78
54.1
58.29
54.34
55.43
52.24
55.64
53.46
54.57
52.55
56.28
54.97
54.77
52.34
52.79
53.89
58.19
54.23
55.3
55.67
53.44
56.5
NA
56.31
55.01
55.12
52.35
52.89
53.87
58.2
54.19
55.2
54.06
53.94
56.81
52.34
NA
55.2
56.9
54.61
53.49
54.99
53.05
54.97
54.61
53.49
54.99
53.05
54.97
54.67
53.55
54.81
53.47
54.97
54.57
53.51
54.8
53.38
54.9
54.5
53.45
54.67
53.23
54.86
54.83
NA
54.05
54.66
54.95
55.87
NA
52.2
NA
NA
NA
52.99
52.99
52.19
53.78
51.39
51.79
52.05
56.49
NA
NA
NA
NA
NA
NA
NA
NA
NA
NA
NA
53.85
54.21
52.76
51.99
51.98
49.64
51.43
54.13
55.99
51.14
53.68
53.69
56.77
54.44
NA
53.97
52.37
NA
53.9
53.42
50.76
55.99
53.3
55.14
52.91
53.18
53.23
54.97
52.68
52.49
54.96
54.95
54.7
52.61
55.03
54.71
54.45
53.46
54.59
56.16
54.42
53.53
54.41
56.21
54.33
53.59
54.55
56.19
52.87
61.06
53.45
56.61
61.79
53.56
55.43
60.82
53.3
56.53
61.03
53.08
55.13
51.39
51.73
53.96
54.51
55.08
52.79
56.36
NA
56.12
54.8
53.26
53.64
53.99
56.6
56.21
NA
NA
NA
NA
55.17
52.07
53.67
54.27
53.37
53.67
54.84
54.58
54.46
52.74
54.57
54.26
53.92
54.37
52.71
54.54
54.6
55.23
57.02
53.27
54.67
52.95
53.9
53.18
52.16
NA
54.65
56.12
54.01
54.52
54.82
55.8
NA
NA
55.02
55.82
58.72
55.82
55.02
51.72
54.52
53.32
53.34
53.4
53.5
55.05
52.19
54.38
51.42
52.36
54.75
53.08
55.62
52.97
NA
55.89
53.65
NA
54.35
55.72
55.65
NA
57.26
56.61
53.55
NA
53.78
56.91
57.1
53.19
NA
NA
NA
NA
NA
54.97
55.37
51.67
54.67
55.87
50.82
NA
54.85
NA
56.54
NA
NA
54.63
53.93
56.93
53.53
52.83
56.53
52.43
48.83
52.63
56.62
54.69
54.43
54.03
57.0
53.2
53.8
55.0
56.7
53.07
52.77
53.87
54.57
54.27
54.57
53.57
53.09
55.29
54.26
52.17
52.62
55.44
53.21
52.09
53.01
53.91
52.51
55.71
51.81
55.61
55.11
52.66
53.68
53.18
52.88
52.08
52.58
51.58
53.78
51.88
51.78
56.48
53.58
51.88
51.78
56.28
51.4
55.97
55.17
52.37
53.67
56.57
53.87
53.17
55.01
53.45
54.35
55.85
55.55
53.15
57.55
52.15
54.45
53.85
53.05
53.15
55.05
53.45
54.54
53.44
54.54
55.04
52.09
56.19
52.29
51.94
53.51
NA
NA
NA
NA
NA
54.07
56.47
53.67
55.77
58.87
56.0
54.15
56.41
52.21
52.61
53.01
54.1
55.7
55.6
55.95
55.64
53.01
52.81
52.11
55.81
54.63
54.43
53.43
53.14
57.04
54.44
53.64
54.84
56.54
55.64
52.94
NA
53.35
53.75
54.02
53.65
54.98
55.73
54.59
53.64
52.23
52.72
57.32
54.21
53.16
55.67
52.93
55.31
54.26
54.41
54.48
53.01
53.9
53.0
54.56
53.06
53.88
53.4
52.68
53.78
55.18
54.18
55.48
56.98
55.28
56.38
51.91
54.61
54.45
54.38
55.44
52.47
51.57
53.47
54.87
51.06
52.71
NA
NA
52.82
54.3
56.61
56.81
54.72
NA
NA
52.82
54.3
56.61
56.81
54.72
54.1
52.9
56.6
52.6
53.9
54.9
51.5
52.92
55.42
54.12
53.32
54.92
57.12
54.02
54.93
53.53
57.03
55.13
53.03
52.58
51.78
54.48
54.88
53.18
55.78
54.02
53.92
50.42
54.12
53.42
53.9
54.18
54.67
54.28
55.49
54.71
52.71
52.66
52.87
52.14
52.71
52.97
52.13
54.89
53.19
55.49
54.19
55.51
49.81
51.58
52.23
53.31
54.18
NA
53.98
56.98
54.38
53.04
52.22
55.21
54.01
57.11
53.41
53.61
54.14
52.44
54.27
49.51
51.76
55.9
54.15
52.88
54.95
52.96
54.3
54.57
54.27
52.17
52.94
52.94
NA
54.24
56.97
55.48
53.3
52.12
53.94
54.1
54.16
53.29
53.1
52.8
53.83
51.91
53.33
52.51
52.76
53.48
55.58
53.18
52.88
53.5
55.4
53.3
52.9
54.66
59.18
50.91
54.15
53.87
54.48
51.68
55.48
54.98
54.16
54.66
54.26
55.96
54.46
53.71
53.19
55.79
57.12
51.49
55.04
55.57
NA
57.13
52.32
56.92
57.38
55.07
54.44
54.15
52.24
50.92
54.14
54.23
54.23
53.61
56.45
54.62
52.14
57.88
54.9
52.26
56.89
57.34
55.14
54.53
54.19
53.33
54.93
56.23
51.73
56.77
56.77
53.66
57.03
54.51
NA
54.31
54.71
54.51
53.41
53.05
53.44
53.09
53.78
53.53
52.35
54.23
53.26
51.49
53.36
54.39
53.78
50.23
55.38
53.67
52.41
56.41
53.63
53.43
54.13
55.03
55.83
56.59
56.59
53.59
54.89
52.59
52.44
55.94
56.34
52.74
54.09
NA
53.36
54.57
53.62
NA
53.33
54.54
52.84
54.27
53.97
54.27
54.44
50.98
52.45
54.33
54.78
52.95
54.15
55.15
45.55
52.55
52.29
NA
53.97
54.25
57.22
52.28
52.99
56.99
53.45
52.04
58.16
52.42
54.77
53.26
54.21
54.38
52.74
55.07
53.34
55.51
55.36
57.55
55.43
50.54
55.0
52.17
54.17
56.51
52.92
52.09
52.25
53.15
54.05
53.45
54.35
52.95
NA
54.25
55.72
56.82
54.42
53.52
57.56
56.06
54.36
52.16
54.96
55.46
52.16
52.77
52.47
53.57
52.87
53.57
53.22
53.22
54.22
54.42
54.52
NA
NA
55.07
52.82
56.23
53.24
56.63
54.96
53.6
53.63
56.43
53.44
52.93
51.67
53.77
51.91
56.19
53.05
55.74
57.33
54.52
55.05
57.48
53.67
55.0
53.08
53.5
NA
54.86
54.81
54.27
53.55
54.62
53.94
50.01
52.91
52.42
53.99
52.96
52.87
51.06
NA
54.28
53.81
53.71
54.26
54.29
54.46
54.47
54.47
54.45
53.72
54.26
56.99
49.81
56.66
53.43
53.6
53.11
55.71
51.56
52.43
57.08
53.7
54.25
56.68
53.77
55.1
54.79
NA
53.85
55.04
55.44
NA
NA
NA
NA
NA
NA
NA
51.17
52.68
53.54
52.33
54.35
53.53
53.49
52.85
55.05
53.67
52.84
54.96
54.24
54.35
48.6
49.2
50.2
48.9
48.6
NA
42.6
NA
NA
NA
54.24
53.48
54.08
55.88
53.78
54.98
56.18
55.65
55.45
52.75
55.12
53.8
55.72
55.03
54.05
53.8
54.15
52.05
52.02
50.99
53.89
54.45
56.07
54.02
55.02
54.32
54.32
52.42
53.72
58.22
53.62
54.41
54.12
54.29
52.78
57.98
56.48
55.73
55.68
54.41
54.71
55.81
NA
53.22
55.16
53.22
52.94
55.43
53.77
NA
54.23
52.79
50.15
53.64
50.34
54.98
53.39
58.68
52.08
53.98
55.58
52.28
55.28
56.31
54.81
52.73
53.0
52.9
52.3
51.8
55.6
52.7
55.4
58.19
53.52
52.51
54.18
53.05
52.87
52.99
53.44
54.17
NA
55.32
55.64
56.05
57.3
54.11
52.81
54.31
54.21
54.24
55.07
54.22
53.84
56.82
55.52
55.35
56.4
52.2
52.6
53.0
55.96
53.46
NA
54.16
53.56
55.55
53.25
53.65
NA
53.45
52.64
52.84
51.64
51.74
58.04
54.04
56.03
55.27
55.26
53.2
54.28
56.55
55.0
53.0
54.93
54.08
54.81
56.35
53.28
55.13
53.55
56.15
54.68
51.6
52.67
54.15
54.89
50.74
53.08
58.45
NA
53.17
55.4
55.23
54.76
54.97
56.47
55.17
55.87
56.28
53.64
53.46
54.24
55.07
54.22
53.84
56.82
55.52
54.32
54.62
57.72
53.42
51.52
53.32
55.32
54.22
54.42
54.14
56.35
55.58
53.6
58.52
51.49
54.13
55.38
53.02
52.76
55.99
55.96
55.76
54.06
NA
54.25
52.19
54.77
55.5
56.9
53.95
54.01
55.23
54.98
52.9
55.55
58.14
54.06
51.75
54.57
53.15
54.66
55.94
54.18
57.02
53.06
56.77
53.13
57.28
54.22
53.96
53.54
54.3
55.18
53.36
56.62
55.99
52.53
NA
53.41
56.58
50.33
51.32
56.53
52.17
53.02
58.72
54.12
55.04
NA
NA
52.34
NA
NA
53.65
55.75
54.05
55.25
53.5
55.73
53.85
56.06
54.85
55.23
51.77
55.23
53.85
53.8
52.78
54.26
55.6
55.54
56.11
54.34
54.44
54.44
51.54
54.34
56.16
53.46
52.26
55.96
57.49
54.99
52.69
53.27
53.67
55.27
54.46
52.69
55.86
52.11
NA
54.13
56.84
54.13
58.27
54.37
52.97
54.21
NA
55.73
55.64
57.3
53.45
52.71
52.77
54.08
55.88
55.68
53.08
57.58
52.08
54.48
53.88
53.08
53.98
54.5
54.24
54.35
54.78
54.11
54.14
54.64
53.54
49.74
54.74
57.68
53.48
56.78
51.68
56.58
53.08
56.68
55.08
53.32
55.53
52.84
54.6
52.7
52.52
55.0
53.87
51.41
56.88
57.47
55.79
54.68
53.2
53.79
51.55
56.95
57.55
55.95
54.85
53.25
53.15
53.63
56.44
53.15
54.81
54.31
54.39
54.75
54.63
NA
55.68
54.18
NA
53.18
NA
51.78
51.28
NA
52.41
52.48
51.81
52.84
54.38
53.04
50.98
54.21
53.55
52.75
51.37
55.28
53.39
53.72
53.04
54.88
52.56
55.47
53.95
53.98
55.33
55.57
54.06
53.86
55.27
54.13
53.83
NA
52.47
56.2
53.5
52.1
52.6
56.93
52.83
55.83
52.83
53.83
54.43
57.63
53.3
53.02
54.17
55.99
50.19
52.09
55.99
52.49
57.99
54.54
53.98
52.24
52.07
54.49
52.02
52.63
54.35
55.43
53.35
NA
54.29
51.0
53.79
52.83
56.03
54.53
54.68
54.18
55.08
54.88
NA
52.9
NA
53.06
51.74
53.97
52.79
54.81
52.23
58.4
51.99
55.17
NA
52.62
51.72
54.12
54.63
54.08
55.57
52.32
55.53
54.24
53.65
52.17
54.27
53.37
53.97
50.97
53.67
52.97
55.87
51.77
54.07
52.57
52.37
54.17
54.27
57.6
53.6
52.3
53.9
53.06
55.76
54.56
55.66
52.86
52.16
56.16
55.26
57.46
54.13
52.97
NA
NA
51.55
53.7
52.67
53.55
52.59
51.19
57.39
54.66
57.99
55.4
53.92
52.94
53.16
52.66
NA
54.09
55.34
54.29
52.06
52.68
55.48
53.57
56.43
54.37
54.44
51.59
56.57
53.68
54.34
56.26
54.41
57.23
53.88
52.13
53.61
54.37
54.56
52.64
54.54
56.15
57.15
56.22
52.08
55.73
57.95
53.04
54.87
55.06
55.46
52.42
51.92
53.94
50.4
56.13
55.93
54.63
54.33
NA
54.07
53.11
52.68
53.98
53.46
54.55
54.58
53.94
56.56
52.06
51.76
53.37
53.21
55.26
52.88
54.48
53.86
55.27
56.07
52.26
56.92
53.72
51.75
53.57
53.23
57.96
54.85
53.79
54.48
53.48
56.08
53.14
55.18
54.79
53.15
54.32
55.96
52.91
51.98
55.02
56.67
55.49
56.04
55.54
54.64
54.46
54.74
55.48
57.08
54.83
52.5
54.72
53.08
55.63
55.51
52.23
53.52
54.92
51.22
53.21
55.11
53.71
53.61
56.51
53.51
52.91
53.41
51.71
53.91
52.01
50.71
52.79
56.69
55.19
53.69
53.79
56.49
53.29
52.99
51.49
53.89
51.89
55.89
55.77
NA
55.25
52.6
56.66
55.09
53.83
55.4
52.65
56.57
55.21
53.88
54.12
51.88
53.93
54.16
54.31
54.61
54.12
55.81
55.09
54.04
51.72
53.26
54.01
51.84
55.8
NA
53.09
55.59
53.99
52.89
56.1
54.65
53.69
54.67
51.9
54.63
52.05
57.75
53.55
58.25
51.45
54.45
54.45
51.25
54.31
55.82
55.89
52.73
52.55
55.85
54.05
54.13
54.61
55.08
56.45
53.67
51.6
53.84
55.66
51.76
56.76
51.96
55.06
53.06
54.76
NA
NA
54.26
54.4
55.0
53.72
53.28
53.18
53.96
55.33
53.44
54.62
53.36
53.96
NA
53.17
55.87
55.8
53.1
53.0
54.12
54.22
55.92
52.42
54.39
52.06
53.28
53.39
52.97
NA
54.42
54.66
54.89
NA
NA
NA
NA
NA
NA
NA
54.39
53.29
54.38
55.2
53.41
NA
50.55
53.08
52.88
50.38
54.19
55.25
55.65
NA
57.9
52.83
51.65
56.76
55.46
54.96
52.4
57.6
56.7
51.76
52.86
53.56
55.07
54.02
55.63
54.62
54.52
55.98
53.6
52.1
53.87
51.82
52.96
54.03
55.19
53.25
54.65
53.19
54.03
53.0
54.9
53.52
55.68
52.45
51.62
57.07
53.7
54.1
NA
NA
NA
52.27
55.37
55.88
52.28
51.57
57.04
53.83
54.01
NA
52.18
55.91
56.61
55.41
54.59
52.59
53.59
53.59
54.09
54.95
51.74
52.18
52.56
56.57
52.89
55.28
56.01
55.22
53.28
53.93
57.8
53.82
59.12
55.92
58.24
53.24
56.44
54.74
50.34
52.84
57.54
56.24
53.14
52.03
52.83
55.83
52.33
52.67
56.42
55.55
55.45
54.64
54.44
53.05
54.61
54.51
NA
54.43
56.98
53.36
51.89
54.64
53.77
51.86
53.24
52.66
52.67
53.19
54.52
52.62
55.02
54.92
51.92
54.42
54.02
54.42
52.32
54.32
54.22
54.42
52.02
54.42
53.02
52.82
NA
53.15
53.5
56.53
53.0
57.2
58.33
53.01
55.13
55.82
52.2
53.42
53.75
56.85
54.49
56.49
54.5
55.39
55.53
53.17
55.75
50.96
53.36
56.41
52.35
52.79
52.45
56.95
55.55
54.95
52.85
53.65
52.2
54.24
57.31
56.15
52.65
53.74
54.24
54.34
54.71
52.61
56.51
53.41
56.74
58.48
54.2
50.32
55.55
55.13
NA
56.9
55.03
53.11
54.01
53.91
54.81
54.41
52.6
53.5
53.5
52.61
53.4
52.94
53.85
53.5
55.18
52.58
55.28
60.18
52.92
52.43
53.28
54.43
53.2
55.3
55.71
53.31
53.56
55.62
53.38
53.99
55.86
55.78
54.24
53.65
55.45
54.95
54.15
55.25
54.25
53.45
54.35
54.15
54.01
57.19
54.1
54.56
54.76
54.26
51.36
53.36
54.32
54.13
53.72
54.33
54.44
54.44
54.17
54.37
53.26
54.4
54.16
55.13
50.55
53.55
54.75
54.18
52.25
NA
57.73
53.75
54.62
54.73
54.85
54.58
NA
54.56
52.23
NA
51.98
52.33
54.55
54.96
55.56
52.33
55.4
53.97
54.33
51.76
53.84
53.47
54.23
54.63
NA
57.38
53.39
55.78
56.53
51.77
NA
54.05
54.37
56.81
54.7
53.28
54.38
53.45
52.48
54.27
51.75
54.45
52.96
49.39
54.36
51.19
50.6
54.75
52.56
54.34
51.77
56.18
54.51
52.25
51.57
53.92
54.08
51.65
52.82
55.89
55.89
NA
NA
54.16
51.96
50.96
53.66
52.56
57.26
52.36
52.16
54.96
53.86
54.18
53.92
55.21
57.65
54.65
55.05
52.55
54.11
52.34
52.84
53.64
53.84
52.64
53.04
53.64
53.64
52.9
54.08
52.8
51.91
53.16
52.66
53.68
52.5
59.03
56.65
53.23
55.93
55.55
51.25
51.85
53.56
56.18
54.11
55.91
55.41
50.21
53.01
54.21
58.71
55.61
58.31
52.01
53.33
53.04
56.75
NA
57.26
54.2
53.94
53.74
53.84
53.01
55.41
55.41
53.76
52.26
53.2
51.89
53.36
55.94
55.43
53.47
55.94
55.72
53.46
55.93
55.59
NA
NA
NA
NA
57.22
51.98
53.43
53.03
53.93
54.83
52.53
53.23
56.03
52.53
55.03
NA
NA
NA
NA
53.81
53.21
52.76
56.41
51.87
55.51
52.27
56.45
52.65
56.15
53.75
58.65
56.55
53.95
55.85
51.95
NA
53.13
58.83
52.54
54.44
54.24
54.91
54.12
54.35
51.39
54.76
52.98
52.94
NA
53.45
56.41
56.13
55.67
51.48
54.71
54.26
52.84
54.14
54.44
54.14
54.14
54.44
52.77
55.87
54.97
58.47
56.47
53.87
55.87
51.87
53.01
54.81
52.51
54.31
52.31
55.91
52.81
54.21
53.51
54.69
54.39
NA
54.29
52.99
52.09
53.99
52.29
55.39
51.22
55.85
55.67
55.14
54.3
54.24
54.49
54.81
57.3
53.24
53.25
58.98
54.15
53.52
53.5
54.23
52.59
53.59
54.6
55.2
51.75
53.76
54.78
52.74
56.82
54.92
NA
54.32
51.62
53.94
54.67
55.04
NA
55.17
54.27
52.97
53.57
54.77
54.52
55.26
53.23
54.25
54.33
55.95
53.3
52.72
56.1
53.91
57.2
55.36
53.76
52.43
53.02
54.27
55.15
52.75
53.75
57.33
56.11
54.83
53.64
53.35
53.96
55.48
52.48
54.27
51.75
54.45
52.96
56.07
54.57
56.1
54.31
55.2
56.68
55.02
57.49
56.55
57.25
52.52
53.41
55.1
52.2
53.86
52.15
54.83
52.08
54.32
52.75
55.65
54.37
54.08
53.46
53.96
54.05
55.45
57.05
53.85
50.81
53.93
53.25
50.73
50.78
NA
52.91
54.2
54.16
52.62
53.59
53.21
53.59
54.12
55.64
57.1
53.34
53.78
55.78
55.08
56.28
56.28
56.88
57.28
55.68
56.48
54.32
56.58
55.08
NA
53.48
56.28
55.08
54.38
54.28
53.08
55.28
54.88
NA
NA
NA
NA
NA
NA
NA
NA
NA
NA
NA
NA
NA
NA
NA
NA
NA
NA
54.5
51.2
53.3
NA
NA
NA
NA
51.64
56.08
54.99
55.14
55.09
53.48
54.51
56.4
55.21
53.06
55.91
55.06
55.05
54.99
53.48
54.62
56.18
54.97
52.97
NA
54.05
54.68
51.24
NA
57.49
NA
52.18
56.81
54.8
54.19
52.21
54.6
54.2
54.27
54.01
52.87
56.18
54.04
52.51
NA
55.37
52.97
55.07
52.67
56.47
51.87
52.87
55.59
55.13
55.41
53.26
55.29
55.09
52.33
54.56
54.38
55.33
NA
53.01
53.55
51.81
53.04
53.98
52.86
50.05
55.84
53.63
53.15
54.48
53.45
53.74
54.72
55.2
54.48
54.06
54.79
52.32
56.02
53.82
55.22
54.42
56.38
56.93
54.53
57.14
52.04
50.94
48.74
NA
52.24
52.62
56.45
54.48
54.16
NA
NA
55.61
53.25
NA
NA
54.39
56.99
54.67
53.82
54.23
54.27
56.21
54.24
54.49
NA
54.2
54.66
53.8
NA
54.0
NA
54.3
NA
NA
54.31
54.11
52.71
NA
54.18
56.96
53.79
56.22
52.52
52.92
57.52
57.12
55.82
52.51
54.31
54.24
54.02
53.64
52.17
58.92
54.98
54.75
51.64
54.03
50.26
54.01
54.17
55.47
58.77
53.28
54.94
53.72
51.98
52.19
56.32
55.22
53.39
54.64
53.98
53.58
55.48
52.36
54.45
51.75
56.15
55.75
54.14
50.9
52.83
54.37
55.55
54.02
54.51
53.65
56.12
52.02
54.59
54.05
53.85
58.75
53.35
56.55
NA
55.55
55.46
55.79
NA
53.14
53.5
53.45
51.55
54.45
55.45
52.15
57.05
53.05
52.35
52.85
55.26
53.55
52.74
52.97
NA
55.67
NA
50.84
57.63
52.95
56.0
54.35
NA
56.09
55.44
57.41
56.04
NA
NA
NA
NA
NA
NA
NA
NA
NA
NA
NA
NA
NA
53.88
51.28
53.98
52.56
57.26
51.16
59.56
56.36
54.11
51.71
53.01
56.81
54.21
54.81
54.21
55.78
NA
NA
56.28
56.18
53.58
54.19
55.78
54.16
54.05
57.15
55.05
52.45
56.55
52.15
52.35
56.05
NA
53.58
54.89
51.83
52.95
55.54
54.22
55.91
55.32
53.26
56.5
53.26
54.14
56.07
54.1
55.17
58.62
53.69
57.07
51.2
56.68
53.2
56.67
55.13
57.63
53.63
56.92
51.24
56.65
53.18
56.87
55.14
54.9
56.24
53.72
54.72
55.59
53.99
52.59
54.55
54.86
54.62
56.83
53.04
52.62
54.38
53.01
50.99
54.45
52.52
53.86
52.5
56.24
50.67
58.51
54.54
55.94
55.89
56.79
52.89
54.95
55.52
52.91
54.74
54.65
NA
54.39
57.19
53.69
53.89
53.57
57.32
53.32
55.12
50.52
56.52
53.62
52.24
52.18
54.3
51.21
51.73
53.2
53.49
56.05
54.61
56.11
54.4
54.65
56.55
51.37
53.65
56.31
53.28
51.13
55.81
54.2
51.72
55.28
52.69
53.99
53.8
NA
53.34
54.61
52.84
NA
54.66
56.99
54.06
NA
55.5
55.45
55.16
53.2
55.68
53.97
56.11
52.33
55.41
53.31
55.83
NA
54.94
52.64
53.04
52.85
53.55
53.15
56.35
54.77
51.19
NA
NA
55.3
55.1
53.4
51.4
53.88
55.29
56.52
53.59
52.98
52.98
54.17
51.94
53.84
54.02
53.02
53.52
NA
55.01
51.61
54.31
56.21
54.21
53.61
54.81
55.97
52.47
52.47
54.22
51.89
51.89
55.41
54.81
54.21
52.71
53.41
57.31
55.11
54.51
54.09
54.49
57.09
53.19
53.37
55.01
53.81
56.31
52.61
57.21
53.11
52.31
54.21
54.47
54.96
56.13
53.33
54.71
59.77
55.93
54.1
55.07
56.28
56.23
55.47
50.8
55.12
55.08
53.26
52.78
52.6
NA
54.17
NA
52.75
52.37
52.66
52.7
52.57
52.61
52.36
52.8
52.7
55.77
54.06
57.65
54.36
52.94
53.35
NA
54.35
54.07
52.27
53.27
52.86
54.87
55.17
54.47
58.97
55.27
54.35
54.42
53.67
NA
NA
NA
56.94
53.04
56.44
54.54
54.39
55.36
54.61
51.88
52.63
54.33
54.82
52.78
53.04
53.66
53.96
54.26
53.96
53.95
52.61
54.49
54.46
53.06
56.96
56.84
56.83
52.59
56.29
53.29
52.59
55.69
NA
53.87
52.98
55.98
NA
NA
55.43
62.62
53.18
NA
53.37
51.8
56.54
55.75
55.81
56.03
52.35
56.64
53.37
54.74
NA
54.7
52.2
51.8
54.5
52.48
53.14
53.13
52.74
53.92
53.14
53.93
53.14
51.19
54.7
55.35
53.18
54.84
54.28
55.84
56.05
54.85
53.42
52.61
57.5
56.01
52.67
52.28
56.86
54.54
51.45
52.48
51.21
55.47
55.44
52.65
52.77
52.96
56.88
52.42
54.74
54.65
54.61
54.59
56.19
51.69
53.89
56.09
53.89
56.69
52.99
54.69
50.0
57.2
NA
NA
NA
53.33
54.1
55.98
52.82
55.18
53.01
55.31
52.71
55.01
52.61
56.31
51.81
52.71
NA
53.39
NA
52.73
55.28
53.82
53.42
54.84
NA
55.64
57.61
54.69
52.27
54.29
56.94
51.45
53.66
54.12
54.72
54.96
54.05
54.72
57.76
54.21
54.29
54.22
52.68
52.84
54.43
53.96
54.24
54.79
54.41
NA
52.89
54.39
52.69
55.79
54.29
50.56
52.93
55.27
58.12
51.36
52.55
54.84
54.61
51.64
52.23
52.1
52.4
56.3
55.6
53.76
55.26
54.56
52.85
52.66
53.22
53.66
50.96
53.06
53.66
52.86
54.26
54.36
52.56
54.52
52.56
55.85
52.62
55.42
54.42
55.6
54.38
54.86
53.04
52.91
54.62
54.98
54.81
51.73
54.63
53.76
53.32
54.09
NA
54.05
NA
53.56
55.17
51.8
54.27
55.03
55.01
54.45
52.2
54.45
53.9
52.0
53.1
52.8
56.3
53.35
55.75
56.24
51.05
53.47
53.51
54.54
54.28
53.43
52.43
56.23
54.93
54.03
NA
54.73
51.93
NA
NA
53.1
52.44
52.34
56.07
53.91
53.81
59.65
52.27
52.91
52.4
55.64
51.94
52.72
51.64
53.99
52.74
54.86
51.92
58.48
58.08
55.24
51.3
51.87
55.79
55.34
53.44
51.34
54.61
52.31
53.41
54.61
50.75
54.72
52.54
56.79
52.33
53.49
54.35
56.97
54.37
57.91
54.63
51.09
54.51
55.71
57.35
52.24
55.06
54.68
54.37
53.03
50.02
54.45
56.57
55.5
54.8
56.2
54.6
56.67
56.74
48.74
55.03
54.83
54.99
56.95
56.39
52.25
54.44
52.94
51.94
54.64
54.04
54.7
56.91
55.09
55.92
52.33
52.13
56.03
51.26
57.16
51.5
53.98
56.1
57.1
52.35
54.16
50.35
55.56
53.6
52.94
52.15
54.09
51.91
56.44
NA
55.43
53.43
55.67
54.42
52.32
53.32
52.02
53.12
54.89
55.47
52.45
55.85
52.25
52.95
53.59
54.53
55.17
56.18
54.56
51.56
53.26
52.16
53.06
55.42
51.46
53.64
56.78
54.36
56.88
53.15
54.6
54.29
54.64
54.95
56.21
51.31
53.68
55.08
53.44
55.64
52.18
53.68
55.48
50.38
54.53
54.63
51.23
54.73
52.33
55.23
52.41
54.01
53.11
55.21
52.11
54.93
54.61
54.09
51.79
NA
54.11
53.21
52.81
53.11
55.69
54.5
54.8
55.51
53.75
55.87
52.14
55.17
53.13
55.66
54.75
54.74
53.63
NA
56.65
54.15
54.26
55.11
52.82
52.56
54.47
53.3
54.08
54.24
56.64
54.04
54.74
51.84
54.44
53.94
55.14
54.44
52.22
55.02
53.92
53.72
52.92
52.92
55.72
52.12
54.42
54.35
53.48
52.39
55.19
54.29
53.59
52.34
55.74
52.24
53.44
54.34
52.04
57.4
53.92
57.49
53.11
54.12
52.92
53.35
NA
53.76
55.48
57.08
52.86
58.61
57.46
54.4
57.48
53.88
57.67
58.17
54.07
54.11
54.8
56.3
54.8
55.7
57.2
52.8
52.2
53.4
54.5
56.1
51.72
53.8
56.71
51.39
55.05
53.55
51.26
52.98
53.25
53.59
54.54
52.45
53.17
57.53
58.53
53.43
53.87
53.85
54.51
53.81
54.79
52.08
53.67
53.6
53.56
53.19
NA
56.75
54.63
52.37
53.82
53.57
NA
53.16
NA
52.62
53.67
51.71
52.73
52.82
NA
54.01
NA
52.58
NA
54.79
52.32
55.32
53.02
54.72
NA
NA
53.88
55.7
NA
NA
NA
52.23
53.03
NA
NA
NA
NA
54.86
NA
NA
53.47
NA
NA
54.88
54.5
52.9
54.2
55.77
51.83
53.54
54.43
NA
NA
52.97
54.77
NA
NA
54.08
55.24
56.51
54.41
54.99
56.69
52.69
58.19
57.09
53.89
53.61
55.69
55.63
56.95
57.17
55.8
50.92
54.7
54.43
56.73
56.93
NA
54.43
54.6
54.41
52.74
53.48
55.24
51.57
55.84
55.74
56.64
57.44
52.79
53.06
54.47
55.26
52.61
53.34
56.15
56.55
53.41
52.38
54.18
55.78
54.28
52.62
55.02
52.72
53.12
53.92
55.42
54.12
52.29
54.89
52.49
52.49
53.59
54.89
54.89
57.61
57.15
56.04
54.15
55.25
56.15
53.15
53.25
57.25
54.67
53.99
54.52
52.53
52.89
NA
NA
53.94
53.24
50.24
54.44
55.14
NA
NA
NA
54.45
54.21
53.5
54.1
NA
54.15
54.25
53.05
55.24
51.84
54.94
51.91
53.1
57.96
56.8
54.34
52.18
53.61
53.65
NA
54.95
53.65
50.88
53.07
53.66
53.98
52.89
54.56
54.87
53.54
54.47
NA
55.56
NA
NA
54.33
55.39
54.7
51.65
56.0
54.11
55.74
NA
54.25
54.25
54.25
54.75
52.89
53.82
52.73
54.65
54.69
53.08
53.85
53.71
53.94
54.28
53.51
52.26
54.75
52.77
54.03
52.37
55.86
52.94
58.36
53.51
56.87
52.75
54.17
55.37
54.17
55.47
56.47
54.02
53.76
54.11
54.11
53.76
53.15
52.97
NA
54.89
52.03
52.71
NA
56.23
52.96
53.76
54.76
54.15
NA
NA
56.43
54.13
52.72
53.94
54.45
NA
52.82
56.58
54.44
51.84
53.64
54.73
54.43
59.67
53.32
52.61
53.27
54.57
55.96
54.35
56.4
54.78
56.08
54.48
53.36
54.1
50.72
52.34
56.24
54.63
54.03
55.39
53.72
55.23
51.8
52.89
55.83
55.04
54.06
55.82
56.01
53.72
52.29
55.43
53.93
57.09
53.98
54.6
52.0
53.2
54.9
NA
NA
NA
56.35
NA
56.39
53.7
NA
NA
51.18
NA
56.38
53.24
54.69
54.1
56.61
NA
52.91
54.99
56.67
56.99
53.43
53.04
53.96
NA
54.53
54.61
50.31
52.71
54.02
57.22
52.72
56.22
51.72
54.92
55.25
57.3
54.08
54.04
52.66
52.5
53.41
54.59
55.28
54.08
54.91
52.96
55.81
52.18
55.43
54.0
55.42
54.81
54.43
54.4
54.11
57.33
54.41
54.78
54.39
51.84
55.78
51.88
50.58
54.38
52.18
52.9
51.98
50.56
56.6
55.38
50.41
50.71
54.76
56.03
56.72
53.53
53.72
55.13
54.65
55.2
57.68
53.3
55.02
52.13
56.58
53.31
56.83
52.09
56.95
52.91
55.52
53.89
52.77
57.56
51.97
53.49
56.11
52.91
58.56
52.79
53.22
53.52
52.52
55.18
54.6
57.33
54.46
52.27
50.94
NA
54.08
53.73
53.25
56.98
53.69
53.59
53.59
53.2
54.42
52.67
53.24
53.19
NA
54.24
54.86
56.03
53.13
51.04
51.62
51.9
54.0
53.54
56.28
57.12
54.88
53.13
56.63
54.57
52.5
NA
53.18
54.52
52.68
52.19
56.44
52.16
NA
52.06
57.21
54.26
54.26
54.43
54.21
NA
NA
NA
51.46
54.3
54.2
NA
NA
NA
53.61
55.19
51.91
54.29
54.97
51.89
56.01
54.56
56.98
52.19
54.7
52.45
55.95
54.45
52.2
54.7
54.49
55.43
55.43
53.94
50.39
53.94
52.26
54.36
53.99
50.44
53.99
52.12
55.38
55.28
55.03
55.4
NA
NA
NA
54.11
55.05
57.34
50.86
52.72
54.52
55.96
51.7
52.59
49.92
55.05
55.12
55.23
53.71
NA
50.24
55.21
54.44
54.29
52.62
52.4
54.31
55.07
60.7
54.64
52.91
54.39
54.56
54.09
55.43
NA
51.65
54.62
53.36
57.17
54.73
52.95
51.87
53.9
53.82
50.36
54.44
52.81
50.63
51.72
54.02
57.18
52.54
56.22
54.16
50.63
54.59
51.1
53.29
54.05
54.92
53.94
NA
55.44
53.74
54.94
54.64
53.14
53.16
54.33
54.92
54.21
51.91
54.16
51.56
53.1
54.91
52.61
49.62
56.35
53.32
52.85
51.58
53.66
51.77
50.55
56.07
52.92
52.44
54.55
54.51
54.59
NA
NA
55.52
55.0
53.76
NA
54.31
54.49
52.11
53.86
52.16
54.36
54.66
55.26
53.06
NA
57.66
54.76
53.04
52.69
52.43
NA
NA
54.45
NA
52.71
NA
56.97
54.19
52.19
54.84
53.49
53.11
55.21
55.47
53.18
53.01
53.87
54.29
51.92
54.75
51.81
54.32
55.36
54.29
52.4
54.15
53.91
54.66
56.79
52.59
55.57
52.61
55.17
54.7
54.6
53.9
56.06
55.86
56.04
53.75
52.33
55.46
54.45
52.95
50.75
54.64
54.0
50.46
54.48
51.57
53.43
52.77
57.67
56.1
56.39
55.49
52.7
55.84
54.08
57.24
52.03
54.45
54.72
52.34
52.75
53.79
53.99
56.6
55.04
52.02
57.18
52.77
NA
51.05
57.05
53.15
53.27
53.65
60.29
53.65
54.0
54.76
53.17
55.32
NA
58.0
53.34
NA
56.08
53.04
53.37
54.41
54.02
53.81
54.31
54.65
54.46
NA
NA
NA
54.26
55.13
55.15
54.33
53.68
54.68
55.78
55.28
55.78
54.58
54.78
54.29
53.57
55.86
52.6
52.99
53.97
53.86
55.53
55.88
NA
55.09
54.19
54.59
52.99
55.59
54.49
54.58
NA
NA
NA
NA
56.5
55.89
53.29
53.29
54.59
52.98
55.78
52.82
54.44
56.07
54.23
54.43
55.73
55.43
56.76
53.6
52.69
52.43
NA
54.84
54.17
NA
53.47
53.41
50.37
50.93
54.64
55.82
54.35
52.85
54.3
55.75
54.62
55.39
54.74
NA
NA
56.37
52.12
52.61
54.2
54.47
55.79
56.03
52.52
53.21
52.61
54.63
55.78
54.6
54.27
57.52
54.39
58.11
55.21
53.39
54.35
52.19
50.75
49.96
53.38
56.01
53.38
57.37
53.27
54.17
52.27
52.97
54.55
54.05
54.12
55.42
54.73
53.78
51.96
53.59
52.69
52.89
53.91
54.36
53.6
51.57
53.64
53.43
54.27
54.91
55.16
55.73
53.3
52.5
54.0
53.95
54.41
NA
50.34
51.94
53.64
50.94
54.24
53.49
54.2
53.8
55.34
52.84
54.04
52.14
53.24
54.91
51.54
55.89
55.69
52.84
55.0
54.64
54.99
54.55
54.3
54.15
54.9
51.17
57.37
52.27
56.65
53.71
55.6
NA
54.24
54.27
54.22
54.87
54.14
55.91
53.63
55.57
57.3
53.37
53.84
54.24
52.79
53.31
50.54
53.3
NA
52.97
53.4
55.49
52.63
NA
53.38
52.28
54.54
55.89
52.22
55.64
53.3
52.4
51.65
51.58
56.35
53.65
57.82
53.74
50.62
54.74
54.6
54.75
53.61
53.92
55.18
55.39
54.97
55.13
54.31
55.82
55.77
53.5
51.52
52.06
53.8
52.74
55.07
55.07
54.66
56.12
NA
NA
NA
NA
NA
53.08
55.46
53.48
56.5
56.07
55.65
NA
NA
52.61
55.44
52.49
56.17
55.68
53.56
56.02
52.05
NA
54.69
56.78
55.33
51.81
53.21
53.61
57.11
53.01
56.21
53.04
52.92
52.35
55.03
55.18
55.5
57.67
55.17
52.17
56.65
56.06
57.73
55.28
52.1
56.79
56.13
50.78
49.6
53.39
55.98
53.39
55.2
55.5
56.1
57.7
56.82
56.73
57.21
56.21
55.31
51.41
52.44
54.26
52.71
54.77
53.27
56.42
53.53
NA
NA
55.79
56.19
53.79
54.29
52.19
55.69
57.19
NA
56.24
51.8
51.41
54.78
53.69
55.06
53.52
54.79
53.67
55.06
53.53
55.25
54.75
NA
NA
54.89
54.38
55.48
55.88
55.88
54.8
58.2
NA
54.51
53.5
53.06
53.56
53.54
56.21
52.64
56.03
56.23
53.03
54.83
NA
52.93
56.03
51.57
NA
55.18
56.23
53.0
NA
52.96
54.72
54.19
54.44
NA
55.07
52.2
52.19
54.45
56.29
54.65
54.01
52.41
55.31
52.37
55.81
54.33
53.6
52.99
53.86
54.31
52.66
50.79
54.35
53.44
57.33
55.45
52.71
54.46
54.33
51.75
56.77
53.05
52.09
52.79
54.34
53.33
53.94
57.15
54.3
57.67
56.43
53.73
52.89
55.59
54.39
53.99
55.04
55.54
54.14
57.14
55.05
54.88
56.6
56.88
53.3
52.82
54.26
53.02
NA
NA
NA
NA
NA
NA
NA
NA
NA
55.2
53.01
53.73
59.34
55.77
54.15
54.71
52.99
54.96
54.22
56.78
55.72
55.49
54.64
52.83
54.76
52.55
54.45
51.45
NA
NA
55.45
53.35
NA
50.27
53.93
56.59
56.02
55.88
55.22
55.32
52.02
52.07
54.15
53.5
57.28
NA
52.58
50.87
52.03
NA
57.28
52.35
57.26
57.44
52.57
50.84
52.1
NA
57.23
NA
53.96
56.23
52.74
52.3
56.46
55.96
55.36
52.36
51.4
55.61
55.68
55.99
54.84
53.03
55.92
53.77
54.72
54.82
53.09
53.99
52.23
53.55
53.43
54.24
53.53
53.19
53.38
54.37
53.33
53.57
55.78
54.57
53.57
55.97
54.17
54.47
55.46
52.83
58.56
53.41
56.52
53.56
53.96
54.76
53.98
55.49
53.17
54.0
54.33
54.67
56.05
53.49
54.35
54.78
NA
53.71
56.25
55.09
54.62
52.96
56.35
NA
54.4
54.43
56.25
52.63
54.8
52.7
54.92
52.76
53.46
53.96
54.38
54.53
54.18
52.92
52.94
54.98
54.74
54.08
52.45
53.97
55.23
51.62
NA
NA
NA
NA
53.84
53.12
54.17
53.69
53.47
52.57
52.72
NA
NA
NA
53.6
52.85
53.76
53.51
51.59
50.29
NA
NA
NA
53.62
52.78
54.16
53.63
53.36