40.67
41.35
40.95
39.99
41.38
41.36
41.04
41.33
40.86
40.27
40.84
40.09
40.8
44.3
40.96
40.54
NA
37.74
37.01
42.35
41.97
40.76
40.58
40.73
42.15
40.0
40.77
40.89
41.77
40.62
41.08
40.22
42.27
39.76
40.73
43.88
41.14
NA
42.02
39.97
39.74
41.46
NA
42.63
40.57
40.52
39.8
41.29
NA
39.64
41.12
41.22
40.43
43.45
38.38
39.95
41.88
42.08
41.27
41.15
41.34
41.71
42.01
40.01
NA
41.25
41.03
41.54
40.21
39.86
40.97
41.15
39.76
41.7
42.14
41.89
42.92
40.18
41.0
41.75
41.0
39.51
41.11
39.12
NA
41.07
41.35
40.73
41.94
41.16
NA
38.91
40.81
42.05
40.69
41.99
41.24
41.05
41.07
42.19
40.96
NA
41.0
41.37
40.5
42.15
40.92
39.75
40.39
42.01
39.65
40.27
40.33
40.09
39.72
42.13
40.99
40.79
41.2
40.33
43.97
42.71
NA
41.73
41.04
40.8
40.0
40.13
40.74
40.62
41.12
40.25
40.94
40.75
41.21
NA
42.77
39.11
40.57
40.42
39.91
45.87
36.68
39.77
39.72
40.73
41.1
41.21
41.29
40.17
40.41
39.85
44.19
42.32
41.86
40.13
41.3
41.91
40.29
41.5
40.61
39.73
40.62
40.4
NA
41.23
41.24
41.0
41.2
NA
40.3
40.82
40.67
41.58
NA
39.0
43.26
41.22
42.37
41.29
42.26
39.46
41.28
39.37
43.71
41.31
41.06
NA
42.14
41.04
41.42
41.01
41.32
41.34
NA
NA
42.79
41.23
41.17
40.99
39.02
41.94
40.75
40.83
40.96
NA
NA
40.72
43.67
43.96
40.51
40.79
40.51
40.64
NA
42.02
41.7
42.0
41.56
41.54
40.08
40.22
NA
43.0
44.36
41.37
42.47
42.15
47.52
40.52
NA
41.61
39.63
41.38
37.77
41.79
39.64
40.43
41.6
42.94
NA
40.15
NA
42.68
NA
43.6
40.73
40.98
40.24
40.34
NA
40.29
43.12
39.94
40.92
41.05
41.04
41.41
41.55
41.45
39.03
42.09
41.12
39.34
39.47
41.56
41.33
41.59
40.71
41.29
41.28
40.18
41.7
41.74
40.79
NA
39.86
39.95
41.38
41.08
42.44
42.12
39.45
NA
NA
39.56
40.98
42.21
40.03
NA
41.39
40.68
40.35
41.12
NA
NA
NA
43.09
40.45
41.68
43.88
42.14
NA
NA
NA
NA
NA
41.0
38.63
39.54
40.25
40.42
43.54
39.79
NA
41.96
41.37
49.06
NA
41.28
41.24
40.74
40.41
41.24
40.94
NA
43.04
41.08
NA
39.03
40.72
40.48
41.71
40.52
39.89
41.43
41.47
43.2
40.83
40.8
42.87
41.28
43.23
41.42
NA
NA
NA
NA
40.93
39.12
41.28
43.67
40.34
40.92
41.62
39.76
42.43
41.28
40.94
40.67
39.88
39.07
42.15
40.65
41.08
NA
42.06
39.55
41.32
38.69
41.07
41.46
40.31
41.13
NA
40.75
42.62
NA
41.32
41.99
NA
41.23
42.66
40.84
41.89
40.68
39.03
43.61
40.14
39.9
41.79
NA
39.82
39.74
41.23
NA
41.2
41.08
40.95
40.96
40.49
41.58
40.71
39.43
43.29
40.25
41.65
43.47
NA
38.45
43.19
39.77
41.26
42.28
41.36
40.03
42.84
41.41
40.09
41.37
41.88
39.69
41.92
40.02
40.96
41.22
40.56
41.26
39.12
40.86
42.37
42.05
41.06
38.91
40.33
40.32
40.94
40.98
41.2
43.19
40.66
NA
40.95
40.78
40.95
41.51
41.39
NA
43.34
NA
38.82
40.41
42.03
NA
39.92
39.5
41.24
41.17
41.88
41.55
41.27
41.29
42.09
42.58
42.29
40.33
41.96
42.95
39.53
40.52
41.14
39.56
NA
41.11
43.46
43.46
42.39
41.28
40.88
40.56
39.93
41.33
42.84
42.34
39.94
39.94
43.06
40.82
39.39
41.49
43.5
40.18
39.59
40.3
42.68
41.27
41.04
41.54
41.18
41.7
40.8
39.9
38.73
41.44
38.12
39.58
41.04
40.67
41.82
40.88
40.93
40.82
41.3
42.22
41.9
40.82
40.65
42.71
NA
41.08
41.12
39.39
40.44
NA
40.44
42.33
41.52
41.52
41.48
41.83
41.18
40.24
43.66
41.44
40.69
41.02
39.4
41.11
41.13
39.52
40.31
41.72
41.01
40.81
42.82
43.24
42.1
39.91
41.73
40.86
42.62
42.01
40.01
40.47
40.52
39.5
41.03
41.38
40.98
40.19
41.22
41.97
38.56
40.11
41.82
41.1
42.7
39.95
40.98
NA
NA
40.9
38.2
42.15
40.07
43.44
43.2
40.63
41.99
40.99
41.74
40.25
40.81
39.44
40.77
40.94
40.96
40.9
39.44
41.8
NA
42.92
41.22
41.28
NA
43.36
41.17
41.05
41.04
NA
40.18
40.86
42.02
38.65
39.42
NA
40.01
41.32
41.59
42.86
39.01
41.54
39.33
41.87
41.19
40.8
40.57
39.46
40.69
41.68
41.26
42.23
40.3
41.4
NA
40.25
41.77
39.26
39.38
42.51
41.69
41.16
40.9
40.93
40.13
41.61
38.83
41.12
40.27
39.73
40.32
40.72
41.84
40.74
39.58
40.85
39.92
41.15
38.77
41.12
38.72
41.11
38.7
41.12
38.9
41.12
38.82
40.87
43.52
NA
NA
41.02
41.56
42.4
42.96
40.36
NA
41.06
40.36
43.34
38.63
39.67
41.04
42.72
41.81
42.33
40.36
43.02
41.12
40.61
40.31
40.91
NA
NA
NA
40.71
41.11
NA
NA
40.49
39.8
40.2
40.39
41.24
42.69
40.64
42.97
40.36
41.29
41.75
42.07
42.61
40.9
43.05
40.51
41.36
41.82
42.1
42.57
42.52
42.45
42.48
NA
42.36
40.16
NA
39.51
41.01
40.89
40.69
NA
41.3
41.41
41.18
41.15
38.7
41.56
41.08
38.57
39.82
39.07
NA
39.85
38.79
39.68
39.21
41.68
38.93
40.48
40.84
41.88
39.43
42.01
46.01
42.42
40.42
41.08
40.34
41.09
NA
43.85
39.95
NA
NA
NA
41.35
41.47
39.95
41.24
NA
40.38
41.66
41.25
NA
38.64
40.95
40.25
NA
40.3
NA
NA
41.68
41.48
41.58
39.68
40.18
40.35
40.85
41.25
39.55
41.85
41.75
39.65
40.66
42.78
44.19
43.78
41.07
42.46
41.87
42.76
43.16
40.98
38.7
NA
41.31
41.42
40.72
41.12
NA
43.02
42.24
NA
41.22
39.65
NA
NA
38.98
38.82
39.08
45.47
42.19
40.87
40.24
41.1
41.14
40.89
40.68
43.73
40.43
41.25
39.74
40.8
39.44
39.91
40.11
NA
NA
41.14
NA
41.4
39.47
41.18
40.91
NA
NA
NA
NA
39.47
40.78
40.67
42.08
40.59
40.75
38.27
42.22
41.5
41.32
41.93
39.48
42.19
38.78
42.77
40.72
39.73
40.57
40.17
40.72
39.78
41.44
41.83
40.02
40.02
41.44
41.31
42.78
NA
42.01
42.47
41.38
43.02
40.73
41.43
41.43
40.63
40.13
39.73
NA
41.89
41.42
42.19
40.01
41.54
37.74
41.63
42.84
41.02
43.75
40.72
41.02
40.89
41.1
42.96
43.41
30.85
43.03
39.82
43.49
NA
39.35
NA
41.25
41.35
41.32
41.77
39.82
NA
40.9
40.77
40.86
40.68
41.05
40.71
41.05
40.71
39.98
39.88
40.98
41.5
39.65
39.19
40.89
40.9
NA
NA
41.22
42.57
39.66
41.27
40.72
43.08
39.64
40.11
NA
NA
NA
NA
40.77
39.66
40.69
40.21
38.89
40.5
41.18
40.92
39.68
NA
40.59
41.48
43.68
NA
41.39
42.18
41.25
NA
41.12
39.61
NA
NA
NA
NA
NA
NA
NA
NA
NA
NA
NA
NA
NA
NA
NA
41.73
43.04
38.8
41.1
42.13
40.39
NA
NA
NA
NA
NA
NA
40.99
40.58
38.93
38.6
NA
40.71
38.89
NA
41.49
39.5
NA
40.09
44.1
NA
NA
40.83
41.02
NA
41.18
41.1
39.2
42.72
38.7
39.62
40.4
39.98
40.1
40.58
NA
42.06
41.18
41.69
42.86
42.27
39.03
39.8
40.79
40.06
40.55
40.35
42.72
42.27
NA
NA
NA
41.2
41.9
NA
NA
NA
NA
NA
41.49
42.0
NA
NA
NA
NA
40.81
39.49
41.53
41.84
40.44
44.2
40.11
43.51
NA
42.26
NA
38.96
38.95
39.47
NA
41.44
41.65
43.24
NA
41.32
NA
43.59
39.16
43.68
42.98
41.16
40.63
40.94
39.56
NA
43.72
41.48
41.32
41.08
41.92
40.5
42.08
40.99
39.32
40.19
44.16
42.91
40.09
40.91
39.3
40.18
39.7
40.52
NA
41.82
39.36
39.68
39.86
41.84
38.56
39.49
NA
NA
42.37
41.85
42.37
40.82
39.87
42.37
39.85
40.98
43.47
39.97
NA
42.81
NA
41.93
40.51
42.09
41.0
40.39
39.65
41.66
40.18
41.76
39.63
40.4
40.55
42.61
40.9
40.12
38.9
38.8
40.29
38.39
38.28
41.19
40.52
40.97
39.62
40.63
40.22
38.52
38.21
41.43
40.45
40.9
39.62
40.56
40.49
38.34
38.35
41.35
40.7
41.03
39.74
40.7
40.44
38.44
38.33
41.41
40.84
41.07
39.61
40.65
40.44
38.44
38.33
41.41
40.84
41.07
39.61
40.65
41.84
41.34
39.75
40.6
39.51
39.92
39.98
NA
46.31
NA
39.13
40.26
NA
39.61
40.89
41.61
43.68
44.36
39.4
39.42
40.8
40.7
41.6
40.27
41.41
40.59
40.45
40.15
41.25
37.97
39.97
39.85
39.91
NA
41.26
40.67
42.52
39.95
42.89
37.83
39.77
40.16
39.52
40.71
39.83
40.74
40.49
41.46
41.32
40.14
39.94
41.46
40.95
41.23
NA
41.64
NA
41.64
41.49
41.64
NA
41.01
NA
41.01
40.96
41.17
41.57
40.99
38.39
41.55
41.19
40.83
42.19
40.81
43.16
41.08
NA
40.34
NA
NA
NA
NA
39.68
41.15
39.08
40.62
NA
NA
NA
NA
NA
NA
NA
NA
NA
NA
42.74
41.56
NA
40.75
41.39
40.85
43.21
42.4
39.99
45.55
39.27
NA
42.61
38.89
39.18
41.05
42.38
40.93
NA
NA
43.14
41.21
42.23
43.06
41.26
NA
39.49
39.2
39.88
39.91
40.68
41.48
39.65
39.77
43.22
41.34
42.12
43.15
41.21
NA
39.59
39.27
39.72
39.72
40.63
41.48
39.72
43.09
41.34
45.74
NA
43.02
42.31
39.85
39.27
39.66
39.85
40.56
41.4
39.66
39.14
38.97
39.74
42.31
NA
44.61
42.91
40.77
39.74
39.4
41.9
39.05
40.77
39.74
39.4
41.9
39.05
40.73
39.79
39.46
41.92
39.12
40.79
39.78
39.55
41.96
39.07
40.64
39.67
39.42
41.84
39.33
39.36
40.22
41.59
41.02
40.62
40.77
NA
42.0
NA
NA
NA
NA
NA
NA
39.7
39.17
43.15
42.09
39.51
NA
NA
NA
NA
NA
NA
NA
NA
NA
NA
NA
43.01
41.27
42.42
40.86
41.41
42.24
41.26
41.96
38.91
41.41
40.88
40.78
44.09
39.01
41.91
40.57
41.07
NA
41.4
41.29
NA
40.8
39.8
41.1
41.3
41.72
NA
NA
NA
NA
42.1
41.57
41.65
41.64
41.5
41.61
39.26
39.9
44.22
39.29
39.27
39.85
43.03
39.37
39.22
39.94
43.12
39.39
43.11
43.53
41.14
38.44
40.83
40.25
41.35
43.33
38.34
38.24
38.39
33.97
41.78
42.72
37.34
41.92
40.3
39.35
40.24
39.5
NA
39.83
41.26
39.81
40.83
39.84
43.11
40.15
NA
NA
NA
NA
41.77
41.47
40.67
42.07
38.97
40.27
40.3
40.73
41.06
41.64
41.13
42.53
40.37
41.1
41.53
41.02
41.41
41.47
39.44
39.49
41.18
42.66
40.99
40.45
37.94
NA
39.07
40.21
41.38
40.76
40.21
40.6
NA
NA
41.32
39.02
43.12
40.52
39.82
40.42
43.32
42.02
41.33
43.05
40.5
40.44
43.18
40.87
40.75
39.33
41.86
40.18
40.56
42.19
NA
NA
40.48
NA
40.49
40.78
39.65
NA
40.17
42.28
38.96
NA
39.14
38.48
42.78
42.77
NA
NA
NA
NA
NA
NA
NA
NA
NA
NA
NA
NA
41.74
NA
39.75
NA
NA
41.33
42.23
40.53
40.73
41.53
39.33
39.53
42.23
42.53
41.12
NA
42.88
41.09
42.0
40.2
42.7
42.9
41.1
NA
NA
NA
NA
NA
NA
NA
41.94
40.49
42.28
40.94
43.07
40.55
42.77
40.85
40.11
39.01
43.11
39.61
39.01
39.81
39.81
42.36
39.58
40.88
41.88
39.88
39.08
37.28
39.18
43.08
42.08
39.68
39.08
43.28
41.98
39.58
41.4
41.37
40.47
40.77
41.27
39.27
41.47
42.87
38.91
41.65
NA
39.35
40.95
39.45
41.05
40.15
NA
39.45
NA
NA
41.05
41.25
39.34
39.84
44.14
38.04
40.69
40.79
40.99
40.61
40.45
39.71
40.91
40.41
40.91
40.81
NA
39.97
39.97
NA
41.77
39.8
42.75
NA
43.01
38.81
NA
41.0
41.1
42.3
41.67
41.78
40.11
43.11
40.11
39.11
42.43
40.73
42.43
42.14
39.44
40.44
41.14
42.84
40.94
39.74
39.34
NA
NA
NA
41.41
41.43
39.9
43.67
40.09
43.63
40.71
43.46
39.11
40.95
40.47
39.92
41.56
39.65
40.88
41.03
42.55
39.59
40.17
40.74
42.5
40.17
40.36
NA
39.73
41.18
39.78
40.78
NA
40.58
40.18
39.78
40.84
41.79
42.65
40.96
38.94
NA
NA
NA
41.17
NA
NA
NA
NA
42.93
42.1
40.83
39.58
42.93
NA
NA
42.93
42.1
40.83
39.58
42.93
42.4
39.6
40.9
39.4
39.9
42.4
41.9
39.82
40.22
41.02
41.32
39.52
42.52
40.72
38.33
43.63
40.53
40.53
40.73
41.98
41.88
41.68
40.18
41.48
40.38
40.92
43.22
39.82
41.52
41.15
40.62
40.2
41.87
41.32
39.94
41.97
40.17
NA
NA
NA
NA
NA
NA
NA
NA
NA
NA
38.81
41.71
36.5
39.8
40.47
41.78
NA
40.88
39.28
41.08
41.63
43.58
38.21
43.51
40.61
38.41
39.21
40.34
38.84
41.12
42.4
40.93
40.43
41.2
40.17
39.32
40.23
37.49
40.63
40.97
40.97
42.94
40.54
NA
NA
40.48
42.56
NA
NA
NA
41.19
NA
NA
40.55
42.64
40.43
40.25
40.16
39.91
41.21
42.88
40.28
41.48
42.98
42.9
40.3
41.5
43.0
39.13
39.94
42.0
38.59
44.96
40.98
NA
41.08
40.38
39.96
NA
40.36
40.86
41.06
41.27
43.98
39.36
40.29
41.23
41.91
41.62
NA
42.8
41.58
40.22
39.39
40.5
NA
40.91
41.04
41.69
41.18
41.24
40.93
41.18
40.81
40.31
39.19
40.93
39.88
NA
NA
NA
40.77
NA
40.79
NA
NA
NA
NA
41.74
NA
43.3
41.22
41.31
NA
41.21
41.21
41.31
40.42
NA
42.47
NA
40.56
40.28
NA
NA
NA
NA
NA
41.23
42.04
42.3
40.47
41.45
40.61
39.61
44.53
41.53
41.23
39.53
41.73
40.49
40.29
NA
NA
43.79
40.84
40.54
41.44
42.24
39.61
NA
40.14
42.67
39.58
NA
40.11
42.64
39.54
41.27
40.87
41.17
40.99
NA
NA
39.33
40.71
NA
NA
NA
NA
NA
41.28
NA
41.77
41.75
38.87
39.8
39.8
39.75
39.57
40.04
40.03
NA
43.09
42.17
41.06
NA
40.49
40.9
41.87
39.74
NA
NA
NA
NA
NA
NA
NA
40.25
NA
NA
37.85
NA
42.85
NA
40.15
NA
NA
41.35
41.02
41.02
41.12
39.92
40.86
39.26
39.76
42.46
42.66
39.76
43.56
41.67
37.87
40.07
42.57
43.37
39.82
NA
41.32
40.62
39.82
NA
NA
NA
40.66
40.55
39.8
41.02
41.11
42.31
41.61
40.47
42.42
41.34
39.86
39.94
42.15
42.13
43.65
40.56
38.85
NA
42.46
40.84
41.02
39.01
40.5
40.84
NA
41.48
40.0
41.71
41.94
41.94
39.86
41.86
40.84
39.57
41.31
NA
40.55
40.97
NA
39.88
40.59
39.59
42.16
41.09
41.21
41.26
41.25
41.32
41.27
40.78
40.19
42.48
40.69
41.44
40.44
41.61
42.71
41.88
41.74
40.96
40.18
42.62
40.37
39.06
37.47
NA
NA
42.15
42.34
40.24
NA
NA
NA
NA
NA
39.1
NA
42.8
39.73
40.72
40.15
39.75
42.13
40.42
39.49
40.0
40.19
39.48
39.79
41.84
41.34
36.4
NA
NA
36.4
NA
NA
NA
NA
NA
NA
39.84
39.58
40.88
44.88
40.58
39.88
39.78
NA
NA
40.45
41.47
39.31
39.74
40.54
41.01
40.97
40.67
42.4
43.78
40.39
41.43
39.68
41.85
41.12
39.52
40.02
40.72
42.32
41.22
40.12
40.62
39.6
40.96
39.52
42.68
40.88
40.88
38.78
41.78
40.81
40.81
39.91
NA
42.56
41.21
42.7
40.79
40.8
42.95
NA
40.74
43.44
43.23
41.14
NA
39.84
40.79
39.48
39.48
41.58
41.28
41.38
41.28
40.11
39.51
43.27
38.7
41.3
41.0
41.1
43.7
40.8
39.3
39.76
NA
42.07
40.36
40.3
38.48
39.56
NA
44.81
NA
40.78
39.76
40.23
40.18
41.11
41.41
41.01
40.91
40.71
40.63
41.82
40.93
39.84
40.43
38.95
NA
43.0
38.8
40.4
42.06
41.36
NA
42.26
42.76
NA
41.45
NA
NA
42.55
43.64
40.14
43.94
NA
39.64
40.14
38.73
41.82
40.27
39.5
40.59
39.95
41.31
41.85
40.95
42.62
41.05
40.79
42.39
43.07
42.23
41.05
40.09
41.03
41.57
39.65
40.9
41.15
42.33
39.23
NA
41.0
41.08
41.32
41.35
40.37
41.87
41.47
41.37
40.77
40.47
39.85
40.71
40.63
41.82
40.93
39.84
40.43
41.82
40.32
39.72
41.92
41.52
41.12
41.52
40.52
40.93
40.9
40.25
39.88
40.85
41.07
40.34
41.01
42.27
38.58
43.36
44.26
40.36
40.66
NA
NA
40.32
41.57
NA
NA
40.0
41.68
41.91
41.21
45.61
41.0
39.63
40.99
41.55
43.64
41.24
39.81
39.76
40.03
40.09
40.29
43.53
39.86
41.71
41.17
41.43
40.61
41.19
39.42
40.08
43.02
42.07
41.75
43.9
NA
41.94
39.07
42.52
41.31
41.34
41.83
40.12
40.62
43.22
41.24
41.94
NA
NA
NA
NA
NA
NA
42.05
41.45
NA
NA
42.22
41.7
40.96
39.6
42.42
41.0
39.02
40.18
43.13
42.39
39.41
40.2
42.27
40.94
40.94
41.24
41.34
42.04
40.86
39.86
42.46
39.56
39.99
NA
40.99
40.27
40.27
39.97
41.01
39.38
42.76
NA
41.94
NA
NA
38.83
40.6
40.7
43.4
41.17
NA
40.9
39.76
40.31
40.26
40.01
43.72
41.48
39.28
40.88
39.38
41.08
43.68
39.68
39.38
39.88
40.98
41.25
41.74
41.2
41.12
40.51
41.44
40.14
40.44
42.34
40.04
40.18
42.58
39.78
41.48
39.78
39.98
40.78
43.78
42.23
42.62
43.43
42.66
38.15
39.43
39.45
41.13
NA
NA
NA
NA
NA
NA
NA
40.45
40.45
40.25
41.05
41.25
43.75
40.05
43.27
41.94
43.14
39.69
42.28
41.13
41.07
41.09
NA
40.08
41.88
NA
40.88
NA
40.48
40.38
NA
38.87
39.34
38.24
41.05
40.01
40.86
NA
41.24
41.38
40.4
43.4
41.03
NA
40.84
39.55
40.03
42.21
39.93
41.34
40.64
41.05
39.98
41.47
40.68
40.68
40.73
39.98
NA
43.01
41.0
39.9
40.7
41.5
39.93
43.83
38.43
42.83
40.43
41.13
40.03
40.3
40.12
41.64
40.29
43.19
40.69
40.29
40.19
40.99
41.14
41.14
39.74
42.11
41.2
41.67
40.8
41.14
NA
NA
40.17
NA
39.4
40.01
40.33
38.73
40.43
41.68
40.38
NA
39.88
NA
NA
NA
NA
41.11
40.68
41.31
38.89
38.8
39.2
41.88
40.44
NA
40.27
41.12
40.22
41.46
40.59
41.07
42.0
40.76
40.42
39.75
41.47
41.47
40.07
41.07
40.87
42.47
40.07
40.47
42.17
41.77
39.67
41.77
41.47
41.07
40.8
40.2
39.8
42.1
41.36
39.96
40.66
38.76
42.16
42.56
40.46
39.06
41.56
42.41
41.47
NA
NA
NA
NA
42.92
40.19
39.6
38.12
39.52
38.71
39.76
41.14
NA
NA
41.14
42.5
NA
40.43
41.67
41.45
43.3
39.24
39.31
41.68
38.83
40.88
40.99
NA
NA
NA
NA
40.2
39.39
41.74
41.19
41.03
40.26
40.88
41.56
44.24
41.24
40.55
40.25
40.1
41.83
39.41
40.51
41.7
39.49
38.97
38.76
40.78
42.81
40.78
41.79
38.73
40.43
NA
41.03
NA
NA
41.92
42.14
41.42
NA
40.76
41.09
42.49
40.36
37.56
39.96
40.14
39.3
41.47
42.24
NA
NA
38.35
39.61
40.94
41.46
41.82
43.63
40.27
40.74
40.35
42.2
42.81
40.57
41.18
40.78
40.35
37.92
40.96
NA
40.96
NA
NA
NA
39.09
39.09
40.49
NA
NA
42.31
41.78
41.21
39.39
40.48
41.16
42.97
42.1
42.26
40.63
NA
41.27
43.02
40.72
43.42
39.81
41.21
42.31
41.61
40.51
42.11
41.31
41.01
39.91
40.01
42.21
41.31
38.69
41.09
41.09
42.29
41.59
40.49
43.09
41.29
40.19
39.99
42.19
41.99
39.66
NA
39.8
41.59
40.48
38.94
39.5
39.98
41.53
40.58
39.46
39.43
40.92
44.17
40.73
41.41
41.58
41.17
41.25
42.51
38.54
41.11
44.24
43.41
42.84
39.27
38.61
NA
40.99
39.39
41.09
42.89
40.23
40.13
42.38
41.39
41.8
41.19
NA
NA
NA
39.55
43.55
41.25
41.15
42.65
41.02
39.7
40.46
40.02
42.96
41.45
41.1
41.07
41.32
40.71
43.61
40.15
42.91
41.14
38.46
40.76
40.06
38.26
40.66
42.26
40.76
NA
NA
41.06
40.9
41.0
39.0
41.84
40.24
42.83
39.95
40.11
42.31
40.5
40.76
NA
40.77
40.76
39.55
40.6
39.5
41.12
40.82
39.82
41.62
41.3
38.35
40.95
40.02
40.9
NA
40.46
38.8
41.88
NA
NA
NA
NA
NA
NA
NA
NA
NA
42.35
NA
38.57
NA
39.62
40.08
40.48
42.68
40.99
39.41
39.93
NA
39.45
41.83
42.56
39.92
40.71
41.29
42.3
41.17
40.03
43.76
40.16
40.06
NA
41.32
39.67
41.32
41.12
39.28
39.49
41.0
40.77
39.85
40.26
42.77
39.76
40.11
42.19
40.41
40.64
41.43
41.72
41.4
41.28
40.63
41.2
40.17
39.46
39.84
39.6
NA
NA
42.25
41.78
41.26
40.51
41.11
40.07
38.84
39.71
NA
39.97
NA
NA
NA
41.09
40.39
NA
41.69
40.79
41.49
42.39
40.36
43.79
39.89
39.6
39.72
40.68
41.02
41.14
41.11
41.1
40.22
39.52
42.52
40.64
39.94
41.54
41.94
43.14
43.84
40.04
41.94
41.54
40.13
41.33
41.83
40.63
40.69
41.72
41.78
40.72
41.99
40.69
47.18
42.19
40.79
NA
40.74
NA
NA
NA
NA
NA
NA
NA
NA
41.95
42.34
41.32
NA
NA
40.02
40.92
41.02
40.32
41.02
41.32
41.32
40.72
40.62
41.72
41.62
40.12
41.92
NA
39.83
40.01
40.63
41.89
44.43
40.61
41.03
41.25
42.94
42.95
42.07
39.95
41.39
41.48
40.59
42.8
41.55
40.34
39.88
41.32
41.07
NA
38.77
41.79
41.02
41.95
41.65
40.75
39.75
42.85
42.05
38.02
43.48
40.28
41.26
40.14
41.24
40.97
39.72
41.3
NA
41.4
40.29
40.42
40.41
41.25
41.24
42.38
42.05
NA
37.43
38.67
40.31
40.81
41.71
41.01
40.81
NA
NA
40.93
NA
41.05
NA
NA
NA
NA
NA
39.28
NA
39.63
42.26
38.92
41.36
40.3
39.4
42.0
41.39
NA
NA
42.56
40.6
40.77
41.7
39.88
42.45
39.45
41.25
40.95
40.55
41.05
40.75
41.05
41.25
41.43
39.35
40.85
41.26
40.96
40.76
41.86
39.66
41.05
41.12
41.2
40.66
41.0
41.19
41.17
40.92
43.76
41.52
38.56
42.43
44.15
40.55
41.15
40.3
41.61
NA
40.43
42.18
41.49
41.14
40.9
40.67
NA
NA
NA
NA
NA
44.11
39.65
39.99
40.59
40.78
41.71
43.26
NA
NA
42.18
44.0
42.16
41.9
45.05
40.62
39.48
NA
40.5
39.49
NA
41.83
40.57
41.61
39.0
43.68
41.48
40.59
NA
43.1
41.67
42.51
41.27
41.46
39.63
NA
42.47
39.81
40.48
41.41
42.38
43.08
40.91
41.48
40.78
NA
NA
NA
NA
41.09
41.09
NA
NA
41.06
44.86
42.26
41.86
42.96
40.96
40.96
41.36
40.46
39.96
40.4
40.76
40.46
NA
40.25
37.75
42.45
40.98
NA
NA
NA
NA
NA
NA
NA
NA
39.01
38.32
38.96
37.01
38.26
38.84
43.35
39.92
40.58
40.89
41.71
38.48
39.51
41.38
41.43
40.74
42.36
43.01
40.81
40.51
NA
40.41
40.61
40.91
42.21
40.91
41.41
41.34
43.51
39.84
NA
41.15
41.41
40.59
NA
NA
40.31
39.71
38.51
42.57
42.57
40.71
43.32
NA
NA
NA
NA
NA
NA
NA
NA
NA
NA
NA
NA
NA
NA
NA
37.13
38.73
38.93
39.43
40.53
39.03
39.03
39.53
41.03
NA
NA
NA
NA
39.85
41.7
40.97
39.66
41.34
39.57
41.8
40.05
41.55
41.45
40.65
41.75
41.55
43.45
NA
41.75
NA
NA
41.93
44.14
40.24
41.34
42.41
NA
NA
NA
NA
40.74
39.09
NA
43.09
40.63
39.98
40.14
40.88
41.13
40.5
42.74
41.14
41.34
40.34
40.24
41.44
41.37
40.77
40.87
41.47
41.37
43.97
NA
41.57
41.81
40.11
41.61
41.21
40.51
38.71
41.71
40.51
40.41
41.29
41.09
41.89
41.89
43.79
41.29
42.29
43.89
39.49
44.14
41.31
NA
39.18
43.11
40.86
41.09
NA
40.42
NA
40.58
NA
43.2
NA
NA
41.45
42.27
41.94
44.1
NA
NA
43.57
42.04
43.06
38.99
41.02
NA
41.12
37.27
41.91
40.3
39.35
NA
41.17
41.07
45.17
41.07
NA
41.22
39.95
41.58
40.94
40.62
40.83
41.86
44.09
41.16
41.21
39.76
38.95
42.07
42.86
41.72
40.92
41.55
41.35
NA
40.73
41.06
40.72
39.65
41.6
41.5
40.84
NA
43.1
41.67
42.51
41.27
42.27
41.97
45.46
41.04
42.12
39.78
40.02
41.29
39.41
40.25
39.57
42.41
39.79
39.8
41.38
40.82
40.66
41.27
40.81
41.55
41.05
41.16
40.92
41.11
40.71
36.45
39.75
39.65
NA
42.73
40.24
40.99
42.18
39.42
NA
42.49
41.14
41.27
38.62
40.44
39.64
39.82
40.57
38.97
NA
40.07
40.68
41.18
45.88
43.48
39.68
NA
39.78
42.18
39.88
40.62
41.98
42.58
NA
42.08
40.38
41.18
41.68
NA
39.68
37.28
45.08
NA
NA
NA
NA
NA
NA
NA
NA
NA
NA
NA
NA
NA
NA
NA
NA
NA
NA
40.3
43.7
40.49
NA
NA
NA
NA
40.07
38.99
37.47
43.91
40.32
39.64
40.62
40.17
41.29
41.54
39.34
37.39
43.94
40.37
39.52
40.66
40.15
41.88
41.26
NA
NA
NA
43.43
37.18
39.36
NA
NA
39.85
40.88
41.22
41.09
40.93
41.25
41.15
41.36
40.26
41.37
39.54
42.76
NA
NA
41.17
42.17
40.67
41.07
40.37
41.37
39.9
40.35
40.02
40.48
41.34
39.79
40.23
43.44
NA
NA
NA
40.37
40.17
40.11
42.05
41.48
39.66
41.39
39.02
41.48
41.48
39.56
40.88
41.48
40.26
39.21
40.27
42.45
40.67
NA
41.72
40.72
NA
41.32
40.38
40.13
41.19
40.34
40.44
44.84
42.74
NA
40.79
41.89
41.36
41.05
40.15
NA
NA
40.13
43.46
NA
40.82
40.59
41.89
40.4
40.85
39.7
41.61
40.32
40.75
39.63
40.2
40.67
39.7
43.7
NA
41.2
NA
NA
NA
NA
40.91
41.61
NA
NA
46.26
40.5
39.99
41.52
42.72
42.22
40.42
40.32
38.82
41.21
40.11
40.95
41.07
40.47
41.48
40.18
41.24
40.45
41.65
40.57
38.19
37.98
42.21
39.48
42.07
NA
43.43
NA
40.88
NA
39.88
40.38
NA
40.7
41.21
42.58
40.98
41.68
40.85
42.94
42.01
41.56
41.07
42.25
40.01
41.08
38.99
41.63
40.96
41.81
42.03
41.96
41.19
41.35
39.25
39.55
NA
39.75
39.15
39.25
NA
39.3
NA
40.0
40.12
40.05
41.65
41.65
40.05
41.65
39.85
40.25
41.65
41.15
44.8
NA
41.66
41.57
NA
42.16
NA
NA
NA
NA
NA
NA
NA
40.84
38.9
39.74
38.42
NA
NA
NA
NA
NA
NA
NA
NA
NA
NA
NA
NA
NA
38.78
44.78
43.18
40.86
40.66
40.66
40.26
39.56
NA
NA
NA
NA
NA
NA
NA
NA
NA
NA
NA
NA
NA
41.75
39.12
41.72
40.85
40.75
40.25
41.75
40.55
41.05
39.25
39.95
NA
38.71
40.46
39.59
40.0
41.02
41.96
41.16
NA
NA
40.61
41.22
41.52
39.97
42.67
42.08
39.85
42.4
39.85
41.28
39.87
39.85
40.58
43.72
40.48
42.41
39.8
41.28
39.75
39.88
40.75
43.72
NA
NA
NA
NA
41.09
NA
40.39
41.07
41.09
41.18
40.38
40.71
41.32
41.37
38.99
42.17
41.05
40.1
43.79
41.57
40.28
43.91
42.46
41.0
40.81
39.99
40.49
39.89
NA
39.46
42.81
41.23
41.19
NA
NA
39.19
42.29
42.39
40.68
40.32
39.62
41.42
41.72
41.02
41.42
39.26
41.29
40.82
38.46
41.48
42.1
39.41
42.23
39.31
40.51
41.3
41.05
42.59
41.67
41.79
39.99
41.97
42.08
42.4
41.05
41.31
41.31
40.29
39.09
42.34
NA
41.78
41.03
42.3
NA
41.79
40.17
41.8
NA
39.42
40.46
40.54
NA
42.32
NA
43.98
39.57
37.83
41.78
42.15
NA
NA
39.54
44.04
NA
41.15
41.55
NA
43.74
39.14
39.57
43.1
35.4
41.5
43.7
42.8
45.78
40.75
39.98
41.37
40.9
39.82
41.04
39.94
42.14
42.02
NA
41.02
NA
39.41
41.71
42.01
39.31
39.91
42.01
41.96
37.29
39.04
40.21
39.04
39.62
39.62
41.01
42.01
40.51
39.51
NA
39.51
40.81
41.41
43.19
38.89
39.99
43.09
40.87
39.68
41.01
NA
NA
41.01
42.21
43.91
41.21
40.94
NA
38.65
43.42
42.31
39.87
40.71
41.41
40.51
NA
41.0
NA
40.28
NA
39.6
39.28
39.26
41.9
NA
NA
NA
38.72
39.48
39.67
38.85
39.32
38.84
39.64
38.66
39.73
39.73
41.72
39.63
40.51
39.67
40.72
NA
41.13
41.27
40.27
40.57
NA
41.07
39.47
41.87
41.57
43.02
41.63
40.8
41.34
NA
NA
NA
41.54
42.34
40.44
40.74
41.14
41.06
41.09
39.5
40.94
41.2
41.17
40.07
41.07
40.96
40.96
40.96
40.36
41.28
41.66
41.43
41.26
39.76
40.46
39.88
39.94
41.69
39.59
42.79
42.99
38.79
NA
40.9
NA
38.68
NA
NA
39.91
41.47
40.95
NA
41.09
41.58
43.71
40.62
39.98
41.79
41.32
40.86
41.34
41.21
NA
40.8
41.3
40.7
41.7
41.43
40.79
41.08
41.59
40.85
40.71
42.93
40.82
42.47
40.69
43.43
41.68
39.53
41.58
41.69
41.33
41.67
41.74
39.68
40.99
45.58
39.92
40.9
40.79
41.08
41.71
40.4
41.68
40.77
40.57
39.24
40.28
39.86
40.51
42.59
39.85
41.01
NA
41.19
40.79
41.19
41.69
40.49
40.39
42.69
41.39
41.29
44.24
41.64
NA
NA
NA
39.38
41.07
40.38
43.12
41.18
40.41
42.21
41.21
42.41
40.81
41.11
40.41
41.41
NA
42.6
NA
40.14
39.2
41.54
NA
NA
NA
NA
40.34
41.29
40.69
41.29
39.83
42.17
40.68
41.89
NA
41.37
42.6
NA
40.12
39.91
40.51
41.16
40.91
39.65
41.24
NA
41.58
42.13
41.03
NA
40.59
41.69
42.59
41.29
41.09
40.95
41.88
41.08
39.27
41.16
42.66
NA
41.58
41.78
39.33
42.1
NA
40.9
41.8
42.86
41.26
41.16
NA
38.6
NA
40.86
42.76
44.06
43.06
41.16
41.36
41.36
41.56
41.23
41.35
38.84
41.92
39.22
43.32
40.48
41.01
44.71
40.83
40.99
41.27
41.59
41.41
41.81
41.54
41.0
41.33
40.77
NA
41.31
NA
42.49
40.56
41.85
40.4
41.04
NA
42.64
47.16
40.95
NA
42.1
41.6
41.0
NA
43.61
41.83
39.12
40.07
41.63
41.96
40.9
41.48
39.03
38.83
39.83
41.23
41.23
NA
40.93
41.33
NA
38.6
40.13
40.59
NA
40.65
40.98
40.61
41.94
39.71
41.54
39.58
41.64
38.94
41.35
41.2
40.71
41.19
38.81
38.81
39.18
38.27
40.38
40.89
42.52
NA
41.34
41.54
42.54
41.11
41.61
41.11
41.01
42.42
39.71
40.36
41.04
39.08
NA
40.9
40.11
39.69
40.42
43.45
40.13
41.23
39.8
40.81
38.71
40.78
40.08
41.28
39.55
43.48
40.3
40.15
42.2
42.3
38.6
40.8
39.66
NA
41.89
41.29
40.72
39.22
40.13
39.32
42.24
41.24
40.84
39.84
42.44
NA
41.48
NA
42.51
42.9
39.73
40.83
40.53
41.61
40.44
42.29
41.15
40.9
39.5
41.54
42.77
NA
43.45
38.05
40.92
41.67
42.74
41.95
33.13
NA
44.12
39.43
42.28
40.52
42.12
42.92
42.02
40.82
39.38
39.04
42.65
40.28
40.14
41.24
NA
41.58
NA
41.05
40.56
42.76
42.96
41.96
40.76
40.45
43.14
41.58
39.99
41.74
41.81
40.18
41.1
41.01
41.16
40.5
40.17
39.09
41.25
42.14
38.86
41.05
40.18
40.48
41.68
42.58
NA
40.73
42.03
41.33
42.73
NA
40.41
43.11
40.51
38.11
42.81
41.28
42.97
43.56
39.88
NA
40.31
41.01
41.51
44.01
NA
41.13
39.44
42.31
NA
44.0
39.54
45.42
41.75
42.09
38.91
NA
40.53
NA
41.76
40.81
40.93
39.47
41.34
41.5
41.01
40.4
40.88
40.94
40.34
38.14
41.24
38.44
NA
40.74
40.04
41.44
40.92
42.22
41.72
41.22
39.82
40.62
39.32
41.32
40.52
NA
44.78
38.39
42.79
42.39
40.19
39.84
39.84
39.44
42.44
40.54
42.92
39.34
40.06
39.51
39.71
41.7
39.89
NA
NA
38.76
40.69
43.89
NA
40.23
39.62
39.62
40.68
39.98
40.97
40.57
39.77
39.11
41.4
39.9
39.3
39.3
40.2
40.5
40.3
41.4
41.3
41.85
40.86
41.64
39.2
42.22
41.86
40.7
43.12
43.94
41.25
40.24
40.56
44.15
43.83
40.33
40.63
NA
42.28
39.76
41.17
40.73
38.79
38.31
39.43
NA
41.5
40.34
NA
41.49
NA
40.07
41.57
41.55
NA
40.0
NA
41.41
40.87
41.64
40.68
38.79
NA
41.92
NA
41.63
NA
NA
NA
40.02
41.82
40.92
NA
NA
41.82
41.21
NA
NA
NA
37.73
39.63
NA
NA
NA
NA
41.62
NA
NA
NA
NA
41.8
41.72
41.1
41.7
41.7
40.42
42.86
40.33
40.95
NA
NA
41.97
NA
NA
NA
36.58
39.62
41.75
40.64
40.49
43.89
41.39
40.29
39.19
39.59
37.71
40.79
39.53
40.84
40.09
39.98
42.02
41.24
NA
40.83
40.73
NA
40.43
41.1
42.84
41.5
42.26
NA
43.02
40.84
39.84
40.64
40.44
40.54
41.42
NA
40.15
40.98
43.2
39.44
39.38
39.99
40.09
41.58
40.58
41.18
39.72
41.42
40.52
41.02
41.22
38.52
40.72
NA
NA
NA
NA
NA
NA
NA
39.69
40.84
40.62
42.35
42.15
41.05
39.95
40.35
39.81
41.23
38.81
42.06
44.02
43.24
NA
NA
40.14
39.14
41.24
40.54
39.64
NA
NA
NA
41.51
NA
42.7
41.54
NA
41.25
39.55
NA
39.74
41.24
41.14
NA
40.6
39.91
39.59
NA
40.32
41.14
40.66
NA
40.83
40.83
43.02
44.14
43.14
40.21
40.4
39.45
41.19
40.67
40.52
NA
39.58
NA
NA
40.48
39.13
40.35
40.82
41.16
40.37
39.48
NA
41.1
41.1
41.19
39.52
39.43
40.26
39.62
40.97
41.14
39.42
39.76
40.04
41.57
39.37
38.12
40.31
40.73
39.6
39.96
43.0
39.75
41.19
39.31
45.05
40.66
40.5
40.97
39.17
NA
39.07
NA
40.8
40.27
40.36
40.45
40.62
39.84
40.53
NA
41.61
43.64
41.28
NA
40.29
40.83
41.49
NA
41.01
NA
NA
39.65
41.03
40.28
41.68
40.65
NA
39.36
40.05
36.94
NA
40.14
41.93
41.03
27.77
41.36
41.6
40.38
NA
NA
NA
NA
NA
NA
NA
NA
40.32
41.28
40.96
40.31
41.01
43.45
40.95
40.88
41.33
43.53
44.18
NA
43.3
38.96
40.68
40.87
42.28
42.28
39.59
40.9
39.99
41.22
42.3
NA
NA
40.8
40.09
NA
46.59
39.12
NA
41.08
40.43
NA
NA
40.19
NA
40.13
42.89
NA
42.95
39.71
NA
40.85
40.59
39.35
NA
40.17
41.81
40.45
NA
40.8
41.01
41.91
41.01
40.12
41.02
40.12
39.42
42.02
39.83
40.47
41.55
NA
NA
NA
42.3
41.93
41.73
40.77
40.94
39.67
41.09
41.56
42.32
39.79
41.35
40.33
40.94
41.27
41.67
41.25
41.66
41.27
41.27
41.24
41.87
41.33
41.28
41.58
40.78
NA
NA
45.73
38.9
41.22
39.43
41.08
42.9
42.27
NA
40.22
41.87
41.42
41.07
40.86
40.28
40.2
39.98
41.53
41.17
40.07
42.39
40.17
41.66
40.45
40.42
40.76
42.79
41.82
39.82
41.33
40.5
41.42
39.48
38.4
39.86
39.91
40.38
39.04
39.25
43.89
41.13
40.62
39.36
42.43
NA
40.89
40.65
41.29
39.86
NA
NA
NA
39.79
41.75
41.41
NA
38.89
NA
41.1
45.97
40.78
43.41
42.39
42.3
43.42
39.56
39.47
41.2
40.09
40.7
40.11
40.11
NA
41.06
NA
NA
42.03
39.29
43.34
40.23
40.47
41.04
42.2
39.84
41.57
41.24
41.4
41.48
NA
NA
NA
40.45
41.23
40.93
NA
NA
NA
42.52
40.59
41.78
40.49
40.99
40.58
41.21
40.32
39.95
41.34
39.3
41.95
40.07
41.2
42.7
39.7
NA
41.07
41.82
41.24
NA
NA
NA
41.87
41.11
42.24
40.62
42.84
40.99
41.61
39.74
39.35
NA
NA
NA
42.19
41.31
44.04
42.4
42.96
40.73
41.49
41.09
40.12
43.76
40.2
NA
38.24
NA
NA
40.5
38.62
41.13
41.3
42.81
41.31
41.3
40.09
39.85
44.37
42.35
41.24
41.06
41.71
40.98
NA
41.29
38.92
42.5
40.46
40.36
39.47
40.73
39.22
40.85
41.67
40.58
42.48
45.47
42.21
40.09
40.84
40.1
39.47
41.08
41.34
40.61
43.16
40.76
40.99
43.0
40.54
NA
NA
41.94
41.14
43.64
NA
39.62
38.48
41.97
41.51
40.41
41.46
40.56
39.76
41.06
43.22
39.94
40.41
42.36
41.37
39.88
39.87
42.08
41.66
40.28
40.64
40.94
41.26
40.82
40.97
NA
NA
41.25
41.15
40.78
NA
41.31
42.97
39.52
41.16
41.46
41.06
40.86
40.86
41.56
NA
42.86
41.06
40.99
39.99
40.34
40.55
42.16
41.88
39.74
41.5
41.35
40.0
39.3
41.65
39.32
NA
41.52
39.56
41.8
NA
39.94
41.35
42.06
40.85
44.34
42.09
41.57
39.37
42.17
39.54
41.04
41.28
41.56
43.92
39.99
45.52
42.02
42.78
41.0
42.9
43.7
38.88
40.72
40.7
42.31
42.2
39.7
40.95
41.62
44.21
40.46
40.2
41.49
41.04
41.56
43.36
41.4
40.44
40.2
41.41
40.81
42.98
39.46
41.27
40.89
39.84
40.86
38.99
41.94
41.48
40.54
39.88
43.12
40.77
41.44
39.54
42.99
NA
43.95
39.85
40.55
NA
NA
NA
NA
NA
41.51
40.23
42.05
NA
38.94
40.69
NA
40.24
40.17
39.07
41.23
40.87
41.57
41.17
41.36
41.33
NA
NA
NA
40.29
42.27
42.29
41.19
40.78
40.78
41.78
41.28
39.68
40.68
41.26
40.39
40.58
43.18
40.61
41.3
42.07
41.67
NA
43.76
NA
40.69
40.99
39.79
40.99
41.59
40.89
40.97
NA
NA
NA
NA
NA
39.39
45.59
39.29
40.99
38.78
40.98
41.05
40.5
40.62
40.93
41.03
39.33
41.73
40.79
44.44
39.99
40.34
NA
40.94
42.67
NA
41.31
41.36
43.1
42.59
39.45
43.61
40.72
40.66
40.91
42.15
40.48
NA
NA
NA
NA
40.52
41.29
41.98
NA
40.92
NA
41.05
44.6
NA
38.17
41.98
39.62
NA
NA
40.87
39.54
39.21
38.92
NA
40.25
NA
43.35
41.63
40.2
40.42
44.12
42.47
41.27
39.37
41.97
43.47
40.85
NA
42.79
39.32
38.55
40.54
40.18
39.73
43.29
41.03
45.7
40.93
41.83
42.41
41.04
41.45
40.48
41.29
41.62
NA
41.7
41.1
NA
41.12
41.06
NA
43.14
42.74
40.14
42.84
40.34
41.55
41.8
40.51
41.54
40.94
40.34
42.54
41.34
41.02
44.1
40.28
38.98
42.48
40.62
42.17
42.03
41.43
42.13
40.82
44.34
41.25
39.41
42.01
41.0
40.95
41.38
NA
41.03
41.79
41.22
41.34
40.84
40.67
41.11
41.75
39.18
41.68
40.0
41.62
40.07
40.92
43.12
43.52
NA
39.63
40.14
42.08
42.02
NA
41.48
42.38
40.73
38.87
42.21
NA
41.94
40.36
41.04
40.33
38.82
41.56
40.19
41.33
43.12
39.24
41.37
41.7
40.28
40.86
NA
NA
NA
NA
41.17
38.79
40.78
40.85
39.1
41.28
39.42
39.55
40.64
40.64
42.57
41.74
NA
NA
NA
NA
NA
NA
NA
39.81
NA
NA
41.11
NA
NA
40.99
41.69
40.68
40.34
40.87
43.25
40.71
41.92
NA
41.36
40.88
39.58
41.21
40.81
40.81
39.61
39.71
38.36
41.5
40.99
39.39
39.53
41.15
39.72
41.37
39.71
40.5
39.86
NA
41.37
39.79
40.51
40.02
NA
NA
41.55
40.13
40.39
43.72
40.5
40.6
38.2
40.4
40.92
40.12
38.51
39.41
40.11
NA
NA
40.99
39.79
41.14
40.63
40.26
41.74
NA
NA
41.69
40.29
40.59
40.29
39.99
40.69
40.69
NA
40.13
37.64
39.74
41.09
42.27
39.24
40.48
41.13
42.27
39.23
40.5
NA
NA
NA
NA
41.32
40.38
40.78
40.58
39.88
NA
NA
NA
43.17
41.42
42.87
40.51
42.79
39.73
40.44
38.93
39.83
41.23
39.63
NA
44.13
43.23
45.17
NA
41.5
39.54
40.79
NA
41.7
41.04
41.27
41.44
NA
40.41
41.84
41.84
41.11
40.29
40.69
41.01
40.71
39.61
39.14
42.2
NA
41.33
41.59
40.33
40.83
NA
42.18
41.22
40.61
40.8
42.98
41.48
41.07
40.9
41.65
40.86
41.17
41.97
40.49
40.56
42.69
40.85
40.59
39.55
41.39
42.23
41.83
41.29
39.29
41.09
41.09
43.34
39.54
41.54
40.44
42.34
40.27
39.45
40.33
40.0
41.75
40.27
44.96
NA
NA
NA
NA
NA
NA
NA
NA
NA
42.16
38.72
40.24
38.55
39.48
41.77
41.16
43.81
41.4
41.94
40.25
40.17
40.46
40.77
40.74
40.11
44.32
41.35
40.75
NA
41.75
39.85
38.05
NA
NA
41.18
41.74
39.35
39.8
40.72
40.32
41.02
40.11
40.64
39.6
38.0
NA
38.59
41.42
38.39
NA
42.18
40.54
38.43
NA
38.54
41.42
38.38
NA
42.25
NA
41.45
38.51
40.7
38.43
40.56
41.06
41.46
40.66
43.11
39.59
41.99
40.21
41.27
46.48
43.4
39.87
41.15
41.27
43.86
41.23
43.35
40.26
39.39
42.48
42.71
40.21
39.35
42.44
42.67
39.06
38.53
41.37
39.87
45.27
40.47
41.77
41.36
39.66
38.23
39.68
40.42
39.75
39.86
40.46
40.67
NA
40.78
NA
38.96
38.95
39.47
41.56
41.14
41.43
NA
40.31
38.6
41.4
41.0
39.99
38.53
NA
41.15
NA
38.73
42.09
43.03
42.13
43.07
40.16
NA
40.96
41.06
41.36
40.7
42.61
NA
42.17
40.81
45.52
39.04
43.89
41.72
NA
NA
NA
NA
NA
41.99
NA
40.43
NA
NA
39.19
39.37
NA
NA
NA
41.62
39.44
39.57
39.74
NA
NA
NA
NA
NA
NA
NA
NA
NA
NA