177.56
NA
176.15
176.68
175.0
175.7
175.31
175.7
175.69
176.58
175.14
176.94
175.21
175.5
176.22
175.79
NA
NA
NA
176.46
176.88
175.7
175.57
175.04
176.69
175.1
174.42
NA
NA
175.23
175.17
173.98
176.77
177.5
175.24
NA
176.01
176.23
NA
177.81
NA
174.2
176.41
174.09
177.0
175.61
174.53
176.42
175.72
175.88
NA
175.82
173.77
178.13
173.65
176.64
176.19
176.51
175.88
175.47
175.9
175.51
NA
178.47
176.49
175.54
176.26
175.69
176.25
177.08
176.18
176.68
175.88
176.0
176.24
176.03
176.13
176.52
175.68
175.96
175.1
NA
176.51
175.63
NA
175.32
NA
176.02
176.51
175.93
176.12
175.28
177.1
175.0
178.28
176.29
175.29
175.86
176.1
175.74
175.7
176.12
175.66
174.12
176.17
175.0
179.75
173.94
177.52
176.89
176.95
176.35
177.96
177.8
178.37
177.19
175.81
176.55
175.82
NA
176.4
176.65
NA
175.24
176.17
177.87
176.2
177.32
176.52
175.52
176.22
176.56
176.09
176.54
178.19
174.25
175.04
174.08
175.89
176.84
176.5
NA
175.8
175.85
176.86
177.19
175.82
175.46
174.97
176.42
175.06
173.9
176.05
176.24
177.32
177.49
175.72
176.17
174.96
177.19
NA
175.71
177.0
177.31
176.74
176.82
174.48
175.92
NA
178.34
175.81
176.87
175.84
175.08
175.25
174.96
175.68
176.34
177.76
177.03
175.16
176.09
176.69
176.0
173.75
176.33
176.23
NA
177.3
175.7
178.46
173.74
175.86
178.65
NA
174.77
NA
177.41
175.95
178.22
177.52
175.36
174.85
175.9
175.64
176.48
176.53
176.18
176.39
175.82
174.97
173.99
176.05
176.23
176.38
176.28
178.41
174.28
NA
NA
175.07
176.54
176.37
177.11
174.79
177.48
175.52
176.72
176.49
174.74
173.22
177.4
175.68
176.38
175.09
174.73
176.38
176.46
174.13
175.04
175.76
176.97
174.91
177.67
175.59
NA
175.93
178.68
NA
177.61
NA
178.01
176.12
175.91
175.36
175.76
176.38
174.1
176.03
176.0
NA
176.08
NA
175.91
NA
175.5
173.99
176.32
176.6
177.1
173.41
175.0
177.68
175.66
175.05
176.11
174.33
177.12
178.55
175.94
175.16
177.03
172.54
NA
NA
173.7
NA
172.7
NA
NA
176.06
174.74
175.68
175.68
175.93
176.58
NA
177.02
176.36
175.69
176.61
174.53
175.48
NA
NA
NA
NA
NA
NA
176.67
174.68
176.64
172.99
176.06
175.54
NA
175.23
177.7
175.92
174.81
176.18
176.71
175.38
176.97
176.02
NA
177.05
176.37
NA
175.21
174.76
176.51
175.28
176.11
176.51
174.79
176.45
173.26
174.52
175.42
175.28
176.19
175.41
176.81
NA
NA
NA
NA
175.93
NA
176.21
175.68
174.05
176.89
175.79
176.68
178.02
175.82
176.29
175.7
175.57
175.68
174.57
176.75
175.82
175.52
176.55
175.9
176.34
174.88
NA
174.49
NA
176.03
175.02
176.42
174.6
176.14
176.43
176.64
NA
175.52
NA
172.58
NA
172.79
173.91
174.49
174.66
173.08
175.19
175.79
174.98
175.02
NA
NA
176.17
171.76
176.91
NA
175.11
175.54
176.71
176.5
NA
174.29
176.24
175.78
174.84
174.0
177.29
175.62
175.83
174.93
175.8
176.14
175.52
175.68
176.48
174.96
174.76
176.92
174.85
174.45
175.38
176.65
NA
176.36
175.61
176.79
175.27
174.98
175.65
173.67
175.31
177.77
176.33
174.38
176.21
178.15
NA
NA
175.39
176.72
175.49
175.94
176.09
178.01
176.15
176.55
175.0
176.37
175.15
NA
175.06
NA
173.66
175.57
175.55
175.66
177.36
176.97
176.35
175.49
175.25
176.91
175.01
176.45
174.33
176.81
175.4
NA
175.82
176.33
174.28
175.25
175.35
176.01
177.06
175.69
NA
173.4
175.11
177.05
175.26
177.22
175.51
175.99
176.91
174.29
175.31
176.04
175.64
175.55
176.34
176.13
176.16
177.1
176.88
174.34
176.82
173.33
175.33
176.44
174.66
174.63
177.6
174.13
173.77
177.2
176.62
174.46
175.54
175.2
175.5
176.81
176.73
176.47
NA
175.97
176.71
174.88
176.33
176.21
175.52
177.45
175.52
175.46
175.89
175.69
176.45
175.09
174.54
176.23
176.11
177.23
175.32
175.52
177.19
174.91
174.8
176.2
176.9
176.55
NA
NA
175.04
175.72
177.17
176.01
176.27
175.74
176.89
174.57
173.26
176.51
176.59
176.64
176.92
177.94
177.07
176.16
175.57
176.2
175.98
178.08
175.91
176.35
175.76
NA
176.77
178.76
174.25
176.65
176.7
NA
175.33
177.36
174.82
175.88
174.53
176.45
172.11
174.47
176.69
175.18
175.61
176.11
NA
174.09
NA
175.23
174.8
177.2
175.3
175.96
176.19
176.15
176.16
178.87
175.43
175.44
NA
175.82
174.81
175.4
175.54
176.52
176.51
175.25
176.99
176.28
174.71
177.19
178.34
175.79
176.19
176.53
176.72
175.12
175.7
175.44
172.45
175.22
176.74
175.16
175.21
174.37
174.65
176.31
177.68
174.79
176.18
175.99
175.64
NA
175.41
175.93
176.39
176.77
176.89
175.64
NA
175.7
176.56
176.44
176.31
176.52
173.89
176.59
173.84
176.49
173.73
176.57
NA
176.47
173.69
175.63
175.22
176.77
NA
175.73
174.08
174.47
176.27
177.0
176.8
NA
176.25
176.61
174.44
175.49
NA
175.75
NA
177.43
175.66
174.25
NA
175.41
176.61
174.01
176.31
176.61
NA
176.69
NA
174.72
176.81
176.77
176.12
176.61
172.73
176.34
175.61
174.96
177.21
176.79
175.93
174.6
172.29
175.61
174.86
177.13
176.65
175.8
174.48
172.23
176.76
NA
NA
NA
177.09
175.59
174.57
NA
176.07
177.1
177.7
176.6
NA
NA
NA
NA
NA
NA
175.8
174.3
175.2
173.39
175.65
176.85
NA
NA
NA
NA
NA
NA
NA
NA
NA
NA
175.48
176.51
NA
176.17
NA
176.57
177.19
NA
NA
NA
NA
NA
NA
175.05
175.62
177.08
176.19
176.0
178.49
173.6
176.11
NA
174.15
175.74
178.56
173.69
173.77
NA
NA
NA
NA
NA
NA
NA
176.3
175.4
175.9
174.5
175.7
NA
175.6
NA
NA
NA
NA
NA
174.64
174.45
175.86
177.07
176.03
174.83
NA
177.28
175.57
177.47
177.37
NA
NA
NA
NA
NA
NA
NA
NA
NA
NA
NA
174.17
176.81
176.22
176.4
177.11
176.06
177.19
173.62
178.5
177.63
174.65
174.34
175.95
174.88
174.93
174.51
175.95
176.25
175.25
NA
176.5
NA
NA
NA
NA
NA
NA
NA
177.3
172.71
174.86
176.63
176.81
175.79
175.28
NA
NA
NA
175.23
174.54
176.11
175.35
173.3
177.21
178.56
175.44
175.52
175.72
178.04
NA
NA
NA
NA
NA
NA
NA
NA
NA
174.59
174.43
177.37
176.87
174.57
175.17
176.17
176.97
175.67
NA
179.79
177.13
NA
177.52
NA
NA
175.51
173.86
175.14
174.58
176.32
175.18
176.12
NA
178.08
NA
175.53
176.34
176.02
175.85
NA
177.06
NA
176.36
176.56
175.71
173.45
178.69
176.91
175.79
176.49
175.94
175.52
175.68
176.58
175.5
176.5
174.48
176.18
175.78
NA
NA
NA
NA
175.13
176.86
NA
NA
174.14
175.41
175.13
176.41
173.93
175.97
176.52
NA
NA
NA
NA
175.94
176.69
NA
177.04
NA
175.56
177.79
174.69
177.01
175.46
177.19
175.67
NA
NA
NA
NA
NA
NA
NA
NA
178.23
177.83
176.73
178.23
177.83
176.93
178.22
177.82
176.82
178.22
177.82
176.82
178.32
177.92
177.92
177.32
176.18
176.41
178.17
NA
174.6
176.29
175.14
174.94
NA
NA
NA
174.33
173.11
173.03
176.27
176.68
176.92
175.54
NA
178.52
NA
177.11
176.24
175.11
NA
176.24
177.33
NA
177.68
177.55
176.35
175.55
175.55
175.85
178.05
175.95
177.55
177.55
175.48
177.9
NA
NA
176.37
175.69
175.42
NA
176.7
177.88
176.92
175.77
NA
175.53
177.75
NA
NA
NA
176.38
176.28
NA
178.12
177.22
177.72
177.32
176.12
176.32
177.72
177.52
177.42
176.59
175.88
176.17
175.75
175.69
177.21
NA
176.31
175.55
176.89
179.06
NA
176.41
175.71
176.65
175.89
176.08
NA
174.55
175.89
177.42
NA
176.23
NA
NA
176.56
NA
NA
NA
176.82
174.53
176.75
178.05
176.69
176.3
176.91
176.01
176.26
176.12
NA
NA
NA
NA
NA
NA
177.45
177.25
177.75
177.25
NA
175.95
177.55
178.05
177.35
176.02
174.25
175.16
NA
NA
NA
NA
NA
NA
NA
NA
NA
NA
175.69
NA
NA
NA
NA
176.91
176.01
176.26
176.12
176.06
176.13
177.57
176.84
NA
NA
176.09
175.8
175.41
175.49
176.56
174.84
NA
NA
NA
NA
NA
NA
NA
NA
NA
NA
NA
NA
NA
NA
NA
NA
NA
NA
NA
NA
NA
NA
NA
NA
NA
NA
NA
NA
NA
NA
NA
NA
NA
NA
NA
NA
NA
NA
NA
NA
NA
176.51
177.51
175.44
174.49
177.77
173.83
174.38
NA
NA
NA
NA
NA
NA
NA
NA
NA
175.89
177.12
175.93
173.71
177.25
178.31
175.87
175.02
173.89
176.26
177.27
173.7
174.93
176.85
177.65
174.1
175.65
176.23
173.99
176.36
175.58
173.64
175.02
176.71
177.6
174.28
175.6
175.93
176.73
177.09
177.08
NA
NA
NA
NA
NA
NA
NA
NA
177.34
NA
175.84
177.29
176.62
NA
176.51
NA
174.82
176.34
175.61
NA
NA
NA
NA
NA
NA
NA
176.74
176.39
178.18
175.39
NA
NA
NA
NA
177.83
176.69
177.45
177.61
178.18
NA
NA
176.72
177.72
177.32
176.02
177.92
177.72
178.32
177.72
NA
NA
NA
NA
NA
NA
NA
NA
NA
NA
NA
NA
NA
NA
NA
175.38
NA
177.14
NA
NA
174.99
177.45
176.54
176.22
177.37
177.45
177.21
175.67
176.02
175.53
178.52
175.11
176.86
173.33
NA
NA
NA
NA
NA
NA
NA
NA
NA
NA
NA
NA
NA
175.08
177.46
175.36
NA
177.97
177.46
177.41
175.68
176.02
175.64
178.44
174.98
176.9
176.91
176.9
178.17
176.02
NA
174.93
175.65
NA
NA
NA
NA
NA
NA
NA
NA
NA
NA
NA
NA
NA
NA
NA
NA
NA
NA
NA
NA
NA
NA
NA
NA
NA
176.22
177.72
175.82
176.62
NA
177.42
NA
NA
NA
NA
NA
NA
NA
NA
177.05
174.75
177.67
178.95
176.16
NA
NA
NA
NA
NA
NA
NA
NA
NA
NA
NA
176.13
176.21
169.54
174.36
177.81
NA
NA
NA
NA
173.19
176.5
176.01
174.45
176.22
175.51
172.31
175.31
NA
177.55
NA
NA
NA
NA
NA
NA
NA
NA
NA
NA
NA
177.47
177.28
176.01
175.7
177.21
176.51
NA
NA
NA
NA
NA
NA
NA
NA
NA
NA
NA
NA
NA
179.09
NA
173.49
173.86
177.56
176.49
176.75
174.31
176.81
171.12
174.62
174.62
175.59
174.9
173.88
175.21
176.23
177.59
NA
NA
NA
NA
NA
NA
NA
NA
NA
NA
NA
NA
NA
175.18
174.98
177.88
179.78
175.88
175.68
174.18
177.03
175.52
175.27
175.41
174.89
176.47
175.31
175.07
175.13
176.31
177.42
174.98
NA
175.42
175.51
174.2
178.28
174.42
NA
176.24
177.8
175.86
176.7
176.98
177.52
NA
NA
177.24
175.04
180.14
176.84
175.44
NA
176.14
175.24
177.01
174.03
174.4
175.27
176.81
180.28
176.69
177.24
175.25
175.71
176.63
174.41
NA
NA
NA
NA
NA
NA
NA
NA
NA
175.76
176.02
NA
172.89
176.48
176.38
176.46
NA
NA
NA
NA
NA
175.84
176.94
176.44
176.14
178.14
NA
NA
NA
NA
NA
NA
178.65
174.64
175.64
177.94
175.64
175.34
176.14
179.34
175.44
175.34
173.98
NA
NA
NA
NA
NA
NA
NA
NA
175.14
175.54
177.94
174.44
174.64
177.84
174.64
176.87
176.07
176.47
176.07
176.43
176.13
173.43
176.23
NA
NA
NA
NA
NA
NA
NA
174.53
NA
NA
NA
NA
NA
NA
176.8
177.3
178.8
176.1
176.2
177.5
179.1
176.1
NA
175.46
175.16
176.06
177.26
176.76
176.16
174.66
NA
176.72
176.2
174.97
176.02
176.35
176.16
176.81
177.52
175.25
177.28
177.29
176.25
177.32
178.45
177.15
175.05
176.45
175.7
175.8
174.8
NA
NA
NA
NA
NA
NA
NA
NA
NA
NA
NA
NA
NA
NA
NA
NA
NA
NA
NA
NA
NA
NA
NA
177.49
177.49
176.99
177.49
177.4
175.9
177.8
176.25
178.05
176.95
176.45
178.35
178.15
176.85
176.75
NA
NA
NA
NA
NA
NA
NA
NA
NA
NA
NA
NA
NA
NA
NA
178.94
175.84
NA
NA
NA
NA
NA
NA
NA
NA
NA
NA
NA
175.25
175.95
175.95
176.15
176.25
176.15
176.15
NA
175.28
175.04
174.79
NA
175.4
NA
173.6
173.9
NA
NA
NA
174.96
176.64
175.97
177.32
177.32
177.32
NA
174.96
176.64
175.97
177.32
177.32
177.32
NA
NA
NA
NA
NA
NA
NA
176.85
178.35
175.55
176.65
176.65
176.75
176.05
NA
NA
NA
NA
NA
175.73
178.03
177.63
175.43
174.93
176.73
176.34
176.04
NA
176.74
175.95
174.45
175.15
176.25
173.75
176.45
176.35
176.95
NA
NA
NA
NA
NA
NA
NA
NA
NA
NA
NA
NA
177.35
175.57
177.65
174.92
NA
175.92
175.12
175.22
NA
174.24
177.58
177.28
176.48
175.68
175.28
175.75
174.05
NA
NA
177.02
177.06
175.38
NA
NA
NA
NA
NA
NA
NA
NA
177.02
NA
175.84
NA
NA
176.35
NA
175.27
NA
176.54
176.49
175.54
NA
NA
NA
NA
NA
NA
176.79
177.29
176.69
175.49
176.67
176.97
176.47
175.27
176.44
177.76
173.51
176.07
178.26
175.69
NA
176.19
174.99
NA
NA
NA
NA
NA
174.7
174.52
174.2
177.82
176.16
175.99
176.0
NA
175.85
NA
NA
NA
NA
NA
NA
174.64
174.41
176.07
175.8
175.67
175.33
175.89
175.61
174.69
177.64
176.42
NA
NA
NA
NA
NA
NA
168.35
173.55
176.55
175.45
177.16
176.03
176.8
179.14
174.55
NA
NA
176.05
174.75
177.79
178.01
176.96
177.86
177.79
176.74
NA
NA
NA
NA
NA
NA
NA
NA
NA
NA
NA
NA
174.75
176.35
175.45
176.85
NA
177.58
176.38
177.48
176.38
175.38
175.41
176.21
NA
173.61
NA
NA
NA
NA
NA
NA
NA
NA
NA
178.45
NA
175.95
NA
NA
NA
NA
NA
178.24
174.64
175.74
NA
178.04
NA
NA
NA
176.9
178.78
175.77
175.98
176.41
177.05
177.47
179.03
173.97
NA
174.86
176.3
175.31
175.22
176.21
174.83
175.33
176.92
177.34
NA
175.06
177.91
175.91
175.61
NA
NA
NA
177.47
177.37
176.17
176.47
176.77
178.37
NA
174.97
NA
NA
176.12
179.02
177.05
174.95
174.55
179.35
175.85
175.75
174.55
NA
176.37
NA
175.17
174.57
175.55
176.35
178.75
174.25
175.65
NA
NA
176.0
NA
NA
176.24
178.37
176.52
175.29
NA
177.59
176.59
177.44
176.2
176.47
175.8
176.1
177.26
176.36
174.19
NA
NA
NA
NA
NA
NA
NA
NA
NA
174.25
176.45
175.94
175.81
175.37
175.62
178.23
176.72
177.49
177.67
178.24
173.06
NA
NA
175.23
NA
176.52
175.56
174.24
175.88
175.92
176.36
175.79
176.43
176.33
174.12
176.76
176.09
176.61
176.53
176.83
NA
178.15
177.34
176.67
177.0
NA
NA
NA
176.61
NA
NA
175.88
175.98
NA
NA
NA
NA
NA
NA
NA
NA
177.48
177.0
177.38
NA
NA
NA
NA
NA
NA
NA
NA
NA
NA
NA
NA
NA
NA
NA
NA
NA
NA
NA
NA
NA
176.34
174.74
175.54
174.14
NA
174.74
NA
NA
NA
176.2
174.7
173.03
176.26
175.89
176.14
175.79
175.89
173.89
175.52
175.02
177.11
174.55
174.55
176.05
174.95
176.65
176.25
175.35
177.85
177.45
NA
NA
NA
176.44
177.87
177.12
174.33
NA
176.25
176.45
175.35
NA
175.5
176.63
175.05
NA
NA
NA
NA
175.34
173.57
NA
176.11
NA
174.41
175.51
NA
NA
NA
NA
NA
175.8
NA
NA
NA
NA
NA
NA
NA
NA
NA
NA
NA
NA
NA
175.44
176.75
176.91
175.96
177.54
174.62
NA
NA
NA
NA
NA
174.96
176.16
176.16
175.76
176.06
176.42
174.46
176.66
178.28
176.95
NA
NA
NA
NA
NA
NA
NA
NA
NA
NA
NA
NA
NA
NA
NA
NA
NA
NA
NA
NA
NA
174.86
176.34
177.16
175.37
173.42
176.07
175.11
177.2
176.52
171.41
177.0
176.82
175.72
177.2
175.4
NA
NA
NA
NA
NA
175.12
175.29
NA
NA
NA
174.16
179.29
176.61
174.78
172.35
177.15
176.75
174.65
176.91
NA
NA
176.06
176.42
174.46
176.66
178.28
176.95
176.47
177.97
178.27
174.57
177.67
174.87
175.27
NA
NA
NA
NA
NA
NA
NA
NA
NA
NA
173.85
NA
NA
NA
NA
NA
NA
NA
NA
NA
NA
NA
177.44
174.76
175.96
174.16
176.86
175.96
178.56
NA
174.76
175.5
175.28
175.74
177.44
174.72
176.64
177.27
175.7
177.02
177.83
177.23
176.15
177.08
175.99
NA
NA
NA
175.77
174.88
NA
177.58
177.98
175.15
174.38
NA
NA
NA
NA
NA
NA
NA
NA
NA
NA
NA
NA
NA
NA
NA
NA
NA
NA
NA
NA
NA
NA
NA
176.72
174.75
NA
174.04
174.19
172.16
NA
NA
NA
NA
NA
NA
177.16
177.1
177.54
177.06
178.78
177.18
175.58
NA
NA
NA
NA
NA
177.48
176.01
176.1
NA
NA
NA
NA
NA
NA
NA
NA
NA
NA
NA
176.12
177.08
NA
176.18
175.08
176.18
176.48
176.28
176.78
177.58
175.38
177.08
176.88
176.14
175.76
175.84
175.51
176.31
176.67
175.57
176.87
176.67
175.67
174.66
174.66
175.46
174.06
174.36
174.86
177.46
174.66
174.71
174.93
175.26
177.67
177.34
176.48
176.59
174.81
176.32
177.68
177.13
175.61
175.33
NA
175.63
176.46
177.76
177.16
175.76
175.46
176.06
175.66
NA
177.16
175.47
175.75
177.69
176.06
175.47
175.92
NA
178.65
178.05
NA
177.05
NA
NA
177.05
NA
177.53
176.01
177.31
177.09
175.63
177.12
NA
NA
176.95
174.49
176.51
175.38
NA
175.25
174.11
174.68
175.79
176.52
174.96
176.49
177.68
176.6
175.09
176.54
177.73
NA
NA
NA
NA
176.61
177.01
171.71
177.61
NA
NA
NA
NA
NA
NA
NA
175.29
NA
176.11
174.68
176.28
175.08
174.18
176.08
177.88
NA
NA
NA
NA
NA
NA
NA
NA
NA
175.21
175.45
175.99
174.91
177.19
NA
NA
NA
NA
NA
NA
NA
NA
175.98
NA
175.97
NA
NA
NA
NA
NA
NA
NA
NA
NA
NA
NA
NA
176.52
175.67
NA
NA
NA
NA
NA
NA
NA
NA
NA
NA
NA
NA
NA
NA
NA
NA
NA
NA
NA
175.96
177.26
NA
175.56
176.8
177.5
175.6
176.0
177.5
176.1
177.9
176.6
177.4
NA
NA
NA
NA
NA
NA
175.87
174.77
174.74
176.04
176.87
174.3
178.27
175.95
176.4
176.58
175.88
NA
NA
NA
NA
174.48
175.7
173.35
NA
NA
NA
NA
NA
NA
NA
NA
NA
177.13
176.61
175.84
176.69
175.72
175.07
NA
NA
177.97
176.17
175.47
174.77
176.22
178.76
176.54
179.07
175.68
176.66
177.17
173.66
177.17
176.7
177.17
NA
175.24
177.44
177.24
175.94
NA
174.69
176.17
178.63
176.73
176.33
176.94
176.46
171.35
175.46
174.06
176.46
175.04
176.09
176.72
174.87
NA
NA
NA
NA
NA
NA
NA
NA
NA
NA
NA
NA
NA
NA
NA
NA
174.1
173.39
176.49
176.63
177.62
175.93
174.24
177.76
174.1
175.23
175.93
NA
NA
177.03
175.38
175.58
176.88
174.78
176.18
173.98
176.18
174.98
174.48
175.68
175.98
175.98
176.88
176.68
176.07
176.57
175.37
NA
177.67
176.47
177.47
172.97
176.17
176.47
175.87
NA
174.87
178.37
176.57
175.27
NA
177.67
176.97
177.37
176.27
176.47
175.77
176.07
NA
NA
176.33
175.63
176.13
176.13
175.83
176.61
175.88
176.46
176.46
176.11
175.39
NA
175.31
176.5
176.39
NA
NA
NA
175.49
173.65
176.37
176.39
176.55
172.65
174.64
NA
175.35
177.07
176.65
177.05
176.57
176.44
176.34
176.52
NA
NA
NA
NA
NA
NA
NA
NA
NA
NA
NA
NA
NA
NA
NA
NA
NA
175.87
176.37
175.87
176.67
NA
174.07
176.87
NA
NA
NA
NA
NA
NA
NA
NA
NA
NA
NA
NA
176.81
NA
175.65
175.76
175.57
176.27
175.42
173.97
175.03
NA
174.44
NA
NA
NA
NA
177.03
NA
NA
176.23
NA
NA
NA
NA
NA
NA
175.47
175.7
176.91
NA
NA
NA
NA
NA
NA
NA
176.32
176.7
174.34
175.87
NA
NA
NA
178.33
175.03
NA
175.0
174.7
175.7
NA
178.4
175.2
178.37
177.77
175.78
177.57
176.61
179.28
176.54
NA
176.1
176.0
176.1
174.99
175.32
NA
174.83
NA
171.37
173.79
175.73
176.33
NA
NA
NA
NA
NA
NA
NA
NA
NA
NA
NA
NA
NA
NA
NA
NA
176.19
176.81
NA
NA
NA
175.97
175.21
177.51
176.0
NA
177.69
NA
NA
177.8
178.13
177.05
175.44
175.94
175.74
175.04
NA
176.4
175.3
178.98
175.84
176.54
175.4
175.78
NA
176.87
NA
NA
NA
NA
NA
NA
177.45
175.75
178.55
175.45
NA
173.05
177.85
176.75
176.35
175.71
174.61
176.71
175.11
178.19
177.76
177.13
176.28
177.53
177.46
175.48
177.49
177.62
176.22
176.21
177.17
175.33
176.57
176.21
174.42
176.82
177.34
177.73
175.46
173.63
175.83
176.53
175.83
175.23
NA
NA
NA
NA
NA
NA
NA
NA
NA
NA
NA
NA
NA
178.05
177.48
NA
NA
NA
NA
NA
NA
NA
NA
NA
NA
NA
NA
NA
175.66
175.83
176.43
176.72
NA
NA
NA
177.21
175.61
177.11
176.8
176.8
175.3
177.5
176.3
176.8
176.1
178.74
176.95
175.04
176.55
177.19
176.76
NA
176.46
NA
177.34
175.84
175.93
179.01
NA
NA
175.11
177.2
NA
174.49
177.49
176.66
175.56
176.26
NA
174.96
177.47
177.17
175.55
177.74
176.37
177.6
178.07
177.41
NA
NA
NA
NA
175.76
175.03
174.82
176.45
NA
NA
NA
NA
NA
NA
NA
176.42
177.27
176.37
176.36
174.63
173.93
177.53
176.03
177.83
173.83
175.73
175.63
175.13
174.87
179.47
175.58
NA
NA
NA
NA
NA
175.98
176.87
174.58
175.44
176.03
175.59
175.79
175.94
175.94
175.82
175.58
175.59
NA
176.24
176.04
NA
NA
NA
178.37
175.48
175.92
174.28
176.1
175.77
NA
178.53
NA
NA
NA
173.78
174.77
173.42
177.32
NA
176.04
176.1
176.56
173.54
175.6
177.4
175.66
174.8
174.14
177.14
177.35
178.24
176.84
174.12
NA
NA
174.94
173.74
NA
175.67
173.07
175.33
NA
177.35
175.85
175.05
177.35
NA
175.76
176.43
174.0
174.66
176.49
175.74
NA
NA
173.75
173.8
177.22
177.3
173.5
NA
178.0
181.95
NA
NA
NA
NA
NA
NA
NA
NA
NA
173.98
176.98
176.58
177.08
175.39
176.12
176.78
176.33
177.63
175.23
175.83
176.82
177.09
177.69
177.49
176.19
177.89
177.69
178.29
177.59
176.05
174.05
175.39
175.83
175.08
175.31
173.84
175.47
180.42
176.87
178.6
178.54
176.49
175.33
176.03
176.64
181.05
175.74
174.44
175.14
175.74
176.34
176.34
176.24
176.14
178.64
174.64
NA
177.27
175.7
NA
177.83
177.23
176.15
NA
NA
175.89
177.39
174.69
176.73
174.43
175.23
177.93
NA
NA
NA
NA
NA
NA
NA
NA
NA
NA
NA
NA
173.5
172.19
176.13
174.57
175.47
174.37
173.77
175.37
175.27
176.67
175.87
176.37
176.73
175.93
176.69
175.91
176.49
177.87
178.25
176.11
NA
177.23
175.41
177.88
178.41
176.01
174.71
178.01
175.91
175.81
177.11
177.01
NA
NA
NA
175.2
175.2
NA
177.65
174.5
172.15
171.92
177.75
NA
NA
NA
NA
NA
NA
NA
NA
NA
NA
175.76
176.96
176.86
177.06
176.26
176.96
175.75
175.95
175.05
177.95
175.85
176.25
177.05
177.15
176.58
175.18
176.58
174.98
175.18
174.18
176.08
174.38
174.38
175.58
175.38
NA
175.48
175.18
177.88
175.98
175.98
175.28
NA
NA
177.5
176.11
175.11
NA
176.21
176.14
176.79
175.78
174.08
NA
177.36
177.46
176.23
175.82
175.94
175.2
174.97
176.11
NA
177.24
176.09
177.44
176.24
176.49
NA
174.79
174.79
173.89
175.19
176.29
NA
175.44
174.84
174.14
173.74
175.84
NA
176.66
175.06
176.26
176.43
177.27
177.16
177.44
176.75
175.6
178.55
177.19
176.59
174.95
177.19
176.03
NA
NA
NA
173.96
175.2
NA
174.14
NA
NA
NA
NA
177.35
175.85
175.05
177.35
176.62
175.72
176.56
174.86
174.16
177.46
175.36
178.36
177.32
176.45
175.19
176.49
175.08
176.13
176.0
175.1
175.44
176.38
175.58
176.38
177.08
175.36
174.65
173.44
NA
175.86
175.96
176.86
175.1
173.21
174.41
175.79
175.63
176.58
NA
175.87
175.34
175.62
176.32
177.58
176.99
178.19
176.97
NA
NA
NA
177.05
176.65
177.85
175.45
177.65
NA
176.45
176.65
177.75
NA
175.4
177.3
NA
175.3
176.8
176.3
176.9
176.1
175.6
176.3
178.5
NA
178.05
178.25
NA
177.95
177.55
NA
178.11
178.21
NA
177.9
178.2
NA
178.15
178.45
NA
177.97
178.17
177.03
174.43
176.73
NA
NA
NA
175.63
174.93
NA
NA
NA
NA
NA
NA
NA
NA
NA
NA
NA
NA
NA
NA
NA
NA
NA
NA
NA
NA
NA
NA
NA
NA
NA
NA
NA
NA
NA
NA
NA
NA
175.5
175.32
174.99
177.29
175.73
174.89
NA
176.81
175.61
175.21
176.41
177.31
177.11
176.31
NA
NA
NA
NA
NA
174.17
NA
177.73
NA
175.68
NA
177.05
175.89
NA
NA
177.33
177.28
NA
177.97
175.31
173.86
175.13
NA
NA
176.16
175.91
176.99
176.71
176.5
NA
176.97
174.87
NA
175.65
177.14
176.83
175.35
NA
NA
NA
NA
NA
NA
174.1
174.0
NA
NA
NA
NA
NA
NA
NA
175.96
NA
NA
174.88
176.31
175.53
177.45
NA
NA
NA
NA
NA
NA
176.31
NA
174.91
NA
176.71
NA
NA
176.5
178.1
NA
NA
176.65
175.99
176.08
176.29
175.99
175.89
179.09
178.69
177.39
175.23
176.43
177.02
176.5
NA
NA
NA
NA
NA
NA
NA
NA
NA
177.03
175.58
174.72
177.55
174.96
177.37
NA
NA
NA
NA
175.5
175.68
175.51
176.0
175.8
NA
NA
NA
NA
173.67
173.97
175.01
174.5
175.06
175.43
176.92
175.4
175.34
177.28
177.52
175.7
NA
NA
NA
NA
NA
NA
NA
176.07
177.22
NA
178.13
177.41
175.34
179.14
175.44
176.24
178.14
176.84
174.34
178.84
179.84
NA
NA
NA
NA
NA
180.16
NA
NA
NA
173.63
177.41
176.41
NA
177.41
174.52
176.15
176.15
175.61
175.69
176.01
175.03
NA
NA
175.66
175.84
176.08
175.12
NA
NA
NA
175.09
175.89
177.69
177.01
176.21
174.31
178.71
174.31
NA
NA
177.31
177.01
NA
175.91
174.91
175.58
NA
NA
176.88
177.58
174.28
175.82
175.19
176.81
176.3
177.1
177.4
174.9
175.8
176.6
175.9
173.0
NA
NA
NA
NA
176.86
174.75
175.82
174.32
174.02
173.12
172.74
174.4
174.14
177.01
176.66
176.45
174.67
174.84
175.46
NA
174.8
174.93
177.9
NA
174.87
174.8
175.46
NA
174.51
174.95
177.37
NA
174.91
176.56
177.56
176.31
177.03
175.33
175.43
176.19
176.49
175.99
177.46
NA
176.7
177.19
174.82
175.52
176.83
177.12
176.74
178.05
176.67
NA
177.48
178.48
178.48
176.88
176.28
176.98
NA
NA
NA
NA
NA
NA
NA
NA
NA
NA
175.9
NA
NA
NA
NA
NA
NA
NA
NA
177.04
175.68
179.36
178.35
NA
176.47
175.95
177.25
174.69
175.8
179.19
173.54
174.78
177.17
171.85
172.74
172.01
175.68
NA
173.8
172.76
174.64
175.81
NA
173.52
176.38
NA
177.1
178.64
173.85
176.34
NA
177.34
176.61
NA
NA
175.6
177.75
176.66
174.8
175.71
177.34
178.0
177.4
177.21
173.71
173.81
177.11
176.21
177.21
175.61
174.83
176.14
177.07
175.29
NA
NA
NA
NA
174.0
177.05
176.21
174.86
174.75
175.59
NA
175.23
176.23
178.2
NA
175.0
NA
175.26
NA
176.06
174.66
175.06
NA
NA
NA
NA
NA
NA
NA
NA
NA
174.29
175.29
175.49
178.09
174.49
175.79
176.89
173.83
NA
172.83
174.53
NA
NA
176.46
177.26
176.76
174.96
175.76
177.16
175.76
177.55
176.87
173.37
176.07
177.41
NA
174.15
172.75
177.4
174.85
177.86
176.06
175.75
NA
NA
NA
NA
NA
NA
NA
NA
176.79
176.02
175.32
177.6
176.5
NA
175.51
NA
177.38
NA
NA
NA
176.07
175.99
177.77
NA
NA
175.32
175.82
175.42
175.45
176.3
176.6
175.6
177.8
NA
NA
NA
NA
NA
NA
NA
176.88
175.88
177.58
174.18
175.18
175.47
177.61
175.45
176.66
176.22
175.16
176.64
176.71
175.37
175.47
175.37
175.57
175.97
NA
176.17
176.27
176.81
175.71
NA
177.05
177.99
174.49
174.29
178.89
174.49
NA
176.7
172.02
170.02
NA
NA
174.93
176.65
174.86
NA
179.42
NA
172.52
176.79
175.12
177.07
177.88
175.97
174.28
NA
NA
NA
NA
NA
NA
176.2
173.7
174.85
176.21
174.86
175.3
175.89
175.09
175.15
176.85
NA
NA
NA
NA
NA
NA
NA
NA
NA
NA
NA
NA
NA
NA
176.5
NA
177.76
NA
176.5
177.11
176.99
176.05
NA
NA
177.03
175.03
176.35
175.52
175.27
176.87
177.27
175.27
174.57
174.97
177.57
177.77
175.67
NA
177.83
NA
NA
NA
175.79
176.25
NA
NA
NA
172.06
176.86
175.76
178.86
176.46
177.36
177.06
176.46
174.26
NA
NA
NA
NA
NA
NA
NA
NA
NA
NA
NA
NA
NA
NA
NA
NA
NA
176.23
176.56
175.17
174.77
173.27
175.77
175.37
175.47
NA
177.87
NA
175.2
NA
176.24
176.15
NA
174.72
176.02
NA
175.92
176.92
NA
175.64
177.33
180.06
NA
NA
176.58
177.37
NA
NA
176.59
176.09
NA
177.59
NA
NA
NA
177.99
177.41
177.78
NA
NA
NA
NA
NA
NA
NA
NA
176.79
176.38
175.48
176.31
174.21
177.21
175.79
177.17
175.64
176.69
177.54
177.16
177.62
174.35
173.03
175.42
176.53
174.9
172.59
NA
174.35
NA
176.21
176.88
NA
175.03
175.57
NA
NA
NA
NA
NA
NA
NA
NA
NA
174.88
178.52
174.9
176.58
174.21
175.56
175.19
175.5
174.89
175.29
175.19
175.69
NA
176.59
176.09
NA
NA
NA
174.05
177.03
NA
177.23
175.03
176.04
176.76
175.46
NA
NA
NA
NA
NA
NA
175.29
176.35
174.1
176.34
180.34
NA
175.37
NA
176.35
174.67
NA
NA
NA
176.91
174.71
176.01
176.21
NA
174.53
176.41
175.47
176.27
176.57
176.12
175.37
173.17
178.45
176.69
177.2
175.05
175.47
177.2
176.17
NA
174.42
NA
NA
NA
175.91
NA
177.05
177.55
175.35
175.45
175.52
173.14
175.78
175.67
176.28
175.03
178.4
172.37
174.68
175.57
175.47
170.97
173.47
176.77
NA
176.92
175.51
173.6
175.94
175.34
176.14
NA
176.58
175.48
175.87
177.37
179.07
NA
NA
NA
NA
NA
NA
NA
NA
NA
NA
NA
NA
NA
NA
175.69
175.49
176.49
174.79
175.49
175.47
174.52
176.46
178.26
176.86
178.76
177.18
175.53
177.34
175.89
175.79
174.79
176.49
174.69
175.49
175.26
176.56
173.9
173.88
176.84
177.45
176.47
176.42
175.8
NA
175.68
176.62
176.11
177.8
176.41
176.11
NA
181.33
NA
NA
NA
175.74
176.64
175.94
175.84
176.14
175.64
176.8
173.2
176.8
175.8
175.6
175.85
176.98
NA
174.58
NA
175.1
174.7
177.3
176.3
175.35
176.34
176.55
175.57
177.73
176.6
174.79
175.7
177.38
177.98
177.48
177.21
177.16
NA
NA
175.54
176.27
NA
NA
NA
NA
NA
NA
NA
NA
NA
NA
NA
NA
NA
NA
NA
NA
NA
NA
NA
NA
NA
NA
NA
NA
176.78
NA
NA
NA
NA
NA
175.67
176.37
176.17
177.47
176.37
NA
178.37
174.15
174.73
176.05
176.75
175.78
NA
NA
NA
176.5
176.11
176.71
178.98
178.6
174.49
NA
NA
NA
NA
NA
NA
175.08
NA
173.58
174.58
175.08
177.98
178.38
174.78
173.68
175.91
NA
177.43
177.46
175.0
179.41
177.77
NA
174.84
174.55
NA
174.11
177.08
NA
NA
NA
NA
175.62
175.94
177.78
NA
176.25
176.85
177.07
177.15
176.93
175.39
NA
176.28
175.87
172.9
174.89
174.87
NA
176.14
NA
178.28
176.35
174.75
178.42
175.32
NA
177.61
NA
NA
NA
NA
173.71
174.21
176.41
176.61
NA
NA
177.8
179.6
NA
NA
NA
175.29
176.79
NA
NA
NA
NA
NA
NA
NA
NA
NA
NA
NA
NA
NA
NA
176.92
175.69
176.49
176.19
NA
NA
176.34
176.64
NA
NA
175.76
175.49
NA
NA
NA
NA
NA
NA
NA
NA
174.65
176.09
176.82
177.06
177.13
176.08
175.48
175.8
176.11
177.11
176.71
NA
175.61
NA
174.93
175.59
179.45
176.91
174.47
176.1
176.8
177.2
177.2
175.82
175.89
176.62
175.69
174.41
NA
174.69
177.7
176.54
176.84
175.97
176.17
NA
175.32
175.02
174.92
175.52
176.62
175.22
176.62
175.15
174.55
174.55
175.55
176.75
174.95
176.55
176.94
174.23
174.36
NA
NA
NA
NA
NA
177.33
175.3
175.49
177.04
176.5
175.9
NA
NA
NA
176.19
NA
175.19
174.99
NA
NA
NA
177.02
NA
176.05
175.9
NA
177.57
177.97
175.17
175.63
178.23
175.73
NA
NA
NA
NA
NA
NA
NA
NA
NA
NA
177.52
176.11
174.63
174.64
176.31
177.18
NA
NA
NA
NA
173.83
176.28
NA
NA
176.58
174.68
174.99
173.52
176.99
NA
NA
NA
175.87
176.38
176.51
175.1
177.6
177.38
177.75
176.48
176.53
177.62
178.2
177.53
NA
NA
NA
NA
NA
NA
NA
NA
NA
NA
NA
NA
NA
NA
NA
NA
NA
NA
NA
NA
NA
NA
NA
NA
NA
NA
NA
NA
177.23
NA
NA
176.42
176.17
176.77
175.89
178.64
NA
NA
175.63
NA
175.13
173.53
176.22
NA
175.64
177.37
176.41
NA
174.41
175.4
176.0
NA
NA
NA
NA
175.65
176.99
177.21
178.69
175.83
177.13
177.33
176.74
175.34
NA
NA
NA
175.88
175.67
175.38
174.61
175.65
177.57
173.91
176.44
174.55
177.63
176.18
NA
174.96
178.81
173.39
175.83
177.25
174.94
NA
NA
NA
NA
NA
NA
NA
NA
NA
175.0
NA
NA
NA
NA
NA
175.57
176.84
NA
176.62
173.74
NA
177.46
NA
NA
NA
NA
NA
NA
NA
175.67
176.31
174.51
176.11
NA
NA
NA
NA
NA
176.54
175.37
175.82
175.78
174.19
176.24
176.1
175.35
174.84
176.33
175.88
175.57
176.15
175.06
175.71
NA
174.61
NA
175.58
175.79
175.72
175.08
175.71
175.86
176.51
177.06
NA
176.28
NA
173.64
175.34
174.64
177.07
173.27
174.77
177.37
175.37
176.17
175.17
176.57
176.24
177.64
174.99
176.49
176.42
176.77
177.13
174.36
175.77
176.21
178.53
177.49
176.26
176.59
176.37
176.48
175.65
175.54
176.37
176.7
175.56
177.51
177.76
176.68
174.25
176.07
176.4
178.18
177.66
174.89
174.37
178.37
177.43
177.05
175.99
173.37
NA
173.49
175.62
174.9
175.95
176.68
175.38
174.48
176.76
175.09
176.95
NA
NA
NA
176.18
177.19
176.16
175.95
NA
NA
NA
NA
NA
NA
NA
NA
174.67
176.25
NA
NA
NA
175.28
174.69
NA
173.86
176.36
176.8
175.85
NA
178.07
176.54
175.6
176.47
NA
NA
NA
NA
176.42
175.5
176.08
NA
NA
NA
176.13
176.81
NA
174.98
175.49
178.12
178.09
175.54
176.67
NA
174.67
NA
176.59
176.3
178.02
175.14
NA
NA
NA
NA
NA
NA
NA
NA
NA
NA
NA
NA
NA
NA
NA
NA
NA
NA
NA
NA
NA
NA
NA
NA
175.55
178.21
176.58
175.84
175.6
175.7
178.52
NA
176.83
NA
NA
173.77
NA
176.53
176.02
175.25
175.16
176.44
176.41
177.56
175.63
174.62
176.52
175.66
175.86
NA
175.76
174.04
177.15
177.2
176.86
NA
NA
176.39
176.2
NA
175.85
172.8
174.35
NA
NA
NA
NA
NA
NA
NA
NA
NA
176.47
NA
NA
175.86
NA
175.86
176.16
176.86
174.56
178.96
176.77
NA
175.04
175.72
173.22
175.81
NA
NA
NA
NA
NA
NA
NA
NA
NA
NA
NA
NA
NA
NA
NA
176.73
175.13
175.83
NA
NA
NA
173.13
NA
NA
176.83
NA
NA
175.22
174.82
175.72
175.62
175.32
176.52
NA
175.92
176.42
NA
177.7
177.49
176.36
176.66
175.71
171.88
176.96
176.11
178.38
178.63
177.17
171.93
171.47
177.09
174.57
175.63
175.99
174.31
NA
178.23
180.73
177.25
NA
NA
NA
NA
NA
NA
NA
175.81
177.34
176.1
175.04
177.04
178.05
176.09
175.09
176.89
NA
176.18
NA
174.96
178.81
173.39
175.83
NA
NA
NA
NA
NA
NA
NA
NA
NA
NA
NA
NA
NA
NA
NA
NA
NA
NA
176.63
174.76
175.88
NA
175.93
176.43
NA
NA
NA
178.11
169.63
NA
NA
175.63
176.83
176.75
175.18
176.8
177.96
176.76
NA
NA
NA
NA
NA
174.44
NA
178.37
176.1
NA
NA
NA
NA
NA
NA
NA
NA
NA
NA
NA
NA
NA
NA
174.05
176.12
176.64
174.81
175.6
175.6
NA
NA
176.03
178.18
177.17
175.77
177.69
175.41
176.73
175.81
NA
176.32
176.02
174.32
176.22
175.22
176.72
175.97
NA
NA
NA
NA
NA
NA
NA
NA
NA
174.14
174.54
174.2
173.03
176.04
176.06
175.26
175.86
179.96
174.89
174.03
177.7
177.49
NA
176.54
176.02
NA
NA
NA
NA
NA
176.31
177.24
175.1
NA
175.96
NA
176.25
175.95
176.53
NA
NA
NA
175.71
177.88
175.93
175.72
175.78
176.59
175.32
176.88
175.81
177.32
174.25
NA
176.28
177.29
176.72
179.02
175.37
177.45
175.33
NA
NA
NA
NA
NA
NA
176.5
176.2
175.3
176.4
NA
176.0
176.58
175.2
175.79
174.58
175.41
175.85
176.07
176.51
178.05
174.38
176.07
NA
NA
176.69
NA
175.92
176.2
176.34
177.35
176.06
176.76
177.04
176.03
176.27
NA
NA
NA
176.51
NA
175.31
176.31
177.74
NA
173.8
176.8
172.8
175.82
175.72
176.51
174.46
173.65
178.22
175.97
176.38
176.16
175.38
175.92
177.4
175.86
175.34
173.78
179.41
177.99
175.67
174.53
176.74
NA
176.96
175.96
177.0
176.09
175.96
177.01
176.59
177.66
175.53
174.86
177.18
173.85
177.64
174.66
NA
NA
NA
NA
NA
NA
NA
NA
176.86
176.56
175.16
173.62
176.28
174.31
174.85
176.73
NA
173.89
176.16
176.4
176.36
174.87
176.16
174.76
176.35
176.94
175.7
175.73
177.05
177.33
NA
NA
176.57
174.02
173.26
178.93
173.95
176.46
172.46
176.72
NA
175.87
175.48
NA
NA
NA
NA
NA
NA
NA
NA
NA
NA
NA
174.4
NA
NA
NA
NA
NA
NA
NA
NA
NA
NA
NA
175.25
NA
NA
NA
177.11
176.71
179.51
175.91
175.28
175.59
176.77
174.67
175.77
175.07
175.67
178.23
176.99
179.51
178.76
175.97
178.27
177.0
179.5
178.73
175.95
NA
NA
NA
NA
NA
176.22
176.52
176.72
177.72
175.95
177.05
174.39
174.39
175.09
175.59
173.4
176.7
176.36
NA
NA
NA
NA
NA
NA
NA
NA
NA
NA
NA
NA
NA
NA
NA
NA
NA
NA
NA
NA
NA
NA
NA
NA
NA
177.34
177.0
NA
NA
NA
177.22
176.42
174.92
178.02
175.89
179.19
NA
176.02
174.67
174.45
175.35
175.7
177.44
NA
NA
NA
NA
NA
NA
NA
NA
NA
NA
176.85
NA
175.05
NA
176.37
176.62
NA
NA
NA
176.9
175.99
NA
174.81
174.31
NA
175.48
NA
174.98
NA
NA
176.27
176.59
175.61
175.9
175.85
NA
NA
175.73
177.78
175.15
177.07
177.68
175.81
NA
NA
NA
174.72
175.36
175.81
174.76
175.73
174.72
175.55
177.32
176.16
NA
NA
NA
NA
NA
NA
NA
NA
NA
NA
176.33
NA
NA
NA
NA
NA
NA
NA
175.83
177.79
176.67
174.76
175.68
177.35
177.97
177.44
177.2
NA
NA
NA
NA
NA
NA
NA
NA
NA
NA
NA
NA
NA
175.93
175.94
NA
NA
176.14
174.94
NA
NA
173.84
176.64
NA
175.05
176.02
NA
174.58
NA
174.65
177.31
178.62
NA
176.39
NA
177.0
NA
174.8
173.8
175.77
NA
177.6
179.67
NA
NA
NA
NA
NA
NA
NA
NA
176.37
175.31
175.22
175.31
NA
175.59
178.39
176.59
NA
177.23
177.46
176.48
173.96
NA
173.39
175.97
174.85
171.12
175.51
176.09
174.91
NA
NA
NA
NA
NA
NA
NA
NA
175.76
176.52
NA
NA
NA
NA
NA
176.01
174.06
176.01
176.01
177.57
176.01
175.62
176.79
177.18
174.78
175.16
NA
176.41
175.71
176.65
176.59
176.19
NA
NA
NA
NA
NA
NA
NA
NA
NA
NA
NA
NA
NA
NA
NA
NA
NA
NA
NA
NA
NA
NA
NA
177.19
NA
176.37
174.1
176.99
173.82
177.39
176.02
NA
NA
NA
NA
176.42
177.72
175.32
177.92
177.22
177.2
175.8
NA
NA
NA
175.8
177.5
177.9
177.2
175.95
NA
NA
NA
NA
175.95
177.55
175.35
177.75
177.15