40.04
39.29
41.53
40.06
38.6
41.11
NA
41.11
39.73
40.06
40.49
NA
NA
40.25
40.45
41.65
40.22
41.48
40.33
40.5
40.06
43.48
40.61
42.22
41.19
40.82
40.34
41.22
41.67
39.8
41.17
41.43
39.39
41.47
40.14
40.54
39.88
40.89
41.5
41.65
41.14
NA
40.18
41.66
41.26
39.78
40.87
40.49
42.22
41.71
39.51
40.61
41.78
41.18
NA
40.61
39.49
39.78
40.9
42.88
41.48
40.93
39.41
43.49
39.67
40.02
40.93
40.19
NA
39.77
42.71
40.28
40.49
40.44
40.94
40.85
40.31
41.42
41.41
40.12
NA
40.26
42.03
40.43
40.74
40.38
38.85
39.76
41.45
NA
40.49
NA
43.49
41.08
40.53
40.68
41.5
39.57
40.23
40.39
41.47
NA
NA
NA
NA
39.48
43.25
43.84
39.95
38.74
42.03
40.8
39.69
41.89
NA
40.4
39.95
41.6
40.53
40.48
43.68
41.19
40.36
39.89
41.14
40.24
40.93
40.56
39.75
NA
41.03
NA
40.18
39.93
39.84
41.15
40.37
NA
39.35
40.73
41.37
41.61
42.34
39.69
41.18
NA
38.55
41.72
39.52
39.97
39.77
39.85
40.88
40.47
40.51
41.25
NA
41.47
40.52
40.5
40.79
39.43
40.06
40.26
42.16
40.56
40.05
40.55
40.71
40.22
40.01
40.05
40.42
39.85
39.62
NA
39.87
40.39
39.89
40.68
40.12
40.72
40.85
40.57
40.91
40.46
40.63
40.35
40.03
40.62
40.64
39.76
40.0
41.42
NA
39.78
40.75
40.55
40.26
41.38
40.28
42.21
NA
39.88
42.49
40.09
NA
41.77
40.78
41.4
40.46
40.11
40.51
42.96
41.13
39.29
41.11
40.21
40.59
41.12
40.37
40.74
40.14
40.72
40.68
40.04
40.29
40.27
40.54
40.0
40.58
40.96
39.61
39.53
40.71
41.08
41.91
40.06
40.68
40.04
40.93
40.77
40.71
41.5
40.55
41.53
40.54
41.46
40.54
41.48
40.55
41.49
40.54
40.61
39.93
40.34
40.43
41.1
40.31
41.21
39.61
39.15
40.95
40.91
NA
41.27
38.7
41.29
39.86
41.07
NA
41.54
NA
41.37
39.97
38.99
39.79
39.74
39.67
NA
39.74
40.12
NA
39.74
39.68
39.09
40.35
39.22
39.86
NA
39.54
40.33
39.38
40.28
NA
NA
39.63
NA
NA
NA
39.87
40.0
39.58
40.23
39.61
40.39
NA
39.59
48.02
NA
40.37
NA
NA
NA
NA
40.46
39.69
NA
40.06
40.45
40.04
NA
40.05
39.66
38.82
39.54
40.36
41.68
39.45
41.48
40.28
40.86
39.55
NA
NA
NA
40.84
39.13
40.6
38.47
42.49
40.5
39.76
40.95
41.44
42.07
41.16
NA
NA
40.72
40.32
NA
42.02
40.36
40.33
40.44
39.68
41.63
NA
NA
NA
41.47
41.58
39.59
NA
NA
NA
NA
NA
40.87
42.27
40.26
41.26
42.36
40.06
41.19
39.76
40.5
39.87
40.14
39.39
39.33
41.05
40.92
38.8
40.2
40.21
42.27
40.21
39.65
39.7
39.91
39.4
39.93
39.9
41.7
40.9
41.1
39.6
42.2
NA
NA
40.25
40.48
40.25
38.61
41.14
39.94
39.74
40.24
39.74
39.54
40.82
39.91
40.85
41.15
40.25
40.45
41.34
39.86
40.26
40.12
40.0
41.71
39.41
41.16
39.97
41.22
38.96
39.9
40.55
41.3
39.32
40.89
41.28
40.12
40.0
41.71
39.41
41.16
39.97
NA
NA
NA
NA
NA
NA
39.48
40.84
40.37
40.76
41.59
41.26
40.28
39.59
NA
NA
NA
NA
NA
NA
NA
NA
NA
NA
NA
NA
NA
NA
NA
NA
NA
NA
NA
NA
38.95
37.14
NA
NA
NA
39.7
40.34
40.66
39.4
40.5
40.61
38.5
39.7
39.93
40.73
40.36
40.42
40.07
41.97
40.7
NA
40.4
39.9
41.2
40.6
NA
NA
NA
40.5
39.0
40.07
40.26
38.49
39.45
40.27
40.57
40.99
41.23
41.05
39.47
39.71
38.73
41.16
40.05
41.48
NA
42.13
40.93
39.48
43.23
40.12
38.7
40.17
40.3
38.37
39.37
40.47
40.66
39.49
40.93
39.78
40.09
40.15
39.98
40.22
39.86
39.86
40.51
38.54
38.46
41.75
41.68
41.79
41.64
41.64
39.67
39.51
40.24
41.59
40.5
40.06
37.27
38.91
40.81
38.78
38.68
38.81
40.87
39.14
38.66
41.07
41.07
40.38
41.12
39.44
39.25
40.48
37.38
40.36
NA
39.71
NA
39.72
42.26
40.07
39.81
40.0
NA
39.77
NA
NA
NA
41.54
38.47
41.42
37.93
40.54
42.84
39.87
NA
NA
NA
NA
NA
NA
39.83
42.41
41.15
42.08
40.43
40.45
NA
40.68
40.2
NA
40.74
42.28
39.65
NA
40.63
40.24
NA
40.76
42.44
39.79
NA
40.82
40.17
40.69
40.82
41.86
39.79
41.02
39.89
41.52
41.21
39.18
39.85
39.35
39.01
39.57
39.15
40.66
40.53
40.68
40.55
39.78
39.62
40.53
39.34
41.7
39.36
41.07
43.59
40.39
40.22
40.87
41.63
40.41
41.07
43.59
40.39
40.22
40.87
41.63
40.41
41.13
43.44
40.42
40.2
41.11
41.42
40.44
41.12
43.34
40.28
40.21
41.1
41.58
40.48
41.05
43.26
40.45
40.16
40.82
41.7
40.46
38.93
40.1
39.78
NA
NA
NA
NA
NA
NA
NA
NA
NA
NA
NA
NA
NA
NA
NA
NA
NA
NA
NA
NA
NA
NA
NA
NA
39.7
42.41
39.55
43.35
40.25
NA
39.49
39.94
41.77
40.73
NA
NA
NA
41.74
39.68
40.64
41.75
NA
NA
NA
NA
40.12
40.05
40.18
41.41
40.52
41.35
40.11
39.89
40.67
40.83
40.8
40.54
40.73
45.44
40.97
42.5
41.16
39.85
39.97
39.59
34.22
40.48
40.58
40.12
40.4
44.97
40.48
42.26
40.7
39.56
39.13
39.86
40.78
41.6
40.4
41.39
40.19
40.03
41.57
41.59
NA
NA
NA
42.07
41.37
41.47
41.86
41.85
38.88
39.69
39.69
NA
NA
42.38
NA
42.22
40.11
40.91
40.12
41.21
38.76
40.03
39.39
NA
NA
NA
NA
NA
40.53
39.32
39.71
40.26
NA
NA
NA
40.5
39.0
41.3
40.1
41.21
40.46
39.06
39.96
40.06
41.37
40.37
44.27
44.47
39.97
40.31
40.31
39.81
42.01
40.35
40.14
41.59
37.69
39.39
39.59
39.19
42.63
40.01
NA
38.41
40.01
40.51
38.61
40.51
40.51
37.81
39.61
40.91
39.57
40.0
39.9
40.45
40.25
40.15
41.31
38.61
40.81
NA
41.7
39.33
42.4
41.83
40.04
41.04
40.84
40.85
39.95
39.65
39.33
40.9
39.85
40.07
41.69
40.14
40.42
39.9
42.04
43.01
40.47
40.49
39.48
38.35
38.44
38.93
38.98
40.25
NA
NA
NA
38.93
38.93
NA
40.33
39.93
39.93
40.53
40.53
41.83
39.53
40.18
39.88
41.18
40.32
40.01
40.41
39.88
40.27
40.22
39.88
39.07
40.39
39.59
39.81
39.81
39.91
41.01
39.61
40.51
41.21
39.11
40.91
40.88
40.44
NA
38.85
38.36
40.72
39.45
39.64
41.22
NA
39.78
39.8
40.77
39.71
41.68
40.81
NA
41.22
43.3
39.67
40.71
40.71
40.71
40.61
40.01
39.91
40.91
41.81
NA
NA
42.44
NA
NA
NA
42.2
42.16
42.08
42.1
42.34
42.12
41.98
39.94
41.34
39.64
39.84
41.65
41.62
41.14
40.94
42.44
40.67
39.87
40.67
40.7
39.77
39.99
NA
NA
41.03
40.49
40.96
41.9
NA
NA
NA
NA
40.43
44.03
38.53
40.87
40.65
39.65
41.25
41.25
40.05
38.85
40.51
39.58
40.98
40.03
39.8
39.33
44.04
39.57
41.69
40.5
39.57
39.56
41.9
39.99
40.96
40.36
39.63
NA
39.38
39.19
NA
NA
NA
NA
NA
NA
NA
NA
41.55
40.22
40.14
39.83
41.7
39.57
40.71
39.66
41.96
38.77
39.79
NA
41.05
40.75
40.95
40.25
41.05
38.55
40.25
40.82
41.92
39.32
39.32
39.96
41.07
41.17
40.47
40.62
41.42
NA
39.14
40.95
39.99
41.92
39.94
NA
39.65
41.45
40.95
40.48
41.18
39.78
41.58
NA
41.24
NA
40.32
42.76
39.93
40.58
40.28
41.08
41.48
40.81
43.5
40.71
NA
40.32
39.37
39.77
41.43
38.98
40.52
39.01
39.71
39.71
40.97
40.05
NA
NA
NA
NA
NA
NA
41.75
40.05
40.75
39.44
NA
NA
40.29
39.91
39.81
38.64
39.78
40.65
40.35
41.35
41.65
39.97
40.73
40.46
40.64
41.2
39.84
39.93
42.33
39.98
40.38
39.18
41.01
42.86
40.83
42.15
41.34
NA
37.0
40.54
40.34
41.04
41.64
42.75
40.85
40.23
41.02
39.71
41.07
39.97
40.38
40.38
40.08
40.46
39.5
42.96
40.04
41.4
38.43
40.92
40.42
39.14
41.03
39.31
40.31
40.95
43.95
41.3
NA
40.8
NA
40.26
40.06
40.55
40.15
39.94
40.04
41.14
41.74
42.34
40.24
41.64
43.4
39.71
41.37
42.12
38.66
40.88
39.38
38.1
40.45
40.45
41.15
41.85
41.03
41.15
40.89
40.74
40.11
41.13
40.11
39.43
41.1
38.6
40.27
40.95
NA
NA
39.72
41.02
41.42
40.52
40.22
41.02
41.92
39.31
40.15
41.05
40.53
40.23
40.98
41.51
40.26
39.86
NA
44.4
41.64
41.1
40.6
39.76
NA
NA
NA
NA
NA
NA
NA
41.1
39.69
39.24
41.68
40.51
41.14
41.25
43.84
43.65
40.62
41.12
38.52
39.62
NA
38.54
NA
39.24
39.64
40.24
41.26
40.36
39.76
40.36
NA
41.29
40.17
41.77
39.6
40.35
40.63
40.43
41.13
41.53
40.57
40.56
39.7
40.84
40.37
41.45
40.22
41.44
42.04
40.04
38.24
39.24
39.2
NA
NA
40.45
40.05
40.08
39.9
40.99
41.19
40.88
NA
NA
NA
NA
NA
40.59
38.74
40.17
NA
40.34
40.35
41.27
40.97
NA
NA
38.73
39.68
39.68
40.4
NA
39.53
41.53
42.43
40.33
40.33
39.93
40.73
39.69
46.68
40.58
40.11
39.51
40.09
39.99
39.19
40.81
40.22
39.79
41.21
40.1
40.11
39.96
39.58
40.26
41.4
38.76
39.53
39.88
39.78
40.28
39.32
41.72
38.78
38.82
37.9
38.54
41.27
39.7
41.0
40.66
41.06
39.66
39.76
NA
40.53
40.97
39.81
40.33
40.74
41.06
40.4
39.39
39.89
40.7
39.77
39.99
NA
NA
NA
39.78
40.81
40.4
39.39
39.89
40.66
40.23
41.22
40.19
NA
37.99
38.81
39.55
39.77
40.78
41.79
39.26
40.03
40.24
40.85
40.83
42.06
38.69
40.66
40.26
41.36
37.74
NA
NA
42.87
NA
40.45
39.22
41.02
40.42
45.42
41.12
41.11
39.01
41.01
40.31
42.01
40.01
NA
39.71
42.31
41.01
40.51
42.09
40.99
40.19
41.89
39.99
NA
39.79
42.19
40.99
40.39
38.95
41.15
41.15
40.05
41.7
39.76
41.6
40.31
40.09
40.07
39.14
40.29
44.49
40.99
39.89
39.29
39.39
41.03
40.09
40.85
43.45
40.15
40.25
40.06
40.66
40.16
40.26
45.46
41.36
40.3
40.22
42.17
40.52
41.91
43.15
43.5
40.98
38.68
39.43
39.68
41.26
39.96
39.62
39.94
40.44
40.74
39.24
39.44
41.04
40.48
39.95
40.53
38.28
44.03
39.72
40.51
38.14
40.87
40.33
NA
NA
NA
NA
40.32
42.31
40.69
41.57
40.8
40.16
40.21
39.94
40.44
40.74
39.24
39.44
41.04
40.89
40.24
30.98
39.97
39.48
41.14
40.84
40.34
41.01
40.97
41.21
40.66
40.64
40.89
40.91
40.01
NA
NA
NA
NA
NA
NA
NA
NA
NA
NA
NA
NA
NA
NA
NA
NA
NA
NA
NA
40.07
38.97
40.92
40.42
41.62
40.62
41.32
40.93
39.73
40.13
40.72
43.31
40.89
39.84
39.85
43.23
38.74
41.35
NA
41.14
39.98
40.29
41.09
43.94
40.87
40.17
39.78
41.5
41.8
38.85
39.65
41.36
40.3
41.62
40.25
38.31
37.94
39.79
39.9
39.21
40.26
41.83
38.55
39.46
40.46
40.7
40.86
40.81
40.4
40.47
39.98
40.15
39.96
41.15
38.14
39.82
39.73
40.12
40.04
40.08
39.96
NA
40.68
40.08
40.28
37.66
37.56
41.95
39.88
39.56
40.21
40.67
40.75
43.22
39.95
39.63
40.9
NA
NA
NA
NA
NA
39.54
39.77
40.49
NA
NA
NA
38.82
40.32
NA
41.36
40.5
40.3
40.5
41.5
40.48
41.0
41.39
40.43
40.3
40.59
39.51
40.26
39.16
39.93
41.03
41.35
40.04
41.35
40.62
41.01
40.38
40.5
40.96
39.41
39.97
38.46
39.63
NA
40.29
41.79
38.29
40.29
39.96
41.46
42.46
40.06
40.96
41.36
40.96
40.26
40.96
40.06
39.76
39.62
40.45
40.05
40.37
40.37
40.19
NA
NA
NA
NA
NA
NA
41.98
39.83
40.89
42.46
40.07
40.27
40.21
41.56
39.05
40.22
42.2
NA
NA
NA
NA
NA
NA
40.45
40.45
40.15
39.75
39.95
39.45
40.03
39.64
40.77
39.86
39.73
39.8
NA
37.93
40.12
39.74
40.04
40.44
40.57
40.27
40.17
39.67
39.97
39.27
40.39
41.39
40.79
40.29
40.81
41.01
40.14
39.44
40.99
39.94
NA
40.44
39.86
41.71
39.72
38.43
41.96
42.04
40.22
40.13
40.31
40.91
40.66
40.52
40.72
41.42
39.32
42.76
43.98
41.76
40.06
40.46
39.39
40.0
39.64
41.15
40.85
39.89
39.98
39.98
41.0
40.06
39.97
39.93
41.03
41.35
40.04
41.28
40.03
38.47
38.05
40.0
40.09
40.36
40.77
39.37
40.01
39.71
40.47
40.16
37.71
39.16
40.0
39.31
40.76
39.85
41.78
40.88
39.67
40.33
39.75
40.54
41.71
40.47
40.8
39.95
41.01
39.73
39.8
40.35
39.99
39.0
39.57
39.0
39.85
41.13
40.59
39.96
40.25
41.58
40.38
NA
40.62
41.22
41.82
39.48
41.38
41.28
43.58
39.88
NA
43.18
NA
NA
NA
NA
NA
NA
43.7
39.97
43.88
39.95
39.99
NA
40.3
39.05
40.4
40.52
41.87
41.55
40.51
40.91
41.63
40.38
41.75
40.45
NA
39.87
39.56
40.13
40.36
41.52
39.53
40.72
39.22
40.82
41.02
39.52
40.28
39.94
38.34
39.24
41.56
38.33
40.82
41.44
43.59
41.18
41.16
NA
38.89
40.3
39.84
40.97
39.82
39.61
40.8
40.28
39.85
40.93
39.77
NA
40.85
40.9
41.5
40.1
38.8
39.41
NA
40.54
40.81
42.71
40.31
40.71
39.94
39.54
42.17
44.9
39.69
40.7
39.65
40.17
39.16
39.22
41.03
40.9
39.28
40.32
42.35
40.65
41.8
38.99
44.4
40.33
39.25
39.38
39.79
40.01
34.51
40.54
40.22
40.51
40.59
39.89
39.65
39.95
42.05
41.05
39.4
NA
40.24
40.71
40.26
40.05
38.45
40.78
40.43
41.29
NA
NA
NA
NA
NA
NA
NA
39.86
41.83
40.18
38.4
38.14
39.92
39.92
39.18
40.48
41.48
39.86
40.26
NA
NA
NA
40.15
43.56
41.41
40.21
NA
NA
NA
NA
44.39
40.55
42.35
40.95
40.25
39.7
NA
40.04
40.72
39.62
40.1
40.26
39.8
40.07
40.37
41.2
38.69
40.07
39.62
40.32
38.64
39.59
40.56
40.64
40.62
40.78
40.19
41.89
39.88
40.17
40.21
40.24
40.52
NA
40.22
41.53
NA
41.44
NA
40.18
41.21
40.44
39.41
42.01
39.31
41.75
40.15
39.95
39.95
41.35
41.05
40.64
43.83
43.85
NA
NA
41.05
41.95
40.68
40.62
39.69
40.42
40.14
42.25
40.75
41.25
40.65
NA
42.1
40.1
40.3
41.3
39.7
39.78
40.48
41.83
NA
41.21
39.04
42.54
40.21
40.21
37.87
38.46
39.62
41.11
43.19
39.19
40.02
44.04
40.21
43.24
40.37
NA
NA
44.14
39.68
38.07
38.07
38.63
40.4
NA
NA
40.24
NA
40.24
40.54
38.57
40.46
41.04
40.25
40.5
40.34
40.74
40.77
42.97
39.57
39.27
40.24
41.44
41.04
41.04
37.84
42.54
40.54
41.1
40.96
40.06
39.76
40.48
43.0
40.76
40.99
41.37
40.12
40.37
38.6
39.96
39.65
41.52
40.05
40.34
39.81
NA
39.69
40.87
NA
35.64
40.92
39.5
40.0
38.4
41.2
41.71
NA
39.15
40.99
39.99
40.44
40.58
38.35
37.9
40.39
40.39
40.69
41.38
39.8
40.26
40.41
39.47
39.66
39.41
39.9
40.15
39.89
41.37
NA
39.4
39.45
39.51
42.61
41.21
40.86
NA
40.78
40.99
39.49
40.8
39.47
39.8
41.3
41.7
40.16
40.76
39.86
38.04
40.58
40.83
40.37
40.46
40.76
41.26
40.96
40.51
39.22
39.02
43.02
40.32
NA
NA
39.76
41.0
41.59
41.95
41.27
41.27
39.93
NA
40.08
40.56
40.08
41.69
30.46
41.03
40.33
38.6
41.06
39.94
39.75
39.8
40.08
41.29
38.64
38.64
40.34
40.18
40.3
39.53
39.74
39.81
40.71
39.91
40.41
40.31
40.45
40.97
40.04
39.84
41.67
39.58
40.99
40.03
39.97
40.55
39.66
39.1
41.2
39.63
40.03
40.83
39.63
40.03
40.01
41.0
40.2
40.99
41.51
40.22
41.17
NA
41.52
42.25
40.08
39.2
40.18
39.95
39.86
41.11
40.22
40.61
39.74
40.22
39.85
41.11
40.48
40.56
40.34
40.06
41.9
41.66
42.18
40.92
40.88
42.19
40.18
41.98
40.53
40.13
41.5
41.49
40.91
40.91
41.21
40.11
40.46
NA
38.84
41.78
40.51
40.54
39.89
41.61
40.59
40.6
39.63
40.33
42.93
40.91
41.33
41.74
39.37
40.89
40.44
39.54
40.24
40.52
40.12
40.42
41.42
39.55
40.18
40.28
41.79
40.79
40.85
40.65
40.95
41.16
40.96
41.36
41.16
41.45
39.62
40.08
41.18
41.28
41.27
41.47
41.21
40.71
41.01
41.61
40.76
40.35
43.08
44.04
39.98
38.46
39.88
39.63
39.89
39.96
40.68
39.75
41.23
39.93
41.38
41.31
40.78
39.88
41.4
40.17
41.26
41.24
41.93
41.13
40.34
38.81
40.92
39.54
37.86
40.3
39.77
41.73
43.0
39.36
42.16
39.89
39.02
39.91
41.63
39.63
40.19
40.89
42.24
40.25
41.19
40.93
41.39
40.52
40.32
40.22
39.52
40.32
40.11
38.2
40.03
40.5
40.2
43.75
NA
39.92
NA
40.57
NA
NA
40.97
41.09
NA
40.57
40.22
39.39
40.13
39.66
39.97
41.14
41.7
40.2
41.76
40.0
40.51
40.53
40.12
38.64
40.46
39.26
41.28
41.44
40.54
41.21
NA
40.5
40.45
39.75
40.55
41.15
41.65
41.15
41.24
40.54
40.04
41.18
40.6
40.88
38.57
40.09
38.85
42.72
40.59
38.71
40.21
39.95
38.08
39.63
40.39
40.14
39.6
40.14
39.27
41.4
37.08
42.18
42.2
39.37
40.88
37.43
39.07
40.25
NA
40.87
40.27
41.77
41.23
40.1
40.53
42.1
38.62
39.84
NA
NA
40.05
38.94
41.57
40.73
40.23
39.65
40.44
39.94
42.59
40.74
42.69
38.59
41.08
39.98
40.43
40.66
40.66
38.79
NA
NA
NA
NA
NA
NA
NA
NA
NA
NA
NA
NA
NA
NA
NA
NA
NA
NA
NA
NA
NA
NA
NA
NA
39.98
40.96
40.7
41.5
41.2
40.1
40.02
39.77
39.89
39.49
40.0
40.4
40.32
41.93
40.81
41.96
40.61
40.91
40.41
39.91
40.51
41.21
42.91
39.21
40.11
NA
40.16
39.97
41.93
39.94
38.43
41.95
41.09
39.73
39.71
39.84
41.04
39.97
39.14
41.06
NA
39.15
40.99
40.54
40.26
40.06
41.46
40.12
38.33
40.4
40.43
39.72
38.44
39.54
40.03
40.83
40.82
40.69
39.93
39.84
39.79
40.21
40.02
40.82
40.11
40.25
40.28
41.38
43.17
40.03
NA
40.6
40.03
NA
41.95
41.1
39.7
42.94
40.89
42.83
41.03
41.02
41.91
40.28
40.37
38.51
NA
42.54
42.04
40.79
39.57
39.35
41.71
40.58
41.79
41.25
40.06
NA
41.84
39.71
41.51
40.01
41.06
39.96
40.96
39.13
40.91
39.89
41.88
39.88
NA
39.57
42.1
40.9
40.42
42.39
39.96
41.96
40.46
40.08
40.04
38.94
40.2
40.27
40.22
41.93
39.97
40.07
39.9
39.46
39.88
40.17
40.89
40.89
40.48
NA
40.38
40.24
41.3
39.88
40.18
40.51
39.92
39.7
41.14
40.17
38.9
40.97
40.18
42.94
41.25
NA
40.61
39.56
38.81
NA
40.16
39.68
38.57
41.53
40.46
39.92
41.06
41.18
42.19
39.79
40.64
40.63
41.09
41.44
40.77
39.74
38.78
39.69
38.61
39.73
39.83
41.13
39.78
39.83
40.41
40.04
38.94
40.2
40.63
39.6
NA
40.58
42.03
42.19
39.59
43.14
41.79
40.51
NA
40.47
40.87
40.49
40.56
NA
40.79
40.51
40.06
41.97
NA
NA
39.29
40.39
40.6
41.27
41.1
NA
39.92
41.47
41.3
40.8
41.13
41.78
41.2
41.11
40.16
39.69
38.98
40.37
41.05
40.25
40.65
39.74
40.17
39.86
40.04
40.66
41.46
40.47
43.15
41.46
41.62
40.8
40.4
41.4
40.4
40.86
40.89
40.5
42.05
40.04
40.93
40.65
NA
41.11
39.44
39.52
40.29
NA
39.44
NA
NA
40.94
41.04
NA
39.48
NA
39.8
39.63
40.7
39.82
39.78
42.92
40.25
40.94
41.06
NA
NA
NA
NA
38.95
38.8
41.74
40.54
NA
NA
NA
39.75
41.0
41.77
39.47
42.58
39.62
39.9
41.62
42.58
42.64
NA
40.1
NA
38.95
41.7
40.08
39.12
40.39
39.67
40.69
40.2
37.49
41.09
40.91
40.13
41.45
NA
NA
NA
40.65
39.58
40.8
40.9
40.7
41.9
40.8
39.59
40.65
40.47
NA
38.13
40.33
42.93
41.57
39.33
40.41
38.63
42.2
38.71
41.31
40.42
40.22
40.56
39.61
40.91
40.06
40.19
40.48
40.99
39.89
40.53
40.85
41.92
NA
NA
NA
NA
NA
39.81
40.36
40.79
40.79
40.8
39.44
40.85
40.75
39.55
40.85
40.85
NA
40.1
41.51
41.45
40.21
38.72
41.31
NA
40.78
39.43
40.98
40.1
42.87
40.42
42.57
40.58
NA
41.12
NA
40.75
39.4
40.94
40.04
42.86
40.38
42.64
40.57
41.55
40.9
39.13
40.88
39.16
39.36
43.66
40.08
41.54
40.71
NA
39.6
39.37
40.51
39.23
40.46
39.59
40.05
41.48
NA
39.8
40.01
39.7
40.08
40.52
39.69
39.93
39.75
42.21
40.73
39.84
40.13
40.18
39.72
40.01
39.71
42.27
40.72
39.84
40.11
40.21
40.69
39.89
39.89
42.59
39.09
40.19
40.33
40.29
36.36
NA
41.99
38.35
39.31
40.13
38.76
40.48
NA
38.49
39.26
40.35
40.55
NA
NA
NA
NA
NA
NA