178.61
177.58
179.37
179.52
176.83
177.57
178.13
NA
179.23
177.93
177.83
NA
NA
179.11
177.61
176.87
177.5
177.15
176.98
177.58
177.61
177.26
178.32
178.69
177.67
176.8
178.86
178.76
178.68
179.25
177.03
177.39
178.93
178.41
178.96
177.44
178.72
176.91
175.53
177.33
177.47
178.89
178.79
178.15
177.9
179.06
176.42
178.91
175.82
180.17
179.35
178.47
176.62
178.91
NA
178.62
179.67
180.14
178.76
179.67
175.05
NA
179.56
177.43
179.07
177.68
178.31
178.61
178.66
179.05
178.02
178.11
176.49
178.03
176.73
179.01
175.49
177.83
178.01
NA
176.44
179.01
178.03
178.9
177.32
177.64
178.55
176.89
177.19
177.53
176.6
178.29
178.37
179.03
179.58
177.18
177.32
176.54
176.47
176.91
177.27
177.56
NA
179.4
181.6
178.48
NA
NA
179.27
NA
178.94
178.04
176.38
176.35
177.46
177.62
180.3
177.77
180.07
178.4
175.51
176.12
178.31
NA
178.55
178.18
178.54
178.4
178.99
NA
179.61
178.51
178.63
178.7
NA
177.14
177.26
NA
179.24
NA
177.66
178.76
177.63
179.88
176.15
NA
178.81
176.64
178.25
178.7
NA
178.85
177.63
177.23
177.48
177.49
178.94
178.62
178.2
179.22
178.55
178.73
178.16
178.91
177.55
179.35
178.64
178.56
177.29
178.75
178.6
179.19
177.27
178.85
178.68
178.4
179.22
178.28
176.89
177.39
178.82
179.75
177.09
174.23
178.92
178.53
177.7
178.54
177.93
179.66
176.33
179.3
179.43
178.0
178.51
178.9
178.81
178.34
179.59
177.92
178.67
177.03
178.6
179.41
177.98
178.58
178.0
176.33
NA
NA
175.79
179.02
178.57
175.3
178.82
178.22
179.4
179.0
NA
178.43
177.35
178.41
179.06
178.99
176.03
178.28
179.78
179.13
178.72
178.94
178.32
178.62
178.11
179.1
177.77
177.58
179.0
175.07
177.29
179.36
178.73
178.87
175.92
179.75
176.45
179.64
176.34
179.66
176.32
179.66
176.35
179.62
176.24
180.07
178.09
178.66
175.78
177.83
177.39
174.99
NA
179.54
177.41
177.26
177.5
178.31
179.14
178.03
178.65
177.19
NA
178.3
179.19
177.91
178.46
NA
179.56
179.26
180.06
NA
177.86
175.46
NA
179.46
178.86
NA
179.76
NA
179.49
179.29
179.99
NA
177.79
175.39
179.19
179.39
178.79
178.29
179.79
NA
179.59
NA
179.99
NA
177.99
175.49
NA
179.89
178.99
NA
180.29
NA
NA
NA
NA
NA
NA
NA
NA
NA
NA
NA
NA
178.4
178.25
178.21
NA
178.46
180.81
178.89
179.1
176.92
NA
NA
NA
NA
176.76
179.42
NA
175.74
NA
NA
178.95
175.83
176.58
177.68
176.73
NA
177.13
178.77
177.57
NA
NA
NA
178.37
178.96
178.05
NA
NA
NA
NA
176.68
176.36
NA
NA
NA
NA
NA
NA
180.43
177.77
NA
NA
NA
NA
NA
178.52
178.48
178.41
177.58
180.2
179.68
NA
NA
175.86
178.66
175.16
175.14
174.88
177.93
176.73
179.43
175.93
177.17
175.33
178.03
176.79
175.82
179.13
177.37
NA
NA
178.77
177.13
179.01
176.66
NA
NA
NA
NA
NA
NA
178.01
178.37
178.66
177.96
177.36
180.26
178.49
179.18
177.65
NA
178.78
178.03
179.55
178.03
178.53
177.43
177.76
178.68
178.23
179.51
175.52
174.92
175.79
NA
178.69
177.94
179.46
177.94
178.43
NA
NA
NA
NA
NA
NA
177.52
176.92
177.02
178.99
177.91
174.12
178.59
178.9
179.13
NA
179.43
178.43
179.13
NA
179.43
178.43
179.12
NA
179.42
178.42
179.12
NA
179.42
178.42
179.22
NA
179.42
178.42
177.91
179.7
177.11
178.7
176.46
179.43
178.3
177.7
178.75
175.05
178.65
176.75
177.05
179.27
NA
179.67
178.87
NA
175.39
180.23
NA
178.98
179.08
180.18
178.08
NA
NA
NA
177.48
176.92
178.42
175.72
176.92
178.62
178.92
175.62
178.26
179.12
177.68
177.18
179.81
179.88
180.28
178.12
179.56
NA
NA
178.96
176.12
177.36
177.61
177.35
178.55
175.65
177.45
178.45
179.35
175.65
178.64
NA
NA
179.18
NA
NA
NA
NA
NA
175.73
175.84
NA
NA
NA
NA
NA
NA
173.99
NA
NA
NA
NA
NA
NA
178.93
179.96
178.48
178.82
178.85
179.99
178.64
178.7
176.98
NA
NA
NA
NA
NA
179.53
179.69
178.21
NA
177.75
NA
177.2
178.91
179.16
178.21
178.22
NA
179.49
NA
NA
NA
176.13
176.41
178.6
177.75
179.6
177.92
179.63
178.82
176.32
177.32
177.02
178.62
179.02
NA
NA
NA
NA
NA
179.17
NA
177.94
178.05
NA
177.37
178.77
178.84
NA
NA
NA
NA
NA
NA
NA
NA
177.0
178.07
179.49
177.42
178.44
178.63
178.53
175.5
177.48
177.93
176.9
177.13
176.97
176.82
177.05
176.94
177.95
179.34
180.23
178.59
179.12
177.98
176.9
178.67
178.66
177.77
NA
NA
NA
NA
NA
NA
NA
NA
NA
NA
NA
NA
NA
NA
NA
NA
NA
NA
NA
NA
NA
NA
NA
NA
NA
NA
NA
NA
NA
NA
NA
NA
NA
NA
NA
179.62
178.62
178.52
NA
NA
NA
NA
NA
NA
NA
NA
NA
NA
NA
NA
NA
NA
NA
NA
NA
NA
NA
NA
NA
NA
NA
NA
179.53
178.26
NA
NA
NA
NA
175.21
178.78
178.11
NA
NA
NA
NA
NA
NA
NA
NA
NA
NA
NA
NA
NA
NA
NA
NA
NA
NA
173.53
173.99
NA
173.44
177.28
174.06
173.37
177.74
173.91
174.3
172.81
173.36
170.69
171.11
175.94
170.7
174.13
175.06
171.14
175.0
171.13
171.55
169.81
170.59
177.16
176.56
177.77
NA
NA
NA
NA
NA
NA
NA
NA
177.04
178.64
179.88
177.0
177.27
176.7
178.18
179.74
178.67
178.71
NA
NA
178.39
NA
178.44
177.26
NA
176.45
177.95
176.54
179.4
179.31
178.34
176.39
176.83
179.7
177.64
178.04
178.38
NA
NA
180.64
178.74
180.14
178.48
178.58
178.48
178.38
NA
178.03
178.23
178.93
177.83
179.56
179.56
178.96
177.56
180.26
NA
NA
NA
NA
177.98
NA
179.8
179.3
176.1
176.8
NA
NA
NA
NA
NA
NA
NA
NA
NA
NA
NA
NA
NA
NA
NA
NA
NA
NA
NA
NA
NA
NA
NA
NA
NA
NA
175.8
177.15
176.65
178.35
NA
NA
NA
NA
NA
NA
NA
NA
NA
179.14
178.54
177.84
180.14
179.24
NA
NA
NA
NA
NA
178.05
NA
NA
NA
NA
178.66
178.66
NA
NA
NA
NA
NA
NA
NA
NA
179.53
179.23
178.33
175.54
NA
NA
175.28
177.28
178.85
177.22
178.76
177.86
178.16
178.18
178.78
176.78
177.78
178.98
178.28
180.48
179.88
179.29
178.45
177.62
178.64
NA
178.02
NA
NA
NA
NA
NA
177.49
177.37
178.57
180.08
179.89
176.77
181.55
178.14
175.81
178.32
176.86
179.28
178.6
178.15
169.65
178.65
180.05
179.15
177.34
176.21
178.16
178.16
178.16
175.98
NA
178.27
177.97
178.2
177.7
178.31
178.24
178.41
178.31
179.91
179.21
NA
NA
NA
NA
NA
177.35
179.55
178.85
NA
NA
NA
NA
NA
NA
NA
NA
NA
NA
179.24
176.54
174.24
NA
NA
NA
NA
179.8
177.7
176.1
178.7
177.5
179.99
177.69
NA
NA
179.41
180.18
181.87
176.74
178.66
177.74
179.1
179.43
171.42
174.66
179.3
178.51
177.72
179.19
176.7
177.87
177.45
179.05
179.25
176.99
179.86
175.5
176.78
NA
179.01
NA
NA
NA
NA
NA
NA
NA
179.52
177.79
176.51
178.51
178.29
178.57
178.87
177.77
178.87
179.67
177.37
179.07
NA
NA
NA
NA
178.55
177.27
179.47
177.47
179.95
179.25
177.3
177.78
176.52
178.43
177.34
179.32
NA
177.75
NA
178.86
178.85
178.28
NA
176.18
176.27
178.73
177.74
179.74
177.83
179.72
NA
NA
NA
NA
176.78
175.24
178.9
178.84
178.21
179.05
179.09
178.89
178.67
178.6
179.83
179.33
NA
179.18
178.05
179.31
179.31
179.51
177.71
179.81
178.01
NA
NA
NA
179.08
NA
NA
NA
NA
177.61
176.33
178.69
NA
NA
NA
NA
177.75
178.32
NA
NA
NA
NA
NA
NA
NA
NA
NA
NA
NA
NA
NA
NA
NA
NA
NA
NA
NA
NA
NA
NA
175.17
177.85
178.85
NA
NA
NA
NA
NA
NA
NA
NA
NA
176.7
173.74
179.41
NA
176.89
NA
173.16
178.36
178.2
NA
NA
NA
NA
NA
NA
NA
NA
NA
NA
NA
NA
NA
NA
NA
NA
177.55
180.04
178.11
178.54
178.12
NA
NA
NA
NA
NA
NA
NA
177.11
177.92
178.8
178.79
178.42
178.14
NA
NA
NA
NA
NA
178.2
NA
NA
178.87
178.27
176.97
NA
NA
NA
NA
NA
NA
NA
178.57
179.27
176.06
177.66
NA
NA
NA
NA
177.43
180.76
179.09
179.6
NA
NA
NA
NA
NA
NA
NA
NA
177.26
NA
NA
176.98
178.22
178.23
177.52
178.81
NA
NA
NA
NA
NA
NA
NA
NA
NA
NA
176.4
179.03
179.36
178.4
179.68
178.58
NA
NA
NA
NA
NA
NA
NA
NA
180.23
176.07
NA
NA
177.89
173.09
172.39
177.47
174.27
178.97
178.57
179.37
178.42
NA
178.88
176.16
NA
179.5
173.79
175.88
175.13
178.95
NA
NA
NA
NA
NA
NA
177.9
NA
NA
NA
NA
NA
179.05
NA
NA
177.28
179.46
179.64
176.31
177.91
NA
NA
NA
NA
NA
NA
NA
179.26
NA
178.27
178.77
178.84
178.58
177.98
179.08
NA
NA
NA
176.43
178.5
178.71
178.77
179.69
175.57
176.99
177.94
NA
NA
NA
NA
NA
NA
178.39
NA
NA
NA
NA
179.76
177.66
178.7
179.0
177.4
179.1
NA
NA
178.48
NA
NA
177.56
177.0
NA
NA
NA
NA
NA
NA
NA
NA
176.25
178.58
178.05
NA
NA
NA
NA
178.57
177.58
179.04
178.9
178.03
175.24
179.66
179.75
176.47
176.23
180.22
178.34
180.11
177.21
178.27
178.52
178.14
177.96
178.56
177.86
NA
NA
NA
176.86
NA
172.68
179.48
179.58
178.28
177.18
178.88
178.37
177.97
176.57
177.87
177.37
179.27
NA
177.77
175.97
178.87
178.87
177.87
176.57
178.67
177.37
179.37
NA
177.87
NA
178.87
178.87
NA
NA
NA
NA
NA
179.24
176.85
177.93
178.2
177.65
178.78
178.61
175.8
179.25
178.65
177.35
178.01
179.84
179.85
NA
NA
NA
NA
NA
NA
NA
NA
NA
NA
NA
NA
177.84
178.03
NA
NA
NA
NA
NA
180.31
180.44
175.5
178.6
176.63
NA
NA
NA
NA
NA
NA
NA
NA
NA
NA
177.33
NA
NA
176.86
NA
NA
178.63
178.44
177.33
177.87
179.04
179.01
176.96
NA
NA
NA
NA
NA
NA
NA
NA
NA
NA
178.05
178.24
NA
NA
NA
178.25
178.55
177.55
179.08
179.3
179.32
178.3
177.71
177.86
178.32
179.09
178.0
177.73
178.99
178.98
178.07
179.4
178.01
178.78
176.75
178.13
179.56
178.97
178.37
177.89
179.71
179.18
177.96
179.13
179.12
179.21
179.26
178.23
176.43
175.03
178.73
NA
179.89
178.73
176.38
179.1
177.25
177.31
178.51
178.71
178.01
176.31
179.1
176.4
178.83
178.78
177.72
176.74
177.86
177.3
178.48
179.57
176.66
176.26
178.88
178.58
179.75
179.46
NA
NA
NA
NA
NA
NA
176.85
178.77
176.24
177.18
178.52
178.84
175.56
178.33
176.54
NA
NA
NA
178.75
179.15
176.33
179.17
179.67
178.87
179.57
176.57
178.37
NA
NA
178.8
178.99
178.49
177.18
176.58
177.82
179.3
179.59
179.14
178.14
178.42
177.24
177.54
179.2
179.64
178.02
178.19
179.21
NA
178.6
179.27
177.83
178.39
179.38
179.83
177.73
179.98
177.88
176.24
178.67
NA
NA
NA
NA
178.87
179.0
178.06
177.95
179.32
178.0
178.61
178.0
179.13
177.45
177.65
177.75
178.65
178.12
178.4
179.35
179.01
179.11
179.16
180.12
180.82
179.18
177.58
178.08
178.25
176.15
178.85
178.05
NA
NA
NA
NA
NA
NA
179.08
179.58
178.98
179.38
179.68
179.08
179.33
176.71
177.71
177.31
178.17
178.59
176.49
176.69
177.39
177.69
178.99
180.58
179.15
178.47
177.76
179.69
178.41
178.84
NA
NA
NA
179.93
NA
NA
NA
174.81
172.74
174.38
177.11
176.71
178.51
179.31
178.91
179.21
178.36
178.0
176.57
178.97
179.76
NA
NA
NA
NA
178.96
179.56
177.56
177.15
176.75
178.15
179.35
178.95
179.05
179.08
176.58
178.68
179.58
NA
177.49
178.83
177.68
179.9
179.52
176.18
178.78
178.73
178.4
178.53
178.14
177.05
176.44
NA
NA
178.73
178.43
176.53
177.49
NA
NA
180.54
176.51
175.4
178.48
178.38
179.48
178.36
178.06
177.06
NA
NA
NA
NA
NA
177.82
179.11
NA
177.45
177.65
177.75
178.65
173.83
178.86
178.53
179.48
178.84
179.46
179.06
177.56
178.96
177.62
178.72
177.52
177.62
177.92
178.92
178.72
178.21
175.43
178.37
178.01
177.95
180.5
180.23
178.61
178.33
178.01
178.75
177.58
178.99
178.77
178.38
179.76
178.53
177.55
178.35
179.85
177.32
178.5
177.31
178.53
178.43
177.91
178.25
179.35
NA
NA
NA
NA
179.4
178.1
178.0
NA
179.1
NA
NA
179.55
177.55
179.61
179.4
179.35
179.37
NA
NA
NA
NA
NA
NA
NA
NA
178.02
178.11
177.7
NA
NA
NA
NA
177.77
178.71
176.13
NA
178.29
174.12
178.73
179.22
177.58
178.65
176.57
178.67
176.97
175.77
179.07
178.5
NA
NA
NA
173.3
NA
178.84
180.79
NA
178.05
178.9
176.05
178.69
NA
NA
NA
NA
NA
NA
NA
NA
NA
NA
NA
NA
179.01
179.31
NA
178.11
179.7
NA
179.3
178.23
179.73
178.03
177.23
177.53
178.33
NA
NA
NA
178.61
180.02
180.32
179.4
179.32
177.46
179.05
178.9
NA
172.54
177.09
176.81
177.39
NA
178.36
NA
178.56
178.5
179.25
173.16
173.18
172.68
174.61
179.91
178.66
176.34
177.14
177.24
NA
NA
NA
NA
177.07
179.41
175.91
NA
177.24
179.55
175.61
176.39
178.83
178.02
179.38
177.47
178.05
177.67
179.03
NA
NA
NA
NA
NA
NA
179.09
178.99
175.79
179.41
175.21
177.91
178.61
178.31
178.95
176.09
180.09
177.79
179.58
178.88
178.18
179.38
175.5
180.1
175.6
177.8
176.95
179.84
179.69
178.22
178.3
179.95
178.19
179.39
179.72
178.08
177.62
176.76
179.31
179.63
177.91
178.19
179.48
175.48
NA
NA
NA
NA
NA
NA
177.97
178.7
178.84
178.35
NA
NA
NA
179.34
178.55
179.18
178.47
178.55
177.65
179.05
178.85
178.65
179.55
174.5
178.8
179.7
178.6
177.9
178.2
178.3
NA
179.93
178.62
NA
NA
178.11
179.24
177.85
181.48
178.78
178.91
177.31
178.51
178.11
179.21
178.51
176.99
177.69
177.79
177.59
178.19
177.7
NA
176.92
176.96
NA
NA
NA
NA
NA
NA
NA
NA
177.49
173.63
172.33
NA
NA
177.36
176.18
178.87
178.17
NA
NA
NA
NA
NA
NA
NA
NA
NA
178.07
178.65
178.36
178.07
177.34
NA
178.68
178.5
178.16
NA
NA
NA
176.82
178.3
177.8
NA
NA
NA
178.28
177.58
177.68
178.98
178.32
178.97
177.77
178.67
178.85
NA
176.01
178.69
177.14
178.67
178.13
175.82
174.95
179.66
177.47
180.1
178.62
179.27
177.41
179.65
179.62
177.51
177.56
178.9
NA
NA
NA
NA
177.86
181.43
178.57
176.39
178.75
179.08
178.22
NA
177.13
178.67
178.07
178.67
NA
177.98
177.8
178.83
NA
178.65
178.3
NA
NA
NA
NA
NA
NA
NA
NA
177.45
173.77
173.67
NA
174.94
173.81
178.34
178.54
178.71
179.49
179.79
NA
NA
NA
NA
177.47
179.19
177.78
178.94
NA
NA
NA
NA
179.44
175.91
179.81
177.71
178.51
NA
NA
179.07
176.8
176.72
172.14
176.21
176.9
NA
NA
178.77
177.3
178.27
177.13
178.14
177.87
178.89
NA
179.18
NA
177.76
177.16
174.36
NA
NA
NA
NA
178.8
174.19
NA
NA
177.11
179.21
178.91
177.91
178.21
NA
179.13
178.03
179.83
177.27
177.95
178.49
179.62
178.18
175.59
179.58
179.44
179.4
178.94
177.44
176.84
180.64
176.54
176.91
178.77
177.97
NA
NA
NA
NA
NA
177.19
178.74
179.23
176.86
177.36
179.12
180.01
175.96
179.56
178.86
177.86
178.06
179.46
177.86
178.27
178.64
177.49
179.17
179.17
177.29
178.62
177.03
178.5
175.93
175.62
NA
180.09
178.85
178.16
176.75
175.8
176.4
178.4
178.4
179.35
176.05
178.74
178.15
178.6
178.77
177.69
178.19
179.22
177.82
181.48
178.76
174.86
178.36
NA
NA
NA
NA
NA
NA
NA
NA
NA
NA
NA
178.58
NA
NA
NA
NA
NA
NA
NA
NA
NA
NA
NA
177.0
177.17
NA
NA
NA
NA
NA
NA
NA
NA
NA
179.32
179.74
178.9
177.96
177.79
175.94
178.61
179.72
179.22
179.09
178.83
177.78
178.05
178.86
179.07
176.3
NA
NA
NA
NA
NA
NA
NA
NA
178.86
178.3
177.44
175.84
179.24
177.61
181.62
177.97
176.99
180.29
177.71
179.41
178.43
178.83
179.04
178.89
179.58
179.19
176.83
179.68
178.23
178.19
NA
178.81
179.11
177.51
179.91
177.91
179.9
177.3
NA
NA
NA
NA
NA
179.85
NA
179.24
177.64
179.64
178.04
NA
NA
176.98
178.66
178.81
179.74
179.78
179.8
177.1
177.73
178.61
177.72
178.6
178.19
177.79
178.34
177.34
177.62
179.21
177.27
NA
175.85
NA
NA
178.02
179.6
179.57
178.87
179.37
178.57
177.57
178.83
174.73
179.43
NA
178.32
178.82
177.56
NA
NA
175.87
178.35
177.07
178.49
176.16
177.38
178.48
179.06
176.01
NA
NA
NA
NA
NA
NA
NA
NA
NA
NA
NA
NA
NA
NA
NA
NA
NA
NA
NA
NA
NA
NA
NA
NA
178.72
179.01
177.43
NA
NA
178.72
178.59
178.8
177.82
177.18
177.47
176.76
177.74
179.4
NA
NA
NA
NA
178.44
178.65
178.55
177.8
177.65
178.35
178.12
178.55
178.53
179.17
178.8
178.37
178.53
178.73
178.63
178.03
177.83
178.43
178.03
178.63
178.53
179.43
178.83
178.53
NA
NA
177.19
174.69
177.99
177.79
178.92
172.63
178.73
179.44
NA
NA
178.93
175.24
NA
NA
178.01
178.81
177.31
178.91
178.21
176.61
176.11
179.51
179.31
178.34
178.87
178.75
178.39
178.48
178.25
177.1
178.69
NA
NA
NA
178.16
178.32
176.89
177.64
NA
179.27
177.87
176.62
177.52
179.47
178.11
178.7
177.34
178.85
178.69
178.49
176.33
176.79
179.9
178.61
177.7
179.42
177.99
179.36
NA
NA
178.43
179.23
178.43
179.28
178.38
179.35
178.14
178.85
178.73
177.24
178.17
177.06
178.93
178.54
178.5
NA
NA
NA
NA
NA
NA
NA
NA
176.39
NA
NA
178.18
178.87
NA
NA
178.11
175.67
177.22
178.62
NA
NA
177.36
179.42
177.12
178.92
177.01
179.01
NA
NA
NA
NA
NA
NA
NA
NA
NA
NA
NA
173.83
179.72
178.02
178.32
NA
178.14
177.3
176.98
178.85
NA
NA
NA
NA
178.6
179.79
179.72
178.95
176.28
177.76
178.63
NA
179.5
177.63
179.17
179.96
177.28
NA
178.73
179.44
NA
NA
NA
NA
NA
178.5
176.13
177.25
178.89
178.63
177.85
NA
180.44
179.75
NA
NA
NA
NA
NA
NA
NA
NA
178.74
179.78
178.52
178.24
176.92
NA
174.94
175.43
176.15
178.86
177.96
177.86
177.19
178.88
179.06
178.14
177.3
176.97
179.54
177.02
179.58
178.41
NA
176.43
178.9
NA
178.16
178.79
177.45
178.74
176.25
177.78
NA
NA
176.53
177.35
179.63
178.14
177.36
NA
178.26
177.62
177.92
178.33
179.12
179.65
178.58
178.15
176.79
178.67
175.46
NA
178.71
NA
NA
NA
NA
176.9
177.43
179.53
177.86
NA
178.53
179.71
179.06
178.59
177.24
178.51
NA
NA
176.66
178.86
179.46
176.86
NA
178.93
177.49
179.42
174.08
179.82
178.71
178.49
179.19
176.67
177.59
178.9
178.23
NA
181.26
NA
NA
177.79
177.09
178.17
178.76
179.46
180.25
179.6
179.01
178.14
179.21
178.02
179.06
179.47
176.83
177.13
177.12
NA
NA
179.36
177.77
179.11
179.61
NA
NA
NA
178.85
178.81
178.82
178.5
176.32
177.52
178.84
177.57
178.54
178.55
NA
NA
NA
NA
176.62
177.77
177.1
178.55
NA
NA
NA
NA
NA
NA
NA
NA
NA
NA
NA
NA
176.52
179.09
176.19
177.59
175.99
179.29
179.45
177.32
178.35
NA
NA
NA
NA
NA
173.64
175.12
173.14
172.69
173.77
NA
NA
NA
NA
179.58
176.58
NA
179.49
177.36
178.31
178.46
NA
NA
NA
NA
179.2
177.8
181.45
NA
NA
178.63
177.14
177.09
NA
NA
NA
178.24
178.94
172.44
178.64
176.64
177.95
177.95
176.39
178.8
178.0
178.68
181.49
178.94
179.64
178.41
178.42
178.37
179.35
177.06
178.0
NA
176.86
NA
NA
NA
NA
NA
NA
NA
NA
NA
NA
NA
178.12
176.51
176.79
178.69
174.94
179.68
179.48
179.31
175.52
175.26
178.75
178.75
176.79
178.36
179.14
178.12
179.56
NA
179.07
178.41
179.13
179.53
178.75
NA
NA
NA
NA
NA
NA
NA
NA
NA
NA
NA
NA
NA
NA
NA
NA
NA
NA
NA
NA
NA
178.1
178.25
178.51
175.72
NA
176.62
177.02
178.32
178.62
177.4
179.7
NA
177.4
178.3
179.2
175.5
176.15
182.85
NA
177.35
178.15
178.55