NA
NA
NA
NA
NA
NA
NA
54.61
55.6
NA
54.0
NA
NA
NA
NA
NA
NA
NA
53.94
54.23
54.22
54.0
54.34
54.39
54.53
NA
NA
NA
NA
NA
NA
NA
54.43
54.51
NA
NA
NA
NA
NA
NA
NA
NA
NA
NA
NA
NA
NA
NA
NA
NA
NA
54.44
54.3
54.9
54.25
55.66
NA
NA
NA
NA
NA
NA
NA
NA
54.43
NA
NA
NA
54.34
54.43
NA
54.5
54.99
55.71
54.91
NA
NA
54.41
NA
NA
NA
54.61
NA
51.93
NA
NA
NA
NA
54.74
52.56
56.78
56.64
NA
54.44
54.29
51.9
56.56
55.24
51.62
NA
NA
NA
NA
NA
NA
NA
NA
NA
NA
NA
NA
NA
NA
56.58
NA
NA
NA
NA
NA
54.74
54.44
NA
NA
NA
NA
54.76
NA
NA
NA
NA
NA
53.16
54.4
52.52
57.08
54.96
56.85
56.77
56.48
54.11
54.11
NA
54.01
52.31
54.45
54.59
51.74
54.34
54.34
54.44
54.1
54.1
54.1
54.1
54.6
54.43
54.43
54.17
54.17
54.32
54.27
NA
57.26
51.47
53.82
54.75
NA
54.31
57.19
54.42
54.49
NA
54.44
54.36
57.59
55.2
56.61
49.2
52.02
NA
54.2
54.36
54.28
55.78
54.9
55.57
55.65
NA
54.2
54.4
54.37
54.26
54.51
NA
55.9
NA
54.22
NA
NA
NA
NA
54.62
54.28
NA
54.56
54.54
54.58
54.4
54.07
54.68
NA
NA
53.93
NA
NA
55.5
57.2
54.78
NA
NA
NA
NA
NA
53.92
NA
54.69
54.46
54.19
NA
NA
NA
NA
54.77
54.43
54.31
54.05
54.43
55.15
54.41
53.11
54.0
51.85
54.48
54.29
51.39
54.56
53.84
53.85
NA
54.29
54.61
52.99
51.76
54.29
54.69
54.79
54.49
NA
54.64
54.43
55.87
54.77
54.63
55.22
55.27
53.81
NA
NA
50.03
54.47
54.59
56.49
54.48
55.0
55.38
52.14
NA
NA
53.2
52.83
NA
NA
55.59
54.36
54.08
54.35
55.07
54.37
51.93
NA
NA
NA
54.36
NA
54.21
54.41
54.38
54.39
NA
NA
NA
54.14
54.43
51.84
NA
NA
NA
NA
NA
NA
NA
NA
NA
54.41
54.41
52.38
52.63
52.18
NA
NA
52.38
52.27
NA
NA
NA
NA
NA
NA
NA
NA
NA
54.88
53.38
NA
54.68
53.28
NA
54.44
54.4
54.13
54.6
53.89