56.28
54.95
53.94
57.03
55.69
55.71
55.55
54.73
54.5
57.01
52.59
55.98
55.27
57.59
54.35
54.3
53.62
53.33
54.24
53.33
53.53
55.71
54.58
55.46
54.52
54.13
NA
57.13
55.43
54.0
56.27
54.43
54.16
56.95
54.3
54.35
55.21
54.47
55.52
54.49
54.93
54.99
54.34
56.37
54.04
55.03
55.26
55.32
53.29
53.6
54.57
55.25
55.25
NA
56.43
56.57
54.96
54.95
59.02
53.14
54.84
55.11
54.32
57.12
53.6
53.78
54.85
57.57
55.36
55.44
55.44
56.91
56.59
56.87
53.81
55.07
53.95
55.25
56.24
53.88
54.64
54.46
59.91
54.39
55.66
57.81
53.97
54.98
54.82
54.92
55.51
54.61
55.29
55.27
54.17
54.1
54.82
54.01
54.79
55.98
54.77
56.42
53.77
57.42
53.74
54.04
55.37
56.05
54.4
54.48
54.62
57.98
54.56
55.17
54.97
55.3
54.19
55.85
54.12
55.7
57.39
54.63
54.87
53.94
54.27
54.96
56.13
55.28
54.45
58.24
53.55
54.57
56.17
56.74
53.8
58.12
55.04
56.47
57.11
55.17
55.16
53.9
55.56
53.83
55.33
57.3
54.37
54.69
55.18
NA
55.3
55.28
55.24
55.29
54.56
54.99
54.69
54.61
54.54
55.14
55.01
56.78
58.24
54.67
58.24
57.64
54.47
54.62
56.7
54.63
54.5
55.71
55.22
54.57
54.47
54.38
54.16
54.78
56.34
58.92
54.56
54.0
53.76
54.45
NA
58.0
55.25
54.41
54.69
54.13
54.75
56.01
53.87
55.19
55.3
54.89
57.26
55.54
56.32
56.23
54.75
53.21
58.46
55.31
54.77
56.56
56.66
54.59
54.95
56.69
53.22
53.76
57.25
56.56
56.97
55.72
57.46
56.42
57.15
55.88
54.53
56.57
57.27
56.36
57.01
55.83
54.43
56.29
58.19
54.03
55.95
56.38
55.95
55.55
55.21
54.86
54.14
54.11
53.19
55.36
53.19
58.14
55.6
58.56
55.86
54.32
55.11
53.55
57.4
54.79
56.02
55.57
54.59
53.13
53.05
54.36
53.63
56.28
54.89
54.59
53.8
54.21
56.39
58.65
57.02
53.32
54.95
56.14
54.97
56.97
54.35
55.07
54.9
56.63
54.85
55.16
55.56
57.46
56.46
55.79
54.18
54.43
56.13
55.84
NA
56.89
54.12
55.55
57.41
53.93
52.29
56.53
55.07
57.41
58.34
55.93
54.11
57.16
53.71
57.62
57.27
55.48
54.0
55.55
53.41
54.13
54.03
51.53
58.54
54.76
53.26
54.62
54.14
54.88
54.07
54.4
57.49
53.73
55.47
54.09
58.04
58.39
55.74
56.9
57.23
54.24
56.05
55.68
54.31
55.05
55.64
54.6
57.48
54.13
54.88
56.32
54.27
53.83
55.23
52.89
56.76
55.24
54.5
57.29
55.74
56.83
55.69
52.32
57.99
54.98
57.31
53.49
55.36
56.33
54.23
57.12
53.92
57.21
54.28
57.34
55.42
53.77
55.52
54.63
54.38
55.07
54.28
55.0
57.18
NA
55.48
53.4
54.85
53.93
53.93
54.87
54.7
54.24
55.88
57.18
55.95
54.17
55.2
56.51
55.76
53.89
55.86
57.59
54.07
54.63
57.11
53.68
54.3
53.68
53.79
53.89
53.71
54.42
54.01
54.71
54.17
56.59
55.23
53.3
54.91
55.6
54.77
52.72
56.5
54.63
55.05
55.23
52.77
55.14
53.71
55.06
NA
57.16
55.06
52.36
55.74
54.47
55.73
56.08
56.58
54.04
54.3
55.18
55.76
54.91
NA
NA
NA
54.31
51.85
53.72
54.45
55.33
54.95
54.07
55.93
54.32
57.09
55.76
55.46
57.04
54.39
55.2
54.28
55.57
54.88
54.42
51.84
NA
NA
NA
NA
58.1
58.34
58.02
55.31
55.7
56.17
56.19
54.73
55.62
54.94
53.32
56.96
56.67
54.14
55.05
54.03
58.19
55.78
54.41
58.63
54.4
54.09
55.41
53.94
54.91
53.26
56.17
58.53
55.71
55.77
54.64
NA
NA
52.67
54.62
54.54
54.21
54.39
57.12
56.02
54.12
54.47
56.82
54.54
53.98
54.64
NA
NA
54.19
57.02
55.27
53.96
53.51
53.78
53.9
55.1
55.38
57.58
55.75
55.05
54.05
56.55
55.21
54.05
54.49
55.26
57.72
56.42
54.72
55.82
55.32
54.52
54.22
53.82
56.32
54.5
56.56
56.89
NA
NA
57.44
54.9
56.73
54.49
57.06
53.86
55.03
55.19
52.58
58.44
55.14
54.94
55.04
56.74
54.34
54.54
54.73
54.11
54.31
54.71
55.11
52.77
52.63
54.11
56.91
56.13
55.2
53.87
54.29
56.15
54.52
54.37
54.63
54.76
55.02
56.18
56.9
53.71
57.49
53.76
55.33
54.19
53.65
57.45
57.13
55.93
54.63
54.31
55.69
56.09
56.04
55.59
54.88
54.18
54.29
55.05
54.48
56.12
53.5
55.39
55.95
57.49
56.73
54.39
54.12
54.29
54.88
55.26
54.84
52.68
55.92
57.97
52.44
53.88
54.39
56.13
54.63
NA
55.13
56.96
54.7
55.57
56.99
54.22
54.77
57.35
55.62
54.35
54.08
54.83
55.37
55.5
54.96
53.55
56.73
57.45
54.69
56.03
54.47
56.93
55.85
56.32
55.15
56.32
56.6
57.77
55.28
56.01
55.19
58.51
NA
54.32
56.48
53.37
56.54
53.06
55.2
54.66
54.57
53.7
54.97
56.08
56.91
54.43
55.35
57.14
56.58
57.63
53.42
54.05
56.75
54.89
54.7
53.88
56.09
54.57
55.38
54.64
56.54
54.5
57.79
54.04
54.66
54.04
56.54
55.92
54.16
58.86
54.74
54.74
55.34
53.84
NA
54.73
56.15
54.28
53.59
53.73
54.59
55.75
53.89
56.1
54.59
55.39
54.65
56.4
54.5
54.43
55.51
54.16
54.2
53.8
55.33
55.34
55.82
55.22
54.45
53.9
53.52
56.39
56.34
56.22
56.32
56.3
56.64
54.62
55.18
54.06
53.5
56.23
56.57
54.55
55.02
53.99
53.43
56.28
56.65
54.72
55.07
53.95
53.66
56.16
56.81
54.73
55.12
53.97
53.66
56.16
56.81
54.73
55.12
53.97
53.66
54.54
53.94
52.37
55.93
55.22
56.08
53.94
57.55
57.67
56.68
NA
59.11
54.34
57.79
58.19
53.53
55.8
58.59
54.68
54.85
54.55
56.35
54.51
54.69
54.53
56.28
54.95
53.79
56.0
54.36
54.78
54.93
54.88
55.28
55.6
54.47
58.9
54.55
54.46
55.25
54.11
56.08
54.52
58.09
60.67
54.59
55.45
53.57
53.95
54.32
53.02
60.07
54.65
NA
54.56
56.36
56.64
53.78
56.55
57.63
54.59
55.2
58.02
54.84
55.13
56.12
54.95
NA
57.96
NA
57.96
54.21
55.07
52.91
NA
NA
NA
NA
54.89
54.89
55.49
54.29
53.31
56.31
57.03
53.76
54.47
53.09
59.94
54.61
53.93
53.93
55.62
58.13
54.96
56.04
56.51
56.52
55.01
55.14
54.25
53.83
56.45
54.22
53.63
56.52
54.24
53.86
56.54
58.71
58.09
55.34
54.67
56.96
57.35
NA
54.72
54.22
56.55
54.34
59.7
56.3
54.57
54.54
54.99
54.53
55.24
NA
NA
NA
54.07
54.83
54.23
56.58
54.72
54.85
54.38
56.58
54.69
55.42
54.73
52.63
54.82
55.52
55.12
58.36
56.43
53.33
NA
56.96
54.76
NA
55.78
NA
53.75
NA
NA
NA
53.75
54.45
55.17
56.67
55.47
NA
54.82
56.12
54.12
55.43
57.73
56.23
56.33
55.73
57.92
56.72
57.06
53.5
53.9
54.37
55.27
53.9
56.19
54.6
55.42
54.66
54.0
56.19
54.37
55.41
54.63
58.81
54.61
57.01
54.26
55.56
57.16
55.96
54.48
56.88
53.38
56.38
53.78
54.48
53.28
55.88
53.68
54.38
59.67
52.67
56.05
54.85
54.95
54.65
54.65
55.25
54.45
54.45
55.35
56.75
53.65
54.55
56.65
54.04
53.94
56.54
53.0
56.35
58.5
57.6
54.31
54.95
NA
56.12
56.52
53.72
54.76
55.19
55.28
53.59
57.9
53.82
53.74
54.84
58.44
53.74
53.97
54.97
55.99
54.73
54.73
56.2
52.7
54.92
53.73
55.43
57.43
60.08
54.42
56.62
55.2
55.51
53.76
54.0
56.14
54.49
55.51
54.69
54.0
56.15
54.48
55.49
54.67
55.29
54.39
56.91
55.11
61.38
54.28
NA
57.28
54.98
54.98
54.88
53.58
NA
54.34
56.21
54.79
55.11
55.46
54.52
56.36
55.57
54.72
55.09
55.1
53.51
55.61
57.41
56.04
54.1
54.66
51.95
56.7
54.47
68.34
55.84
54.64
56.64
54.34
53.94
56.73
55.6
54.98
54.48
56.86
54.26
53.46
55.66
55.06
55.33
55.21
55.28
55.12
54.43
56.83
55.23
58.84
56.06
56.25
56.08
56.77
54.51
56.77
53.82
56.64
56.04
54.91
57.33
56.53
59.63
56.43
54.63
54.43
54.13
54.19
54.78
54.75
54.74
53.77
54.92
57.01
54.87
54.38
53.97
53.88
56.76
53.81
56.39
54.5
55.74
58.93
56.62
55.63
57.57
54.57
55.35
53.65
56.42
55.02
54.42
54.42
55.82
55.62
56.76
55.86
55.06
56.06
54.16
54.86
54.4
56.42
55.04
57.46
54.0
55.17
55.27
58.45
54.67
54.99
56.05
54.08
54.84
NA
56.26
53.42
54.53
54.14
53.36
53.94
54.4
56.05
56.47
56.46
56.94
56.71
56.77
53.34
52.12
58.94
56.51
55.71
56.19
55.39
55.73
54.71
55.52
54.06
54.74
55.15
54.34
55.14
NA
NA
53.75
56.52
54.48
55.58
53.57
54.8
53.59
54.92
NA
54.73
57.8
53.55
54.6
53.5
54.95
NA
54.72
57.78
55.97
49.6
NA
55.48
54.48
58.88
54.28
54.98
54.58
53.75
56.49
53.72
54.94
54.92
53.52
53.82
54.92
55.31
54.37
56.82
57.58
55.63
55.06
54.41
55.66
56.85
55.05
54.38
54.08
56.85
55.38
55.28
54.7
54.87
54.13
55.28
52.81
55.35
55.18
52.61
53.76
55.85
53.57
53.95
54.95
58.45
53.65
57.04
55.81
54.29
56.05
54.51
54.47
54.37
57.36
55.92
53.81
54.26
56.17
NA
57.17
56.32
55.18
52.61
53.76
55.85
53.57
56.45
54.87
55.87
57.76
58.36
58.26
54.36
55.7
54.66
54.6
53.6
55.4
55.55
54.27
54.76
53.85
54.96
59.3
55.21
56.09
57.08
57.99
52.93
54.05
54.09
56.69
55.87
55.65
55.2
54.74
54.3
55.71
57.79
55.67
53.89
57.49
56.47
55.69
56.98
55.82
53.12
52.85
52.75
52.42
52.48
55.17
55.23
52.97
55.22
52.52
54.38
54.7
55.03
54.88
54.66
55.56
55.59
54.07
56.13
57.97
58.97
56.73
53.63
54.93
55.91
56.12
56.28
54.68
54.88
54.58
54.58
55.78
54.98
56.28
56.56
55.31
55.19
57.48
59.5
58.72
57.05
58.34
57.88
52.88
56.98
56.08
56.3
57.13
53.56
56.79
56.25
56.48
55.06
56.54
56.35
56.55
54.65
56.75
55.15
55.15
60.1
52.88
60.18
56.47
55.65
56.09
55.83
56.92
55.97
56.0
54.13
NA
54.84
56.5
55.22
53.82
55.7
58.04
NA
NA
NA
55.23
53.76
55.7
58.13
58.23
54.73
55.38
55.38
58.97
55.87
58.06
55.09
55.77
55.99
54.59
56.21
54.42
53.76
56.76
55.99
55.82
56.58
57.2
53.63
57.38
55.48
55.0
55.95
56.29
54.92
55.27
56.29
55.54
55.44
56.74
55.25
54.85
54.85
57.25
54.45
53.94
54.95
53.83
52.86
54.57
55.75
54.15
54.55
55.26
57.6
54.32
56.13
54.69
55.09
54.53
57.38
56.83
56.27
54.76
59.57
54.42
54.41
56.51
55.71
57.51
54.01
54.39
56.79
54.89
57.49
54.69
54.05
54.43
56.29
NA
53.95
55.26
54.76
52.97
54.83
56.7
54.65
54.34
54.29
55.1
56.75
55.77
54.95
54.66
57.83
55.68
54.77
54.12
54.29
54.35
54.32
56.17
54.15
55.41
54.24
NA
55.66
57.9
54.62
57.42
53.92
57.07
53.57
54.37
55.67
54.47
56.37
NA
55.19
NA
NA
55.48
57.4
55.46
55.57
58.13
55.02
53.84
54.13
56.97
54.93
54.88
55.07
55.31
54.46
56.96
54.71
56.02
56.83
56.74
56.42
54.62
55.42
53.72
56.64
54.94
56.07
56.68
54.58
56.26
56.08
53.78
54.58
NA
NA
56.15
53.07
56.81
55.29
57.99
54.19
55.11
54.4
54.41
55.13
56.44
55.13
56.64
55.34
55.04
54.74
54.24
55.13
55.03
55.03
58.43
54.03
54.23
58.99
53.19
56.77
54.88
55.84
55.11
58.91
53.5
56.75
54.83
55.89
54.76
55.81
57.07
55.54
54.96
55.46
55.96
55.22
56.52
55.92
55.22
58.22
55.03
54.78
57.99
51.94
57.94
56.47
53.91
54.3
54.91
53.77
55.9
54.85
53.22
53.7
56.35
54.85
54.21
54.93
56.06
55.2
54.71
55.52
54.14
NA
54.03
57.83
54.96
NA
54.57
55.47
55.25
54.21
57.08
54.59
54.0
54.6
54.9
55.2
57.2
54.3
53.9
52.9
54.45
54.96
55.26
56.95
53.53
56.19
56.49
53.43
55.05
56.49
52.53
57.4
52.58
55.76
55.52
54.34
54.46
55.34
54.34
54.83
54.4
55.35
55.66
56.41
56.19
57.48
54.18
55.17
54.89
56.26
54.42
56.56
55.18
55.8
56.35
57.65
54.35
NA
54.65
54.18
55.94
NA
53.57
56.36
NA
57.91
54.11
55.71
54.44
56.61
55.18
54.72
54.28
57.77
55.65
55.31
54.69
52.96
54.37
56.6
54.99
54.41
53.13
54.39
56.84
55.24
54.59
53.08
54.37
56.9
55.39
54.66
57.23
55.33
56.03
54.03
56.03
54.43
53.7
57.14
53.81
55.02
56.37
56.25
54.25
54.65
54.63
56.93
61.34
54.54
56.44
56.54
54.74
56.64
55.08
54.2
54.64
57.62
57.54
NA
56.82
54.44
54.23
54.6
56.9
56.9
55.94
54.44
55.14
54.84
56.27
53.67
54.77
55.51
54.81
56.61
55.61
55.61
54.21
54.21
55.89
54.89
56.19
57.29
55.69
56.29
56.36
56.69
54.35
58.64
54.64
54.74
54.27
55.91
54.52
54.52
54.84
53.87
56.47
54.32
56.52
54.26
54.73
56.06
57.06
54.95
55.87
55.57
54.77
52.47
56.27
55.27
54.31
56.44
55.98
53.66
54.15
54.35
53.87
56.69
55.14
54.59
54.77
55.71
55.04
54.49
55.94
54.92
54.68
56.08
56.08
55.58
NA
NA
NA
NA
NA
NA
52.8
54.5
54.3
56.75
55.77
54.61
54.91
55.84
54.35
56.43
54.86
54.64
55.86
54.36
56.15
54.88
54.53
56.24
NA
55.57
54.67
56.57
54.37
54.85
55.43
55.3
56.73
55.33
NA
54.19
55.59
55.29
NA
54.39
59.34
53.3
54.44
56.45
56.68
54.52
53.85
55.46
57.52
58.29
55.02
54.42
51.84
53.71
57.87
56.39
53.74
56.26
57.12
55.38
NA
55.11
53.97
53.97
54.91
NA
54.28
54.4
54.15
55.35
55.7
54.36
55.06
55.91
55.62
55.72
55.22
55.65
55.49
54.88
53.94
54.48
55.33
54.13
56.74
55.01
54.37
55.13
57.49
58.93
55.47
54.37
55.44
54.17
56.38
54.49
55.12
53.85
54.75
57.98
56.11
55.28
59.74
53.67
54.11
55.77
55.43
NA
NA
NA
NA
NA
NA
NA
NA
NA
54.96
54.41
55.41
60.31
53.71
55.71
53.58
59.48
53.88
54.1
54.69
53.7
53.25
56.35
54.46
57.95
56.35
54.44
54.73
55.17
54.44
59.14
54.63
57.98
53.07
57.02
56.0
57.98
53.17
56.94
55.95
53.94
54.19
NA
53.79
54.55
55.2
54.97
55.3
58.23
54.6
54.94
54.27
54.79
54.69
54.69
56.49
56.19
55.19
56.84
55.22
56.57
52.91
56.24
56.99
55.29
55.29
55.72
53.42
55.22
54.62
53.92
54.14
54.12
53.81
53.21
59.11
54.04
54.96
55.87
54.1
54.97
54.98
53.6
54.18
54.46
55.07
57.49
54.71
55.18
56.42
NA
55.41
53.61
54.88
54.94
53.75
56.01
54.91
54.2
55.01
54.93
54.92
55.85
NA
NA
58.51
57.28
NA
54.8
55.3
54.4
NA
55.38
54.88
54.44
54.44
55.44
54.14
56.54
53.14
54.62
53.72
52.52
55.51
55.81
52.41
57.14
54.91
54.61
56.01
53.31
55.01
58.91
58.81
54.31
57.59
56.19
53.86
54.47
NA
55.81
52.91
54.42
55.81
56.28
55.01
56.99
54.03
54.71
NA
53.9
54.58
NA
55.51
55.76
54.47
54.54
56.34
55.14
54.54
55.48
56.94
55.67
54.96
54.26
54.56
56.06
56.56
55.62
55.14
54.38
55.59
55.91
55.27
54.36
55.57
55.09
54.59
57.39
54.89
54.98
53.38
56.48
56.48
53.98
54.98
55.08
54.67
54.47
53.4
55.98
55.21
54.9
55.4
56.1
56.9
56.6
57.3
54.4
55.4
55.48
61.17
56.25
54.7
53.53
53.92
58.48
54.53
57.98
57.17
54.57
54.05
55.52
53.53
53.59
56.79
54.79
55.99
55.05
54.25
55.51
54.51
56.21
54.31
53.86
55.95
56.19
54.68
54.1
55.4
54.57
52.66
55.44
53.74
53.78
54.52
57.27
55.89
55.49
52.89
54.79
60.59
53.74
54.22
53.2
54.0
53.82
55.36
55.32
55.42
54.08
56.99
54.24
54.49
54.45
NA
57.0
56.4
53.8
54.9
54.36
53.63
54.91
53.01
54.08
54.73
56.06
54.93
55.59
56.42
53.73
54.19
57.7
55.56
54.37
55.32
54.11
54.82
54.61
53.76
54.61
56.15
54.95
54.15
53.85
54.5
54.3
53.5
56.3
54.46
56.85
57.05
NA
54.44
54.04
57.5
57.84
55.39
55.16
53.72
54.72
53.32
54.35
54.7
56.64
55.15
54.9
55.49
56.91
54.49
53.76
54.36
53.56
52.97
53.85
54.5
54.45
54.6
56.19
57.41
56.04
57.99
55.36
55.12
53.53
53.82
56.01
54.58
53.13
54.53
55.73
55.03
55.21
54.61
56.31
54.11
54.11
55.91
54.81
54.71
54.11
54.26
53.11
54.15
56.35
54.11
56.91
55.31
54.91
54.3
55.35
56.41
54.0
54.14
54.79
54.76
54.63
57.3
58.4
54.17
55.35
53.94
54.34
56.24
55.74
55.14
55.44
56.05
55.05
55.38
55.08
54.58
54.79
58.09
57.09
54.44
57.94
56.13
54.75
55.87
54.81
55.38
53.58
57.65
55.34
55.35
53.1
55.67
54.2
53.7
56.9
55.7
53.7
55.18
56.59
56.42
54.58
53.3
54.86
53.84
55.29
55.94
56.06
54.92
54.93
56.25
54.38
55.78
60.07
55.03
54.03
NA
54.6
55.1
56.7
58.9
53.9
54.5
57.7
54.3
55.6
54.5
54.86
60.42
56.7
56.69
54.81
52.71
55.95
56.93
55.23
53.72
54.94
52.74
55.84
55.35
55.85
57.34
54.18
58.74
55.22
53.24
55.42
55.09
56.25
55.35
57.37
55.67
55.34
56.97
54.74
53.84
56.74
54.84
56.54
54.94
54.51
54.9
54.54
55.41
54.93
55.33
53.62
55.42
NA
54.73
NA
54.74
55.43
56.3
57.65
54.66
57.5
54.86
NA
54.5
57.51
54.67
54.37
55.27
54.39
56.47
51.96
56.95
53.74
55.46
52.99
54.93
56.33
58.63
53.93
54.39
53.82
56.6
53.4
54.6
53.67
54.74
57.33
55.14
55.97
55.91
55.1
56.03
NA
59.01
57.86
55.01
54.5
56.44
55.23
55.94
NA
57.45
53.9
55.84
54.33
55.05
55.13
55.05
54.73
55.7
53.97
NA
53.88
55.77
54.25
61.95
NA
NA
55.32
NA
57.7
55.58
58.11
53.86
56.89
55.69
54.48
57.2
60.4
56.06
56.76
54.51
55.9
55.08
53.58
54.17
54.04
56.39
56.49
55.16
55.67
56.93
56.28
53.44
56.46
54.95
57.11
54.53
54.11
54.86
56.79
54.73
54.43
54.13
56.96
53.46
54.9
54.55
55.08
55.24
53.23
54.38
55.47
54.35
55.32
57.34
55.39
54.31
54.38
55.68
54.94
54.05
54.98
56.36
55.05
55.24
55.05
54.68
55.1
54.73
55.01
55.38
54.59
NA
NA
55.02
56.47
53.93
54.0
53.48
53.78
54.3
54.02
55.34
55.97
55.44
55.47
56.01
53.65
55.13
54.9
53.94
53.16
54.24
56.05
54.95
57.43
53.89
54.73
56.34
55.29
54.57
54.45
56.28
54.21
55.36
56.18
61.6
55.48
59.52
55.29
55.48
54.43
54.62
54.51
54.38
58.99
55.01
54.75
57.23
55.42
54.9
54.0
56.0
54.4
58.4
56.29
54.87
56.53
55.01
NA
56.33
57.57
54.1
56.29
58.66
56.3
55.77
54.26
56.27
54.94
55.54
55.71
54.55
55.25
55.25
56.25
56.72
54.86
54.96
56.78
54.76
55.15
56.88
57.0
53.77
53.31
55.88
54.28
51.99
54.33
55.44
55.05
54.36
55.02
55.72
57.57
54.18
57.99
57.99
NA
NA
NA
NA
58.39
55.09
53.89
58.89
54.89
56.99
53.49
53.39
55.0
55.43
54.03
54.45
55.13
54.62
54.62
54.88
56.68
55.73
54.61
54.78
55.75
54.72
NA
57.07
53.77
55.53
55.0
54.47
56.59
55.0
NA
58.49
56.31
54.63
56.08
54.26
54.62
53.85
55.51
55.42
56.72
56.1
54.5
56.54
55.63
55.05
55.24
53.92
54.74
57.24
54.04
54.34
54.44
53.44
54.24
56.44
57.61
56.21
53.67
58.25
56.57
57.28
53.78
55.39
54.98
54.58
NA
54.93
56.05
56.93
55.09
55.81
NA
55.92
55.13
57.22
58.11
55.34
54.16
57.59
54.56
56.14
54.48
55.55
54.8
56.46
56.08
54.85
55.71
55.05
55.81
53.93
53.61
53.97
54.13
54.13
56.97
56.17
55.77
54.77
54.57
NA
NA
53.95
54.82
56.71
54.56
NA
NA
56.43
57.22
54.8
53.24
NA
54.21
57.71
54.51
55.21
53.51
54.4
60.17
58.67
55.18
54.55
54.07
53.61
56.12
56.16
54.8
52.6
56.2
54.08
54.23
55.34
54.82
54.24
54.91
54.62
56.07
55.39
57.39
52.82
53.8
54.18
56.48
55.65
54.53
54.24
54.94
53.84
54.18
56.52
55.1
56.2
53.18
54.72
55.12
53.84
56.44
54.83
57.43
54.87
60.06
54.61
54.61
56.74
55.56
55.08
54.68
56.61
52.09
54.76
55.08
55.41
56.03
57.13
55.99
55.99
54.04
55.44
54.74
53.14
54.34
54.69
55.05
54.45
54.08
54.97
55.08
54.78
55.98
54.16
NA
NA
NA
NA
55.04
54.11
55.68
53.98
55.32
54.51
54.44
54.84
NA
55.08
54.02
NA
56.35
52.84
58.98
56.39
52.96
53.54
55.26
51.62
54.61
54.98
54.88
54.83
56.09
54.78
56.04
56.15
54.79
54.05
54.32
56.48
53.37
56.54
53.06
55.2
54.66
55.54
54.75
53.27
56.43
56.24
54.33
55.12
53.74
55.66
54.84
53.43
57.15
56.01
54.23
55.05
53.81
58.27
55.56
54.94
53.24
57.0
56.42
54.16
55.08
53.92
52.7
52.77
55.66
54.39
55.79
55.69
56.88
56.49