56.43
55.7
58.56
56.7
57.61
56.19
58.55
56.72
56.79
56.12
55.38
59.65
59.09
56.11
54.36
57.62
55.4
54.01
56.11
57.68
55.91
56.8
56.87
57.2
NA
NA
57.69
58.04
54.27
57.86
56.59
56.28
56.35
56.69
54.32
57.65
57.4
57.0
57.83
59.22
58.67
54.75
56.08
60.71
55.97
58.95
59.05
55.89
59.89
58.35
55.63
56.65
57.33
56.6
57.21
56.56
56.61
56.56
54.69
53.05
53.13
56.59
57.11
56.94
56.92
56.28
56.31
59.07
56.29
58.07
56.57
59.84
56.58
56.07
58.55
54.4
56.24
54.52
55.75
57.57
57.23
56.44
NA
56.86
56.63
56.88
NA
58.09
54.53
59.5
55.37
58.68
55.6
57.59
55.84
54.48
57.2
57.11
56.42
57.45
56.79
59.13
54.35
59.46
59.46
56.52
NA
60.31
56.21
57.11
55.42
58.96
53.23
57.64
56.62
54.18
59.53
56.58
56.93
56.87
57.65
60.23
58.41
57.18
56.82
56.45
55.2
56.75
56.18
58.4
56.03
55.52
55.98
NA
56.23
56.87
55.42
58.43
NA
57.91
56.66
NA
59.04
53.91
56.85
57.02
56.45
59.42
54.18
56.76
56.08
58.52
57.26
58.25
58.13
58.59
58.67
55.03
58.79
58.31
54.93
53.87
54.73
NA
58.19
58.38
56.83
57.71
54.99
58.71
59.99
58.09
55.98
56.5
56.57
55.1
54.85
56.59
55.93
55.93
55.98
57.1
59.6
56.43
55.58
57.08
58.81
55.98
58.84
59.44
56.62
58.34
57.49
59.13
58.96
59.2
54.6
59.4
55.2
54.8
56.54
56.88
57.02
57.14
57.15
56.53
59.25
59.9
58.36
56.61
58.05
56.8
58.82
54.41
54.07
59.56
59.09
57.31
58.53
58.53
NA
NA
56.91
55.44
58.45
54.45
57.54
57.15
56.46
56.87
57.02
58.1
58.72
57.12
56.33
60.01
52.89
58.65
56.89
56.14
57.17
56.64
57.36
57.36
57.6
NA
NA
55.72
56.26
56.31
59.12
56.56
53.94
55.14
53.59
56.67
61.69
59.65
57.13
57.29
58.77
59.82
58.27
58.89
NA
NA
57.19
58.08
55.95
55.73
59.21
57.01
59.04
55.92
56.26
56.47
57.09
55.15
55.31
56.63
59.45
57.2
58.23
58.37
56.48
NA
NA
NA
NA
NA
NA
56.7
58.8
55.84
55.0
56.56
56.88
57.81
56.16
60.6
56.76
56.29
57.82
57.06
56.44
58.89
57.71
56.28
56.41
56.39
56.29
59.49
56.64
57.15
NA
56.1
56.91
56.26
58.61
56.76
54.35
53.1
54.81
57.08
54.98
58.26
54.16
56.9
56.84
54.5
58.23
56.4
55.92
57.74
54.3
58.22
56.53
55.57
56.53
57.99
57.42
57.66
54.61
59.07
54.24
58.19
56.44
55.91
56.06
57.92
57.43
57.54
54.39
58.26
56.63
54.86
53.98
53.6
57.56
56.24
58.22
57.83
53.19
56.87
56.63
56.05
58.67
59.06
61.56
56.74
56.92
58.49
56.87
58.5
55.98
NA
55.74
59.06
56.89
56.96
56.74
56.25
58.51
59.36
57.33
57.31
55.32
56.8
55.97
55.26
57.38
58.36
53.72
56.23
56.03
57.62
57.08
NA
58.27
57.01
56.87
56.42
54.23
54.57
56.2
57.92
57.66
57.18
NA
NA
58.87
56.72
54.49
57.18
58.49
57.29
58.0
53.9
54.56
55.78
53.91
55.0
57.07
NA
56.11
56.91
56.93
55.89
53.02
55.83
55.25
55.0
56.03
59.21
57.19
59.81
56.7
56.64
57.48
57.08
58.51
57.63
58.07
55.92
58.1
57.3
57.01
57.03
57.28
55.86
59.53
58.42
57.37
60.97
56.34
NA
56.12
54.53
60.2
56.55
56.33
57.08
NA
59.11
53.33
56.72
57.68
56.32
NA
54.58
NA
56.15
56.52
56.55
59.58
56.18
NA
NA
56.53
58.17
55.48
58.74
56.52
56.63
58.89
57.31
57.58
56.23
56.33
57.82
59.52
56.79
57.93
56.23
57.04
56.74
55.22
NA
58.75
57.63
57.0
56.94
56.45
56.59
55.36
57.47
56.28
57.82
56.72
56.45
56.85
58.27
54.24
58.96
55.04
56.22
55.58
55.44
54.58
57.37
58.86
54.01
56.42
58.42
NA
55.98
54.11
56.35
57.48
54.85
52.76
57.66
56.25
55.07
58.36
54.46
56.6
58.29
56.7
54.2
56.06
56.43
57.64
56.41
56.35
59.32
58.86
57.23
54.6
58.95
54.44
56.48
57.39
55.46
54.1
55.83
57.31
57.99
53.73
59.33
59.06
57.33
54.79
59.7
56.12
57.33
55.81
58.63
57.06
56.25
56.75
57.09
60.5
58.96
56.27
60.32
60.81
55.63
57.39
54.55
56.45
56.46
54.03
56.17
60.98
57.16
53.12
57.75
NA
56.89
54.68
56.63
56.13
58.71
59.08
58.9
55.37
54.89
54.32
56.65
56.85
54.85
57.62
56.55
61.18
58.34
59.17
55.39
59.8
53.81
55.54
52.67
56.21
56.69
56.18
56.93
55.07
55.19
NA
NA
55.44
55.62
56.22
58.64
53.75
57.01
56.93
56.75
56.8
55.54
59.07
54.75
54.97
57.03
56.03
58.29
54.71
57.76
59.21
55.87
58.68
56.56
56.21
56.46
57.19
56.9
NA
56.48
56.51
56.34
56.63
56.25
56.52
56.36
56.55
56.3
56.96
56.65
58.64
58.2
57.96
54.59
58.98
55.81
58.26
56.66
56.06
58.26
57.56
54.4
56.47
59.81
56.3
60.76
59.11
57.99
NA
NA
59.91
59.61
56.81
58.41
57.91
57.41
57.71
54.4
57.25
54.42
57.37
58.57
61.7
55.8
58.17
56.16
56.25
54.16
55.96
56.22
56.28
59.08
NA
61.13
58.16
56.19
61.16
57.88
56.41
61.34
58.27
56.25
57.12
57.37
57.86
57.66
55.09
55.88
58.43
55.47
56.59
56.2
NA
54.44
54.57
56.3
59.12
55.59
54.71
59.23
53.59
55.34
NA
52.95
58.64
NA
60.17
56.94
56.77
56.49
55.72
56.77
57.75
56.91
58.64
57.34
56.66
54.25
56.05
57.85
NA
56.88
NA
NA
56.27
56.6
59.07
56.01
NA
NA
54.49
53.28
NA
NA
55.98
44.95
57.78
59.58
56.68
57.68
55.28
56.88
58.25
57.25
60.85
58.95
56.02
57.84
57.32
58.95
NA
58.17
57.42
55.92
NA
53.85
NA
58.64
59.53
56.19
57.44
58.04
NA
56.08
55.06
58.15
53.64
55.71
56.1
55.84
56.24
58.94
57.84
56.54
55.84
56.64
56.24
57.34
NA
56.77
56.93
52.71
58.51
57.31
58.19
53.31
56.46
NA
NA
57.27
54.24
54.78
56.96
56.68
56.49
56.57
56.53
NA
59.28
58.45
56.29
55.41
59.54
60.19
57.0
57.6
57.3
55.83
56.53
57.13
55.73
55.33
56.13
52.4
54.7
58.29
58.04
57.04
54.78
58.42
57.31
58.62
NA
NA
54.97
NA
55.15
52.87
56.38
56.65
NA
55.19
57.46
56.37
55.68
57.98
56.08
57.96
56.81
56.02
58.85
56.72
57.0
56.34
59.17
56.14
60.39
54.98
55.89
56.46
55.19
57.46
60.17
58.8
NA
NA
56.22
56.3
55.25
58.19
52.1
60.99
NA
56.95
58.47
54.68
56.42
56.44
54.98
58.78
54.28
57.28
53.68
NA
58.98
NA
58.58
56.48
54.98
58.78
54.28
57.28
53.68
NA
58.98
53.38
58.58
56.38
54.99
58.79
54.29
57.29
53.79
NA
58.99
53.39
58.59
56.59
54.82
58.82
54.32
57.32
53.82
NA
59.02
53.42
58.62
56.72
55.86
58.66
54.26
57.26
53.76
NA
59.06
53.36
58.66
55.86
59.24
58.45
56.76
58.69
58.48
57.91
56.52
NA
55.2
58.85
61.31
60.34
59.29
NA
NA
NA
57.29
56.17
NA
59.07
61.2
57.15
52.4
NA
NA
54.04
56.0
59.17
57.83
45.04
57.14
56.22
57.85
55.85
58.66
61.89
57.54
56.68
58.37
53.91
56.17
59.2
NA
56.6
59.58
54.86
56.59
54.74
55.43
57.82
56.5
56.82
54.42
55.87
56.96
58.44
58.28
NA
NA
57.97
58.69
57.19
56.14
59.95
56.94
56.71
58.03
59.27
58.48
53.86
57.69
58.29
56.22
56.12
56.38
59.73
54.9
54.24
57.43
NA
55.83
56.4
57.28
58.87
57.02
58.4
54.84
54.77
NA
58.06
59.09
56.14
56.39
55.69
56.11
55.94
56.44
58.81
57.49
56.67
60.45
54.24
55.38
57.53
59.19
56.2
56.42
56.28
56.04
60.89
54.4
54.85
60.82
54.33
54.7
60.92
54.47
54.73
60.94
54.42
54.55
60.94
54.42
54.55
55.74
53.77
55.68
56.08
55.93
57.29
60.1
58.43
57.81
55.95
57.86
56.34
59.25
57.12
54.36
54.04
57.01
59.57
60.11
57.44
57.05
59.55
59.57
57.36
55.38
58.47
55.42
59.8
59.89
56.91
57.51
57.7
57.46
57.22
57.65
NA
57.3
57.67
54.44
NA
56.88
57.12
56.96
56.75
57.15
NA
56.85
57.12
54.02
NA
58.67
NA
56.91
59.15
53.47
55.2
58.44
59.09
NA
59.48
55.68
59.37
58.05
54.63
58.14
55.84
56.9
55.85
53.94
58.98
56.73
59.46
56.17
57.35
56.7
57.53
58.41
NA
56.3
60.5
58.86
NA
54.88
59.93
61.15
55.19
60.19
58.68
NA
NA
NA
53.58
56.29
60.48
58.84
NA
54.87
59.92
61.15
54.79
60.08
59.4
NA
60.4
58.87
57.39
55.0
59.83
60.48
53.58
60.06
59.72
57.37
53.8
56.85
58.18
58.18
58.2
58.21
58.1
56.36
56.34
60.59
59.16
54.32
58.82
60.76
55.16
NA
NA
NA
NA
53.99
54.29
56.29
59.16
NA
NA
NA
NA
55.34
61.68
59.81
58.02
NA
NA
NA
59.3
58.8
55.45
55.17
NA
NA
56.16
56.28
53.4
56.31
53.52
NA
56.96
57.05
57.16
57.1
57.1
56.97
57.25
56.15
57.03
57.34
53.97
57.01
59.55
57.15
59.54
57.58
59.55
57.57
56.89
59.59
58.07
55.09
58.38
57.78
54.52
57.97
60.04
58.01
58.53
58.1
58.85
55.21
54.11
60.99
55.55
59.12
58.2
55.39
NA
57.45
57.22
56.6
55.92
NA
NA
NA
NA
59.43
56.27
53.97
54.98
54.14
58.51
58.91
54.96
54.19
58.85
58.95
57.2
57.04
56.99
57.13
58.26
56.49
55.96
56.15
56.26
60.62
59.18
55.82
58.8
60.74
60.36
54.5
55.71
56.22
58.02
58.92
52.12
55.86
55.29
57.46
57.02
56.49
58.79
56.99
57.62
56.76
58.79
55.26
58.2
56.25
57.83
58.81
56.97
56.41
55.01
NA
52.97
58.67
60.67
60.47
59.47
59.22
57.52
NA
NA
59.0
54.35
NA
NA
NA
NA
55.43
58.53
58.63
55.43
58.53
56.02
52.82
54.66
55.03
56.46
58.21
54.3
57.3
56.1
59.17
56.37
56.36
56.37
57.0
56.2
58.6
56.25
56.37
56.81
55.81
58.41
58.81
60.81
55.51
56.06
57.08
57.28
61.88
59.08
NA
56.7
56.7
55.9
57.57
54.77
56.37
53.27
56.95
53.55
58.55
59.15
54.05
57.55
55.35
56.15
59.44
57.14
54.69
56.39
57.19
53.89
58.54
57.27
NA
NA
57.96
57.87
58.27
54.5
59.6
56.7
58.05
NA
56.15
NA
NA
57.05
58.96
59.41
56.9
56.51
56.21
55.21
58.31
57.31
55.21
57.33
55.93
61.23
57.33
58.14
NA
56.55
56.65
55.45
58.05
55.29
56.52
56.01
58.15
56.96
57.25
59.11
58.42
56.59
56.23
57.6
56.9
58.74
54.38
57.05
56.63
59.16
56.86
58.81
57.28
58.51
57.32
58.11
55.68
59.08
56.28
56.67
56.42
54.26
55.67
59.37
58.07
58.67
56.47
56.45
57.09
57.24
54.51
56.54
57.24
54.51
56.54
58.5
55.0
59.5
53.1
59.62
56.52
59.12
59.53
57.33
54.98
58.18
54.98
56.28
56.08
56.38
59.92
55.55
58.74
56.47
56.31
55.3
56.44
56.33
55.39
55.99
53.59
55.99
55.99
57.01
55.72
53.78
54.78
54.58
57.68
58.78
NA
58.58
59.81
59.21
58.81
58.31
56.84
56.37
58.05
58.44
56.83
58.16
56.07
57.27
53.94
58.34
57.64
59.84
58.74
NA
55.13
56.39
58.93
57.76
NA
56.46
59.08
54.76
57.03
55.28
58.78
56.18
55.3
56.2
55.83
56.11
57.5
57.06
58.18
53.98
58.18
56.68
56.78
56.58
55.36
56.37
58.16
57.69
57.23
54.48
53.41
56.3
56.84
57.28
53.12
56.33
55.21
54.7
58.84
59.09
59.36
53.61
58.51
56.95
55.51
60.7
55.01
58.43
58.81
59.31
56.81
57.33
58.73
56.73
57.99
56.79
56.67
57.45
59.05
53.94
57.07
56.56
56.64
57.42
59.02
NA
57.04
56.44
57.57
59.27
55.87
58.67
56.67
57.02
56.93
55.6
53.85
54.5
53.4
56.15
57.8
56.7
57.17
57.05
NA
58.16
NA
54.34
56.05
59.74
59.01
59.54
59.05
56.29
NA
56.67
58.08
57.19
54.29
59.19
57.77
57.87
58.85
56.97
59.04
58.62
56.95
57.25
NA
55.12
57.02
53.62
56.82
55.36
55.16
59.26
58.66
56.26
60.16
57.56
57.26
54.56
NA
58.66
57.96
59.17
57.62
57.02
57.82
57.32
57.32
56.67
NA
NA
56.31
56.86
51.47
55.79
58.56
55.56
56.52
59.06
54.76
60.25
59.68
NA
53.89
NA
NA
NA
NA
59.44
NA
58.28
NA
56.58
53.65
58.53
58.49
57.93
59.51
59.8
55.79
57.31
54.18
57.03
56.54
56.95
59.59
55.84
59.56
58.24
54.71
55.18
55.78
58.54
56.25
58.02
58.35
55.57
54.05
56.98
55.33
55.87
59.54
56.97
54.37
55.54
54.15
54.81
53.71
56.56
58.93
55.86
59.56
55.27
57.18
56.17
54.15
56.79
56.59
56.59
55.99
56.49
55.89
58.95
NA
57.95
57.95
55.15
56.44
55.54
55.34
56.04
NA
NA
NA
NA
NA
NA
NA
NA
56.34
58.9
59.14
55.15
55.85
54.54
57.78
58.54
56.69
56.56
53.47
56.38
55.98
56.18
52.98
57.88
55.78
56.28
56.17
52.0
51.4
53.6
NA
NA
55.14
55.74
59.28
55.88
55.18
55.65
57.05
56.93
56.66
56.65
57.08
56.51
58.67
59.32
59.12
57.72
58.32
55.42
58.12
55.02
57.32
61.02
59.1
56.08
55.88
59.95
55.99
57.47
59.48
56.03
56.21
55.04
57.08
NA
56.6
58.36
58.84
56.22
59.28
55.78
54.58
60.98
58.38
59.01
57.69
54.5
57.3
57.3
58.72
56.87
58.88
59.05
56.76
57.06
56.93
60.68
59.34
58.51
56.61
57.51
56.41
54.18
59.32
58.56
59.04
59.19
55.59
NA
NA
56.86
56.85
59.34
59.34
56.24
57.6
55.27
56.4
53.12
56.52
58.3
56.09
58.7
55.75
58.35
57.94
57.02
54.93
NA
56.77
60.53
60.12
54.43
56.41
54.18
59.32
58.56
59.04
59.19
55.59
NA
59.12
55.62
57.64
55.12
55.72
54.19
NA
57.0
55.68
53.66
55.73
53.86
NA
54.26
55.66
54.07
54.77
55.1
58.2
57.64
60.4
58.65
58.71
59.26
54.98
58.18
55.32
58.57
NA
57.93
59.57
59.86
55.2
56.83
53.35
58.3
56.1
52.21
54.37
58.34
56.72
59.3
57.94
57.4
56.49
57.94
56.92
55.59
58.62
56.09
57.78
56.39
56.0
56.38
58.29
57.76
58.82
58.55
59.44
58.83
NA
56.02
55.4
55.81
57.06
57.13
58.62
59.95
59.44
54.72
58.22
56.94
53.84
56.94
56.94
56.44
59.14
58.44
55.96
56.49
56.29
56.99
58.99
56.99
56.72
55.58
55.63
55.83
57.77
57.57
58.07
58.63
56.07
56.63
56.29
57.88
58.54
56.65
NA
55.02
NA
58.02
56.36
60.29
56.78
53.68
58.38
58.88
54.18
58.56
58.44
55.66
57.97
58.12
56.84
59.38
57.28
57.28
58.58
56.88
56.68
52.7
53.93
54.15
56.15
59.04
NA
56.57
57.09
56.73
58.98
54.86
57.8
58.88
57.5
59.39
61.56
55.15
54.38
54.55
55.88
56.13
54.46
54.47
56.0
56.14
56.61
53.72
54.7
58.53
57.04
55.58
56.1
56.53
57.81
54.91
58.69
57.39
54.49
56.69
58.89
54.41
56.13
55.32
55.75
56.54
58.12
54.61
56.33
56.93
56.53
56.73
NA
58.88
56.28
57.88
NA
57.1
56.77
NA
NA
57.43
57.78
58.07
56.07
58.37
58.77
56.67
52.17
55.87
56.47
56.27
60.2
55.0
56.36
54.46
57.96
57.06
58.56
56.36
55.16
57.16
56.96
58.16
56.73
61.43
57.4
55.4
57.16
60.88
55.06
NA
NA
57.99
56.91
55.44
56.93
58.3
58.08
58.53
58.44
57.92
55.34
57.82
NA
NA
59.47
58.95
55.39
54.82
54.22
56.43
54.52
54.05
57.97
58.25
56.47
57.36
53.44
56.53
56.78
56.9
56.64
56.26
56.14
NA
57.24
59.65
52.17
55.36
58.5
59.0
55.97
56.25
58.1
56.86
55.73
56.8
60.74
59.28
59.64
55.69
NA
58.55
56.76
56.97
57.11
55.04
57.74
55.51
56.98
56.67
56.43
56.67
NA
55.02
56.2
55.73
57.6
NA
60.41
57.17
59.42
54.46
57.25
57.83
59.98
56.63
55.92
56.82
54.02
57.62
58.72
55.02
56.41
56.91
51.71
56.01
56.29
56.99
51.59
55.89
57.08
54.26
55.88
59.87
57.12
54.37
57.06
57.33
58.03
NA
NA
NA
57.66
57.6
58.17
54.27
55.97
52.86
57.68
56.96
57.26
54.46
59.16
57.26
58.76
56.61
55.39
56.61
NA
56.84
55.31
58.22
56.2
56.64
54.15
59.39
58.09
55.29
55.29
55.96
56.76
56.44
54.52
56.49
58.66
54.69
59.05
57.65
58.65
57.35
56.45
53.15
56.75
55.05
55.58
52.78
55.16
56.7
57.67
57.83
56.34
56.31
57.0
NA
58.29
57.76
56.22
57.46
56.89
57.9
56.85
56.65
58.26
NA
57.3
56.5
56.77
56.48
57.12
57.3
NA
58.91
54.97
52.32
53.37
55.42
NA
NA
54.75
56.88
56.59
56.0
57.1
56.02
54.72
58.42
57.72
56.56
55.56
56.57
55.74
58.21
59.85
58.12
55.48
55.72
56.68
56.58
58.88
57.28
56.68
NA
61.2
54.03
55.96
56.36
56.66
56.8
58.18
57.92
54.52
56.54
56.54
58.08
53.97
58.38
57.78
56.32
57.68
57.22
56.71
NA
54.94
59.35
58.07
56.0
58.24
NA
56.74
56.77
58.33
57.97
56.79
57.09
58.99
58.09
56.99
55.8
58.64
55.64
54.4
56.68
58.85
56.08
54.98
55.42
56.64
56.54
56.54
58.13
58.88
62.37
58.28
57.24
58.32
59.44
57.64
57.34
58.84
56.04
58.23
55.03
58.43
55.03
56.43
57.23
56.43
54.94
59.03
54.5
57.55
53.94
NA
59.25
53.41
57.57
57.22
56.33
57.5
58.33
56.27
57.4
NA
56.41
58.94
56.38
56.15
NA
57.22
57.5
59.5
56.71
59.26
NA
56.23
58.81
59.32
54.52
56.72
56.62
57.42
57.22
57.72
58.62
56.72
52.52
56.32
56.52
54.52
56.58
56.36
55.36
56.6
54.9
58.06
58.01
55.52
53.89
56.87
54.83
53.11
54.48
55.79
58.03
55.88
55.25
56.55
57.55
56.25
54.05
57.05
56.45
52.15
58.04
56.69
55.12
54.85
54.43
57.46
55.93
58.55
58.33
57.62
54.62
56.06
53.51
57.11
55.01
58.32
54.31
58.64
58.58
58.42
54.87
56.51
59.27
53.36
57.75
59.01
55.55
57.16
54.08
NA
NA
57.31
57.21
57.9
54.62
53.88
56.88
54.58
59.09
58.08
58.2
54.7
56.9
58.0
59.2
55.2
59.7
55.7
NA
56.85
NA
56.63
53.98
55.45
56.55
58.45
56.25
55.85
58.05
58.26
56.46
56.96
56.46
54.36
57.76
56.96
56.98
56.8
56.27
55.72
54.04
60.03
56.58
56.46
56.33
56.36
56.51
58.07
57.38
57.66
NA
55.63
56.03
56.43
58.93
57.23
59.75
NA
NA
57.07
57.19
56.82
57.08
60.08
56.6
61.18
56.2
57.71
53.81
57.74
56.99
57.1
57.14
56.62
56.26
58.51
56.26
55.36
59.18
55.33
56.73
58.25
NA
56.37
54.54
54.92
57.55
56.29
58.99
56.28
NA
56.3
55.7
55.68
54.08
59.88
56.68
56.48
56.48
56.48
56.48
58.18
56.5
56.64
56.91
53.12
55.59
57.89
54.42
52.64
56.07
56.96
58.69
56.97
57.03
58.33
58.05
58.28
58.72
58.77
58.84
55.26
57.4
58.76
54.84
59.57
56.55
57.44
57.73
55.08
56.39
54.86
58.46
58.36
56.95
54.85
57.85
54.55
56.35
57.25
56.65
57.05
NA
56.18
57.38
58.84
55.34
56.56
57.04
55.56
56.33
58.41
58.05
60.41
59.1
NA
NA
NA
59.23
NA
57.64
57.6
57.41
56.91
57.01
54.71
55.61
58.21
58.01
55.39
57.38
56.47
57.92
56.9
55.57
55.74
55.61
54.21
56.74
54.69
59.13
60.03
59.13
56.99
53.35
59.15
60.06
59.0
56.8
53.38
59.13
60.14
59.26
56.96
53.37
NA
NA
56.73
NA
NA
NA
NA
56.69
56.82
56.5
60.23
54.45
58.15
59.25
55.33
NA
57.84
56.64
56.24
56.59
NA
NA
NA
NA
NA
NA
54.19
59.86
57.24
57.64
55.24
58.74
58.74
54.37
58.17
58.77
58.71
55.81
55.21
56.91
57.19
54.39
58.69
55.79
56.69
53.72
58.47
55.95
58.28
55.98
52.68
55.62
56.28
54.71
57.31
61.07
57.26
56.1
57.79
59.13
56.8
55.6
56.04
56.74
56.39
56.36
54.28
NA
53.91
NA
58.35
53.96
58.91
57.44
55.8
58.72
54.01
60.89
55.38
59.08
58.05
55.34
NA
56.67
59.07
56.87
56.87
56.92
57.32
59.41
55.98
57.08
57.87
58.43
58.46
59.46
58.56
NA
58.45
59.58
53.21
57.6
55.85
56.65
54.75
54.55
55.79
62.04
57.55
55.45
58.66
56.58
55.04
62.15
55.47
57.13
58.14
55.85
55.59
57.89
54.42
52.64
56.07
59.36
56.56
58.87
56.67
56.31
55.0
56.25
56.31
54.44
55.24
57.57
59.03
56.04
56.13
55.85
56.77
56.71
54.76
56.95
57.05
56.83
56.95
56.06
58.15
57.15
57.06
53.8
59.45
56.75
58.15
56.19
53.7
58.87
57.76
54.02
NA
57.56
56.88
56.68
56.98
54.58
59.38
60.08
56.28
56.28
55.52
55.72
NA
56.58
59.98
58.18
NA
NA
NA
NA
NA
NA
NA
NA
NA
NA
NA
NA
NA
NA
NA
NA
NA
NA
56.1
55.0
60.16
58.1
NA
NA
NA
NA
NA
NA
54.11
57.98
55.44
56.34
53.2
59.25
55.56
55.86
53.4
54.99
56.86
NA
NA
NA
NA
56.59
56.73
56.79
56.35
56.8
55.73
56.49
56.66
53.65
56.54
60.18
59.64
56.79
55.39
56.78
55.97
55.67
58.67
58.33
55.93
54.77
58.43
55.59
56.46
56.46
56.68
54.39
56.12
58.28
53.22
56.71
NA
52.9
NA
56.22
55.37
59.14
57.43
59.31
58.2
57.59
57.13
58.68
53.9
57.71
56.85
56.64
56.54
53.76
58.07
53.21
58.76
57.35
58.05
54.52
56.41
54.29
54.31
NA
NA
NA
59.0
56.73
57.07
56.94
59.72
61.62
56.22
53.72
56.82
55.74
53.47
57.94
59.14
56.14
58.74
58.34
56.36
56.06
59.11
56.66
57.67
57.59
56.67
NA
58.7
NA
58.96
NA
56.16
57.73
55.85
58.67
57.1
55.85
56.79
NA
NA
56.91
57.69
55.95
54.18
NA
56.67
56.24
NA
NA
54.9
NA
54.9
58.1
NA
NA
NA
56.21
NA
56.57
54.53
56.73
58.26
56.65
56.85
56.22
57.12
58.72
58.92
56.92
57.71
54.71
57.22
55.59
56.27
56.12
54.2
55.4
61.28
56.6
56.86
53.06
59.27
57.95
55.45
54.69
55.49
52.23
55.34
53.79
58.29
57.26
59.28
57.62
55.1
56.45
54.98
58.58
NA
54.41
55.48
57.69
54.91
58.32
57.18
55.67
55.08
57.35
57.14
56.84
54.13
58.68
57.05
NA
57.46
54.93
54.57
56.62
56.62
55.46
58.05
57.65
56.15
57.45
55.25
55.95
57.65
57.15
58.27
55.43
55.79
56.84
56.42
56.96
54.53
54.39
59.77
58.18
57.21
56.91
60.47
54.67
54.25
58.41
57.19
59.52
53.89
59.75
54.9
56.7
54.82
58.34
56.94
57.4
NA
54.35
55.51
57.87
57.39
57.16
56.46
56.27
56.46
59.09
56.05
NA
59.45
NA
56.18
56.68
58.46
57.96
54.31
59.36
60.03
59.19
58.48
53.98
NA
58.68
55.38
55.58
58.66
NA
NA
56.35
57.45
56.65
57.85
58.83
NA
NA
NA
NA
59.01
56.45
56.96
55.16
57.47
56.56
57.07
56.49
54.44
56.48
55.32
57.38
56.79
56.24
53.53
57.14
55.37
55.95
56.65
59.17
57.41
57.47
58.32
57.03
56.9
59.38
57.36
57.35
58.61
56.98
56.85
56.26
55.42
59.49
56.83
56.79
NA
54.69
56.09
57.22
56.42
56.29
60.62
58.52
52.51
58.81
58.41
58.44
56.54
54.89
54.59
55.79
56.79
57.38
57.65
56.65
59.13
NA
57.83
NA
NA
57.79
58.29
54.89
58.29
54.49
54.99
56.79
58.72
57.11
59.52
58.52
60.02
58.52
57.62
58.62
55.92
54.92
56.12
58.88
56.62
56.06
54.83
56.61
57.51
58.72
55.55
57.07
54.51
56.3
55.53
61.16
58.6
55.79
57.07
58.71
57.41
59.47
60.7
58.95
53.77
58.76
55.43
56.21
58.36
58.23
59.8
NA
55.51
NA
56.77
58.75
56.58
NA
59.24
54.92
52.86
57.87
60.6
56.75
55.95
56.13
55.75
57.25
60.83
55.82
61.08
54.58
54.92
61.29
NA
55.9
56.4
57.1
56.6
56.9
NA
57.48
56.18
56.88
58.48
59.58
55.58
55.38
56.75
57.14
56.68
59.76
56.35
NA
56.04
58.54
56.54
57.62
58.62
57.41
55.61
57.61
NA
56.56
56.11
58.01
52.31
55.21
56.71
54.71
54.91
55.89
NA
57.19
55.99
55.83
55.88
58.13
54.91
58.91
58.21
57.11
57.68
58.53
54.34
54.69
57.67
58.1
57.45
59.64
59.44
56.74
58.45
56.41
58.32
58.36
59.88
56.07
56.2
55.7
57.9
57.14
58.63
58.36
57.79
59.08
55.89
NA
NA
NA
57.39
56.15
NA
56.63
NA
57.81
NA
NA
NA
NA
56.62
54.37
56.47
55.37
57.17
57.15
55.54
56.65
58.06
57.99
56.26
56.86
55.89
60.74
56.36
56.46
57.26
56.66
56.56
56.36
NA
58.89
NA
57.29
56.99
56.68
56.37
56.12
56.05
54.38
54.38
56.88
NA
57.29
NA
57.54
59.17
57.0
NA
58.56
60.11
58.29
57.94
59.4
59.1
53.8
57.8
58.9
55.3
59.6
54.69
58.2
60.14
59.36
NA
56.63
56.7
57.22
59.12
NA
55.33
56.09
57.63
NA
NA
56.69
56.53
58.06
56.27
55.36
56.12
57.66
57.62
56.1
56.87
55.09
57.09
55.48
55.02
57.31
55.96
58.12
59.32
NA
56.11
55.51
58.71
58.95
62.09
57.23
60.12
58.42
55.19
54.72
57.05
57.57
57.06
58.92
56.34
55.04
56.18
56.77
53.69
55.23
56.67
58.29
55.89
57.59
56.77
56.86
55.23
56.6
57.24
57.54
57.2
59.38
56.68
58.08
59.46
60.07
55.89
58.24
56.3
54.79
59.75
56.06
56.29
54.99
53.59
54.99
59.69
56.09
57.29
NA
58.17
57.71
56.87
52.06
56.61
56.15
57.38
55.95
59.2
55.2
62.3
56.86
57.16
57.26
56.96
57.36
56.56
56.06
57.86
56.36
56.66
56.38
56.57
57.32
NA
56.76
55.98
58.06
57.51
56.32
56.71
57.72
56.88
57.18
57.11
56.98
56.74
57.55
57.88
56.93
56.88
58.45
56.14
55.89
54.78
59.64
56.34
57.71
55.64
60.45
59.35
56.13
56.7
59.51
54.45
56.7
56.7
56.68
58.38
56.83
56.59
56.27
54.63
55.33
56.03
57.33
57.23
56.83
56.55
56.55
NA
60.26
56.7
55.53
60.25
NA
55.69
54.52
56.26
NA
56.48
57.54
55.91
54.87
58.75
58.71
53.91
60.38
57.89
56.17
57.15
54.44
62.64
56.04
56.81
56.11
56.91
55.71
58.59
56.57
59.03
53.6
55.61
57.88
57.59
54.0
56.41
56.27
56.02
53.7
54.3
57.27
56.93
57.99
56.81
54.95
56.22
56.4
57.19
53.88
56.12
54.25
55.65
57.15
57.25
56.75
57.44
58.54
56.8
55.32
58.14
58.24
57.04
57.14
56.54
57.24
59.54
57.64
55.64
54.94
56.94
57.04
58.56
55.4
58.2
59.37
58.32
58.13
54.43
55.83
59.33
54.17
58.35
57.26
55.92
56.3
56.2
58.4
58.3
57.4
58.49
58.55
57.11
54.27
56.13
55.57
61.29
58.42
NA
NA
53.72
55.92
57.12
55.52
57.52
56.22
57.52
56.32
57.71
55.15
55.74
58.35
55.65
56.65
56.55
56.37
57.58
53.66
55.96
56.56
55.56
57.36
56.26
57.66
56.26
59.31
54.29
54.64
58.26
58.28
59.3
59.67
58.52
56.32
56.7
56.44
58.05
57.56
60.17
58.86
56.29
55.22
58.78
56.68
NA
53.68
53.68
53.38
59.48
55.78
60.23
58.53
55.81
59.11
57.71
53.51
58.01
59.47
57.01
56.41
55.41
57.11
58.21
56.57
55.67
NA
56.31
58.47
54.72
52.71
57.69
NA
60.57
60.5
56.67
55.76
55.94
56.43
57.23
57.23
NA
57.84
56.82
56.89
56.79
56.88
56.58
56.8
58.94
53.14
NA
57.14
56.34
55.34
54.44
56.64
57.04
58.02
57.82
57.12
57.32
58.02
56.05
54.45
56.95
55.48
58.58
56.98
56.88
56.98
57.28
57.58
54.69
55.19
55.89
58.89
59.89
57.09
57.49
56.69
56.64
56.44
54.24
56.44
57.74
57.84
58.74
54.68
57.03
55.18
55.66
57.22
57.74
55.67
57.65
55.45
55.66
57.56
56.12
57.39
58.16
55.67
NA
56.69
NA
55.88
59.57
57.67
55.47
55.71
56.9
57.5
56.0
55.4
56.6
56.5
56.24
53.41
56.45
57.49
53.47
56.42
57.68
56.29
NA
57.64
57.68
NA
53.99
56.49
56.86
58.74
56.54
56.64
56.21
58.8
56.61
59.43
57.43
55.43
57.45
54.16
55.32
56.4
55.86
NA
NA
57.52
56.54
58.31
55.66
56.54
59.34
NA
58.8
53.19
59.26
57.49
57.05
56.95
55.54
57.9
57.52
56.42
NA
56.92
56.59
57.18
56.85
59.9
59.04
58.16
57.06
NA
58.63
58.53
54.03
NA
NA
57.8
56.8
60.93
56.27
NA
57.17
57.17
54.83
57.33
57.13
56.22
56.98
57.08
55.69
57.09
57.79
55.19
NA
56.19
NA
57.88
56.43
53.83
56.84
55.61
59.19
58.35
58.44
59.29
56.34
58.91
59.08
56.87
54.64
56.0
54.15
58.01
57.54
53.98
56.58
56.18
57.42
59.22
56.42
56.62
57.19
59.09
56.19
56.49
56.55
58.11
59.42
59.0
56.51
55.84
58.71
56.77
57.89
56.57
56.54
53.85
58.46
56.64
55.91
58.43
NA
59.63
NA
56.24
NA
NA
56.29
58.84
55.54
54.74
58.64
60.6
55.5
56.39
57.22
58.21
56.03
57.93
54.26
53.96
54.22
NA
NA
NA
NA
NA
NA
NA
NA
NA
NA
NA
NA
51.68
57.83
56.33
57.7
55.98
58.49
58.07
56.33
58.86
55.48
55.69
54.99
58.78
57.34
NA
NA
57.15
56.71
58.07
54.17
58.37
57.37
NA
55.85
56.45
56.54
58.37
55.5
58.38
59.07
59.13
NA
55.03
55.73
59.13
56.13
55.87
NA
60.9
NA
54.09
56.51
54.73
59.89
57.81
56.53
56.53
NA
NA
57.59
55.48
56.77
56.88
56.58
57.11
57.88
57.5
55.92
57.64
57.23
55.38
56.07
59.54
53.54
55.84
54.24
56.54
56.64
55.04
56.43
56.23
53.73
56.73
54.43
56.43
58.47
53.76
57.21
59.47
58.6
59.02
58.74
58.94
58.65
59.06
53.68
57.28
59.38
58.58
58.88
58.68
59.18
56.36
56.63
NA
56.17
56.57
58.2
56.7
56.5
58.43
55.84
57.81
NA
53.34
58.82
58.48
57.99
58.43
54.87
NA
57.29
55.03
57.82
57.35
56.75
57.15
58.35
55.51
58.41
56.43
58.33
NA
NA
57.8
54.0
NA
NA
NA
58.89
55.05
NA
57.55
58.26
55.7
58.16
NA
NA
NA
56.61
59.21
58.52
58.44
NA
56.35
58.19
NA
58.29
NA
NA
NA
53.21
NA
NA
NA
NA
58.25
55.9
NA
57.11
58.21
56.82
59.42
57.52
57.08
56.7
59.54
NA
NA
NA
56.28
56.12
57.48
53.79
58.26
56.44
53.6
57.28
56.81
56.61
56.78
56.18
NA
NA
NA
NA
58.83
58.84
57.04
59.77
58.38
55.95
56.35
55.76
56.35
NA
56.23
56.29
58.75
54.14
56.07
58.3
54.82
59.69
54.95
56.59
55.49
53.9
52.67
57.56
56.57
56.26
53.24
55.74
58.53
56.66
56.49
56.39
54.59
55.99
58.24
57.9
54.82
56.8
57.68
55.23
54.52
60.51
54.36
57.06
57.77
56.37
56.4
54.02
57.18
56.4
NA
55.56
58.66
56.66
56.29
56.73
56.73
NA
55.06
NA
58.42
56.21
55.97
54.83
59.68
56.26
57.7
57.95
57.8
55.74
54.95
55.2
56.2
58.7
59.08
54.28
NA
54.68
54.49
NA
58.59
57.68
55.41
56.92
53.94
56.41
58.83
54.17
54.54
54.54
54.36
58.09
56.59
55.1
54.17
58.73
57.62
55.38
58.73
NA
NA
NA
58.33
57.21
NA
56.75
57.83
57.86
54.23
59.42
56.67
59.48
55.83
59.04
NA
58.03
59.13
59.76
60.44
56.19
59.33
56.84
59.36
57.46
60.52
55.94
56.54
56.67
55.41
57.17
56.2
NA
57.79
56.54
59.61
57.27
58.05
56.65
56.67
57.22
51.4
NA
56.29
56.68
57.66
56.75
56.85
56.66
56.81
56.6
55.38
57.44
55.89
57.72
58.22
57.56
54.86
53.56
55.86
54.76
54.36
56.26
56.56
56.86
57.01
58.88
55.63
53.51
54.0
57.7
58.91
55.26
54.78
NA
57.06
56.61
56.62
59.23
55.01
58.8
58.74
55.32
55.78
57.15
60.5
58.68
56.5
55.4
55.3
58.6
56.6
56.28
57.45
54.95
57.85
57.38
56.79
56.97
58.2
56.52
57.03
56.13
56.59
56.1
56.05
56.18
56.11
55.45
57.19
59.03
58.58
55.45
56.71
55.24
57.81
55.54
54.92
55.89
57.04
56.21
57.15
53.95
58.69
62.08
58.65
55.0
57.18
NA
57.05
56.55
58.03
NA
54.3
54.3
NA
58.23
58.89
55.51
58.24
57.7
59.27
54.68
58.21
58.07
56.61
57.09
54.31
57.14
56.24
56.97
57.14
NA
57.04
57.11
NA
57.18
56.59
56.59
59.38
56.78
55.28
52.48
58.88
59.38
57.55
58.08
56.94
56.58
57.4
60.66
NA
NA
57.39
53.89
58.39
NA
NA
56.99
55.19
59.39
56.19
57.18
56.78
56.58
58.72
57.23
56.65
55.63
56.13
56.53
56.73
56.73
54.51
57.39
58.75
53.51
56.45
NA
56.53
56.55
56.16
56.5
56.81
56.73
56.81
56.36
56.16
56.68
58.22
56.16
56.68
56.16
NA
56.16
57.68
53.84
57.88
55.41
NA
56.35
57.81
54.14
56.28
55.52
58.72
55.94
55.2
58.62
58.1
60.16
59.02
57.58
58.16
59.51
58.45
56.5
57.04
56.37
58.14
59.03
56.67
56.6
57.91
55.35
54.52
60.26
54.78
58.72
58.48
54.78
61.53
52.93
56.17
58.97
55.97
58.45
54.64
54.47
54.99
58.19
55.82
57.08
58.26
NA
NA
57.0
56.19
56.26
57.2
NA
58.7
57.9
54.8
58.9
57.8
57.08
57.13
57.58
56.78
58.14
58.54
57.84
57.04
58.1
52.64
57.18
56.32
NA
56.64
51.44
56.44
59.52
57.47
55.6
54.54
55.39
58.83
56.36
56.35
54.34
59.11
58.0
56.16
55.31
58.38
54.57
54.66
57.59
56.91
59.54
57.51
56.31
54.62
57.28
56.86
54.32
57.02
56.55
57.61
56.76
56.23
54.36
59.15
55.76
58.88
55.2
55.99
58.66
58.59
56.79
NA
55.78
57.68
57.88
57.78
NA
NA
56.64
56.98
54.37
NA
58.86
56.12
NA
54.19
56.42
56.65
57.48
59.91
56.75
59.55
56.66
55.73
54.93
58.97
59.22
56.05
55.01
54.31
55.44
55.28
57.26
58.89
57.05
57.47
57.31
53.88
53.98
57.49
56.41
58.77
57.46
56.63
60.67
54.03
NA
NA
59.37
NA
56.26
56.69
59.23
56.41
55.33
60.05
55.98
57.51
54.22
NA
NA
57.78
53.23
NA
56.81
54.71
56.61
55.11
58.22
54.87
56.91
56.34
58.14
54.85
NA
54.89
58.46
56.37
54.22
54.88
58.41
56.26
54.29
61.44
NA
58.4
56.93
58.23
NA
59.01
55.27
53.91
55.95
NA
60.02
58.89
NA
58.89
55.39
59.19
56.79
NA
55.54
56.75
56.42
57.04
56.8
54.2
59.33
NA
56.53
56.73
56.42
57.0
56.82
54.06
59.36
NA
59.08
56.58
56.8
56.0
56.6
55.8
57.9
58.0
58.2
55.6
56.6
57.0
52.2
NA
57.33
57.78
54.59
56.82
56.97
58.64
61.84
56.74
56.44
55.63
57.13
58.33
54.83
NA
57.87
NA
56.34
56.48
56.26
57.19
58.6
56.23
56.11
57.01
56.71
56.71
56.46
56.42
54.53
56.45
57.21
56.33
60.26
53.86
55.97
56.88
56.5
55.56
58.47
56.85
55.95
56.63
54.47
62.81
57.78
54.63
57.53
56.9
58.94
54.63
56.8
56.54
57.5
53.13
56.94
56.14
59.24
54.84
53.74
57.24
55.44
56.24
57.69
55.71
NA
NA
53.71
58.24
58.42
59.74
58.16
58.45
NA
NA
NA
NA
NA
NA
NA
52.96
57.74
53.77
54.6
59.34
55.74
56.69
58.17
55.95
56.93
57.18
55.43
59.24
59.19
59.58
58.1
57.65
54.75
57.45
59.31
NA
NA
61.51
57.01
57.11
54.54
55.72
56.02
NA
NA
NA
NA
NA
NA
NA
53.11
58.75
57.18
62.04
54.22
53.15
58.76
57.29
62.0
54.23
58.41
56.85
56.15
57.26
56.36
57.46
55.77
56.65
57.14
56.46
56.23
56.82
56.48
55.48
56.57
59.5
56.42
57.09
57.95
56.88
NA
56.88
NA
57.46
54.44
60.75
59.29
57.41
54.4
60.7
59.25
NA
54.57
52.39
56.5
56.82
54.42
55.87
56.96
58.44
58.28
NA
NA
56.21
54.41
54.7
56.17
54.61
54.71
56.21
54.33
54.7
56.14
58.31
57.33
57.23
58.17
57.24
57.38
57.2
58.16
57.21
54.76
58.06
57.76
55.06
53.86
53.96
57.26
57.36
56.46
56.43
53.95
NA
NA
56.13
57.07
NA
54.72
59.62
54.79
54.52