29.17
28.38
28.39
29.77
28.82
29.09
28.98
28.69
29.55
29.22
28.33
NA
29.4
29.25
29.29
28.83
NA
26.52
28.66
28.6
28.96
32.25
30.35
NA
29.06
28.9
28.79
29.92
29.49
29.45
29.51
29.2
29.67
29.89
29.7
29.43
29.48
29.65
29.59
28.85
29.12
28.83
29.07
29.54
29.24
28.62
30.41
30.11
29.8
28.45
29.55
30.17
29.46
30.21
29.23
29.25
29.72
29.19
28.96
29.9
29.13
29.05
29.21
29.1
29.18
29.39
29.01
30.13
29.23
29.35
29.31
28.94
29.97
29.19
30.68
29.63
28.74
29.93
NA
29.44
28.88
28.68
28.91
29.36
29.05
29.24
29.48
29.28
29.89
30.16
29.57
29.91
28.8
28.87
NA
28.06
32.03
29.29
28.51
28.96
28.73
28.61
29.33
29.02
30.29
29.46
28.72
29.5
29.06
30.54
29.39
29.14
30.44
29.26
29.39
30.14
NA
29.96
29.14
29.16
29.53
28.94
29.52
29.64
29.67
29.44
28.93
29.57
29.67
29.29
30.66
NA
29.72
29.82
29.03
29.74
29.83
29.36
28.74
29.98
29.56
29.18
29.79
29.97
29.74
28.88
28.25
29.48
29.9
29.25
29.94
26.37
31.16
29.06
28.91
29.32
29.17
29.74
29.04
29.0
29.47
29.0
29.99
29.03
30.16
28.76
30.18
29.74
29.97
26.28
NA
29.03
30.3
28.52
29.27
30.08
29.31
28.6
30.14
29.03
28.81
29.99
29.66
29.46
NA
29.36
29.75
29.41
29.77
30.3
28.97
29.77
29.19
29.45
30.79
27.13
29.48
29.73
30.32
27.41
29.51
30.17
29.42
30.29
29.39
29.08
NA
29.52
30.68
31.01
29.19
29.58
29.52
29.08
NA
26.24
29.41
29.35
29.34
29.34
29.01
29.18
27.2
29.65
30.57
28.96
29.17
30.41
29.46
29.81
31.12
29.29
29.21
29.37
30.23
28.85
29.5
29.55
29.87
30.02
28.56
29.21
29.44
29.23
29.81
29.41
30.12
28.73
28.98
27.57
29.51
NA
30.35
28.0
30.63
30.61
28.92
29.4
29.46
29.36
30.35
29.98
29.24
29.11
29.26
28.93
29.39
29.39
29.18
29.67
29.35
28.89
29.18
29.27
29.47
29.58
NA
28.4
30.48
29.03
31.04
29.22
28.66
29.54
NA
30.71
29.47
29.07
31.05
29.78
29.69
30.81
29.2
NA
29.65
30.52
29.65
29.16
28.17
30.98
29.99
29.29
NA
29.11
28.47
29.21
29.04
29.19
29.27
28.57
29.15
29.74
28.79
30.11
28.74
NA
30.03
28.95
29.13
NA
28.73
29.41
28.58
29.47
29.47
29.55
28.29
30.99
30.29
28.45
28.72
29.25
29.43
28.82
30.03
29.53
29.12
NA
30.29
28.5
29.86
29.84
29.08
32.05
30.37
29.75
29.01
29.25
28.79
28.67
29.65
29.34
29.11
29.38
28.91
29.26
30.93
29.26
28.98
29.38
29.81
28.93
28.85
NA
29.5
29.7
29.1
29.36
30.05
29.66
29.09
29.42
29.71
29.17
28.42
29.12
28.67
28.61
30.77
30.48
28.91
28.63
29.89
28.9
29.15
30.01
29.31
28.08
29.35
29.89
28.78
29.48
29.48
30.19
29.7
28.64
28.52
29.01
29.51
29.09
29.08
28.42
30.76
30.71
28.99
29.15
29.59
29.72
28.57
29.19
29.07
29.9
29.33
29.61
29.79
28.97
30.85
29.62
28.95
28.62
29.16
29.28
29.76
NA
28.13
30.87
29.07
29.03
28.8
29.51
29.23
29.8
29.25
30.06
30.91
29.55
30.33
32.82
30.96
29.04
29.91
29.6
NA
29.19
28.57
30.22
29.19
29.67
28.61
29.06
28.96
NA
28.46
29.43
29.0
29.12
29.2
29.32
NA
29.52
30.14
29.73
28.88
31.19
28.37
29.35
29.66
29.21
28.75
29.03
28.43
29.21
29.62
30.01
29.86
27.46
29.41
29.68
29.94
28.96
29.53
28.94
30.0
29.2
30.25
30.02
29.27
28.28
29.7
29.19
29.3
29.26
29.56
29.04
29.24
30.92
30.2
29.38
29.59
29.41
26.9
29.14
29.5
30.47
29.77
30.25
29.29
29.52
29.26
29.18
29.58
NA
29.42
29.01
28.63
28.52
30.55
28.46
29.23
28.41
30.05
28.45
30.02
28.26
29.9
28.5
30.23
28.39
30.01
29.55
29.21
28.99
29.48
29.63
29.65
28.91
NA
28.91
30.41
30.01
29.99
28.55
28.8
29.41
29.46
29.39
31.01
29.39
29.39
29.08
27.99
29.5
30.68
29.61
NA
28.24
28.71
29.69
29.17
28.96
29.9
29.08
28.08
29.6
30.86
29.89
NA
28.72
28.89
29.68
29.16
29.01
29.88
NA
32.25
29.74
NA
29.66
27.18
28.94
28.97
29.65
NA
NA
NA
29.16
29.15
27.28
29.48
NA
NA
NA
NA
NA
NA
NA
29.74
NA
28.97
28.81
29.26
29.07
NA
29.64
NA
NA
NA
NA
27.15
28.99
NA
30.2
NA
29.17
29.12
29.4
NA
NA
NA
NA
NA
NA
NA
28.35
28.35
28.82
NA
29.01
28.83
28.34
29.3
NA
29.0
28.09
29.57
28.55
28.86
29.46
29.14
29.02
29.13
29.66
29.63
30.26
33.59
31.05
29.35
31.87
29.4
29.46
NA
29.14
30.31
28.86
29.95
30.18
29.42
29.37
29.42
29.83
30.66
29.87
NA
NA
NA
NA
28.86
28.66
29.02
29.49
29.06
30.49
29.25
29.03
28.84
29.7
28.98
29.39
29.48
29.71
27.73
28.4
29.44
28.35
28.82
27.58
NA
28.67
30.17
NA
NA
29.24
29.31
29.06
29.06
29.22
29.56
29.65
29.05
28.22
26.22
29.22
28.92
NA
NA
29.33
NA
NA
NA
31.16
25.75
28.96
29.19
28.83
29.41
29.36
29.76
30.46
29.97
29.2
29.41
29.38
30.25
28.3
NA
NA
NA
NA
NA
NA
NA
NA
NA
NA
NA
NA
29.3
28.55
29.25
29.31
29.51
29.76
29.12
29.05
29.13
30.26
30.66
30.55
30.36
29.89
29.38
28.31
30.47
29.93
30.19
29.93
30.06
30.19
26.96
29.15
29.8
30.32
30.7
28.0
28.9
30.2
28.1
28.8
29.6
28.6
29.0
29.2
28.9
28.1
29.1
29.4
28.6
28.33
30.05
29.28
29.78
29.1
29.11
28.03
29.03
29.0
28.5
29.6
29.1
29.2
30.6
29.1
29.5
NA
NA
NA
NA
29.23
29.33
28.96
32.75
30.4
31.57
29.2
29.94
29.05
29.14
29.64
30.34
31.34
29.64
31.74
29.64
29.39
29.69
30.69
28.9
29.5
29.15
29.55
NA
29.45
29.15
29.45
28.63
28.84
28.44
28.88
29.23
29.02
28.54
30.05
28.68
29.59
28.61
29.17
30.48
29.6
29.74
29.99
29.6
29.59
30.0
28.58
29.04
29.88
29.05
30.27
29.99
28.69
29.54
30.8
NA
NA
NA
NA
NA
NA
NA
NA
NA
NA
NA
NA
28.42
29.05
30.28
29.43
30.22
28.45
28.75
29.06
29.34
28.54
30.46
30.03
29.44
28.46
29.11
27.65
29.24
29.68
30.0
29.34
NA
NA
NA
NA
NA
NA
NA
NA
NA
NA
NA
NA
NA
NA
NA
NA
NA
NA
NA
NA
NA
NA
NA
NA
NA
NA
NA
NA
NA
NA
NA
NA
NA
NA
NA
NA
NA
NA
NA
NA
NA
NA
NA
NA
NA
NA
NA
NA
NA
NA
30.18
29.33
29.11
31.64
29.46
28.88
27.97
30.01
29.98
29.08
29.45
29.61
29.55
29.27
31.8
28.1
30.0
29.3
NA
29.47
30.7
29.43
29.39
29.98
32.9
29.39
29.39
28.52
30.86
29.23
29.66
29.62
31.03
28.3
29.55
29.78
29.92
28.98
30.45
29.84
NA
NA
NA
NA
NA
NA
NA
29.1
29.1
28.9
29.7
29.5
28.7
29.1
29.5
29.3
28.9
29.1
29.7
29.5
NA
29.7
29.5
28.6
NA
29.9
NA
NA
NA
NA
NA
NA
NA
NA
29.9
28.96
28.75
29.26
29.25
29.7
28.63
29.06
30.2
28.62
29.28
29.71
28.99
28.64
28.76
30.34
NA
29.93
28.45
29.11
29.64
29.39
29.0
28.96
30.01
29.9
28.59
30.14
27.41
28.83
28.69
NA
28.92
29.39
29.42
29.28
29.78
30.32
28.48
29.13
29.3
29.12
28.21
29.45
28.83
29.55
29.47
29.01
30.41
29.16
28.99
30.65
29.0
28.88
29.18
29.09
29.5
28.75
29.51
30.14
29.18
29.15
29.31
29.07
28.87
28.95
30.56
29.49
29.92
28.73
29.33
28.34
28.34
29.51
28.64
29.06
28.25
28.34
NA
NA
29.37
29.45
29.43
28.93
29.27
30.83
28.72
31.7
NA
30.66
29.07
29.07
29.79
28.35
30.15
28.72
29.21
28.92
29.86
28.69
29.8
29.07
29.74
28.09
28.23
28.38
28.39
28.39
29.1
29.37
29.22
30.18
28.12
29.82
29.64
29.82
29.64
27.72
30.69
28.61
29.57
29.67
30.1
30.91
29.53
28.99
29.2
28.97
29.4
28.61
NA
29.35
30.01
30.55
30.38
28.93
29.16
28.91
29.4
28.44
29.38
29.64
29.42
29.51
29.8
26.22
28.98
29.51
30.15
29.87
31.48
NA
30.47
30.47
NA
NA
30.52
30.47
30.52
29.2
29.2
29.52
29.62
29.3
29.41
29.46
29.52
28.7
28.53
29.24
28.79
28.43
29.54
30.59
29.49
29.16
29.92
28.95
29.97
29.22
27.96
30.65
29.25
NA
28.69
29.53
NA
NA
NA
NA
NA
NA
NA
28.24
NA
29.44
29.08
30.11
30.31
29.72
28.99
28.87
30.36
29.42
NA
NA
NA
NA
NA
NA
NA
NA
NA
NA
NA
NA
NA
NA
NA
NA
NA
NA
NA
28.67
28.42
28.47
NA
29.86
29.31
NA
29.05
NA
31.15
29.33
29.5
29.28
28.52
NA
NA
NA
NA
29.58
NA
28.03
28.83
28.81
29.84
30.05
27.79
29.86
29.87
28.26
29.1
NA
29.58
29.87
29.78
30.12
29.29
28.58
30.39
33.44
33.37
NA
29.63
NA
28.01
28.8
28.79
29.82
29.95
27.49
29.89
29.95
28.2
29.17
NA
29.56
29.96
29.69
30.14
29.24
28.59
30.28
29.17
29.63
28.79
28.2
29.17
28.79
29.89
30.79
27.04
29.63
29.76
28.27
28.98
29.69
29.56
30.08
29.76
30.08
29.11
28.53
NA
29.49
NA
29.64
29.89
29.68
29.47
29.62
29.65
29.45
NA
29.66
29.8
29.66
29.48
29.58
29.59
30.11
29.9
29.76
29.61
29.94
29.7
28.42
29.02
29.07
NA
29.71
29.03
29.83
28.56
26.13
30.32
28.73
30.34
29.64
29.48
29.37
30.42
29.79
28.73
30.34
29.64
29.48
29.37
30.42
29.79
28.85
30.33
29.6
29.54
29.26
30.31
29.77
28.79
30.32
29.65
29.6
29.33
30.36
29.84
28.74
30.26
29.54
29.45
29.36
30.03
29.4
28.96
29.08
29.39
29.68
28.95
29.47
29.88
29.73
28.45
29.47
NA
NA
NA
NA
NA
NA
NA
NA
NA
NA
NA
NA
NA
NA
NA
NA
29.07
30.4
30.28
30.97
30.13
NA
NA
NA
NA
NA
NA
NA
NA
NA
NA
NA
NA
NA
NA
28.72
28.53
28.72
30.31
29.57
29.35
28.16
29.34
29.52
NA
NA
NA
28.82
29.56
29.56
29.67
30.61
29.25
NA
NA
NA
NA
NA
NA
NA
28.66
NA
NA
NA
NA
NA
NA
30.68
30.24
30.19
30.79
31.4
30.84
30.79
30.76
29.22
29.83
29.75
30.09
29.92
30.06
30.26
29.62
29.31
27.87
29.3
28.91
28.83
29.35
29.38
28.5
28.91
27.72
28.92
28.95
28.53
29.34
29.0
31.42
28.44
28.7
29.44
29.05
NA
29.56
28.83
29.63
27.72
NA
NA
NA
29.04
30.19
NA
28.5
NA
28.53
29.36
28.66
30.04
29.35
29.59
29.0
29.91
NA
28.46
29.32
29.55
29.19
29.41
NA
NA
NA
NA
NA
NA
27.17
30.43
30.48
30.66
30.59
30.12
29.94
30.04
29.16
29.29
28.97
28.91
28.97
29.33
29.51
28.79
29.41
29.49
29.66
28.44
29.35
30.44
NA
32.69
29.26
29.81
29.58
30.09
30.02
29.22
29.82
30.12
28.32
28.72
28.72
28.82
29.02
30.63
28.96
29.49
29.53
29.67
31.49
28.95
29.56
29.44
28.64
28.62
NA
NA
28.39
29.06
29.56
30.32
29.53
29.11
29.96
29.38
39.08
28.01
NA
NA
NA
NA
NA
NA
NA
NA
NA
NA
NA
NA
NA
NA
NA
NA
28.73
30.83
28.73
29.32
NA
30.61
28.8
28.2
29.5
29.4
28.8
30.7
28.8
28.8
30.58
29.41
29.21
30.16
29.66
29.16
NA
NA
NA
27.38
NA
30.08
NA
NA
27.38
27.58
29.98
29.4
29.0
29.0
29.8
29.4
29.97
27.17
NA
29.31
29.71
29.11
28.81
28.91
29.25
30.65
29.74
30.24
28.19
28.19
29.42
29.19
29.51
30.0
28.48
29.07
NA
29.91
29.11
28.61
NA
NA
NA
NA
29.11
33.01
NA
NA
NA
NA
NA
NA
30.01
29.61
29.41
29.21
29.21
29.11
NA
30.91
33.67
29.17
29.2
28.7
28.9
29.2
28.35
29.15
28.15
NA
30.31
28.91
30.81
30.81
NA
29.51
29.33
29.9
30.05
29.73
29.23
29.33
29.53
29.03
28.83
29.03
29.64
29.94
28.44
29.04
28.54
29.05
29.65
31.25
29.35
30.85
29.05
29.65
29.95
29.35
29.63
28.75
28.66
30.04
29.71
28.85
29.42
29.1
29.83
28.39
30.19
29.31
29.11
28.16
29.53
28.66
29.86
28.96
28.41
29.31
30.81
29.41
30.82
NA
29.9
28.61
30.11
30.22
29.37
29.6
29.77
31.83
29.45
NA
29.15
31.03
29.2
28.98
31.19
30.8
28.73
30.24
29.88
29.55
28.89
31.17
29.15
28.78
29.97
29.23
29.73
28.38
29.38
29.38
29.58
29.25
29.21
NA
29.44
28.74
NA
NA
NA
NA
NA
29.46
29.95
30.51
29.25
30.09
NA
32.2
29.16
29.46
29.95
30.51
29.25
30.09
NA
32.2
29.16
29.4
29.3
29.3
28.9
28.8
29.32
NA
28.02
29.53
28.83
28.53
NA
29.13
28.93
29.63
28.83
29.53
29.93
29.13
29.93
29.53
29.28
29.18
29.78
28.28
29.62
28.72
29.92
NA
NA
NA
28.33
29.82
31.48
32.28
27.78
32.61
28.91
29.41
28.51
29.21
29.01
29.21
29.81
29.31
30.21
29.51
28.24
29.55
29.33
28.51
29.77
28.96
29.62
28.67
29.44
29.14
29.54
NA
NA
29.29
NA
28.81
29.21
28.67
29.94
29.78
29.28
29.98
29.58
29.58
29.38
28.68
29.7
29.3
29.8
28.9
29.5
29.6
29.4
28.7
28.41
28.73
29.21
28.83
30.69
NA
29.68
28.06
29.62
29.58
29.45
28.57
28.57
29.24
29.47
29.7
29.37
31.06
29.45
29.24
NA
NA
NA
NA
30.32
29.83
30.68
27.82
28.57
29.83
29.16
29.31
30.21
NA
29.84
28.9
28.89
29.16
30.12
29.3
30.4
30.41
28.9
29.16
30.06
30.12
31.58
31.4
31.05
31.61
31.11
29.72
28.31
28.83
28.84
30.74
NA
NA
NA
29.14
29.24
28.84
28.74
29.04
29.94
NA
NA
NA
NA
NA
NA
NA
NA
NA
NA
29.27
29.57
28.77
29.12
28.98
29.41
29.88
28.53
29.37
NA
NA
NA
29.61
29.92
28.99
28.65
28.83
29.67
NA
29.16
30.27
29.72
29.72
29.71
29.77
29.77
28.35
28.65
29.92
28.98
29.45
29.67
28.54
28.36
NA
29.59
30.2
28.86
28.8
29.59
29.53
28.98
NA
29.35
28.56
29.05
30.79
NA
29.69
29.19
NA
NA
NA
NA
NA
NA
NA
NA
NA
NA
29.5
28.66
28.88
29.7
29.36
29.55
29.8
29.87
29.23
29.16
30.44
29.93
29.55
26.05
29.35
28.65
29.65
29.65
29.35
28.85
29.85
29.85
29.75
29.75
28.85
NA
29.02
29.52
29.02
29.02
29.72
30.22
29.62
29.02
28.66
29.46
29.87
29.17
28.87
30.87
29.47
28.97
29.87
29.57
28.92
28.62
28.92
31.42
30.97
29.37
30.67
30.67
30.67
28.61
29.8
24.77
30.05
28.22
31.29
29.45
29.92
28.09
29.27
29.52
29.25
29.12
25.92
29.04
29.25
28.92
30.18
NA
NA
NA
NA
NA
NA
NA
NA
NA
NA
NA
NA
NA
NA
29.77
29.42
29.42
30.62
29.22
30.02
NA
29.48
29.46
28.09
29.31
28.64
29.3
29.26
28.82
30.12
30.13
29.75
29.02
29.04
30.48
29.38
29.78
29.58
28.58
27.98
28.78
27.68
29.08
31.08
NA
29.58
29.26
29.22
29.27
31.11
29.01
29.31
30.81
29.21
29.71
29.81
30.11
27.61
28.91
29.61
30.51
29.11
29.31
28.51
29.51
29.37
29.66
29.93
NA
29.92
NA
NA
NA
NA
NA
NA
NA
NA
NA
NA
NA
NA
NA
NA
NA
NA
NA
NA
NA
29.75
36.65
29.05
28.94
NA
NA
29.28
29.01
28.87
29.62
28.73
NA
29.71
NA
28.08
29.67
29.95
29.55
28.75
28.15
29.05
28.15
29.15
30.37
28.7
29.2
29.66
28.26
29.04
29.61
30.19
29.81
29.36
28.78
29.08
28.38
31.37
30.15
29.32
30.68
29.65
30.26
29.34
NA
NA
NA
NA
30.04
29.74
28.54
27.94
29.04
28.14
29.04
28.85
29.75
29.05
31.05
29.05
30.28
30.13
28.02
29.92
30.92
NA
28.62
29.22
30.03
29.01
29.01
29.11
NA
30.3
30.14
30.28
29.48
29.18
29.81
29.41
27.59
27.25
27.79
29.31
29.74
29.84
29.26
30.19
30.18
30.74
30.5
NA
30.84
31.45
29.64
29.04
30.05
29.48
30.88
29.45
NA
28.44
32.79
29.21
29.01
29.21
28.21
28.81
29.21
28.38
36.17
29.45
28.75
NA
NA
28.9
30.8
30.8
29.7
29.5
29.26
30.86
29.46
29.36
29.15
30.85
29.45
29.55
28.64
29.54
28.44
28.54
30.84
29.04
29.74
28.57
30.72
29.67
28.66
29.94
29.43
28.02
NA
26.39
29.36
29.52
30.04
29.13
29.19
29.65
29.52
27.48
29.95
29.45
27.95
28.85
28.25
29.05
29.45
29.49
29.17
29.09
29.63
29.94
29.07
28.98
29.86
29.85
30.11
30.07
30.37
30.54
29.46
29.15
NA
29.84
NA
NA
NA
NA
NA
28.67
28.57
NA
29.97
29.99
30.03
28.86
NA
30.54
28.38
36.17
NA
30.22
28.92
30.42
29.32
26.8
29.2
28.83
29.06
29.76
30.22
29.52
28.82
27.92
29.12
28.42
29.32
29.8
29.62
26.16
26.96
26.95
29.54
NA
30.48
29.01
29.45
29.94
29.48
29.55
28.94
30.54
28.64
29.44
29.91
29.84
28.72
28.99
28.67
29.32
NA
29.06
30.06
29.46
29.26
28.96
28.66
29.06
NA
29.96
29.73
29.84
28.71
NA
NA
NA
NA
NA
28.4
30.03
29.61
29.91
29.25
29.38
28.8
30.06
29.03
29.29
28.88
29.42
30.16
28.95
29.24
29.72
29.08
29.11
NA
29.63
29.55
29.64
30.22
29.56
30.35
29.15
28.03
29.4
29.22
29.72
29.22
27.72
29.72
29.22
30.22
29.22
29.22
29.72
28.22
29.72
29.22
29.72
NA
28.84
NA
NA
29.34
29.94
29.94
29.64
29.74
28.14
29.74
NA
29.04
29.84
28.44
29.14
29.54
29.16
29.96
29.66
29.26
29.46
29.79
28.49
28.69
NA
NA
32.49
NA
NA
30.57
29.77
32.07
28.85
29.73
29.43
28.73
28.03
28.73
27.83
29.43
NA
NA
NA
29.72
29.96
29.71
29.68
28.89
28.74
30.3
30.51
NA
29.13
29.12
29.61
NA
29.27
29.27
29.24
30.44
31.04
25.34
29.44
30.14
NA
29.07
NA
NA
NA
NA
29.15
29.15
29.75
30.65
30.15
30.32
29.04
29.47
28.98
26.48
NA
NA
NA
NA
NA
30.21
29.01
29.36
29.52
29.09
28.99
30.07
29.51
29.42
29.35
29.35
30.04
29.86
29.31
28.63
29.98
29.61
29.72
29.09
29.53
28.84
NA
28.99
29.87
28.81
28.28
28.98
28.64
28.92
28.57
29.12
28.93
30.17
28.95
29.3
27.2
29.53
29.53
29.63
NA
29.53
29.53
28.53
29.33
29.13
29.63
28.83
29.63
29.83
29.83
29.29
29.02
28.63
29.39
29.4
29.79
29.89
28.59
29.39
29.09
28.49
28.79
28.39
30.19
29.95
29.32
30.19
29.11
29.56
29.72
28.53
29.16
30.43
29.5
29.22
29.61
29.96
30.7
30.03
NA
28.67
29.22
28.56
28.76
29.21
30.49
31.22
28.89
29.73
28.63
28.13
28.33
30.03
29.08
29.38
29.28
28.78
29.28
29.78
31.08
NA
NA
29.38
29.12
NA
29.11
31.82
30.32
29.02
28.32
30.22
28.32
29.22
30.02
NA
30.19
27.38
29.83
29.9
29.74
29.59
30.48
29.65
29.35
30.46
30.65
27.74
28.21
29.47
29.47
28.8
28.7
29.9
29.6
29.06
29.36
28.46
28.86
29.46
29.06
29.28
NA
29.28
NA
30.08
NA
29.7
28.85
29.24
31.63
29.87
27.4
29.22
29.51
28.95
28.45
28.95
29.66
27.96
29.45
29.12
28.98
29.41
29.88
28.53
29.37
NA
29.53
29.1
29.48
28.95
28.45
28.95
29.66
27.96
29.45
28.76
28.96
29.66
29.66
29.06
31.54
29.94
29.44
29.34
29.04
30.14
29.34
29.74
28.59
28.99
29.92
27.67
28.83
28.69
28.91
29.14
30.15
29.65
29.65
29.65
29.14
28.93
29.53
29.43
29.23
30.23
29.43
29.28
30.24
29.02
29.72
29.95
30.24
28.91
29.48
29.11
30.07
30.24
NA
28.86
29.82
29.53
27.87
29.9
29.86
29.4
28.75
NA
28.73
29.46
NA
NA
29.7
29.55
29.92
30.12
28.92
NA
29.92
28.61
29.81
25.01
30.01
28.31
31.41
29.51
30.01
28.11
29.31
29.51
29.31
29.11
25.81
29.11
29.11
28.91
30.21
28.59
29.89
24.69
30.59
28.29
31.29
29.49
29.99
28.09
29.29
29.59
29.29
29.19
26.49
29.19
29.29
28.99
30.29
28.89
29.52
29.22
29.14
28.64
29.53
28.78
28.98
28.88
29.98
30.13
29.86
NA
29.26
29.06
28.76
29.36
29.36
29.86
30.43
29.32
27.59
28.46
29.38
30.17
30.36
29.37
27.5
28.61
29.58
30.56
NA
29.86
30.26
28.86
33.77
29.33
29.76
29.32
30.36
28.92
28.98
29.43
28.16
28.18
28.71
29.49
29.29
26.29
29.09
29.39
29.19
29.59
29.29
29.1
29.71
NA
30.02
30.35
32.25
29.55
29.05
28.85
28.76
29.26
29.56
29.76
30.86
29.06
29.06
30.26
29.16
29.36
29.7
29.7
29.1
30.7
31.5
29.4
28.9
29.7
29.1
29.5
30.44
30.13
NA
28.67
NA
29.75
31.18
36.92
NA
29.67
29.07
NA
31.02
29.52
29.52
29.42
29.37
29.48
30.13
29.05
NA
29.67
29.04
29.36
29.68
30.02
29.48
28.37
29.0
29.31
29.25
29.36
28.86
29.46
29.36
NA
29.52
26.82
29.52
30.02
30.34
31.04
29.24
29.24
28.34
29.88
29.18
NA
NA
NA
29.22
29.72
31.19
31.33
29.55
29.18
28.96
NA
29.68
27.65
NA
28.76
NA
29.57
29.58
27.53
29.64
NA
NA
NA
NA
NA
NA
NA
NA
NA
NA
NA
NA
NA
28.49
28.89
29.39
28.69
29.69
27.77
30.42
28.88
30.42
28.26
29.31
29.44
32.14
30.81
30.73
30.34
31.04
29.24
29.24
28.34
29.19
28.51
31.11
28.25
29.67
29.24
28.32
28.0
29.66
28.05
29.11
29.54
29.14
30.14
29.14
29.55
28.55
29.14
30.38
28.38
29.78
30.0
29.68
29.53
29.4
31.21
31.29
NA
NA
NA
NA
NA
NA
NA
NA
NA
NA
NA
NA
NA
NA
NA
NA
NA
NA
NA
NA
NA
NA
NA
NA
NA
NA
NA
NA
NA
NA
NA
NA
NA
NA
29.8
30.02
29.06
29.45
29.62
29.52
30.92
29.12
28.72
29.32
27.62
29.32
29.62
29.62
29.32
29.65
31.27
28.97
30.67
29.05
29.5
29.76
29.21
NA
29.96
NA
29.32
28.72
30.54
29.49
31.06
30.83
28.17
29.15
28.65
29.65
28.85
29.35
28.64
NA
29.34
29.19
29.42
29.0
NA
28.73
NA
30.19
28.47
30.54
28.09
29.64
28.04
28.85
29.12
32.36
29.7
29.85
29.75
29.84
29.48
29.97
27.75
29.24
30.06
29.25
29.08
28.15
29.34
29.76
29.05
30.41
29.35
29.73
29.36
29.23
29.09
28.44
29.3
NA
NA
NA
29.11
29.04
28.83
29.26
28.94
29.49
28.82
29.74
29.4
28.94
29.5
30.52
28.61
28.82
28.93
30.74
29.5
29.84
28.69
29.26
NA
NA
28.58
28.43
NA
29.11
30.74
29.8
29.14
29.36
29.77
29.85
29.35
28.7
28.52
28.98
23.46
29.66
29.26
28.56
29.56
29.8
29.57
29.65
29.38
32.28
28.96
28.43
29.53
28.63
29.53
29.23
30.13
29.83
29.15
29.25
30.05
29.66
29.95
28.8
29.1
28.09
28.78
29.02
29.1
NA
NA
NA
NA
NA
29.2
29.16
29.31
28.43
28.15
29.31
NA
28.72
29.54
29.2
29.26
29.37
29.28
29.54
29.31
28.92
29.31
29.08
29.47
29.25
29.78
29.68
29.27
29.93
29.76
29.31
29.56
NA
29.32
29.18
29.81
29.81
29.65
28.71
29.8
29.5
28.8
28.0
28.8
28.0
29.58
29.58
29.68
28.9
30.2
29.63
29.97
29.03
29.43
29.78
NA
NA
29.23
28.01
28.61
29.33
NA
28.93
29.37
30.25
29.35
32.72
26.54
28.03
28.74
28.8
29.08
29.37
30.27
30.32
29.75
28.46
29.53
30.02
29.85
28.36
28.59
29.83
28.7
28.65
29.61
28.81
28.64
30.65
28.52
30.17
30.21
28.23
NA
NA
NA
NA
NA
29.59
NA
29.59
NA
29.19
28.99
29.79
28.86
27.76
30.06
29.76
28.96
29.46
29.26
29.16
28.96
28.46
29.26
29.56
30.06
29.16
30.76
29.36
28.56
29.16
29.46
29.16
30.16
28.88
29.85
29.65
29.35
NA
29.25
29.05
29.05
29.05
NA
29.45
29.95
28.95
29.75
29.35
29.09
29.1
29.64
29.56
30.12
28.66
28.26
29.41
28.32
NA
NA
NA
NA
NA
NA
NA
NA
NA
NA
NA
NA
NA
NA
NA
NA
NA
NA
NA
28.1
27.99
29.55
29.53
29.52
30.56
NA
NA
29.26
28.83
28.45
29.55
28.27
29.25
28.87
29.39
29.27
28.86
29.4
30.14
29.11
29.34
NA
NA
NA
NA
NA
NA
NA
NA
28.76
29.33
30.53
28.98
30.86
32.12
30.59
28.73
30.33
28.65
29.95
29.35
29.35
29.35
29.15
30.25
30.45
29.55
29.93
28.63
30.13
29.34
29.54
NA
30.06
30.12
30.09
28.66
31.07
28.69
29.55
28.54
30.54
29.54
28.34
29.24
29.94
30.14
29.27
29.47
29.47
29.17
30.17
30.37
29.57
28.91
28.71
28.89
30.39
29.39
29.59
29.29
NA
29.29
29.09
29.59
29.19
29.29
29.49
29.04
29.45
29.64
29.4
29.73
30.77
29.23
29.91
29.49
29.47
29.17
28.44
27.08
29.59
29.82
28.9
29.24
NA
28.99
31.64
28.89
29.08
NA
27.77
28.6
29.1
28.29
29.31
29.31
30.33
29.31
29.08
29.5
29.16
29.62
29.82
30.52
30.12
NA
30.32
28.71
29.27
29.05
NA
29.46
28.89
28.92
29.92
29.33
28.75
30.11
29.19
28.78
29.99
29.43
32.51
25.97
29.12
29.25
26.24
29.72
28.81
29.54
29.23
30.88
30.05
29.46
28.96
28.76
30.16
NA
29.16
28.68
30.09
29.49
29.1
28.93
28.96
29.3
31.32
28.15
29.5
30.15
30.05
30.35
29.65
29.75
29.25
29.75
28.79
29.11
28.74
29.47
29.66
28.81
28.66
30.64
28.64
29.41
28.36
32.72
26.54
28.03
28.74
28.8
29.08
29.37
29.4
29.08
29.16
29.7
29.4
29.24
29.13
28.52
28.72
28.63
28.22
28.99
29.87
29.86
29.44
29.08
37.71
31.34
29.56
27.89
28.28
27.97
28.33
27.94
28.86
29.24
29.41
28.54
28.97
28.52
28.93
29.02
29.42
29.64
29.06
30.41
29.55
29.69
30.26
28.92
29.46
30.3
29.55
29.0
29.28
29.66
29.02
29.44
28.94
29.35
27.23
29.92
28.99
29.44
29.58
29.26
29.54
29.16
29.34
29.71
29.33
27.88
28.98
28.48
29.28
30.12
30.12
29.22
29.22
29.22
29.02
29.22
29.08
28.58
29.88
28.78
NA
29.68
29.88
29.88
27.88
NA
28.32
NA
28.84
30.78
29.77
28.85
30.82
29.76
29.05
30.3
29.99
28.74
29.68
29.6
29.59
29.63
29.93
29.7
29.69
29.71
29.79
29.4
28.23
29.43
29.17
28.97
29.47
29.51
29.53
29.51
29.51
29.51
29.55
29.7
29.27
29.72
NA
29.57
29.6
29.65
30.4
28.78
29.39
NA
30.2
29.6
29.03
29.49
29.22
30.58
29.22
30.02
29.52
29.12
28.62
29.01
29.44
29.74
28.82
30.98
28.9
27.3
NA
NA
29.44
NA
NA
NA
28.95
30.82
29.86
29.23
28.6
29.86
29.23
28.89
30.19
29.46
29.36
NA
29.31
29.34
29.19
30.48
29.2
29.19
29.66
29.53
29.6
29.29
29.11
30.44
NA
29.39
29.6
29.5
29.52
29.28
29.8
NA
NA
28.7
28.7
NA
NA
29.91
29.31
30.41
29.51
29.21
NA
28.87
29.66
28.72
30.02
29.62
29.52
30.21
30.01
32.11
31.01
29.31
30.01
30.01
29.51
29.21
28.84
30.04
29.44
29.34
30.14
27.84
29.09
29.15
29.52
27.99
29.92
28.14
28.6
32.93
NA
33.13
30.72
29.49
29.11
32.8
28.88
29.61
29.37
NA
NA
28.68
35.48
30.68
34.98
28.65
30.18
28.68
28.88
29.48
28.55
28.44
28.92
32.09
30.1
28.92
29.73
29.35
29.15
30.18
28.93
29.57
28.93
28.93
28.93
28.93
28.47
29.13
28.99
29.58
NA
29.11
30.75
29.22
29.58
29.81
29.69
27.85
29.35
29.25
28.65
29.25
29.05
27.65
29.25
29.75
28.25
27.65
30.07
NA
NA
28.87
29.24
29.18
29.64
28.4
30.2
NA
28.3
30.52
31.15
29.09
30.03
29.62
29.27
30.4
28.76
29.52
29.07
NA
29.3
29.91
29.48
29.6
29.07
30.28
28.75
28.21
29.48
29.12
29.41
29.97
NA
NA
NA
NA
NA
NA
NA
NA
NA
NA
NA
NA
NA
NA
NA
NA
28.98
29.14
29.75
28.99
29.22
29.03
29.63
29.04
30.53
29.26
30.02
NA
29.26
29.26
28.76
29.28
29.28
29.68
29.68
28.58
28.18
28.98
29.28
29.98
29.36
28.76
29.56
NA
NA
NA
NA
NA
NA
28.96
NA
NA
NA
29.83
29.16
29.35
29.96
29.37
31.16
30.18
29.69
29.6
30.82
30.11
29.77
29.66
29.8
29.02
30.06
27.85
28.49
29.35
NA
NA
NA
NA
NA
NA
29.89
30.07
29.42
28.92
29.92
29.92
31.87
29.21
30.17
29.31
29.3
29.28
29.9
28.94
28.73
29.54
28.74
29.35
30.31
NA
28.8
29.76
29.52
28.62
26.93
29.93
29.45
29.93
28.74
29.22
29.22
29.22
NA
29.07
29.87
29.15
28.44
29.66
NA
29.57
27.68
30.68
29.88
30.41
27.37
29.51
30.29
29.19
29.19
29.79
29.78
28.62
31.32
29.12
30.76
29.32
30.56
29.06
30.83
29.32
30.45
29.11
28.92
30.46
NA
29.71
29.21
29.91
28.95
29.35
28.95
28.95
29.15
28.55
30.55
28.75
27.75
29.05
28.55
29.45
29.05
29.25
28.85
28.87
NA
27.72
29.19
NA
30.48
28.85
28.14
29.59
28.95
29.05
29.36
29.72
29.36
29.24
29.44
29.14
29.04
29.55
29.45
28.95
30.5
29.2
29.2
30.1
29.58
29.08
30.88
NA
29.33
29.33
27.63
29.02
29.79
NA
29.54
28.54
29.14
28.44
30.84
29.74
29.44
28.74
30.14
30.24
28.94
30.74
29.71
28.41
29.31
29.11
NA
NA
28.53
29.7
30.86
31.45
29.7
28.49
30.39
28.69
29.59
28.06
NA
28.69
28.71
29.31
29.31
30.11
30.31
29.6
30.77
29.63
30.0
29.25
29.02
29.05
30.56
29.51
28.7
28.97
NA
29.09
29.53
28.38
30.11
29.12
28.41
32.64
29.21
29.36
29.54
29.04
NA
NA
NA
28.84
27.81
28.42
27.5
28.42
29.9
NA
NA
NA
NA
29.98
NA
30.74
NA
29.15
29.77
29.34
30.69
30.58
29.13
29.93
29.77
29.57
29.27
29.57
28.44
29.77
28.47
29.12
29.5
29.74
29.8
NA
29.34
29.84
28.48
29.01
28.61
29.26
28.79
29.66
29.83
29.79
30.04
29.48
29.63
28.76
28.86
29.22
28.32
29.33
28.4
29.23
28.49
29.47
28.53
29.49
29.39
28.49
29.98
28.03
29.44
30.37
29.67
29.44
28.39
29.65
29.41
28.44
27.13
NA
28.71
30.49
29.22
30.71
29.19
29.24
29.45
30.31
30.26
29.93
28.8
29.1
30.2
27.9
30.54
30.75
29.25
29.58
29.11
28.27
28.89
28.41
29.34
29.66
29.17
28.18
29.03
28.91
30.07
29.62
28.76
29.46
29.21
29.22
28.74
29.11
28.78
29.19
28.92
29.26
30.29
29.19
30.8
29.19
29.04
29.41
29.21
29.41
NA
30.55
29.39
26.46
29.04
29.48
29.17
29.35
29.53
29.96
29.63
29.99
27.62
29.13
29.68
30.17
28.79
30.33
29.45
27.61
29.03
29.84
28.96
29.19
29.19
30.19
NA
29.59
29.09
29.09
29.69
29.19
28.79
29.59
32.69
29.5
29.3
29.36
28.51
NA
29.21
29.36
29.76
29.3
29.7
30.2
30.2
29.46
30.76
29.76
28.56
30.16
29.93
30.62
29.4
29.22
29.65
29.68
29.87
29.36
29.26
29.06
29.06
30.36
29.56
29.36
29.38
29.36
28.61
30.08
29.46
29.02
NA
30.72
NA
28.52
29.72
29.42
30.42
NA
30.76
29.91
29.59
29.32
29.59
29.59
29.32
29.32
30.68
29.73
29.32
29.59
NA
32.29
NA
30.1
29.45
29.29
29.13
29.78
29.62
29.78
29.94
28.59
29.62
30.0
31.95
29.7
29.5
29.2
NA
28.1
29.94
29.1
30.32
29.61
30.1
29.53
29.03
29.13
29.03
30.03
29.63
30.13
29.03
29.63
29.23
29.03
28.43
29.13
28.53
29.43
29.53
29.13
30.23
29.03
29.4
29.69
28.52
28.44
28.89
28.19
29.54
28.5
29.19
29.46
30.22
NA
29.54
NA
NA
28.44
NA
NA
32.84
29.28
28.75
28.63
28.94
28.81
29.03
29.91
29.14
28.84
29.15
29.66
28.53
29.46
29.99
27.34
37.04
30.14
28.64
27.84
27.84
29.31
28.81
29.31
29.51
29.01
NA
29.34
28.19
28.61
29.74
28.63
28.54
29.53
29.64
29.54
29.24
29.34
29.57
28.98
28.84
29.44
29.32
28.55
NA
29.14
30.49
28.52
29.79
28.35
28.74
28.74
29.76
29.24
28.75
28.26
28.76
30.1
29.13
29.33
30.43
29.83
30.33
29.33
29.63
29.63
29.07
28.59
29.17
29.83
29.58
29.39
28.6
30.0
29.6
26.43
29.78
29.82
29.66
28.97
NA
NA
29.12
30.22
36.32
29.72
28.52
29.02
29.49
29.69
29.66
30.21
28.95
30.48
29.44
29.87
29.74
27.47
29.38
29.53
29.5
28.8
28.85
30.07
29.74
29.26
30.16
28.76
29.76
29.56
29.06
26.93
29.14
29.31
28.61
29.33
29.18
29.78
29.48
29.48
30.98
29.18
29.78
28.21
27.34
27.62
29.34
29.34
30.01
30.23
33.02
28.66
29.94
30.01
28.85
29.33
29.13
29.51
28.37
28.54
28.34
28.93
28.22
29.74
29.05
29.57
29.77
29.48
29.23
30.03
29.1
30.22
28.62
29.98
28.35
28.86
29.98
29.27
28.84
28.94
32.44
29.14
NA
NA
30.32
29.32
28.82
28.42
29.42
30.65
29.28
29.38
28.59
29.89
29.09
29.49
29.94
29.74
28.7
28.23
29.05
28.75
28.45
28.55
29.35
28.95
29.16
30.16
29.16
28.16
28.76
28.76
27.73
29.52
29.25
NA
28.34
28.95
29.1
NA
29.88
29.68
28.88
27.68
28.58
30.28
NA
28.57
28.37
28.77
29.67
29.51
29.81
28.81
28.21
29.01
29.51
28.31
28.56
26.69
31.14
29.02
28.34
31.18
29.06
28.48
29.22
29.04
28.94
28.96
29.18
29.77
NA
25.04
28.86
28.68
28.48
27.29
29.55
29.78
29.02
29.31
30.13
29.22
29.32
30.29
29.14
29.45
27.93
27.93
28.13
28.73
30.07
29.31
29.34
28.37
30.03
NA
NA
29.87
30.61
29.12
29.16
29.32
28.25
29.67
NA
29.36
29.53
28.92
30.95
NA
32.68
29.13
29.06
28.55
28.47
28.58
28.67
NA
31.18
29.9
30.25
28.72
30.62
33.02
NA
29.12
29.02
30.32
27.92
NA
29.02
29.66
NA
28.9
28.9
29.72
29.72
28.63
28.9
28.73
28.43
28.33
28.42
29.28
NA
NA
NA
NA
29.27
29.57
NA
NA
NA
29.07
29.71
29.06
33.16
29.36
30.05
28.57
29.9
28.5
28.09
29.49
NA
29.19
27.99
28.99
NA
NA
30.26
28.27
32.65
30.34
29.32
29.99
29.71
30.08
29.34
28.89
29.34
28.24
29.99
29.61
29.34
29.83
29.23
28.83
28.88
28.85
28.54
33.24
28.23
30.24
30.31
29.31
30.19
29.37
30.19
29.19
28.02
28.82
30.88
29.39
28.35
29.72
28.96
28.87
30.55
28.35
31.17
28.82
28.93
28.79
29.5
27.74
27.28
27.79
28.28
28.78
29.78
NA
29.12
29.12
29.32
NA
30.12
30.12
29.52
NA
NA
NA
NA
NA
NA
NA
29.72
29.27
29.29
29.51
29.5
29.29
29.73
30.02
29.36
28.11
30.2
29.09
29.76
NA
NA
NA
29.55
29.39
29.34
30.83
30.05
29.25
30.75
29.05
29.65
28.45
29.04
29.84
29.24
28.94
29.84
29.51
29.29
29.09
30.04
28.91
29.7
NA
30.12
29.76
30.62
29.24
29.21
29.14
29.16
29.29
29.17
29.08
29.07
28.89
30.92
28.88
27.98
30.72
28.35
28.98
28.92
28.91
28.56
28.81
30.29
29.45
28.43
29.57
NA
28.88
NA
37.82
28.76
NA
NA
29.38
29.33
29.79
28.97
28.81
28.83
28.86
29.58
28.78
29.54
30.11
29.3
29.04
29.28
28.91
29.0
28.84
30.17
29.1
29.33
28.64
29.56
28.39
29.39
29.71
29.61
28.5
30.21
28.79
28.71
29.03
28.7
27.52
NA
NA
28.76
29.47
30.17
28.87
29.27
28.47
29.27
28.87
28.44
28.79
NA
NA
29.55
28.84
29.17
28.84
29.41
NA
NA
NA
NA
NA
28.63
30.03
29.73
29.23
29.21
28.98
28.96
29.7
29.8
29.29
29.86
29.1
29.64
29.64
29.67
29.18
29.46
29.35
28.78
28.89
29.03
28.66
29.11
29.66
28.84
29.12
26.69
29.08
29.04
29.13
29.85
29.47
30.04
29.94
29.64
27.84
29.41
32.93
30.58
31.99
29.88
29.88
29.88
NA
NA
NA
NA
NA
NA
NA
NA
NA
NA
NA
NA
NA
NA
NA
NA
NA
NA
NA
NA
NA
NA
NA
NA
NA
NA
NA
NA
NA
NA
NA
NA
NA
NA
NA
NA
NA
31.52
29.5
30.84
28.9
29.07
29.12
28.91
28.83
29.89
29.02
29.66
29.47
29.79
29.66
29.47
29.48
29.38
28.29
29.6
29.3
NA
30.2
29.8
30.3
29.2
29.6
29.9
30.69
29.81
29.45
29.98
30.17
29.66
NA
NA
29.01
29.11
28.71
28.91
29.81
29.41
30.41
29.81
29.51
30.61
29.61
29.71
29.63
NA
NA
NA
29.38
29.28
28.62
27.02
NA
NA
29.59
28.7
29.48
29.4
28.93
NA
28.76
29.51
30.51
29.46
29.38
30.4
28.5
30.46
30.03
28.91
30.06
28.46
28.81
29.76
28.78
28.26
30.12
28.86
37.35
29.21
28.6
30.07
29.27
29.03
30.3
30.12
28.95
28.96
29.11
29.1
29.32
30.39
29.88
29.27
29.41
29.42
31.07
27.83
30.16
29.87
31.75
29.54
30.56
NA
28.52
30.2
28.73
28.94
28.85
30.3
28.65
27.35
29.23
29.1
29.83
30.12
29.76
29.26
28.82
NA
30.39
29.54
29.07
28.74
32.36
28.59
29.13
28.03
29.2
31.52
29.51
28.99
30.33
NA
29.96
29.22
31.98
29.71
28.97
28.74
29.89
33.64
NA
NA
NA
NA
29.57
NA
29.99
28.2
30.2
29.88
NA
29.58
30.11
29.83
28.59
29.15
NA
29.84
29.65
32.62
29.21
NA
29.91
29.73
29.69
29.82
28.86
NA
29.22
NA
28.76
30.99
29.75
35.41
29.44
29.16
29.16
29.98
29.71
35.05
NA
29.99
29.44
31.17
29.27
28.95
29.2
30.18
28.84
29.44
29.74
28.84
28.64
27.94
30.34
29.04
30.34
29.24
29.64
29.84
28.48
29.21
29.61
29.51
28.96
29.96
29.46
28.67
29.84
30.13
28.16
31.34
29.5
NA
28.16
29.3
28.92
29.28
29.23
25.92
29.05
29.3
29.0
30.23
28.66
29.58
29.66
29.36
29.46
30.26
29.26
29.06
29.98
29.45
29.43
28.82
29.29
28.93
29.14
29.64
29.24
30.32
29.09
29.89
30.44
28.76
29.64
29.25
28.63
29.67
29.89
NA
27.84
28.32
27.09
29.33
NA
29.08
29.85
28.61
28.85
29.07
29.35
30.16
30.92
NA
28.22
28.84
29.37
30.41
28.77
30.44
28.14
28.96
29.22
30.26
28.81
29.06
NA
29.2
29.95
29.2
29.83
29.69
29.45
29.51
28.18
28.99
33.52
29.19
30.11
28.18
28.33
30.37
30.01
28.18
28.9
29.89
30.96
27.71
29.36
29.3
30.02
29.3
29.81
29.74
30.6
28.57
30.73
29.07
29.47
28.76
30.73
29.69
NA
29.25
29.75
29.95
29.75
30.15
28.25
29.05
29.85
30.35
NA
29.14
27.96
29.98
29.28
29.87
27.6
29.36
29.59
29.41
29.3
29.84
29.36
29.11
30.88
29.05
28.66
29.15
29.8
29.47
28.04
28.53
30.28
31.0
29.4
31.28
28.29
28.66
28.68
29.68
30.02
29.12
NA
NA
29.29
28.89
30.09
31.08
28.98
28.98
29.79
28.8
29.77
27.93
29.13
30.23
28.43
28.33
29.33
29.16
29.57
29.12
29.36
28.93
29.14
29.64
29.24
30.32
29.09
29.89
30.44
28.76
29.64
29.13
NA
NA
30.1
29.07
30.92
29.79
31.43
29.45
29.0
29.01
28.79
29.52
28.77
29.34
29.02
29.7
29.72
28.85
29.19
29.83
28.82
29.76
28.37
27.92
28.52
28.49
29.8
29.04
30.34
29.53
29.72
28.26
29.25
29.56
29.53
29.66
28.83
28.57
29.09
30.1
29.03
28.98
28.9
28.93
30.2
29.83
28.61
28.67
30.62
28.39
29.98
29.27
29.51
30.22
29.65
29.17
29.67
28.85
29.35
29.55
NA
29.8
30.02
30.17
29.75
29.62
29.18
30.59
29.34
29.53
29.42
NA
29.38
30.16
29.17
30.67
30.87
30.14
30.8
29.15
29.81
28.58
29.01
29.36
29.46
29.08
29.58
29.47
29.45
29.0
29.53
29.5
29.27
29.06
29.57
29.38
30.64
29.04
29.04
29.04
29.34
29.94
30.12
29.16
28.23
28.23
30.02
NA
NA
28.96
30.74
30.52
29.29
29.35
29.03
29.04
29.18
30.12
29.94
29.04
29.28
29.43
29.38
28.45
29.48
30.28
30.87
30.87
31.38
29.03
29.86
31.04
28.69
29.57
29.18
29.44
29.42
29.31
29.67
30.31
29.89
30.23
28.66
29.54
29.52
28.8
29.48
29.49
28.79
29.35
29.67
29.05
30.23
28.34
29.61
29.88
NA
NA
NA
NA
NA
NA
NA
NA
NA
NA
NA
NA
NA
NA
NA
NA
NA
NA
28.32
29.29
28.74
29.14
29.58
28.98
29.74
29.75
29.76
29.0
28.96
28.75
29.76
28.92
NA
29.01
29.81
28.91
29.01
29.31
28.85
29.36
29.18
27.64
27.15
29.12
29.08
29.43
29.28
29.51
27.9
NA
30.44
28.69
29.73
29.1
28.09
29.42
30.52
28.76
29.85
NA
28.21
29.51
28.36
29.89
29.24
29.48
30.19
29.71
27.8
32.8
30.15
29.72
29.48
29.48
30.2
29.37
28.84
28.38
29.43
29.44
29.45
29.06
29.88
28.86
29.59
27.89
30.39
31.69
29.39
29.94
NA
NA
NA
NA
NA
NA
NA
NA
29.19
NA
28.84
30.71
NA
29.71
28.68
29.28
29.38
28.98
26.08
28.8
30.6
29.8
29.5
28.9
29.9
28.9
29.8
28.6
30.3
29.9
29.3
29.8
29.6
29.9
29.42
30.25
29.48
30.61
29.84
29.53
61.83
33.73
28.43
29.74
28.73
28.47
30.88
29.24
29.35
29.04
29.7
29.0
28.89
30.55
29.21
27.81
29.21
29.81
29.51
28.31
31.11
29.0
29.28
29.38
29.38
28.82
29.18
29.16
29.99
30.33
28.64
30.54
NA
30.49
29.73
29.18
29.43
29.23
29.23
29.23
29.34
30.04
29.56
30.31
30.35
29.82
NA
NA
NA
NA
NA
NA
NA
NA
NA
28.38
30.01
29.57
29.61
30.31
30.06
28.93
29.82
29.56
28.82
29.79
29.75
29.65
29.05
29.43
29.4
30.11
29.48
29.08
29.57
29.18
29.62
28.73
28.81
27.89
29.03
28.9
28.35
29.14
29.62
29.87
31.01
29.46
29.39
29.38
NA
29.02
29.18
29.96
32.47
29.31
29.59
28.85
29.65
29.25
30.15
29.55
30.65
29.21
29.28
29.32
29.31
30.16
29.48
NA
29.13
NA
25.85
29.1
NA
28.95
29.03
29.4
NA
30.31
28.82
29.05
30.06
28.23
29.74
30.27
28.75
29.12
30.07
28.16
29.72
28.67
29.08
29.4
29.86
28.46
28.96
29.76
28.76
30.2
29.33
29.06
28.63
30.88
29.83
27.15
29.24
29.68
29.41
27.87
31.18
NA
NA
NA
NA
26.2
26.0
NA
NA
29.11
28.38
29.07
28.34
28.46
29.22
30.16
30.37
29.15
31.24
29.11
29.15
29.64
29.18
30.22
29.01
27.41
28.83
28.69
NA
28.78
29.52
28.88
28.34
29.19
28.8
30.02
27.99
29.3
27.88
29.37
28.09
29.31
NA
30.08
30.01
30.14
29.24
30.36
NA
30.1
29.94
30.1
29.12
30.41
28.39
29.09
29.24
28.88
29.47
28.58
29.01
27.73
28.23
28.61
29.08
30.72
30.31
29.51
30.15
29.85
27.77
28.19
28.56
28.2
31.2
29.14
30.54
NA
NA
29.16
29.57
29.57
28.85
28.8
28.51
30.2
29.28
29.79
28.31
28.97
28.68
28.61
28.86
28.98
30.8
28.99
NA
NA
NA
29.04
29.19
28.96
28.76
28.83
30.45
29.38
29.81
28.61
28.92
NA
NA
NA
NA
NA
NA
NA
NA
NA
NA
NA
NA
NA
NA
NA
NA
NA
NA
NA
NA