178.0
178.67
179.82
179.27
179.47
177.92
178.46
179.23
180.16
178.72
178.94
180.45
179.21
179.59
176.81
178.83
NA
178.36
178.25
178.63
177.91
NA
177.53
179.52
177.43
179.29
176.98
180.13
179.37
177.2
178.82
178.76
178.8
177.9
177.93
179.35
178.55
178.41
179.33
178.16
178.65
179.73
177.39
178.13
178.85
178.84
179.35
178.14
177.82
179.01
178.33
177.18
176.93
177.83
178.24
178.49
179.18
177.32
179.71
179.95
176.64
179.31
NA
178.77
179.47
178.86
178.51
178.28
178.7
179.46
179.76
179.65
178.13
179.68
178.92
178.24
179.12
178.41
179.31
178.73
177.69
178.79
178.71
176.84
178.59
178.35
179.2
178.78
178.96
179.13
179.77
176.96
180.29
178.31
NA
179.44
177.32
180.32
178.93
178.27
179.37
180.68
179.71
178.35
179.42
176.46
179.18
177.56
179.68
179.11
179.62
179.71
NA
NA
177.8
176.74
180.24
178.11
180.96
178.9
177.43
178.42
178.6
179.22
177.93
180.05
178.14
178.73
179.57
178.7
179.7
178.29
180.57
177.8
179.03
178.2
177.4
178.79
179.31
178.21
180.9
179.55
177.78
178.87
179.67
178.25
179.04
178.8
177.07
178.41
177.62
174.81
178.7
178.39
178.97
179.0
178.63
178.34
179.37
178.87
179.3
179.55
177.41
178.64
178.03
180.3
179.61
176.94
177.83
174.11
178.94
179.08
179.29
180.05
177.95
179.35
176.58
178.9
179.17
178.99
179.45
178.76
179.0
179.44
178.18
179.34
179.97
177.34
178.24
179.07
178.98
177.18
178.57
178.4
178.6
175.2
177.89
177.68
178.69
178.23
178.81
180.21
178.12
177.91
179.6
NA
179.15
177.66
177.88
177.3
179.71
177.27
178.56
179.98
176.52
178.96
179.83
178.55
179.32
179.32
180.03
177.99
175.12
179.48
179.01
179.79
176.68
178.47
178.63
177.44
178.06
177.62
177.78
178.5
178.43
179.1
178.73
NA
178.38
179.1
178.45
178.37
179.4
178.69
177.51
179.99
178.5
NA
178.99
174.44
179.26
177.92
177.08
178.99
179.47
179.12
178.48
174.46
177.41
178.3
177.22
180.12
178.49
177.66
178.47
179.56
178.46
178.11
178.88
177.5
178.8
178.63
179.31
179.28
178.44
178.33
NA
178.4
177.11
179.17
176.82
179.26
176.83
178.91
NA
178.46
177.75
178.2
NA
179.03
178.3
178.11
180.1
179.04
178.89
178.04
179.71
179.64
178.62
178.29
180.29
178.18
178.85
178.22
178.46
178.88
177.74
178.96
177.74
179.48
178.99
178.05
178.76
178.42
178.98
177.96
NA
177.21
177.26
178.74
178.96
178.67
178.25
179.22
178.72
178.73
180.17
177.2
177.7
178.14
178.45
179.03
178.39
179.9
178.73
178.61
177.74
176.36
177.79
176.34
178.03
177.28
NA
177.01
178.64
176.77
180.07
179.11
180.24
177.75
178.16
179.77
178.72
178.1
179.5
178.72
176.8
178.18
178.22
179.7
178.18
179.21
179.19
179.03
177.34
179.07
178.6
178.74
178.25
176.79
179.61
179.37
178.35
178.96
179.21
180.01
178.58
177.93
177.93
179.7
178.56
180.06
180.01
179.38
179.25
179.89
179.89
177.58
178.94
179.24
178.97
177.9
179.65
179.07
178.69
178.66
179.12
179.74
178.68
178.86
178.72
177.98
178.37
179.38
178.23
179.77
178.73
179.31
177.98
178.73
179.65
176.91
179.73
180.14
178.22
179.61
177.2
178.73
178.61
179.02
179.17
179.34
179.27
179.66
180.12
177.86
178.46
178.55
178.07
178.22
179.02
178.12
178.28
178.83
177.97
179.44
180.81
177.23
177.63
179.1
179.34
177.5
NA
NA
NA
NA
NA
179.58
179.67
179.01
176.85
179.62
179.67
177.7
176.09
178.71
178.59
179.54
177.22
179.75
178.14
177.66
177.96
177.48
177.73
179.59
176.17
177.49
178.45
178.25
179.51
179.28
179.05
178.36
177.44
174.71
178.47
180.43
177.41
178.76
NA
179.89
179.18
179.07
177.3
177.72
178.72
177.3
178.43
180.54
179.78
179.53
178.1
179.01
179.83
176.63
177.26
180.25
179.91
178.34
174.63
179.27
177.13
178.01
177.83
178.54
179.31
178.03
179.18
178.63
179.15
177.84
177.93
178.07
178.93
178.76
178.51
179.27
179.63
179.1
178.86
179.02
178.77
178.99
178.74
179.02
178.81
178.94
178.71
180.59
178.57
179.44
178.6
179.28
177.49
177.37
NA
179.49
176.19
177.69
179.16
178.15
179.26
178.42
177.33
178.44
NA
NA
178.31
178.84
181.44
178.95
176.38
177.6
177.97
175.81
180.34
179.31
180.33
180.99
176.29
178.74
181.37
178.87
176.26
NA
177.89
175.73
180.22
179.31
180.41
180.74
176.09
180.16
NA
176.96
178.46
178.46
178.76
179.66
178.16
179.36
175.86
178.96
179.06
179.76
179.06
177.96
180.29
NA
NA
NA
NA
178.99
179.59
178.19
179.39
175.89
178.79
178.99
NA
NA
177.99
180.79
178.29
NA
NA
178.19
178.79
NA
178.29
NA
175.99
NA
NA
179.79
NA
177.99
NA
NA
NA
NA
NA
NA
NA
NA
NA
NA
NA
NA
NA
NA
NA
NA
NA
178.9
179.3
178.5
178.35
177.61
177.73
177.65
178.07
177.33
178.19
NA
NA
177.91
179.28
179.75
NA
NA
NA
NA
177.56
174.73
178.94
178.94
179.74
177.3
177.55
178.5
NA
NA
NA
NA
NA
179.08
179.1
179.86
179.13
177.85
178.69
179.48
180.14
178.14
179.14
180.2
177.64
176.72
179.86
179.79
178.07
177.21
176.81
175.55
177.05
177.59
175.0
176.64
176.86
178.2
NA
NA
NA
177.38
NA
NA
179.18
179.27
NA
174.27
179.17
NA
NA
NA
NA
NA
NA
NA
NA
178.82
179.6
179.78
178.79
179.64
177.11
177.34
178.29
178.6
178.73
180.66
177.91
179.38
NA
NA
NA
NA
NA
NA
NA
NA
NA
NA
NA
NA
173.72
177.32
179.22
178.34
179.7
NA
NA
NA
NA
NA
NA
NA
NA
176.11
178.42
178.18
180.16
NA
NA
NA
NA
NA
NA
NA
NA
NA
178.96
179.96
179.16
180.36
180.16
179.46
178.76
179.36
177.56
178.26
179.36
178.26
177.36
178.96
178.96
177.35
NA
177.34
179.01
178.6
177.68
179.07
178.07
177.11
178.11
177.99
176.76
178.98
178.36
NA
NA
NA
NA
NA
NA
179.87
178.07
178.93
177.06
178.93
178.93
178.38
178.46
177.13
NA
NA
NA
NA
NA
NA
NA
179.1
178.24
176.99
179.37
NA
176.86
177.26
NA
177.46
NA
180.06
178.4
178.82
179.96
177.56
178.25
179.13
179.09
179.52
178.62
178.64
NA
177.47
177.57
179.89
178.54
177.43
178.08
181.36
178.96
175.21
179.08
177.51
180.21
176.56
176.5
178.53
178.68
179.04
NA
NA
NA
NA
NA
NA
NA
NA
NA
NA
NA
NA
179.68
178.58
178.57
179.22
180.73
178.45
171.18
175.38
175.9
180.0
176.55
179.19
177.33
179.66
179.38
179.71
NA
NA
NA
NA
180.13
178.83
176.73
178.33
179.83
177.83
179.53
178.73
176.23
178.43
180.13
178.83
176.73
178.23
179.83
177.83
179.53
178.73
176.23
178.43
180.12
178.82
176.72
178.32
179.82
177.82
179.52
178.52
176.32
178.42
180.12
178.82
176.72
178.32
179.82
177.72
179.52
178.32
176.32
178.42
180.22
178.82
176.42
178.42
179.82
178.02
179.72
178.52
176.22
178.42
179.49
179.64
178.04
177.47
179.5
179.17
178.99
175.39
178.95
179.88
179.35
178.23
178.04
178.85
180.15
180.05
179.65
176.75
NA
179.26
178.49
175.91
178.22
177.28
175.74
179.3
179.29
NA
NA
177.8
179.84
179.21
175.38
178.56
NA
NA
178.83
177.91
178.29
177.63
NA
178.58
NA
NA
NA
NA
NA
178.68
179.58
179.38
178.78
179.58
179.38
178.88
179.58
180.18
179.68
179.18
178.38
179.38
178.48
178.58
179.78
179.98
NA
176.78
NA
NA
NA
NA
NA
NA
NA
NA
176.88
179.32
178.92
180.42
179.42
179.02
178.62
179.82
177.42
178.72
178.42
180.12
179.52
179.42
179.02
180.02
178.52
NA
180.02
179.12
178.24
178.35
178.92
179.08
179.85
176.06
179.97
178.98
178.33
180.41
179.88
NA
179.99
178.94
177.06
178.75
179.31
177.88
178.98
178.88
NA
NA
179.38
179.19
178.42
179.67
179.88
178.97
178.54
178.61
180.78
177.93
179.35
179.05
179.75
179.55
179.25
178.85
NA
177.25
178.95
178.65
179.95
179.35
179.05
179.05
179.55
178.35
176.95
180.15
179.05
179.13
179.23
178.17
177.13
178.74
178.92
176.73
NA
NA
NA
NA
NA
NA
NA
175.53
177.71
NA
NA
177.93
NA
NA
NA
NA
NA
NA
NA
NA
NA
178.75
178.73
176.44
NA
NA
NA
NA
NA
NA
178.13
178.64
178.56
180.74
175.33
178.28
178.19
178.55
178.46
NA
NA
178.11
178.86
177.05
177.37
177.62
178.62
179.31
179.49
178.32
177.96
178.02
NA
177.37
177.62
177.36
178.43
179.34
179.47
178.29
177.83
178.71
NA
NA
NA
NA
NA
NA
NA
NA
NA
NA
NA
178.23
178.11
177.81
178.1
178.23
177.86
178.11
178.19
179.91
179.03
177.88
177.99
178.75
NA
178.03
178.6
NA
NA
NA
NA
NA
NA
180.03
179.8
177.12
178.41
179.05
177.77
179.44
177.78
178.68
179.42
180.3
179.9
179.22
NA
NA
NA
NA
NA
NA
NA
179.21
NA
178.83
178.75
179.11
178.92
180.08
177.47
178.14
180.57
180.15
179.52
178.42
179.32
180.02
178.72
178.82
179.72
179.02
178.52
178.12
179.82
179.62
179.52
179.02
179.62
178.72
177.02
180.42
179.12
NA
NA
NA
NA
NA
NA
NA
NA
NA
NA
NA
177.73
179.16
NA
NA
NA
NA
178.13
180.12
NA
180.64
176.3
179.8
178.01
177.17
178.61
179.17
177.01
179.76
179.0
178.92
177.62
176.86
178.69
176.06
180.15
179.37
176.73
175.19
174.97
NA
NA
NA
NA
NA
NA
NA
NA
NA
NA
NA
NA
NA
NA
NA
NA
NA
NA
NA
NA
NA
178.21
180.17
179.99
180.69
176.24
179.89
178.06
177.04
178.67
179.47
177.14
179.84
179.15
179.05
177.83
176.95
178.68
176.06
180.69
179.24
NA
178.38
178.1
177.54
177.93
177.71
178.18
178.6
177.66
178.37
178.1
NA
177.92
177.7
178.16
178.59
177.68
176.93
177.32
177.16
177.36
177.71
177.91
180.19
180.0
176.97
179.23
180.13
179.77
178.56
177.59
179.68
176.4
NA
NA
NA
NA
NA
NA
NA
NA
NA
NA
NA
NA
NA
NA
NA
NA
NA
NA
NA
NA
NA
NA
NA
NA
NA
NA
NA
NA
NA
NA
NA
NA
NA
NA
NA
179.82
180.02
178.92
178.22
178.72
177.92
178.02
177.22
179.42
178.22
NA
NA
NA
NA
NA
NA
NA
NA
NA
NA
NA
NA
NA
NA
NA
NA
179.33
180.98
177.19
177.43
174.75
NA
NA
NA
NA
NA
NA
NA
NA
NA
NA
NA
NA
NA
NA
179.68
177.46
178.43
NA
NA
NA
NA
NA
NA
NA
NA
NA
180.0
179.39
179.72
179.3
177.22
178.4
NA
NA
NA
NA
NA
NA
NA
179.66
NA
NA
NA
NA
NA
NA
178.14
178.08
177.77
177.41
177.42
177.8
177.49
178.07
NA
NA
NA
NA
NA
NA
NA
NA
172.59
174.76
173.84
180.37
174.47
174.04
174.83
173.33
169.84
172.06
171.1
171.53
171.99
171.13
172.0
172.01
178.29
179.05
179.35
179.99
177.45
174.97
178.14
NA
NA
NA
NA
NA
NA
NA
NA
NA
NA
NA
NA
NA
NA
NA
NA
NA
NA
NA
NA
NA
NA
NA
NA
NA
NA
NA
NA
178.02
177.21
180.48
177.61
177.15
177.11
177.12
177.99
178.55
178.21
178.82
178.49
178.5
179.78
180.05
178.99
178.35
178.79
177.4
178.12
177.3
179.5
178.37
179.42
NA
177.4
179.82
178.25
179.84
179.16
180.24
179.74
176.84
177.54
178.94
179.14
179.84
179.54
179.44
176.71
179.42
NA
NA
NA
NA
NA
NA
NA
NA
178.46
NA
180.65
174.38
178.3
NA
176.62
179.69
178.86
180.76
179.54
178.8
179.55
NA
NA
NA
NA
NA
177.34
179.34
177.94
NA
NA
NA
NA
NA
178.09
178.19
178.91
177.04
176.94
179.04
179.08
NA
177.97
177.98
176.18
175.68
178.68
179.18
177.88
179.08
177.48
177.93
NA
NA
179.63
179.13
177.93
179.1
177.9
176.2
177.2
177.3
176.0
179.4
176.2
177.3
177.4
174.6
NA
NA
NA
NA
NA
179.86
178.06
NA
NA
NA
NA
NA
NA
177.05
179.53
178.65
179.25
179.1
180.8
NA
NA
NA
NA
NA
NA
NA
NA
NA
NA
NA
NA
NA
NA
NA
NA
NA
NA
NA
NA
NA
NA
NA
NA
NA
NA
NA
NA
NA
NA
NA
NA
NA
NA
NA
NA
NA
NA
NA
NA
NA
NA
NA
NA
NA
NA
NA
NA
NA
NA
180.0
177.2
178.7
177.7
179.5
178.9
180.05
179.45
178.05
178.45
180.35
NA
NA
NA
NA
NA
NA
NA
NA
NA
NA
NA
NA
NA
NA
NA
NA
NA
NA
NA
NA
NA
NA
NA
NA
NA
NA
NA
NA
NA
NA
NA
NA
NA
177.04
177.54
178.74
179.44
178.54
178.94
NA
NA
NA
NA
NA
NA
NA
NA
NA
NA
NA
NA
NA
NA
NA
NA
NA
NA
NA
NA
NA
176.35
179.15
179.25
178.15
NA
NA
NA
NA
NA
177.6
174.2
NA
NA
NA
177.99
179.0
177.5
179.0
177.32
177.99
179.0
179.33
177.99
179.0
177.5
179.0
177.32
177.99
179.0
179.33
NA
NA
NA
NA
NA
178.95
177.85
177.75
NA
NA
NA
NA
NA
NA
NA
NA
NA
NA
NA
NA
NA
179.13
178.83
177.13
179.43
177.64
179.84
177.64
NA
NA
NA
178.31
179.21
178.63
174.52
178.32
177.38
178.98
178.38
178.08
177.48
178.88
178.18
178.78
178.08
178.48
179.58
176.95
177.65
179.07
179.04
177.4
178.83
179.23
NA
178.92
178.82
178.52
176.24
176.94
NA
176.84
NA
NA
NA
NA
180.29
178.39
179.19
178.69
178.49
177.19
178.29
180.07
178.17
178.97
178.37
178.47
178.27
176.97
178.07
179.38
179.02
177.44
178.57
177.57
NA
179.29
NA
178.2
176.96
178.47
178.52
179.55
178.04
178.16
177.03
NA
NA
NA
178.97
NA
NA
NA
181.85
180.51
179.29
175.48
176.27
178.09
178.51
179.8
179.75
174.65
NA
177.71
180.04
180.41
177.56
180.19
179.36
180.41
178.16
178.91
180.04
179.66
NA
177.94
178.3
178.24
178.47
NA
NA
NA
178.35
179.51
179.01
177.61
177.01
178.31
177.71
179.01
180.71
179.11
180.01
177.41
NA
NA
NA
NA
NA
NA
NA
NA
NA
NA
178.65
179.25
177.65
NA
NA
NA
NA
NA
NA
NA
NA
NA
NA
NA
NA
NA
NA
NA
177.84
NA
NA
NA
NA
NA
NA
NA
178.7
178.5
178.34
179.6
178.31
177.91
173.09
173.6
179.49
177.47
179.01
179.43
179.85
178.28
179.23
178.51
180.5
178.81
179.32
178.03
179.45
179.25
178.75
179.95
179.25
NA
179.46
179.93
178.13
179.26
179.39
177.12
171.91
179.01
NA
NA
NA
NA
178.37
178.24
177.33
179.35
178.56
179.74
179.88
180.01
178.97
177.57
180.47
179.17
178.27
177.57
179.47
178.37
177.07
178.87
178.87
178.97
180.37
NA
NA
NA
NA
NA
NA
178.12
179.02
179.32
178.45
180.95
NA
175.47
178.97
176.67
178.97
NA
NA
NA
177.55
178.15
180.55
179.45
NA
NA
177.8
177.9
177.7
180.24
179.96
178.6
178.31
178.58
176.94
179.71
NA
179.71
179.23
177.04
180.08
178.14
177.73
178.77
179.2
179.41
178.56
NA
NA
NA
NA
NA
NA
NA
NA
NA
NA
NA
NA
NA
NA
179.37
NA
NA
NA
NA
NA
NA
NA
179.13
177.96
178.13
179.23
178.8
178.88
178.29
178.95
178.82
180.14
177.31
178.2
180.39
179.91
NA
NA
NA
NA
NA
NA
NA
175.84
NA
179.16
177.42
178.7
177.17
179.5
179.03
177.23
177.33
177.93
179.73
175.53
176.13
177.43
179.33
180.23
176.63
179.73
178.73
175.23
177.53
179.37
176.13
179.52
NA
181.27
179.01
179.91
178.91
178.71
178.41
177.41
179.31
179.31
179.51
176.21
179.11
177.81
177.91
180.01
179.41
179.31
181.01
179.61
178.61
NA
NA
NA
177.48
NA
NA
179.33
178.84
178.51
179.43
179.78
179.08
177.98
177.8
179.99
178.49
NA
NA
NA
NA
NA
NA
NA
177.76
NA
NA
NA
NA
NA
NA
NA
NA
NA
NA
NA
NA
NA
NA
NA
NA
NA
NA
NA
NA
NA
NA
NA
NA
NA
NA
NA
NA
NA
NA
NA
NA
NA
NA
NA
177.34
177.59
178.55
178.65
177.65
177.85
179.15
178.55
177.7
179.05
178.85
178.15
NA
NA
179.21
NA
176.9
176.2
NA
NA
NA
NA
NA
NA
NA
NA
NA
176.41
176.17
175.38
174.95
179.16
177.72
175.8
179.92
NA
177.7
178.95
179.89
179.11
179.46
NA
NA
180.26
179.76
179.36
174.66
178.86
177.36
178.99
179.0
NA
NA
NA
NA
NA
NA
NA
NA
NA
NA
NA
NA
NA
NA
NA
NA
NA
NA
NA
NA
NA
NA
NA
NA
178.55
179.23
178.57
NA
178.92
178.8
179.25
NA
NA
179.8
179.6
180.8
179.4
179.1
179.8
NA
NA
NA
NA
NA
NA
NA
NA
NA
179.72
179.91
179.48
175.7
177.06
176.62
178.19
178.4
176.05
179.76
176.36
175.05
178.13
179.87
176.39
179.45
178.6
178.15
175.45
177.05
176.45
NA
179.95
179.75
179.05
NA
176.69
176.79
NA
NA
NA
178.99
179.0
NA
176.57
179.17
174.47
178.87
NA
NA
NA
NA
NA
NA
NA
NA
NA
NA
NA
NA
NA
NA
NA
NA
NA
NA
NA
NA
NA
NA
NA
NA
NA
NA
NA
NA
NA
177.63
177.39
178.58
177.58
179.16
178.91
NA
NA
NA
NA
NA
NA
NA
NA
NA
NA
178.44
179.41
178.96
NA
NA
NA
NA
NA
NA
178.56
177.56
178.02
179.27
177.94
178.18
179.04
177.69
178.22
178.33
178.62
177.88
NA
NA
NA
NA
NA
179.45
177.97
178.69
NA
NA
NA
180.09
180.23
178.35
NA
NA
NA
NA
NA
NA
NA
NA
NA
NA
NA
NA
NA
NA
NA
NA
NA
NA
NA
NA
NA
NA
NA
NA
NA
NA
NA
NA
NA
NA
NA
NA
179.05
178.91
178.97
179.85
179.08
178.48
179.88
177.78
172.18
178.48
179.78
180.88
179.78
NA
NA
NA
NA
NA
NA
NA
NA
NA
NA
NA
NA
NA
NA
176.82
177.36
176.9
176.12
NA
NA
NA
NA
NA
178.76
173.52
172.64
172.77
172.84
172.84
179.17
176.17
177.67
176.17
177.87
178.57
176.47
178.5
176.99
179.21
179.55
177.62
177.06
179.36
179.86
177.76
178.02
179.3
173.73
174.4
178.75
NA
NA
NA
NA
NA
NA
178.98
179.35
NA
177.85
177.32
178.22
179.65
179.62
NA
NA
NA
NA
NA
NA
NA
NA
NA
NA
NA
NA
175.39
NA
179.22
178.6
178.12
178.37
179.0
178.36
178.11
178.25
179.19
178.43
NA
NA
179.51
176.41
NA
NA
NA
NA
NA
NA
NA
NA
NA
NA
NA
NA
NA
NA
179.52
179.27
178.06
178.35
179.09
177.16
176.88
179.28
175.68
178.08
178.48
175.08
177.88
181.28
NA
NA
NA
NA
NA
NA
NA
NA
NA
NA
177.06
180.15
177.94
177.64
179.38
179.98
180.03
178.23
179.85
178.34
178.2
179.55
178.95
180.13
NA
NA
NA
NA
NA
NA
NA
NA
NA
NA
NA
NA
176.79
176.74
NA
NA
NA
NA
NA
NA
NA
NA
NA
NA
NA
NA
NA
177.5
178.84
179.68
177.58
178.29
173.91
179.12
180.09
178.5
177.6
NA
NA
NA
NA
NA
180.16
179.36
178.16
175.96
179.0
177.4
177.2
179.2
179.5
177.6
NA
NA
NA
NA
NA
NA
179.34
179.85
179.88
NA
178.14
177.11
178.2
176.35
NA
NA
NA
NA
NA
NA
NA
NA
NA
NA
NA
NA
NA
179.55
176.82
179.08
NA
NA
NA
NA
NA
NA
NA
NA
NA
NA
NA
181.87
177.57
178.77
178.57
180.07
179.07
178.17
177.57
178.89
179.66
177.62
179.88
176.98
179.8
179.13
178.81
178.58
180.21
179.75
182.09
181.39
178.64
179.14
178.34
179.64
176.64
176.84
178.98
179.28
179.82
175.59
180.01
177.28
177.3
177.5
179.84
177.41
NA
NA
178.69
179.03
178.8
179.2
177.52
175.26
179.44
178.88
NA
179.52
178.4
NA
NA
173.58
173.58
177.88
179.48
175.38
179.18
178.48
180.27
179.97
178.87
178.27
178.57
176.97
179.67
178.27
179.77
179.27
176.97
180.07
178.17
177.77
178.87
179.27
179.17
178.57
180.27
179.97
178.57
178.77
178.57
176.87
179.77
178.17
179.77
179.27
176.97
180.07
177.97
178.07
178.87
179.37
179.47
178.57
NA
NA
NA
NA
NA
NA
178.23
179.03
179.93
177.73
NA
NA
NA
179.44
179.24
178.04
178.34
179.04
177.14
17.63
178.93
174.63
176.83
179.73
178.53
179.9
179.07
174.92
176.96
180.07
178.77
NA
177.65
179.05
178.75
177.23
176.41
176.99
177.59
178.07
177.72
179.38
178.77
178.35
179.16
178.5
178.65
177.81
175.95
177.45
179.95
178.55
176.96
179.3
179.32
179.13
176.73
177.72
NA
NA
NA
NA
NA
NA
NA
NA
NA
NA
NA
NA
NA
NA
NA
NA
NA
NA
NA
NA
NA
NA
NA
NA
NA
178.19
NA
NA
NA
178.93
179.15
178.26
NA
179.74
178.94
178.94
NA
180.13
178.53
178.93
177.83
NA
NA
NA
NA
NA
NA
NA
NA
NA
NA
NA
NA
NA
177.5
178.07
178.9
179.4
178.3
178.2
NA
178.23
178.53
178.03
177.33
NA
NA
NA
NA
NA
NA
NA
NA
NA
NA
NA
NA
NA
NA
NA
NA
NA
NA
NA
NA
177.71
178.31
178.24
NA
180.26
177.02
NA
179.17
178.89
177.63
178.52
178.53
178.34
178.69
178.18
177.06
177.1
NA
178.29
177.58
179.94
178.04
178.24
179.34
179.14
178.04
179.13
178.28
179.84
179.33
NA
NA
NA
NA
NA
NA
NA
NA
NA
NA
179.11
179.01
NA
NA
NA
NA
NA
NA
NA
NA
NA
178.65
178.55
179.65
179.55
180.04
178.68
176.68
178.21
179.76
177.8
179.48
178.53
176.21
178.35
176.06
176.04
178.81
179.01
178.05
178.79
178.37
179.39
178.17
179.02
179.83
178.82
179.33
178.3
179.66
179.47
179.9
180.5
177.58
179.01
179.7
179.82
180.1
180.43
179.4
179.0
NA
178.1
178.85
179.95
179.83
180.07
178.96
179.73
178.59
179.49
176.37
177.2
179.42
179.17
NA
180.03
176.43
178.23
179.13
NA
178.73
180.13
NA
NA
177.96
179.06
NA
178.16
178.65
178.62
178.7
179.82
177.91
176.6
178.5
NA
177.53
178.81
179.92
179.71
178.31
178.01
178.21
179.6
177.8
178.4
178.4
180.5
177.82
177.84
178.38
176.22
172.33
NA
NA
179.27
178.99
178.85
178.49
NA
178.52
180.06
178.12
178.93
179.14
178.65
178.7
177.35
179.45
179.86
179.35
178.34
177.6
179.53
179.25
179.0
179.01
179.96
179.64
NA
NA
NA
NA
NA
NA
NA
NA
NA
178.5
NA
NA
NA
177.16
179.31
179.26
180.72
179.98
179.13
178.67
179.17
179.51
178.58
178.43
179.13
179.14
179.18
178.94
179.84
178.82
176.39
180.01
179.18
NA
NA
NA
178.93
NA
NA
NA
NA
NA
179.29
177.33
178.89
178.57
178.47
178.27
178.38
NA
NA
NA
NA
177.08
177.43
178.63
178.12
178.49
178.49
178.38
179.19
179.09
179.29
176.89
179.69
179.79
179.29
180.34
178.54
178.87
178.44
179.42
NA
178.56
179.12
178.21
178.97
179.09
176.88
177.47
178.91
178.62
177.85
181.15
178.16
178.69
175.97
179.54
177.12
NA
179.45
177.09
177.84
179.06
179.2
178.98
177.76
178.58
178.97
178.77
179.25
179.14
178.18
177.12
179.09
178.73
179.34
178.57
178.43
179.41
179.33
179.28
177.38
177.63
180.12
180.19
176.35
NA
NA
NA
NA
NA
NA
NA
178.67
177.97
177.97
178.76
178.68
177.83
179.32
179.68
179.92
177.12
177.8
179.28
176.98
178.83
179.64
178.77
179.71
178.46
178.16
177.72
177.75
179.85
179.65
179.15
179.55
178.65
180.85
176.39
176.34
179.74
178.17
179.45
NA
178.18
177.7
177.82
179.59
179.28
178.55
178.89
177.94
178.79
177.98
178.74
180.04
174.59
179.47
178.8
179.44
178.35
177.91
177.55
179.75
NA
179.55
176.75
177.05
179.15
NA
NA
NA
178.78
177.88
179.48
179.08
177.68
178.78
178.58
178.38
180.38
179.28
178.28
178.78
179.68
179.48
179.18
179.08
179.08
178.28
178.88
178.77
179.03
176.23
178.03
NA
178.63
179.33
179.33
180.13
180.63
179.73
177.93
179.23
180.23
178.83
180.7
179.85
179.76
177.33
179.94
179.36
178.16
179.67
177.06
179.19
178.89
179.99
179.29
178.99
178.79
179.89
178.59
178.49
178.99
179.19
178.49
179.69
178.39
179.69
177.89
177.19
180.29
178.99
176.34
176.32
178.93
178.07
176.74
176.82
NA
NA
177.68
179.73
179.91
178.57
NA
NA
NA
NA
178.22
178.33
178.62
177.88
179.59
176.63
172.84
NA
171.09
169.67
NA
NA
176.72
176.68
178.84
177.83
177.09
179.94
179.72
179.19
179.5
179.3
179.5
178.0
176.96
176.21
179.11
179.91
176.91
178.21
178.61
178.41
177.56
179.96
179.26
179.6
179.2
NA
176.61
176.48
178.06
179.07
177.38
NA
NA
178.86
176.96
177.96
178.16
179.06
178.66
176.96
176.25
179.05
179.95
177.05
178.25
178.55
178.45
178.48
178.98
179.38
178.78
179.38
178.18
178.28
177.68
178.78
178.88
178.88
178.88
178.88
NA
178.35
178.33
178.25
179.36
178.66
177.03
179.51
179.55
177.47
178.65
178.34
178.85
175.23
179.96
178.43
177.53
179.13
179.63
179.71
177.23
179.06
178.64
NA
178.18
179.31
176.58
178.64
180.44
177.04
177.24
176.04
180.13
179.03
178.43
179.33
177.99
178.49
177.99
176.19
178.89
179.09
179.39
180.09
177.49
174.89
178.09
NA
NA
179.44
179.86
177.65
179.16
179.5
179.76
177.71
174.18
176.31
179.27
177.79
176.74
175.87
177.76
178.81
178.9
178.21
177.77
178.38
178.68
177.98
179.98
178.28
178.98
173.27
175.57
171.83
171.4
173.41
173.95
179.8
177.05
178.25
180.45
NA
NA
NA
NA
NA
NA
NA
179.01
NA
NA
NA
NA
NA
NA
NA
NA
NA
171.38
177.75
179.85
179.65
179.15
179.55
178.65
180.85
178.94
NA
179.56
177.5
179.58
180.04
177.76
178.67
180.56
178.26
179.96
178.86
175.76
176.06
177.26
178.06
173.06
176.96
180.16
177.46
179.96
177.52
178.62
178.52
178.52
178.62
179.52
178.42
179.12
178.42
177.42
178.8
177.96
178.99
178.41
NA
179.56
178.5
180.54
178.47
178.26
177.09
178.61
178.8
179.83
178.42
178.16
179.62
178.66
178.05
178.35
179.37
180.04
177.18
178.52
178.03
180.28
178.8
179.41
177.08
180.64
179.85
179.75
177.75
180.15
NA
NA
NA
NA
NA
NA
NA
179.7
177.1
179.0
179.0
177.5
178.8
178.2
177.8
178.9
NA
178.66
NA
NA
NA
NA
NA
NA
NA
NA
NA
NA
NA
NA
NA
NA
NA
NA
NA
NA
NA
NA
179.81
178.52
178.85
178.71
178.91
178.91
NA
NA
NA
NA
NA
178.75
176.96
NA
178.71
179.02
179.07
179.78
177.7
178.66
178.62
180.33
178.03
179.19
179.62
179.39
176.26
178.15
178.33
177.37
178.97
179.57
180.17
177.06
177.99
NA
NA
177.4
171.7
NA
NA
NA
NA
NA
NA
NA
NA
NA
NA
177.9
178.0
182.16
178.75
177.84
NA
NA
177.38
179.88
177.89
178.47
177.92
NA
NA
NA
NA
NA
NA
NA
NA
NA
NA
NA
NA
NA
NA
NA
NA
178.01
NA
NA
NA
NA
NA
NA
179.5
179.0
180.1
179.5
177.5
177.8
177.71
179.71
179.09
177.09
177.99
176.09
178.73
177.03
178.43
179.13
178.03
179.93
177.83
177.53
178.53
179.13
179.53
177.93
177.93
178.43
177.43
178.65
179.48
179.2
177.53
176.78
NA
NA
176.82
NA
181.45
181.39
179.8
179.12
176.91
178.59
178.99
179.3
179.9
NA
NA
NA
NA
NA
179.12
179.4
179.6
179.2
180.1
NA
174.06
171.23
173.1
178.73
178.64
178.86
NA
NA
179.94
179.97
179.5
178.25
179.1
178.47
178.99
173.89
175.09
179.73
179.02
177.95
177.95
178.13
178.3
180.45
179.2
175.8
179.34
179.64
179.74
180.14
178.74
179.94
180.64
177.94
174.84
179.74
177.44
NA
NA
NA
NA
NA
NA
NA
179.23
177.3
176.72
178.71
178.2
176.98
178.42
175.83
178.6
178.05
180.53
178.33
177.8
179.36
178.2
178.48
179.04
178.27
179.05
178.33
180.76
178.6
177.34
177.4
179.63
178.35
179.13
179.18
179.67
178.51
180.37
179.11
177.51
178.37
177.63
178.57
178.73
178.52
179.37
180.91
177.56
178.2
178.19
178.91
180.86
177.86
178.52
179.25
178.14
NA
NA
NA
NA
NA
NA
NA
NA
NA
178.19
177.79
178.99
177.89
179.59
178.99
179.59
180.39
179.49
175.81
178.41
177.71
177.21
176.91
177.91
179.01
176.71
179.71
177.79
179.38
NA
179.58
180.5
178.94
178.2
176.52
178.93
177.76
177.53
179.37
NA
178.21
178.16
173.71
177.8
NA
178.26
178.63
178.87
177.34
177.93
179.46
177.96
178.38
178.63
179.41
178.13
177.81
NA
182.3
181.5
182.2
182.9
NA
178.32
178.48
179.15
179.19
178.34
179.16
180.0
177.86
177.51
179.04
179.25
178.37
177.07
178.65
178.34
178.9
179.02
178.54
177.52
178.78
180.37
178.79
NA
179.13
179.37
177.97
176.48
174.48
179.48
175.48
NA
NA
179.48
176.48
176.48
NA
NA
NA
NA
NA
NA
NA
NA
177.42
NA
NA
NA
179.28
178.98
178.75
NA
179.14
178.84
178.92
179.07
178.74
179.21
177.63
179.85
179.25
178.95
178.4
178.0
178.9
179.4
178.9
179.7
179.6
179.8
176.7
179.1
177.8
180.6
178.7
179.2
178.7
177.28
176.4
179.86
179.29
177.93
NA
180.56
176.53
180.7
180.45
176.76
178.22
179.48
180.93
179.31
178.21
177.41
178.01
177.31
179.91
180.81
175.89
180.29
179.09
176.89
178.7
NA
177.6
178.0
178.46
178.75
178.82
179.73
177.57
179.94
178.63
178.73
178.73
179.73
177.93
179.43
178.43
179.83
179.43
178.83
180.23
178.53
180.76
178.56
177.96
179.76
NA
NA
NA
NA
NA
NA
NA
170.63
171.73
169.63
NA
NA
NA
NA
179.56
177.66
173.86
177.66
179.66
179.64
177.16
177.68
178.52
180.45
179.4
179.08
179.57
179.43
177.18
179.14
178.19
181.44
179.65
177.39
175.26
179.05
176.61
175.82
179.22
179.51
180.44
177.3
NA
NA
NA
NA
NA
NA
NA
NA
NA
NA
NA
NA
NA
179.83
178.26
179.03
179.27
178.69
NA
NA
179.14
NA
NA
NA
176.22
178.22
179.02
180.8
178.79
178.7
175.7
NA
NA
NA
NA
NA
178.08
177.78
177.4
178.53
177.76
179.53
178.37
177.87
178.68
179.11
177.04
178.73
180.4
179.41
174.41
NA
NA
NA
NA
180.19
178.57
178.37
181.54
179.09
179.89
178.59
177.91
178.13
179.33
179.22
174.73
179.22
178.96
179.8
178.57
180.26
177.24
181.58
179.21
178.44
179.67
180.18
180.74
179.92
178.22
178.59
177.17
178.34
NA
NA
NA
NA
177.69
177.13
179.64
177.02
179.98
180.11
178.6
178.5
177.22
179.56
179.32
177.84
179.55
178.53
178.43
180.65
179.31
179.18
177.18
178.23
179.11
179.18
178.33
177.99
179.81
180.12
179.07
179.07
178.86
178.95
179.21
178.76
178.96
179.16
179.14
177.44
179.61
180.99
180.7
NA
NA
NA
NA
NA
NA
NA
NA
NA
NA
NA
NA
NA
178.59
179.09
178.31
173.77
171.27
178.65
180.85
177.74
180.19
178.52
179.12
178.72
178.82
179.12
180.22
178.72
176.42
179.25
179.5
179.11
179.36
167.48
179.09
179.57
NA
178.49
181.09
175.09
178.09
NA
NA
NA
NA
NA
178.9
179.55
178.65
178.94
178.82
178.32
179.53
177.99
NA
NA
NA
NA
NA
NA
178.09
180.61
179.27
177.47
179.43
180.41
177.61
176.61
177.41
180.71
178.41
178.11
177.41
NA
177.7
177.79
180.3
180.74
181.56
181.52
181.5
181.49
175.77
180.25
182.67
181.63
179.37
178.25
179.15
179.33
178.53
179.34
NA
177.46
177.29
175.69
178.41
178.34
177.66
178.3
NA
NA
NA
NA
NA
176.25
176.59
177.34
177.33
179.15
178.08
179.79
179.39
177.89
178.69
176.39
177.89
179.39
179.49
178.29
178.99
177.59
176.69
177.39
178.19
178.59
179.39
180.39
179.39
178.39
NA
NA
179.69
180.4
179.03
178.9
NA
179.06
180.06
NA
NA
NA
NA
NA
NA
NA
NA
NA
NA
178.39
179.2
178.22
178.84
179.21
178.65
177.95
178.53
179.26
180.47
178.8
179.93
179.18
178.39
NA
NA
NA
NA
NA
NA
178.61
178.91
178.41
177.31
178.71
179.11
179.55
177.63
177.77
179.55
179.22
178.46
179.1
NA
179.03
179.13
NA
177.72
NA
179.21
179.69
178.73
179.94
NA
178.31
176.48
179.67
180.13
178.38
179.37
179.17
179.86
179.34
179.3
176.63
178.42
175.91
178.94
178.94
178.54
178.34
178.24
178.84
178.14
179.04
176.74
176.16
181.68
179.34
178.5
177.29
179.57
179.37
179.97
NA
NA
NA
NA
NA
NA
NA
168.99
179.89
179.59
178.59
178.49
169.19
178.06
177.2
180.62
177.74
179.83
179.96
179.41
178.26
179.07
179.91
179.38
178.29
178.07
178.5
178.79
178.12
178.88
180.39
179.89
179.69
178.59
178.79
180.49
178.45
179.11
180.41
NA
180.53
NA
NA
174.11
176.06
175.18
NA
NA
177.7
175.87
179.18
178.85
179.25
177.75
178.25
NA
178.57
179.18
179.6
179.32
179.4
178.11
179.04
178.06
175.3
179.62
180.53
176.5
180.64
180.42
178.19
179.39
180.8
178.16
178.66
179.81
178.39
179.72
177.53
NA
NA
NA
NA
NA
NA
NA
NA
NA
NA
NA
NA
NA
NA
NA
180.98
NA
NA
NA
NA
NA
NA
178.07
176.17
NA
NA
NA
NA
NA
NA
NA
NA
NA
NA
NA
NA
NA
NA
178.32
179.0
178.64
178.08
178.09
179.25
178.42
NA
NA
NA
NA
NA
NA
NA
NA
NA
NA
NA
NA
NA
NA
NA
NA
NA
NA
NA
179.47
178.06
178.66
180.72
178.12
178.7
180.74
178.07
177.87
179.19
179.42
179.22
178.52
178.52
180.29
179.74
179.05
NA
177.89
177.09
178.1
180.09
179.84
178.57
179.22
178.69
178.39
NA
NA
NA
NA
NA
NA
NA
179.03
180.24
178.9
179.11
179.56
NA
179.23
179.15
179.18
181.43
179.94
177.4
178.4
181.23
178.33
175.97
180.19
180.02
179.47
180.31
179.01
179.09
178.2
179.13
180.07
178.05
178.37
NA
NA
NA
NA
178.71
178.51
176.61
178.71
178.81
178.01
178.31
178.21
NA
179.31
NA
177.8
179.9
180.3
179.9
179.7
175.3
177.7
179.09
177.39
NA
NA
179.15
178.54
NA
176.34
178.84
178.84
178.04
NA
178.34
NA
179.74
179.5
NA
NA
NA
NA
NA
NA
NA
NA
NA
NA
NA
NA
NA
NA
NA
178.34
178.37
177.57
176.6
179.86
176.4
179.08
176.81
177.11
179.55
177.28
178.39
179.4
177.55
179.86
177.01
NA
177.81
176.96
179.47
178.8
177.7
179.09
175.58
177.8
179.03
175.76
180.18
173.43
178.44
179.02
179.78
179.53
178.16
178.91
176.53
177.97
179.84
178.54
178.64
178.74
176.54
179.04
179.24
177.54
NA
178.14
176.83
178.97
179.87
178.57
176.37
177.32
179.02
178.82
179.52
179.62
177.82
176.32
177.65
179.75
179.55
180.45
180.55
178.15
177.15
179.52
178.72
179.44
178.22
177.98
178.13
179.98
179.37
178.84
176.81
177.99
178.44
180.59
NA
NA
NA
177.79
178.89
179.5
177.66
177.97
179.87
179.07
179.47
179.77
179.77
178.03
179.73
178.83
177.13
177.53
NA
NA
NA
NA
NA
NA
NA
NA
NA
NA
NA
NA
NA
NA
NA
179.01
179.03
178.96
180.69
178.82
177.61
179.24
178.66
176.46
179.13
179.4
179.79
176.44
NA
NA
NA
NA
NA
NA
NA
NA
NA
NA
NA
NA
NA
NA
178.29
179.33
179.0
180.33
179.34
178.99
178.88
180.0
177.49
178.7
178.55
179.48
178.46
179.17
179.07
179.85
177.87
177.19
180.48
179.25
NA
NA
NA
NA
NA
NA
NA
NA
NA
NA
NA
NA
NA
NA
NA
NA
NA
NA
NA
NA
NA
NA
NA
NA
NA
176.4
178.14
177.69
180.01
177.66
NA
NA
NA
NA
NA
NA
NA
NA
178.57
177.95
178.57
178.23
NA
178.71
178.78
180.72
178.15
178.27
176.99
177.79
179.01
177.98
178.67
NA
177.9
180.37
177.85
177.38
177.89
179.18
178.51
NA
176.66
178.05
NA
177.51
177.21
177.61
179.01
NA
NA
NA
NA
NA
NA
NA
NA
NA
176.97
178.21
178.11
177.2
177.37
177.57
178.66
178.15
178.13
NA
178.37
178.07
178.81
178.91
178.62
177.93
178.57
177.63
178.56
178.43
178.83
177.03
178.33
178.13
177.71
178.83
177.23
NA
178.13
178.63
178.33
179.03
178.83
178.93
179.03
178.53
175.63
NA
176.09
175.44
177.4
172.52
172.92
172.88
172.91
173.7
178.19
177.79
NA
179.18
177.34
177.65
176.53
178.8
NA
NA
NA
NA
NA
NA
NA
NA
NA
NA
NA
178.43
174.39
NA
NA
NA
NA
NA
179.31
178.91
179.51
179.41
179.61
179.01
179.01
178.21
179.91
NA
179.51
178.31
177.75
178.49
179.19
178.01
178.77
178.38
178.9
175.32
NA
NA
178.54
177.56
179.25
179.66
179.78
177.42
179.08
NA
176.15
178.04
179.16
175.27
177.03
177.67
179.57
177.19
179.2
180.25
179.05
178.57
176.97
179.24
179.69
180.79
171.71
180.26
179.79
180.07
179.16
179.74
178.94
176.87
179.45
178.19
178.09
180.44
179.15
176.87
178.43
178.39
181.21
178.96
179.86
179.33
180.17
177.35
177.18
177.7
176.67
176.28
179.43
178.29
177.13
179.22
179.94
175.96
178.48
177.15
180.03
179.55
180.04
180.47
177.49
178.9
177.95
NA
NA
179.07
178.37
NA
178.77
177.59
178.33
179.06
177.74
178.7
178.9
179.68
177.55
178.72
178.08
178.05
176.49
179.21
178.26
NA
NA
179.28
NA
NA
178.48
177.41
177.22
175.63
178.48
179.0
180.19
NA
NA
NA
NA
NA
NA
NA
NA
NA
NA
NA
NA
178.77
178.44
178.81
179.03
179.9
178.78
177.57
179.66
175.85
178.09
180.23
178.25
178.18
181.0
178.94
177.73
177.75
178.98
179.23
177.26
178.51
NA
NA
NA
NA
NA
NA
178.26
178.06
178.06
179.46
178.36
178.16
179.66
179.36
177.26
179.16
177.76
176.66
179.19
178.42
179.82
179.02
179.21
180.01
179.11
NA
NA
NA
NA
NA
NA
NA
NA
NA
NA
NA
NA
NA
NA
NA
NA
NA
179.53
178.13
178.22
177.62
178.32
178.12
178.02
178.42
NA
NA
NA
NA
NA
179.24
179.4
179.87
179.37
180.72
177.57
178.81
177.76
180.32
178.86
178.89
179.37
181.41
176.99
177.87
178.62
179.44
NA
179.11
NA
NA
NA
NA
NA
NA
NA
177.56
179.62
178.94
177.14
178.11
178.7
178.25
178.86
180.07
179.05
NA
179.34
177.87
179.38
177.98
NA
178.19
177.79
NA
179.18
177.34
177.65
176.53
NA
NA
NA
NA
NA
NA
NA
NA
NA
NA
NA
NA
NA
NA
NA
NA
179.32
176.99
177.58
179.78
180.26
178.45
177.17
180.26
NA
179.36
177.66
180.13
NA
178.63
179.03
178.03
177.63
179.13
181.33
179.73
179.33
176.93
180.36
178.66
179.94
177.16
176.87
NA
NA
NA
NA
NA
NA
NA
NA
NA
NA
NA
NA
NA
NA
NA
NA
NA
NA
NA
NA
NA
NA
NA
NA
179.23
179.24
179.61
NA
NA
NA
NA
NA
173.54
176.44
174.14
177.15
173.56
179.08
178.56
179.36
178.96
178.76
177.86
180.96
178.09
179.95
178.04
179.12
179.24
179.4
179.87
179.37
180.72
177.57
178.81
177.76
180.32
178.86
NA
NA
NA
NA
179.26
175.54
NA
178.43
179.75
180.62
179.06
178.87
179.29
178.77
177.36
NA
NA
NA
179.02
178.1
178.56
180.66
177.07
177.61
177.67
178.26
178.25
176.51
177.06
178.57
175.04
175.69
175.04
175.68
175.03
177.53
177.11
178.65
177.92
177.17
179.28
178.02
178.86
178.76
179.18
179.18
178.91
178.72
179.71
178.99
NA
NA
NA
NA
NA
NA
179.3
175.4
178.85
179.03
177.93
178.25
179.44
175.62
179.24
178.55
179.61
179.32
178.36
177.23
178.87
179.11
178.61
178.98
177.93
180.27
179.28
176.62
178.59
178.86
178.2
178.36
179.4
179.49
179.26
178.87
177.96
178.3
179.95
179.76
178.58
178.33
178.0
178.68
178.8
179.67
178.42
176.2
178.9
178.2
177.0
179.72
177.72
179.0
179.45
178.01
179.33
177.2
179.35
178.57
179.52
177.62
179.23
178.56
178.09
179.28
NA
177.22
177.18
178.81
180.01
179.35
178.29
178.12
175.91
178.16
177.16
176.97
180.04
177.12
178.93
179.29
178.4
177.91
177.91
179.04
178.87
179.82
177.55
180.05
178.4
177.92
179.27
181.54
179.18
NA
NA
NA
NA
NA
NA
178.16
NA
179.56
179.76
178.34
178.41
178.47
178.23
177.44
178.06
177.79
178.05
178.44
177.69
NA
NA
NA
NA
NA
NA
NA
NA
NA
NA
179.06
178.51
NA
NA
NA
NA
NA
178.21
178.94
178.49
NA
NA
NA
NA
NA
175.11
179.61
179.71
178.11
178.21
178.95
177.88
178.66
176.2
177.2
179.82
179.17
176.98
178.29
177.56
175.07
177.97
178.39
179.13
179.26
179.99
178.68
178.29
178.42
179.15
179.26
180.03
178.69
178.31
NA
NA
NA
NA
NA
NA
178.72
178.32
177.26
178.46
178.61
179.33
176.03
174.9
176.29
178.37
178.04
NA
NA
NA
NA
NA
NA
NA
NA
NA
NA
NA
179.87
177.34
NA
NA
NA
NA
NA
NA
NA
NA
NA
NA
NA
NA
NA
176.92
177.92
178.32
176.72
179.49
178.49
177.89
178.19
178.59
176.99
175.59
176.99
178.89
176.89
177.49
178.59
NA
178.19
176.79
180.38
178.15
179.2
178.81
178.55
NA
NA
NA
NA
178.28
178.51
179.39
177.28
173.81
173.48
174.05
173.38
NA
NA
NA
179.28
174.98
177.88
179.98
180.08
178.28
179.98
NA
NA
NA
NA
NA
NA
NA
NA
179.74
177.92
176.57
179.22
176.61
175.91
177.96
NA
NA
NA
NA
NA
NA
177.32
NA
NA
NA
179.61
180.52
176.56
180.54
NA
176.69
178.19
NA
NA
NA
NA
NA
NA
NA
NA
NA
NA
NA
NA
NA
NA
177.25
178.88
178.72
178.91
177.17
178.01
179.29
178.71
178.5
177.79
178.96
179.4
179.07
179.89
180.43
179.29
179.32
179.16
177.11
NA
NA
NA
NA
NA
NA
NA
NA
NA
NA
NA
178.44
179.34
174.84
180.24
177.64
174.14
179.35
179.35
178.96
179.79
179.31
179.62
179.7
179.73
176.35
176.98
177.46
176.0
178.17
179.39
176.99
179.52
180.31
176.1
173.17
178.51
177.84
180.63
NA
NA
NA
NA
NA
NA
180.19
178.52
178.34
179.39
179.09
178.19
177.59
178.79
176.33
179.2
178.23
177.95
179.26
NA
NA
178.64
177.33
178.0
177.25
176.94
177.82
180.12
179.22
178.52
177.76
180.16
179.26
178.56
NA
NA
NA
NA
175.54
179.14
176.79
179.53
179.53
179.92
179.53
179.14
178.77
178.15
175.4
178.39
178.33
180.41
179.88
NA
179.54
178.16
177.29
178.59
178.97
179.05
179.69
NA
NA
NA
NA
NA
NA
NA
NA
NA
NA
NA
NA
NA
NA
NA
NA
NA
NA
NA
NA
179.46
179.45
178.19
178.65
179.55
179.51
178.32
179.5
179.68
176.58
177.06
178.58
178.02
178.55
178.32
177.82
179.32
178.32
181.32
179.52
182.22
NA
NA
178.62
178.72
180.42
179.82
179.42
178.72
179.82
178.22
176.52
179.92
179.02
179.0
178.7
179.4
179.4
180.8
179.3
NA
NA
NA
178.6
180.0
179.3
179.1
178.9
179.4
178.2
176.8
180.0
179.0
178.35
178.05
177.75
178.65
181.75
179.65
182.25
NA
NA
NA
NA
NA
179.55
178.85
178.75
179.25
177.95
176.55
179.95
178.95