NA
NA
NA
NA
NA
NA
NA
NA
NA
NA
NA
NA
NA
NA
NA
NA
NA
NA
NA
NA
NA
30.2
30.6
30.6
30.16
NA
NA
NA
NA
NA
NA
28.56
NA
29.11
30.17
NA
NA
NA
NA
NA
NA
NA
NA
NA
NA
29.53
NA
NA
NA
NA
NA
NA
NA
NA
NA
NA
NA
NA
NA
NA
30.26
30.32
NA
NA
NA
NA
NA
NA
NA
NA
30.0
29.9
29.9
28.7
30.01
NA
NA
NA
NA
NA
29.82
29.15
NA
NA
29.89
29.69
NA
NA
NA
30.34
NA
NA
NA
NA
NA
NA
NA
NA
NA
30.35
NA
29.07
30.35
NA
30.33
NA
NA
29.88
28.99
30.41
32.01
29.4
33.77
NA
29.63
NA
NA
30.19
29.52
NA
NA
NA
NA
NA
NA
NA
NA
NA
NA
NA
30.27
NA
NA
NA
NA
NA
NA
NA
NA
NA
NA
NA
30.18
30.48
30.08
NA
NA
NA
NA
30.1
30.05
NA
30.47
NA
27.69
29.25
29.01
28.91
28.56
28.12
29.62
28.7
28.31
28.13
28.06
29.28
29.86
30.7
31.1
30.61
30.46
29.91
30.31
29.81
30.13
30.13
29.64
29.64
29.95
NA
29.46
29.88
NA
30.19
30.24
NA
NA
NA
30.12
NA
NA
NA
30.3
29.75
29.75
NA
NA
31.33
30.13
30.13
29.93
29.93
30.03
29.93
NA
29.25
30.15
30.32
NA
NA
NA
30.32
27.56
32.1
30.67
NA
32.09
30.29
30.69
29.91
NA
30.08
30.04
30.03
30.29
30.03
30.26
NA
NA
NA
NA
29.26
29.44
29.1
28.81
28.99
29.54
28.47
29.2
29.27
29.34
29.07
34.57
30.75
31.34
28.35
27.06
29.1
30.27
30.44
NA
30.4
31.89
NA
NA
30.45
32.49
29.93
30.41
30.52
30.8
30.58
NA
30.81
30.27
31.22
NA
NA
NA
30.56
30.89
29.89
30.83
30.78
30.28
NA
NA
NA
NA
NA
29.98
NA
29.66
30.48
30.96
NA
NA
NA
NA
NA
NA
NA
NA
NA
NA
30.39
30.06
30.03
29.9
30.49
30.2
30.03
29.82
NA
NA
NA
30.33
NA
NA
NA
NA
NA
NA
NA
NA
28.6
29.38
29.98
29.98
29.98
29.88
29.88
30.08
NA
29.56
NA
NA
NA
NA
NA
NA
NA
30.57
30.9
30.47
30.11
NA
29.75
29.8
33.31
30.39
29.41
30.98
29.75
30.41
29.53
29.97
29.97
30.43
NA
NA
NA
NA
30.29
NA
NA
30.57
30.53
NA
NA
NA
30.13
NA
NA
30.01
NA
NA
30.19
30.39
30.69
30.61
30.12
30.36
30.66
32.97
30.15
30.1
29.8
NA
NA
NA
29.42
29.97
30.28
NA
29.82
30.22
29.52
32.92
29.12
30.32
29.62
29.82
29.82
30.07
NA
NA
NA
NA
29.77
NA
29.87
29.9
NA
30.19
29.75
30.21
NA
NA
29.91
NA
29.99
NA
NA
NA
31.05
NA
NA
31.33
NA
30.42
30.15
NA
30.8
32.07
30.09
30.01
30.09
NA
NA
NA
27.69
32.27
30.94
29.21
NA
30.14
30.61
30.22
NA
NA
NA
NA
NA
30.15
30.11
NA
26.72
29.83
29.73
30.22
NA
NA
30.31
NA
30.29
NA
NA
NA
35.24
NA
NA
31.1
NA
29.89
29.71
NA
NA
NA
NA
NA
29.82
29.79
29.64
NA
NA
NA
30.35
42.04
NA
30.12
NA
30.15
NA
NA
NA
25.3
NA
25.8
29.92
30.2
30.0
NA
29.04
30.08
29.85
29.64
30.03
29.95
NA
NA
NA