NA
NA
NA
NA
NA
NA
NA
NA
NA
NA
NA
NA
NA
NA
NA
NA
NA
NA
NA
NA
NA
57.04
56.66
56.39
56.96
NA
NA
NA
NA
NA
NA
55.36
NA
59.4
56.42
55.93
NA
NA
NA
NA
NA
NA
NA
NA
NA
59.53
NA
NA
NA
NA
NA
NA
NA
NA
NA
NA
NA
NA
NA
NA
56.79
56.57
NA
NA
NA
NA
NA
NA
NA
NA
57.3
57.3
57.4
59.9
57.48
NA
NA
NA
NA
NA
56.48
54.61
NA
NA
57.05
56.82
NA
NA
NA
56.49
NA
NA
NA
NA
NA
NA
NA
NA
NA
56.5
NA
57.23
56.62
NA
56.99
NA
NA
56.41
58.81
55.43
53.62
57.26
54.28
NA
57.05
NA
NA
56.06
57.89
NA
NA
NA
NA
NA
NA
NA
NA
NA
NA
NA
59.66
NA
NA
NA
NA
NA
NA
NA
NA
NA
NA
NA
56.15
56.25
56.91
NA
NA
NA
57.0
56.49
56.49
NA
56.87
NA
56.24
57.09
59.16
59.33
58.34
57.71
55.7
57.89
58.9
57.86
58.47
56.96
57.2
56.2
58.0
56.31
56.9
56.71
56.01
56.61
55.43
56.53
57.34
57.54
56.25
NA
57.97
55.5
NA
56.29
56.33
56.3
NA
56.44
56.52
56.55
56.53
55.99
56.6
56.73
57.56
NA
NA
57.43
56.33
55.93
56.43
56.33
56.23
56.33
56.38
56.65
55.95
56.16
56.74
56.14
55.79
57.72
57.76
55.17
55.27
58.26
54.67
56.81
56.25
56.91
NA
57.2
56.8
56.9
56.81
56.86
56.35
NA
NA
NA
NA
58.39
59.04
59.93
58.97
59.26
59.81
55.92
60.77
58.53
57.51
58.28
53.69
54.15
55.99
56.94
59.01
58.89
56.35
56.14
56.07
57.11
55.65
56.76
56.28
56.55
55.89
57.15
56.54
56.76
56.36
56.44
NA
58.51
56.1
56.02
NA
NA
NA
56.55
56.19
56.48
58.1
57.34
56.72
NA
NA
NA
NA
NA
56.98
NA
57.69
56.12
58.03
56.41
57.99
56.44
58.01
56.42
57.99
NA
NA
NA
NA
56.98
56.84
56.39
55.91
56.75
56.85
56.45
56.58
NA
NA
NA
56.66
NA
NA
NA
NA
NA
NA
NA
NA
59.8
54.28
56.78
56.58
56.88
56.88
56.68
56.88
NA
56.88
NA
NA
NA
NA
NA
NA
NA
56.37
56.0
56.22
56.36
NA
56.05
56.79
55.53
56.39
55.9
58.14
56.95
56.81
56.2
55.77
55.77
56.15
NA
NA
56.52
NA
56.09
NA
NA
56.37
56.46
NA
NA
NA
56.71
NA
NA
56.84
NA
NA
57.19
56.89
56.39
56.41
56.74
56.56
56.56
55.43
56.89
56.84
54.24
NA
NA
NA
56.27
56.95
56.86
56.41
54.61
56.58
57.72
60.22
59.72
59.12
54.72
57.12
57.02
56.29
NA
60.27
59.67
58.87
54.87
56.77
56.97
56.49
56.65
56.53
56.65
59.63
NA
NA
56.53
NA
56.4
NA
NA
NA
56.6
NA
NA
58.21
NA
56.37
56.6
NA
58.79
56.53
56.1
56.1
56.55
NA
NA
NA
56.86
55.54
56.63
55.45
NA
56.9
56.61
56.51
NA
NA
NA
NA
NA
56.83
56.81
NA
61.55
57.38
56.99
56.6
57.16
NA
56.55
57.04
56.61
NA
NA
NA
61.66
NA
NA
55.78
56.57
56.43
57.31
55.82
55.02
55.48
NA
NA
56.55
56.99
56.94
NA
NA
NA
56.95
55.39
NA
56.39
NA
55.89
59.08
58.08
59.18
59.28
57.98
59.18
56.09
56.04
57.15
NA
59.33
56.51
56.47
56.78
56.6
56.69
NA
NA
NA