56.2
59.38
58.48
53.5
57.24
55.8
56.15
57.84
55.45
NA
56.46
55.22
57.39
56.47
55.99
55.68
57.47
56.13
56.46
52.37
55.74
58.23
56.37
55.41
56.14
53.73
56.16
58.16
57.0
56.93
55.54
56.49
56.94
57.65
56.59
58.28
54.88
59.16
55.9
56.97
55.03
57.3
56.14
NA
57.06
57.38
57.46
55.11
56.47
56.45
57.42
55.91
56.35
54.24
56.03
52.66
54.26
56.47
55.36
55.77
57.99
57.41
58.16
57.19
54.98
55.01
54.78
55.47
53.6
57.28
56.43
58.64
52.69
57.6
56.72
56.98
56.7
56.67
55.52
56.41
56.25
56.44
56.19
55.95
55.25
56.04
53.85
57.0
57.27
54.5
57.15
54.96
56.69
56.38
54.52
55.97
54.93
60.38
56.95
55.41
56.9
59.68
56.46
58.13
59.45
57.18
58.65
55.0
57.24
56.32
56.22
55.07
54.36
58.36
57.24
56.76
57.28
54.77
56.27
54.78
56.68
55.95
57.02
56.09
54.85
59.01
57.39
57.22
54.83
58.28
55.69
54.77
59.6
57.19
55.18
57.01
55.19
58.15
55.81
56.72
57.62
56.46
55.24
60.3
55.53
55.9
56.35
58.13
60.37
56.98
56.86
55.17
55.8
58.33
55.89
57.41
59.99
55.89
54.39
54.94
57.13
55.93
NA
56.02
57.04
60.0
59.36
57.44
57.21
56.06
55.24
57.41
56.84
56.68
56.52
55.75
58.47
57.37
58.38
57.38
58.49
57.5
56.11
56.93
56.41
56.55
58.81
55.46
54.91
55.74
56.77
55.75
55.66
56.27
56.01
55.5
57.68
NA
55.7
56.88
57.59
56.85
57.29
57.1
56.94
56.2
55.07
56.89
57.68
57.17
56.48
57.4
57.06
60.04
57.48
56.19
55.67
57.33
57.26
56.15
57.33
56.87
57.23
57.32
56.12
56.47
56.72
55.05
55.99
55.69
56.76
60.87
56.83
56.03
58.9
56.3
57.26
58.32
56.63
57.49
57.6
58.29
59.89
57.5
56.76
57.7
57.14
56.18
55.83
57.86
57.37
55.75
56.24
58.49
60.11
55.45
56.24
58.17
57.03
56.81
55.3
56.38
56.22
54.57
55.8
57.44
NA
56.94
58.72
55.8
57.07
54.27
58.28
57.26
57.1
56.3
56.45
56.61
55.84
54.75
55.47
57.68
56.37
56.32
55.21
55.2
56.56
56.89
60.54
56.52
54.99
56.45
59.39
55.44
56.43
55.88
57.56
56.7
55.75
57.51
56.2
56.51
57.48
56.73
56.68
57.47
56.64
55.92
57.44
57.23
57.43
57.27
55.53
56.53
56.76
56.57
56.06
56.87
56.87
56.71
55.52
57.01
55.99
57.0
57.1
56.92
59.9
55.81
56.83
56.49
57.14
56.43
55.81
55.49
57.47
57.05
57.43
56.03
56.29
56.33
57.09
55.05
56.4
57.55
56.32
54.56
57.38
58.97
55.73
52.91
53.15
57.17
56.12
56.12
56.86
58.13
NA
57.62
60.03
58.79
56.4
58.25
55.31
57.83
58.47
54.49
57.26
56.85
56.74
56.68
57.25
56.96
57.1
57.16
56.41
56.95
55.98
56.9
55.87
56.63
56.09
56.44
54.58
56.8
57.31
56.87
57.04
52.05
58.12
56.39
57.88
57.09
55.77
55.52
56.86
56.14
54.18
57.16
58.45
56.28
56.31
57.23
58.41
55.73
56.84
56.89
52.04
57.35
54.27
54.79
53.55
58.25
57.04
55.78
56.67
58.29
57.14
55.82
56.92
58.27
57.07
55.64
57.08
58.26
57.03
55.75
56.88
58.4
57.14
55.72
56.91
57.44
56.56
56.96
57.95
55.0
54.05
56.0
57.01
55.81
56.31
54.01
55.11
54.91
57.21
53.53
56.61
55.67
55.49
55.36
59.05
56.34
55.15
NA
NA
NA
56.17
56.1
NA
58.99
54.38
57.94
54.43
55.99
58.14
55.07
56.02
58.42
54.51
56.01
56.14
55.27
55.92
55.46
55.83
56.37
56.41
55.77
58.37
NA
55.88
57.04
54.81
59.88
56.72
56.22
57.42
55.63
57.56
54.41
56.25
58.0
57.56
NA
56.15
NA
59.71
NA
57.29
55.99
56.94
53.23
57.42
54.53
57.15
56.75
55.75
59.0
56.36
56.74
60.16
56.12
57.22
57.42
55.04
53.07
NA
59.22
56.6
55.53
55.69
57.75
54.43
56.34
56.94
54.29
57.36
55.73
57.29
57.9
57.44
57.44
56.06
55.29
55.29
56.11
54.45
55.54
55.2
56.8
56.87
56.48
56.49
56.34
54.17
56.33
54.63
56.57
56.44
57.09
57.87
56.83
58.38
59.76
55.89
55.49
56.27
58.28
56.85
54.93
57.1
54.78
56.45
57.54
56.67
56.58
56.18
57.78
54.53
55.81
55.89
55.51
57.54
56.68
56.33
55.57
55.1
56.78
53.59
56.71
56.06
56.94
56.79
56.47
54.56
54.28
56.58
55.28
57.68
54.28
56.58
55.28
57.78
54.39
56.59
55.39
57.69
54.32
56.62
55.32
57.72
54.16
56.46
55.56
57.96
55.48
57.28
55.44
58.83
56.05
56.91
58.46
53.11
55.63
55.06
58.49
55.0
55.16
54.69
56.42
53.9
56.05
55.84
55.27
56.26
NA
57.22
54.5
57.53
55.91
57.48
56.1
57.62
56.48
56.8
56.83
55.73
56.66
56.67
55.33
56.68
57.46
56.14
58.35
53.88
57.62
56.49
55.62
59.53
56.57
55.64
58.31
56.37
56.76
57.28
54.98
58.78
56.41
57.06
57.61
56.74
56.23
56.93
59.61
55.59
56.42
59.17
58.38
57.46
56.2
59.78
56.33
55.48
54.54
55.83
55.74
56.51
56.51
56.49
58.84
56.76
57.9
55.47
59.5
59.02
57.6
55.68
55.05
56.75
56.24
56.94
59.62
55.61
56.43
59.19
58.39
56.4
54.87
56.17
57.36
56.3
56.67
56.28
54.04
58.23
58.57
58.15
58.1
58.17
55.41
55.41
NA
57.65
55.34
55.34
51.9
57.49
55.41
55.33
52.07
57.6
55.45
55.27
52.16
57.61
55.45
55.27
52.16
57.61
57.93
55.48
58.43
55.18
56.74
55.78
NA
57.89
57.47
57.4
62.68
57.47
55.75
52.89
58.22
62.42
57.42
55.91
54.61
56.85
55.19
56.53
58.61
54.78
56.67
56.54
57.18
58.32
57.01
58.56
56.32
56.47
55.44
58.34
56.5
56.25
56.57
57.59
57.33
55.29
59.01
56.52
54.82
55.77
55.74
56.92
55.47
56.12
56.45
55.0
NA
59.04
NA
55.67
56.76
53.69
56.52
55.82
56.74
53.58
56.63
56.87
54.0
56.64
58.71
NA
56.88
57.69
NA
56.91
NA
NA
NA
56.4
NA
55.29
56.29
57.44
59.7
NA
NA
NA
NA
56.94
55.53
56.21
56.37
56.03
56.47
58.24
56.05
60.57
56.72
56.59
56.45
54.31
56.59
55.53
55.04
54.37
57.05
55.62
54.88
54.4
56.92
55.59
54.92
56.44
55.52
54.64
55.72
55.94
NA
53.91
55.46
54.79
55.74
58.07
55.97
55.11
56.54
56.83
56.36
56.68
NA
55.87
55.47
57.57
56.87
57.58
53.82
55.94
58.24
55.21
57.59
55.59
58.19
57.7
55.21
56.66
53.32
55.79
56.66
59.93
58.7
53.98
56.78
57.61
54.17
56.88
56.4
61.85
59.92
54.26
NA
57.25
60.46
54.98
56.33
NA
59.35
55.37
53.47
55.87
58.17
56.57
56.07
55.47
55.17
56.07
57.32
56.52
NA
NA
NA
NA
NA
NA
NA
NA
NA
55.83
56.43
57.83
57.13
55.93
58.43
56.83
57.12
57.92
55.9
57.5
59.57
56.87
54.07
55.07
56.14
56.46
59.7
55.64
56.46
59.22
58.3
56.15
56.42
59.57
55.63
56.42
60.52
58.46
60.61
56.71
57.51
57.21
60.96
56.56
54.46
57.28
59.38
57.28
59.48
56.07
56.97
57.27
56.57
56.25
56.95
56.65
54.54
56.54
54.94
55.04
NA
55.37
57.3
54.9
56.5
56.15
56.0
55.8
56.5
56.4
56.81
56.81
56.31
56.41
57.41
56.41
54.04
54.54
57.34
55.23
56.01
57.15
55.79
56.71
56.43
57.56
58.35
56.87
52.81
57.18
56.41
55.24
55.87
58.37
56.47
56.27
56.97
57.5
57.1
NA
60.7
56.93
57.43
55.08
55.88
55.58
57.18
55.52
56.42
53.27
56.5
55.96
55.97
56.08
56.33
59.64
55.55
56.45
60.43
58.65
56.11
56.34
59.58
55.57
56.45
60.4
58.55
56.59
56.59
55.49
57.49
57.81
56.66
57.28
55.58
55.48
54.16
56.58
56.13
56.6
56.02
57.33
57.33
55.52
56.91
56.31
60.31
57.69
56.86
54.64
57.14
54.24
54.04
56.84
57.84
57.14
56.98
54.15
56.83
57.0
57.78
56.78
54.96
56.46
56.12
54.55
54.17
54.83
55.43
56.13
56.51
56.81
56.41
59.61
57.36
55.53
58.93
56.93
57.23
56.33
59.29
54.59
56.59
58.19
56.19
53.65
53.33
57.14
51.97
57.27
54.37
54.67
53.57
58.03
54.77
55.98
57.85
58.35
56.65
57.65
55.65
56.08
55.49
56.04
53.89
58.38
55.88
57.77
59.91
56.19
56.12
56.47
58.62
55.82
54.62
56.76
55.56
57.36
56.26
55.96
56.76
54.27
58.22
NA
58.82
57.77
55.87
55.82
55.7
56.86
58.5
56.64
58.3
56.11
59.9
56.39
56.29
58.48
56.65
56.18
NA
56.31
56.09
56.66
55.37
55.64
57.52
57.56
59.6
57.57
57.07
55.86
56.95
NA
57.44
55.24
56.44
NA
56.97
55.28
57.83
57.88
51.1
56.88
56.38
56.35
56.25
57.41
54.93
60.05
59.82
54.12
57.92
54.82
56.22
55.72
55.18
52.56
55.06
57.39
55.71
57.57
56.54
57.14
56.88
60.98
56.41
55.11
54.7
56.25
56.15
60.46
55.38
56.14
56.66
56.34
55.19
55.15
56.66
59.56
56.75
60.55
56.74
54.94
56.84
54.21
58.14
57.07
58.4
58.68
55.57
55.41
57.74
58.98
58.13
55.6
57.41
61.55
55.27
55.87
56.97
58.62
56.93
58.14
56.66
56.34
55.19
54.7
NA
55.7
56.85
56.35
58.26
56.28
55.0
55.9
59.02
61.53
56.02
55.86
58.71
56.05
57.07
55.16
56.66
55.69
56.38
56.63
56.34
54.85
56.93
57.2
57.15
67.05
55.95
NA
55.85
57.05
56.75
56.88
56.39
51.48
56.01
55.44
56.31
56.16
57.13
57.39
56.67
58.86
59.36
55.56
56.66
55.96
54.66
60.89
57.87
57.21
57.27
60.22
57.34
55.26
55.77
56.78
54.59
56.24
58.45
56.08
56.78
57.77
55.53
56.0
55.19
57.44
54.38
59.28
56.78
56.68
58.88
56.97
59.27
57.87
56.05
55.82
51.34
56.64
56.58
57.95
56.55
57.55
51.05
56.15
56.45
57.39
54.44
56.48
NA
56.28
55.78
NA
56.58
56.45
58.29
56.55
56.46
55.77
57.49
59.0
57.13
57.53
57.59
55.81
60.16
55.73
54.53
56.93
54.33
57.43
58.38
56.16
56.77
55.96
59.08
58.66
57.18
55.06
55.26
55.86
54.76
58.56
56.84
56.55
56.32
56.29
54.73
56.73
58.7
59.6
NA
58.83
56.37
56.18
57.82
55.96
NA
56.99
56.09
58.33
55.95
55.48
59.76
57.38
55.95
57.38
58.27
54.79
55.79
58.03
54.77
55.98
56.25
54.75
54.65
NA
58.11
55.9
56.36
58.27
54.79
55.79
55.44
55.35
56.55
55.65
58.05
55.55
56.05
57.48
57.48
55.66
56.16
56.13
56.21
55.69
55.8
57.26
58.02
54.7
NA
55.7
52.49
57.78
56.32
57.6
55.73
56.67
58.54
57.35
58.21
55.99
56.27
53.72
56.36
55.52
56.92
56.01
55.71
55.61
57.01
58.81
55.99
55.99
55.19
56.79
55.59
56.93
56.02
54.92
54.92
56.16
55.76
55.76
54.46
56.26
55.52
56.45
NA
56.65
57.35
60.25
56.75
56.82
56.53
56.84
56.79
54.83
56.65
56.17
57.48
55.62
56.61
NA
57.25
57.12
52.11
56.23
59.27
NA
57.12
56.32
55.77
57.43
56.1
59.68
58.08
57.13
57.01
57.34
55.91
55.46
57.96
56.56
58.56
55.99
57.82
59.66
57.52
54.93
56.86
54.63
57.12
52.04
56.25
59.15
55.79
54.89
59.19
55.98
57.26
59.37
56.63
56.19
58.69
56.99
55.37
58.18
55.22
55.3
55.97
56.51
55.34
56.44
53.54
56.03
56.63
57.03
57.73
57.03
56.33
57.23
54.57
56.83
55.39
57.87
56.45
56.44
56.55
56.59
NA
54.66
57.06
56.04
55.37
NA
57.92
57.12
56.32
NA
56.52
57.32
60.31
57.47
55.31
56.29
58.9
58.25
55.2
NA
56.09
56.47
56.68
NA
55.55
56.05
55.25
54.45
53.39
58.54
57.73
56.27
56.41
59.08
57.17
NA
56.06
57.75
59.77
56.48
58.0
55.47
56.65
58.59
56.23
55.48
56.73
58.26
55.39
57.28
55.68
56.88
58.68
55.58
56.35
56.75
58.1
57.02
55.8
57.6
55.5
57.8
56.5
56.57
60.78
57.94
56.19
56.58
55.75
55.36
58.18
56.23
56.75
55.15
56.64
55.37
57.01
55.36
56.22
56.74
55.29
55.42
NA
59.69
56.47
55.27
57.35
54.74
55.24
55.84
55.12
55.52
56.12
56.74
56.01
52.95
58.18
55.8
56.45
57.62
56.48
55.69
54.96
55.73
55.36
55.95
NA
55.84
56.75
NA
55.94
57.05
55.14
56.64
57.21
56.71
54.21
56.11
56.36
56.17
59.17
56.03
56.14
59.1
56.11
56.09
59.11
56.08
NA
NA
56.31
55.73
59.63
56.66
56.38
56.21
57.11
52.78
54.45
56.03
55.63
57.53
56.23
58.53
57.54
56.54
55.9
55.67
56.9
59.37
55.42
58.84
54.57
55.91
54.91
55.61
55.79
58.29
56.29
51.17
57.35
57.51
57.26
57.28
57.23
NA
55.29
55.86
55.04
56.46
56.59
57.31
56.79
56.96
55.06
56.74
56.95
57.04
57.46
56.35
60.49
55.13
57.17
56.87
56.7
55.12
55.81
54.55
59.23
59.15
55.86
57.57
57.11
55.68
56.58
57.18
56.28
55.48
55.98
56.58
56.38
NA
NA
NA
NA
NA
NA
56.1
56.6
56.3
55.6
56.1
56.42
56.17
56.7
58.43
58.57
55.33
57.04
58.29
58.45
55.22
55.61
51.86
57.18
57.18
NA
56.24
51.86
56.33
56.48
59.44
59.57
55.57
55.57
57.44
57.03
56.34
56.31
57.73
56.99
56.02
52.69
57.39
58.99
56.59
56.09
57.13
58.02
55.84
54.79
55.04
56.5
55.9
57.21
59.09
56.84
54.77
58.93
56.16
55.93
55.66
55.35
57.82
58.02
56.19
58.77
57.83
56.28
55.88
57.04
57.48
57.08
56.94
57.21
NA
56.93
NA
56.66
56.16
58.07
55.11
56.01
55.81
56.34
57.62
56.48
56.77
57.01
57.73
58.6
56.26
55.87
59.39
53.51
55.05
59.66
56.11
55.9
55.83
56.88
56.28
54.17
59.74
58.98
56.39
57.8
57.35
56.15
55.85
56.95
56.13
55.56
58.66
55.89
57.13
56.68
54.8
55.99
56.52
57.55
NA
NA
NA
NA
56.81
NA
55.27
55.65
56.85
56.25
56.05
57.55
56.2
58.39
54.23
56.6
56.2
56.2
54.73
56.45
57.28
56.54
54.2
59.35
57.03
NA
58.98
54.42
59.22
57.02
NA
58.94
56.63
58.83
56.54
60.1
54.49
54.39
55.99
52.55
56.13
57.45
58.28
57.98
58.76
56.79
56.29
56.69
55.59
54.39
55.76
56.39
55.15
56.89
56.29
57.09
53.42
56.42
53.52
NA
58.2
NA
NA
NA
58.05
NA
NA
57.61
59.21
55.51
55.71
55.81
52.51
55.87
54.38
56.34
55.95
56.56
56.64
59.71
56.83
55.62
56.75
56.33
56.57
54.7
58.07
54.27
56.07
57.84
58.01
56.61
57.4
NA
59.85
55.72
56.76
56.35
58.65
59.05
55.75
57.0
54.82
55.41
56.5
56.1
55.5
52.5
60.5
56.2
58.1
57.3
57.6
54.9
55.8
55.88
56.54
56.72
59.22
56.72
57.01
57.11
55.31
55.39
57.41
56.91
59.92
55.81
56.01
55.41
56.61
57.01
56.41
56.71
56.02
58.83
NA
58.39
56.81
55.74
56.47
55.98
55.96
57.08
55.14
56.68
NA
58.7
55.78
55.64
56.54
55.34
56.14
57.69
55.77
59.69
57.47
55.85
57.86
61.36
55.86
55.26
55.56
55.26
54.13
55.79
54.14
55.78
58.19
55.19
57.69
56.89
55.98
55.08
55.98
55.38
56.98
58.35
55.95
56.38
55.06
57.3
57.5
56.26
56.78
56.4
56.5
54.7
54.7
56.97
55.97
55.96
57.66
55.05
55.72
56.0
56.55
56.02
57.73
57.03
56.05
56.65
56.39
56.13
56.72
56.41
56.67
55.99
56.1
58.98
NA
56.17
60.53
57.31
59.71
55.71
55.81
57.85
56.56
54.21
59.09
56.04
55.13
58.38
59.08
57.52
56.64
53.64
56.56
57.54
57.54
56.69
56.29
56.19
57.77
NA
57.25
55.8
57.7
56.8
56.3
58.96
56.96
56.21
56.45
57.31
59.28
55.89
57.14
57.03
55.65
59.74
57.26
56.7
56.7
56.3
56.0
54.31
54.23
NA
58.71
59.32
56.25
56.84
56.15
59.03
57.92
56.29
56.64
57.92
55.33
56.97
56.71
59.07
54.98
55.32
56.1
52.58
56.08
55.91
58.25
58.7
56.2
58.1
56.8
58.78
57.2
55.19
54.84
54.81
54.9
NA
57.15
57.03
55.94
59.56
55.53
58.4
56.3
55.2
56.3
55.68
56.56
52.66
55.56
55.74
56.53
55.71
56.01
55.32
57.12
55.4
56.34
55.68
55.96
55.98
55.26
56.5
55.36
57.46
56.15
55.8
58.04
56.7
56.15
55.93
57.97
56.47
55.41
56.74
56.22
52.64
60.18
58.38
54.63
57.63
54.41
57.01
60.31
60.11
56.51
59.11
54.81
56.73
55.23
56.41
57.41
57.2
58.51
59.65
NA
56.55
56.33
58.25
55.28
57.04
55.44
54.14
55.04
55.44
51.84
56.64
55.38
53.99
55.39
55.89
52.29
56.29
56.24
56.34
59.04
56.47
57.43
56.35
56.59
55.67
56.18
54.91
56.27
56.18
55.99
56.69
52.61
56.6
56.6
60.4
59.2
55.49
57.03
56.53
56.75
55.29
59.38
59.22
59.14
57.26
58.8
57.22
60.57
55.63
54.39
57.08
56.72
57.18
56.96
57.42
59.38
56.57
57.65
58.55
60.03
56.11
56.85
55.46
61.12
56.18
57.34
54.33
55.7
55.42
55.33
56.63
NA
55.32
56.71
54.36
NA
56.5
57.2
NA
56.3
55.27
57.77
54.56
58.75
55.69
56.69
52.29
55.2
57.01
56.95
55.85
55.53
57.13
59.03
55.23
56.53
55.93
56.94
55.04
56.54
57.69
55.52
58.78
56.93
57.04
56.25
54.35
NA
58.65
55.85
57.99
57.01
57.62
56.43
55.74
57.28
56.08
55.88
55.84
55.54
58.2
55.25
54.94
59.19
56.8
56.12
55.28
56.53
59.82
55.1
56.73
53.69
61.46
57.07
54.97
56.07
57.47
51.97
55.64
55.93
58.86
56.31
57.31
56.7
55.55
56.84
56.47
55.34
55.64
55.34
56.43
55.59
59.5
55.52
59.01
58.91
57.7
56.26
55.44
56.4
57.23
58.53
55.97
56.22
56.22
56.22
54.63
55.93
57.84
56.76
56.35
NA
54.33
NA
58.84
57.07
56.84
56.61
57.66
57.52
55.23
55.23
NA
56.99
57.6
56.14
56.02
55.48
55.05
54.93
55.9
55.02
57.04
56.35
NA
55.92
56.82
54.49
57.78
56.22
56.08
56.02
57.71
61.08
56.99
55.34
57.13
57.03
56.48
57.32
58.07
56.44
56.64
52.28
59.66
56.3
54.78
57.49
54.95
56.65
56.14
56.69
55.78
56.24
54.67
51.96
55.78
55.47
56.38
58.11
57.08
57.49
59.42
55.67
57.99
54.98
58.96
59.39
56.12
57.19
57.04
55.96
55.75
57.91
57.07
56.97
58.05
56.5
57.86
54.99
57.29
55.88
57.49
NA
NA
56.5
55.85
60.64
NA
56.38
60.55
53.34
59.14
55.8
57.25
56.49
55.17
56.6
NA
56.63
55.92
56.91
56.8
56.34
57.19
56.14
55.82
56.1
55.72
55.68
55.64
56.78
58.41
56.25
57.4
55.86
56.94
58.26
55.35
56.12
NA
NA
55.81
56.18
56.57
57.12
56.95
56.03
58.99
51.64
56.08
55.37
57.3
56.6
58.5
53.1
56.7
55.8
56.8
56.45
56.26
56.26
54.67
56.79
57.65
55.61
54.73
59.63
55.22
NA
56.37
NA
NA
56.7
56.96
59.1
56.48
54.18
56.85
57.67
56.0
57.23
56.69
56.35
57.01
56.51
56.35
56.81
57.23
57.4
55.78
60.89
NA
NA
56.89
57.89
57.39
56.69
58.68
57.88
56.58
56.18
58.17
52.92
56.91
56.78
59.93
56.53
58.16
55.6
56.58
56.87
53.85
55.65
56.42
55.4
57.71
55.4
56.85
59.58
NA
55.78
59.04
56.45
57.01
53.93
55.26
56.06
58.3
53.71
56.99
53.13
55.76
56.88
54.57
57.87
56.47
57.37
56.55
57.76
56.81
55.34
57.76
60.95
56.53
52.4
56.9
55.2
57.34
55.94
59.04
55.24
55.54
55.04
54.96
56.44
58.94
NA
56.25
NA
56.22
56.2
54.65
58.84
57.0
55.5
58.06
56.15
56.18
55.44
NA
56.01
57.67
NA
56.28
54.62
55.34
58.2
56.48
56.48
59.76
54.62
57.06
57.44
55.77
55.74
56.92
60.12
57.68
56.97
57.42
53.38
58.16
55.06
57.53
56.62
56.87
61.37
NA
55.64
57.16
NA
NA
NA
54.97
56.8
57.67
57.09
55.7
58.15
56.62
54.41
55.98
56.21
57.81
52.31
59.31
55.31
56.21
57.51
56.91
56.21
56.51
55.69
57.1
57.61
57.64
54.6
59.5
55.93
52.78
57.8
55.07
55.9
56.61
57.12
52.19
57.59
56.99
55.46
55.85
56.72
56.65
56.27
56.19
57.0
56.69
56.63
56.9
57.0
57.6
56.7
59.0
51.9
56.4
58.1
56.9
53.79
56.96
55.38
54.97
58.04
53.93
57.33
56.63
56.77
56.81
57.71
56.81
57.56
56.65
55.87
56.09
54.22
57.09
57.89
58.34
56.99
55.73
56.68
55.73
56.19
56.24
54.64
56.25
55.55
55.11
55.16
56.06
NA
NA
NA
56.69
58.17
56.19
51.51
57.67
59.65
56.25
55.65
56.77
58.47
57.18
54.32
56.82
56.95
53.92
55.37
56.97
53.81
NA
56.95
58.4
57.86
56.56
55.69
56.31
56.36
56.26
56.32
54.67
57.35
62.24
56.49
55.62
59.53
55.89
55.38
56.01
55.83
55.95
56.24
55.35
55.9
55.45
55.82
56.28
55.24
56.02
55.59
55.88
57.04
54.52
56.2
57.1
54.71
56.26
56.46