171.25
176.02
175.0
175.36
173.1
171.76
174.38
175.54
176.38
NA
176.16
173.35
174.36
175.89
174.21
173.46
174.55
174.92
174.47
NA
171.91
178.02
174.88
171.66
171.73
173.99
171.88
174.15
174.45
171.28
172.86
174.26
175.32
174.76
174.66
175.25
172.31
174.35
174.13
175.86
173.79
172.09
171.81
174.21
174.49
174.73
174.21
171.99
171.87
175.76
173.59
171.51
171.95
174.18
173.7
173.75
174.46
171.72
NA
173.98
175.01
173.58
172.47
NA
173.77
175.48
172.63
170.43
173.2
176.88
173.61
176.32
175.85
174.54
173.9
172.1
175.56
172.37
171.39
175.71
173.7
175.43
174.44
173.11
175.67
175.32
173.99
174.38
172.57
173.71
176.23
173.89
173.83
172.72
173.49
172.04
NA
174.83
175.12
175.63
175.68
176.3
175.31
175.31
177.3
174.68
176.42
175.65
NA
175.26
172.17
175.88
173.21
NA
171.71
174.52
NA
175.01
173.32
172.76
172.81
174.01
174.96
172.06
175.88
175.48
174.45
174.68
172.83
176.79
173.56
172.72
NA
174.57
172.93
NA
174.6
173.89
171.05
174.61
177.08
170.11
178.54
174.44
171.22
NA
NA
NA
173.07
173.0
174.73
176.27
170.5
174.87
173.37
175.7
177.35
175.41
173.41
NA
175.15
173.87
NA
174.13
173.5
177.28
176.98
175.57
175.25
174.06
170.86
173.64
172.71
173.51
176.36
170.77
179.02
173.75
178.95
173.7
NA
NA
174.13
174.1
171.41
174.19
172.31
172.28
172.6
175.8
173.26
173.91
170.37
172.52
173.34
170.56
173.0
NA
170.71
175.78
175.43
173.44
175.54
173.82
175.33
173.58
176.84
171.38
173.61
175.0
169.87
173.34
170.97
NA
173.16
173.53
174.16
175.13
172.29
169.85
NA
171.58
176.13
175.52
174.37
171.04
173.84
173.67
NA
171.17
174.23
176.84
173.35
172.09
177.34
174.47
177.15
172.8
174.58
173.73
174.46
175.86
177.22
174.27
NA
174.68
176.24
170.61
174.45
173.1
174.22
175.88
171.01
174.78
176.33
174.13
NA
177.78
173.19
NA
169.97
172.98
174.16
176.52
170.81
175.46
174.44
174.66
175.16
NA
173.62
174.31
176.54
171.88
176.23
NA
176.26
174.2
173.86
171.16
174.33
175.8
175.73
172.99
175.09
171.28
174.66
174.56
175.51
171.48
175.2
172.87
173.41
171.27
NA
NA
175.03
170.19
173.53
172.03
175.03
174.82
174.58
172.68
171.8
175.4
175.55
175.86
172.32
174.67
171.88
175.46
171.32
174.91
173.39
171.39
175.27
177.26
175.3
174.19
171.59
172.2
172.9
172.0
175.74
173.62
171.54
171.38
171.06
176.04
176.2
171.41
171.42
175.04
175.55
170.54
175.0
169.65
174.89
175.07
171.2
171.67
174.97
175.74
172.94
174.27
177.33
171.84
175.27
174.09
171.83
172.65
NA
176.99
171.39
174.03
NA
172.73
178.35
174.3
173.52
174.61
172.88
178.5
178.68
173.91
175.16
175.32
173.93
173.77
173.99
173.9
174.99
174.41
175.07
175.37
173.58
175.1
175.83
174.87
174.87
174.3
NA
176.42
175.49
174.52
175.18
173.85
175.72
174.29
173.88
175.18
175.46
174.49
175.97
175.39
173.51
173.49
174.95
173.16
172.02
176.41
172.23
173.76
174.62
175.1
173.5
175.87
NA
172.31
NA
174.92
172.69
174.57
175.73
174.92
172.65
174.38
175.61
174.78
172.57
174.34
175.59
174.92
172.66
174.48
175.63
174.8
172.47
174.27
175.5
174.86
174.25
174.31
175.62
174.97
175.72
NA
174.32
173.61
173.41
173.91
NA
173.99
NA
173.46
174.84
NA
173.0
173.38
174.0
174.07
174.16
173.86
173.96
NA
175.66
175.49
175.49
173.2
172.26
NA
NA
NA
NA
NA
NA
NA
NA
NA
NA
NA
NA
NA
NA
176.4
172.4
173.3
176.1
NA
NA
NA
NA
NA
174.57
172.77
175.77
173.61
174.71
174.25
174.92
174.03
173.27
NA
NA
NA
177.2
NA
176.86
NA
176.16
173.12
174.03
171.1
174.6
173.7
175.1
NA
NA
175.37
176.22
175.37
178.97
176.07
NA
NA
NA
NA
NA
NA
173.41
174.54
174.1
174.76
173.26
174.58
174.34
172.56
174.84
174.51
176.55
174.45
175.81
NA
NA
NA
NA
175.88
174.21
173.26
173.92
174.94
173.5
175.62
174.1
174.37
NA
NA
NA
NA
NA
NA
NA
175.63
171.78
171.68
175.14
173.96
175.21
173.57
174.77
172.86
175.73
176.12
174.75
175.18
172.88
174.98
173.05
NA
174.3
NA
176.2
174.66
173.45
174.98
174.85
174.12
NA
179.81
175.93
173.43
176.1
171.39
172.97
174.73
176.93
173.93
176.23
174.73
176.93
173.83
176.23
174.72
176.82
173.82
176.22
174.82
176.82
173.62
176.12
174.92
176.92
173.92
175.82
173.37
174.04
NA
176.08
174.28
174.45
175.33
174.64
175.7
177.39
175.39
NA
171.82
176.82
172.72
172.41
175.02
174.32
174.43
172.79
NA
176.5
NA
174.45
172.61
175.05
173.65
NA
172.58
174.81
178.24
NA
172.32
175.78
174.9
173.74
172.76
174.32
174.44
173.6
173.14
175.15
173.77
171.85
174.2
172.24
176.0
176.9
NA
176.16
175.66
175.76
176.19
174.11
177.3
175.02
171.81
174.51
176.46
174.28
175.6
174.15
172.46
NA
NA
NA
NA
NA
NA
NA
NA
176.29
172.63
NA
175.46
NA
NA
172.03
178.02
173.43
NA
171.67
175.92
NA
171.81
174.51
176.46
174.28
175.6
174.15
172.46
NA
NA
NA
173.74
174.83
175.5
172.7
NA
NA
175.64
174.84
NA
NA
NA
NA
NA
NA
NA
NA
NA
NA
NA
NA
NA
NA
NA
NA
NA
NA
NA
NA
NA
NA
173.61
175.26
NA
NA
NA
NA
NA
NA
176.29
176.28
176.3
175.54
178.37
172.07
177.41
NA
175.56
178.52
172.72
177.53
174.83
174.32
NA
NA
NA
NA
NA
NA
NA
NA
NA
NA
NA
NA
NA
NA
NA
NA
174.78
NA
177.64
177.62
170.61
175.98
174.82
NA
NA
NA
NA
NA
NA
NA
NA
NA
173.79
0.18
174.78
NA
NA
NA
NA
173.3
175.08
174.56
177.12
170.82
176.52
174.72
174.42
174.22
175.82
NA
NA
NA
NA
NA
NA
173.82
176.5
NA
NA
NA
NA
175.43
175.88
171.6
174.77
NA
173.8
178.29
172.93
175.41
172.82
174.34
NA
NA
NA
NA
NA
NA
NA
NA
NA
NA
NA
NA
NA
179.11
181.16
179.9
178.11
176.69
NA
NA
175.01
171.47
175.66
175.59
174.87
177.1
175.08
173.77
NA
NA
NA
174.68
175.78
173.98
174.48
173.58
174.55
NA
174.55
171.92
173.18
173.42
NA
NA
171.66
173.39
175.85
172.46
172.81
175.86
177.25
170.85
176.69
174.64
174.48
174.26
175.89
178.51
175.04
173.21
NA
NA
NA
NA
NA
NA
NA
172.64
175.04
175.44
175.04
172.64
173.54
172.04
172.74
172.74
NA
NA
172.59
171.24
176.39
172.62
171.27
176.33
172.75
171.37
176.3
172.84
176.04
174.54
172.14
175.04
171.64
172.24
174.18
172.98
NA
NA
174.84
174.34
172.64
172.64
171.87
174.47
176.37
174.27
175.67
174.87
172.47
171.83
174.63
176.43
174.33
175.73
175.43
172.53
NA
NA
NA
NA
177.43
174.43
173.83
173.8
175.5
173.4
175.5
175.86
176.56
175.06
174.16
176.72
176.44
176.6
NA
172.95
171.35
174.25
NA
NA
NA
NA
NA
NA
NA
NA
NA
NA
174.59
176.59
174.99
174.99
175.99
174.49
172.85
177.65
173.25
NA
NA
NA
NA
NA
176.14
173.44
177.94
174.94
175.94
173.95
177.42
NA
171.3
175.2
173.7
173.0
174.6
NA
NA
NA
NA
NA
NA
NA
174.63
177.03
174.13
170.74
175.44
173.55
173.35
175.65
173.75
NA
NA
NA
NA
NA
NA
NA
NA
NA
NA
NA
NA
NA
NA
NA
NA
NA
NA
NA
176.01
175.52
171.52
171.92
173.57
173.13
174.58
172.75
174.35
NA
173.98
NA
172.38
174.38
NA
NA
NA
NA
174.02
NA
172.42
174.72
NA
176.14
NA
NA
174.5
172.12
175.12
177.13
NA
NA
171.85
175.22
NA
NA
172.55
174.75
175.95
174.95
173.95
NA
NA
174.45
176.15
NA
172.35
174.15
172.28
171.78
174.48
172.48
172.68
NA
NA
NA
173.55
175.85
173.25
172.25
174.25
NA
NA
NA
180.34
NA
172.64
176.24
175.24
176.3
180.23
179.52
177.86
176.3
174.44
173.3
172.12
NA
175.12
176.31
NA
NA
176.02
174.95
176.75
174.55
173.05
173.55
171.35
172.77
173.65
NA
174.75
NA
176.69
171.54
176.67
174.63
177.6
176.84
NA
171.95
175.99
173.25
174.8
NA
NA
NA
NA
NA
173.86
NA
175.54
174.89
175.48
175.45
172.56
176.22
175.73
NA
NA
NA
174.68
NA
173.98
NA
NA
NA
NA
NA
NA
171.84
174.64
NA
NA
174.42
176.39
176.77
173.75
174.25
173.05
174.25
176.15
174.75
174.66
173.64
174.55
NA
174.09
172.97
NA
175.31
NA
NA
NA
NA
NA
NA
NA
NA
NA
NA
172.81
173.4
172.59
NA
NA
NA
NA
NA
NA
NA
NA
NA
NA
NA
173.66
174.51
175.02
176.2
174.9
NA
177.19
172.79
173.68
177.02
NA
174.75
176.65
176.7
175.66
NA
172.81
173.4
172.59
NA
NA
NA
NA
NA
NA
NA
NA
NA
175.96
174.46
175.01
171.66
177.1
175.63
174.13
173.74
174.17
175.0
NA
175.82
177.4
NA
174.14
NA
NA
NA
NA
NA
NA
NA
NA
NA
NA
NA
NA
NA
176.17
175.65
173.66
175.44
175.11
175.86
176.11
174.47
174.54
173.48
173.35
176.38
NA
NA
174.95
174.2
173.83
NA
NA
176.37
NA
NA
172.69
176.78
176.68
176.4
176.32
177.13
177.07
174.17
174.46
175.96
171.96
173.66
175.86
176.45
175.92
175.19
173.18
172.35
175.1
171.41
173.32
175.36
172.96
172.76
174.96
171.26
173.26
176.76
NA
174.75
NA
174.75
171.95
NA
173.94
174.83
173.12
173.65
173.66
NA
NA
176.71
NA
NA
175.93
174.39
175.86
174.35
NA
NA
NA
NA
NA
NA
NA
NA
NA
NA
NA
175.1
171.7
175.0
172.6
180.2
NA
NA
NA
173.51
174.34
174.5
172.45
172.34
174.37
172.5
172.34
174.69
NA
NA
NA
173.94
173.67
NA
NA
NA
NA
NA
NA
NA
NA
NA
NA
NA
NA
NA
NA
NA
NA
NA
NA
176.56
174.53
NA
NA
NA
172.87
171.97
173.47
174.57
174.87
174.87
174.07
NA
173.42
NA
176.26
175.01
172.45
NA
NA
NA
NA
NA
NA
NA
NA
NA
177.4
176.92
174.67
175.79
173.96
174.33
175.24
178.18
172.18
175.78
176.78
173.08
172.98
176.77
171.47
176.67
174.57
177.97
177.37
171.67
176.77
174.67
177.07
NA
NA
NA
NA
172.55
173.55
177.05
176.25
175.45
NA
176.28
NA
NA
NA
NA
NA
NA
NA
NA
175.87
173.07
NA
172.47
175.07
172.57
NA
NA
173.97
174.33
173.82
175.8
174.69
NA
172.83
175.23
NA
NA
173.4
174.3
174.37
177.52
172.29
176.52
175.32
176.0
174.2
174.1
176.3
174.6
173.47
171.99
175.03
171.53
173.53
172.73
NA
NA
NA
NA
NA
NA
NA
171.1
NA
176.14
NA
173.44
173.54
176.54
173.87
176.5
174.72
173.68
172.69
174.38
174.65
173.35
172.55
174.41
171.31
174.21
174.51
171.61
171.31
178.11
174.68
176.75
173.78
176.0
176.35
174.14
175.72
174.16
NA
173.52
173.87
174.81
171.92
NA
175.43
174.13
172.93
NA
NA
NA
NA
NA
NA
NA
NA
NA
176.96
NA
177.01
176.11
174.01
NA
174.2
175.2
175.0
172.8
173.48
172.47
175.32
174.91
175.76
176.23
176.85
NA
173.57
176.73
174.1
174.75
176.69
NA
174.02
177.75
175.67
171.3
176.48
173.7
172.5
NA
NA
NA
NA
NA
174.48
173.29
175.23
174.1
NA
NA
NA
NA
NA
NA
NA
174.29
174.96
175.1
173.93
NA
175.2
NA
173.64
174.74
NA
174.85
171.79
175.0
175.84
171.95
172.65
175.51
173.89
176.73
171.75
172.94
175.2
172.83
171.73
176.43
172.88
171.58
176.48
172.97
174.41
175.96
175.17
171.99
NA
176.28
171.96
174.45
NA
176.18
175.8
175.63
NA
174.69
176.23
NA
NA
174.13
173.74
174.17
173.89
175.09
NA
174.39
171.93
NA
NA
NA
NA
NA
NA
NA
NA
NA
NA
NA
176.46
173.77
178.27
174.11
172.85
173.98
175.56
173.97
173.51
174.56
175.26
171.96
172.86
174.96
174.3
174.0
175.66
NA
NA
NA
NA
175.26
173.85
172.38
171.98
174.18
174.08
175.48
171.28
NA
174.62
NA
NA
173.82
175.47
NA
175.94
174.79
177.09
174.99
173.79
173.97
174.9
174.38
173.38
176.47
NA
175.41
175.94
176.22
175.41
175.2
174.72
175.72
175.96
173.76
NA
172.86
173.98
175.15
174.77
NA
NA
172.35
172.45
174.35
175.95
NA
173.6
174.5
173.0
174.75
174.55
174.71
174.4
174.65
174.67
175.93
172.93
174.83
170.53
172.17
174.73
175.29
NA
NA
NA
NA
NA
NA
NA
NA
NA
NA
NA
NA
NA
NA
NA
175.0
173.21
176.43
174.61
174.81
NA
NA
NA
NA
NA
NA
NA
NA
174.57
175.27
176.27
173.57
174.97
NA
176.04
175.06
173.78
NA
171.36
173.99
174.02
174.88
174.38
173.15
NA
NA
NA
173.13
172.74
177.47
175.67
174.09
176.61
174.21
175.8
172.7
175.12
174.29
175.93
NA
176.3
NA
NA
NA
NA
176.59
176.29
171.99
172.8
173.7
173.62
174.49
172.64
175.74
NA
NA
NA
173.83
175.04
NA
NA
NA
NA
NA
175.59
170.3
NA
177.99
176.6
176.28
176.36
173.37
172.43
NA
NA
NA
NA
NA
NA
174.86
173.59
175.36
175.66
173.32
174.01
173.9
175.24
173.16
173.52
173.23
173.52
174.61
NA
175.82
175.5
171.7
172.2
174.7
174.8
NA
177.0
NA
175.42
174.14
178.92
NA
175.72
175.82
174.23
173.96
175.92
NA
NA
175.88
174.36
175.9
NA
NA
175.83
173.5
171.9
173.01
174.8
172.83
176.83
173.63
175.23
176.04
175.61
175.78
NA
NA
174.88
175.38
172.68
172.08
173.08
NA
NA
NA
NA
NA
NA
NA
NA
NA
NA
NA
NA
NA
NA
174.15
NA
NA
172.25
176.15
172.65
173.85
175.55
NA
173.16
172.44
172.85
169.21
175.21
172.46
173.93
176.78
175.27
176.22
177.62
179.7
173.93
NA
171.85
171.37
175.81
174.79
173.69
174.52
NA
173.33
172.56
174.88
174.61
175.11
176.81
NA
172.06
173.47
NA
172.49
173.59
175.39
173.09
NA
172.09
174.79
174.69
NA
173.09
174.99
174.3
178.13
174.2
NA
174.4
172.16
174.86
176.56
NA
175.19
NA
NA
NA
173.86
175.16
173.86
175.26
175.16
175.76
174.37
175.23
NA
173.19
175.98
175.82
176.13
NA
NA
NA
NA
NA
NA
NA
172.48
171.48
174.08
172.78
172.58
173.14
176.02
175.93
172.16
176.3
176.37
176.97
170.17
175.37
174.51
173.31
NA
NA
171.31
174.89
176.49
170.49
174.99
173.99
174.62
176.52
177.52
173.92
173.12
175.59
172.72
171.52
176.37
172.54
173.87
NA
174.48
NA
175.76
172.33
172.59
NA
NA
NA
NA
NA
NA
NA
NA
NA
NA
NA
NA
NA
NA
NA
NA
NA
175.3
174.87
172.82
173.33
NA
175.39
177.41
NA
174.76
NA
170.96
NA
NA
NA
174.94
172.23
175.47
172.68
175.15
174.27
172.27
NA
177.16
174.05
175.86
176.42
175.22
174.72
NA
NA
NA
176.59
173.29
173.29
173.09
NA
NA
174.17
174.55
174.55
NA
175.36
171.59
174.7
175.38
173.56
NA
NA
NA
NA
174.6
174.01
NA
174.32
173.88
175.35
174.16
176.02
NA
177.32
172.42
175.68
175.84
175.01
174.2
173.2
173.28
176.15
174.25
170.77
171.73
173.41
175.38
175.53
172.57
175.45
NA
174.55
172.85
175.09
173.9
NA
171.53
172.03
171.02
NA
173.97
172.93
175.19
175.16
172.89
173.17
174.67
175.27
174.37
NA
NA
NA
NA
NA
NA
NA
NA
171.49
175.29
170.9
174.27
175.59
174.69
174.36
174.79
174.26
171.39
175.19
176.13
174.99
174.97
172.75
174.4
173.4
173.45
177.27
171.34
NA
NA
174.15
180.09
NA
171.84
174.14
173.8
172.4
175.6
176.7
173.6
173.6
170.1
176.31
173.84
173.3
175.3
175.35
173.37
NA
NA
174.86
175.06
173.35
NA
NA
NA
NA
NA
NA
NA
NA
NA
NA
NA
NA
NA
NA
173.97
172.77
174.87
171.64
174.18
171.31
NA
172.2
171.86
173.03
174.89
175.1
173.03
175.95
174.24
172.18
173.68
175.18
174.58
176.68
176.27
175.85
174.18
172.95
171.07
171.16
173.11
173.58
172.31
177.49
177.43
174.86
172.98
174.42
174.42
174.82
173.38
172.95
175.28
174.46
175.38
172.85
175.12
175.2
174.96
172.29
175.38
174.37
173.3
170.9
176.0
176.2
NA
175.89
NA
NA
NA
NA
NA
NA
NA
NA
NA
173.01
171.82
173.42
NA
NA
NA
NA
175.05
174.2
176.04
174.81
176.77
NA
172.61
175.61
175.01
175.21
176.95
174.9
174.4
174.4
174.79
175.67
175.15
175.37
NA
NA
NA
NA
172.46
173.7
176.57
174.44
176.38
172.53
175.54
171.93
175.54
175.19
175.19
173.93
173.03
174.63
172.83
173.44
172.43
174.41
173.89
NA
NA
NA
NA
NA
NA
NA
NA
NA
NA
174.12
176.1
176.05
171.63
174.91
176.35
172.62
175.14
172.92
170.61
176.61
172.51
173.6
NA
176.39
NA
177.16
173.37
172.83
171.8
175.62
NA
174.03
175.62
179.13
175.16
175.37
176.01
172.61
172.35
173.67
176.53
NA
NA
174.11
NA
175.49
176.53
177.92
177.14
177.17
NA
179.12
175.94
NA
177.49
176.41
176.66
NA
NA
NA
NA
NA
173.62
174.82
NA
NA
NA
NA
174.09
176.2
176.31
NA
NA
175.68
173.83
NA
NA
183.06
180.21
175.44
174.07
179.97
173.97
175.57
176.15
175.94
173.8
172.65
174.59
174.27
174.09
172.36
175.68
174.93
NA
NA
NA
NA
NA
NA
NA
NA
NA
175.83
174.76
175.51
172.83
175.01
174.53
175.36
171.54
174.63
175.35
174.33
NA
NA
NA
NA
NA
NA
NA
NA
NA
NA
NA
174.33
174.45
NA
176.37
NA
NA
NA
171.34
176.9
174.3
175.72
174.73
175.28
173.72
NA
NA
NA
NA
173.88
NA
NA
175.98
175.16
174.16
NA
NA
NA
NA
NA
172.13
171.63
172.83
NA
175.12
176.22
173.05
178.27
174.61
NA
174.33
175.6
173.76
175.41
174.65
174.32
NA
173.97
172.31
173.39
174.59
175.19
NA
171.09
172.69
175.89
175.16
175.37
176.01
172.61
171.69
174.73
NA
174.47
NA
176.54
NA
176.04
NA
177.22
174.81
NA
NA
NA
NA
NA
NA
176.2
173.92
175.37
NA
NA
174.16
172.26
174.73
176.02
173.74
175.09
173.92
NA
NA
NA
NA
NA
NA
174.44
173.54
173.34
173.74
174.3
174.31
NA
171.72
175.66
175.56
173.49
170.63
172.57
174.34
NA
176.26
177.42
172.49
175.64
171.11
170.46
174.56
NA
174.77
175.08
171.64
173.14
NA
175.2
177.78
175.0
174.71
175.89
174.59
172.25
172.84
NA
174.8
174.3
174.9
175.01
177.0
174.13
172.04
175.69
174.02
171.31
NA
175.16
172.46
173.01
171.91
172.71
171.91
173.01
172.11
173.69
173.42
175.82
173.82
171.9
NA
175.94
173.25
173.47
171.89
172.99
173.65
174.22
174.76
174.44
174.78
NA
171.36
176.04
NA
NA
NA
NA
NA
NA
171.36
176.72
176.21
175.72
175.16
NA
NA
174.62
172.96
175.76
173.66
173.38
172.17
174.82
173.6
171.99
175.57
175.3
177.0
NA
176.51
176.01
NA
NA
NA
NA
172.53
172.86
NA
NA
NA
NA
NA
NA
175.61
173.91
174.61
174.21
173.31
174.01
178.21
173.41
NA
172.27
171.67
174.07
173.77
173.82
175.22
174.22
172.49
175.98
175.57
172.36
171.53
168.78
176.13
NA
NA
NA
NA
NA
NA
NA
NA
NA
NA
NA
NA
171.79
175.59
NA
NA
174.79
175.69
172.59
174.09
173.39
NA
173.7
172.22
173.19
177.27
NA
NA
NA
NA
175.38
175.08
175.58
172.4
174.29
175.18
175.81
NA
176.8
173.16
173.96
173.5
172.01
175.3
NA
NA
NA
NA
NA
NA
NA
NA
NA
173.37
NA
174.85
NA
NA
NA
NA
NA
NA
175.94
172.53
174.31
176.15
174.77
175.1
172.22
175.12
172.39
178.1
NA
NA
NA
175.54
176.32
171.86
173.99
173.63
NA
NA
NA
NA
NA
NA
NA
175.15
173.77
171.85
NA
NA
NA
NA
NA
NA
NA
NA
NA
NA
NA
NA
NA
NA
NA
NA
NA
NA
NA
NA
NA
NA