39.37
38.54
40.2
38.66
37.58
41.39
40.07
39.29
38.26
39.54
40.25
40.11
40.15
36.95
37.98
39.41
39.63
40.17
40.09
39.02
NA
40.18
38.82
39.44
39.15
NA
40.6
41.09
39.57
41.14
39.21
NA
40.52
37.19
36.95
39.31
39.18
40.51
39.0
38.15
39.24
39.03
38.81
40.42
40.72
39.77
NA
NA
39.1
40.37
41.39
NA
40.07
36.83
39.04
38.4
38.78
37.81
39.95
NA
40.67
38.26
38.21
38.04
39.15
39.12
43.53
40.31
41.2
39.85
39.55
40.3
40.62
40.84
41.22
39.51
42.25
38.35
NA
39.78
39.99
39.29
NA
39.12
38.83
39.36
38.73
39.24
39.48
38.89
NA
40.89
37.92
40.62
39.64
36.91
39.11
39.38
39.87
38.35
37.85
38.62
37.72
41.13
37.42
39.78
NA
NA
43.27
39.69
NA
36.55
NA
39.32
39.37
40.19
39.36
40.15
38.48
37.59
NA
38.12
39.76
37.6
40.98
36.73
38.92
39.37
41.06
41.12
40.99
39.93
37.69
39.38
NA
39.65
40.87
41.54
40.41
41.57
39.42
35.1
41.61
38.88
NA
38.88
38.87
38.92
36.79
39.83
39.1
41.32
39.88
41.16
39.35
39.3
40.15
42.23
35.44
39.51
39.13
40.05
40.19
39.13
39.21
39.02
38.34
40.9
39.95
38.81
38.56
39.19
39.49
40.72
41.99
39.81
42.39
37.01
38.51
39.37
39.78
39.68
39.63
40.07
39.47
39.68
36.47
39.13
40.39
39.46
36.49
NA
40.04
NA
39.92
NA
39.93
NA
39.98
38.92
39.96
38.2
41.51
39.03
41.38
35.86
39.07
NA
NA
NA
NA
39.21
NA
39.34
40.61
40.1
40.6
40.16
40.54
NA
39.92
NA
NA
NA
40.08
40.75
40.59
39.81
42.54
NA
39.28
40.76
39.62
NA
NA
NA
NA
43.13
NA
36.03
40.2
38.82
NA
37.85
41.95
39.25
39.78
NA
NA
NA
39.48
39.84
NA
39.3
37.75
41.12
36.67
38.24
39.8
NA
NA
40.92
42.83
NA
38.78
39.35
37.17
40.2
41.19
38.61
37.58
38.59
39.81
38.28
40.72
35.75
35.15
41.05
39.15
38.51
39.29
NA
NA
NA
NA
39.43
40.34
37.88
39.34
NA
NA
NA
NA
39.24
39.7
38.51
39.1
38.9
NA
40.8
43.21
42.41
38.53
42.33
38.17
38.27
39.47
39.81
39.36
40.38
NA
38.7
NA
40.3
38.73
39.52
37.7
37.07
41.68
41.09
42.97
39.17
39.3
38.34
36.87
42.67
40.83
38.88
NA
39.18
39.31
38.36
NA
39.49
39.95
39.82
40.29
39.75
40.62
39.95
40.6
39.8
40.47
39.8
40.47
40.97
41.14
40.98
35.15
42.64
41.86
39.9
40.68
40.26
41.73
40.33
41.15
37.78
41.72
40.08
36.62
38.43
40.1
39.26
40.5
40.49
37.85
41.58
38.28
43.97
NA
NA
NA
41.4
NA
39.06
NA
35.38
39.89
36.71
42.17
38.1
39.49
37.81
41.02
35.41
38.46
38.38
NA
39.13
NA
36.98
NA
NA
38.64
38.14
41.38
37.0
NA
NA
38.43
37.91
36.1
36.1
NA
38.36
37.59
40.06
39.99
NA
39.28
39.28
39.17
39.24
39.28
43.26
37.3
38.7
38.7
NA
NA
NA
NA
NA
39.63
40.11
38.43
37.67
41.61
NA
40.42
NA
39.97
40.17
NA
NA
NA
NA
NA
40.2
41.02
40.69
40.84
40.6
38.72
37.09
35.93
41.51
39.22
37.81
38.06
NA
NA
NA
41.47
38.47
42.27
38.37
40.06
NA
39.51
NA
39.03
40.95
43.23
37.21
40.92
37.72
41.02
41.25
NA
NA
NA
35.15
NA
NA
NA
NA
NA
37.8
NA
39.93
44.13
40.73
38.3
40.0
40.2
NA
NA
NA
NA
NA
39.23
38.85
38.45
37.0
NA
39.17
38.56
38.46
39.81
39.88
43.28
37.98
39.87
38.87
38.77
39.91
40.94
38.7
37.57
37.57
37.57
37.6
38.25
38.7
39.1
39.97
37.93
40.55
39.65
39.51
NA
39.42
39.5
NA
39.37
39.47
NA
NA
NA
39.97
40.83
40.83
39.1
NA
41.42
43.03
NA
39.78
39.18
39.78
NA
NA
NA
NA
NA
NA
NA
NA
NA
41.11
31.98
43.61
39.91
39.34
38.21
38.47
38.37
39.2
37.71
39.47
40.14
NA
40.17
42.09
39.38
39.4
35.79
39.61
39.86
39.98
41.08
38.76
NA
37.54
37.3
39.13
39.63
38.57
40.11
NA
NA
NA
NA
NA
NA
NA
39.35
39.75
NA
37.19
38.04
41.22
38.13
NA
41.19
38.1
NA
38.94
36.17
39.84
40.39
40.18
NA
NA
39.08
40.51
39.09
39.82
38.96
38.71
NA
NA
NA
NA
40.85
NA
NA
40.72
39.76
37.16
40.37
38.72
NA
NA
NA
NA
39.67
NA
NA
NA
37.02
NA
NA
NA
NA
41.84
39.18
38.84
41.48
40.08
40.6
39.67
40.25
50.45
NA
NA
42.15
NA
40.84
41.35
40.15
40.19
NA
40.13
38.98
40.34
39.0
NA
NA
34.8
NA
NA
41.64
40.04
36.78
37.85
37.56
45.13
41.7
38.02
39.23
38.18
38.25
38.71
39.18
NA
42.0
39.73
40.56
40.65
37.14
38.84
39.14
NA
43.57
41.27
36.66
41.35
40.05
38.24
39.76
39.28
39.78
40.37
40.14
39.92
42.32
39.62
38.99
41.42
40.02
41.32
39.88
41.56
NA
NA
NA
38.48
40.73
38.79
40.63
43.31
NA
38.15
40.08
40.27
39.35
40.62
39.62
NA
39.35
39.44
39.27
40.07
38.88
39.44
NA
39.34
39.34
NA
40.49
NA
38.73
39.79
41.53
40.23
NA
NA
41.57
39.34
38.19
39.69
39.73
39.45
NA
37.64
41.98
NA
40.25
37.58
41.49
41.62
42.91
39.07
NA
NA
NA
NA
39.89
39.47
42.0
NA
NA
37.5
39.94
39.62
39.06
38.99
39.72
39.82
39.69
36.63
37.38
NA
NA
38.35
37.68
38.42
37.89
40.13
39.36
38.15
38.23
37.65
38.4
44.06
39.16
39.06
40.36
35.79
41.46
42.73
NA
38.89
38.66
NA
39.36
39.13
42.33
39.47
38.4
NA
40.28
NA
NA
42.34
41.21
38.85
39.84
39.46
42.97
38.85
41.16
41.24
40.65
41.87
36.13
41.14
38.29
39.16
40.07
39.22
NA
37.21
39.68
38.96
38.16
41.0
NA
36.42
39.02
NA
NA
39.86
39.66
40.22
NA
40.04
43.64
41.06
39.86
42.25
38.49
40.15
40.35
35.23
39.08
41.52
39.51
41.66
NA
38.9
42.37
39.24
40.3
34.94
39.5
NA
37.82
40.44
41.18
41.08
40.59
40.7
38.3
NA
39.02
NA
40.36
34.69
41.38
39.65
38.5
39.66
NA
NA
NA
39.64
45.32
39.44
NA
NA
NA
38.19
34.98
38.96
36.23
34.63
NA
NA
NA
NA
38.91
NA
42.02
NA
38.82
40.53
39.15
39.89
35.71
39.06
42.11
NA
37.84
38.71
39.57
NA
38.65
39.25
39.25
36.35
41.05
NA
NA
40.28
41.39
38.45
37.36
39.41
38.15
41.54
36.4
35.81
40.11
40.47
41.36
39.77
38.07
NA
40.45
39.25
39.15
39.45
39.56
39.76
40.56
42.06
39.96
39.69
39.36
39.0
39.76
41.78
37.8
NA
39.13
38.55
39.95
NA
39.95
NA
NA
38.08
40.43
41.4
39.9
39.68
37.97
NA
35.83
41.18
36.02
39.07
38.58
NA
39.99
37.86
39.25
39.85
39.55
41.65
NA
39.81
39.69
40.83
39.05
NA
41.28
NA
39.51
39.41
39.31
NA
NA
NA
39.78
39.22
NA
NA
NA
NA
NA
NA
NA
NA
NA
41.61
36.75
40.45
38.55
NA
NA
39.33
40.34
39.34
NA
43.87
41.87
39.1
38.59
NA
NA
NA
41.12
43.59
38.41
39.14
41.04
36.67
40.37
38.37
40.51
40.81
41.64
37.75
41.51
39.65
NA
44.08
39.52
36.01
41.53
39.13
NA
36.76
39.3
35.37
37.33
38.73
40.84
35.83
41.18
36.02
38.16
40.57
38.9
NA
40.45
39.46
40.8
37.38
41.32
40.12
NA
39.18
44.38
43.7
NA
39.05
NA
39.83
40.8
36.37
43.2
36.19
NA
NA
39.65
38.84
38.99
38.99
NA
46.09
NA
35.59
39.31
43.67
38.62
39.26
38.17
40.13
NA
NA
39.25
40.76
37.18
40.67
38.14
37.96
40.1
38.5
36.7
38.82
39.71
40.91
39.91
39.13
37.45
41.04
41.6
40.53
40.97
NA
39.38
NA
NA
42.85
40.61
39.45
37.48
38.63
36.35
39.39
40.45
40.25
NA
40.24
28.87
40.04
39.92
37.81
39.69
39.43
39.78
38.61
38.27
NA
NA
37.08
38.28
39.76
39.56
38.26
38.81
39.09
NA
40.34
40.03
NA
39.81
41.68
39.99
42.3
43.13
41.7
41.66
40.09
40.64
39.92
39.72
43.12
40.08
39.04
39.37
38.9
NA
36.88
39.31
NA
40.29
39.89
39.25
40.69
38.71
41.77
39.75
38.74
39.81
36.39
NA
NA
42.11
NA
NA
NA
40.63
41.79
38.74
39.24
41.55
40.5
44.1
41.9
NA
38.48
39.52
37.2
39.22
NA
NA
NA
38.46
39.04
38.46
39.01
39.21
39.61
39.51
40.28
39.88
39.71
40.9
34.53
40.25
38.72
38.81
39.2
41.43
39.86
NA
39.57
43.67
38.97
36.17
NA
NA
41.94
42.44
40.24
39.06
NA
40.29
40.58
39.18
41.28
39.9
38.14
38.65
40.5
37.99
40.62
41.42
39.79
39.29
40.12
40.4
39.31
39.89
38.78
40.54
39.14
39.14
36.51
39.61
NA
NA
NA
38.53
40.0
39.57
39.48
39.34
40.78
39.68
39.93
37.49
NA
36.69
37.88
38.64
39.83
38.9
39.4
39.7
39.46
39.87
39.36
39.86
39.66
39.76
41.94
38.42
42.82
40.01
39.91
39.64
39.78
38.39
42.81
36.68
38.63
42.65
39.59
42.65
NA
40.56
40.27
41.01
39.83
39.23
39.95
41.39
38.01
39.48
39.24
NA
37.61
39.78
39.34
39.65
37.85
39.26
41.84
38.58
40.32
38.0
39.14
38.61
39.62
40.82
40.49
39.78
36.99
NA
39.42
40.23
41.38
40.65
39.21
39.28
41.01
NA
30.24
NA
40.72
NA
39.39
40.03
39.91
40.76
40.46
39.0
44.6
37.51
40.73
39.56
39.35
38.87
39.59
NA
39.33
43.19
40.49
38.98
NA
38.38
41.38
35.28
38.98
39.88
NA
38.21
36.11
39.16
39.82
38.08
39.58
36.95
40.01
42.11
41.05
37.63
41.88
NA
38.84
41.14
36.74
40.74
NA
39.12
35.42
38.39
38.69
40.24
41.04
41.84
41.27
41.21
38.07
40.05
NA
40.25
40.16
40.46
37.64
35.35
41.14
NA
41.58
NA
39.88
40.17
40.17
40.91
40.01
38.5
39.6
38.7
40.2
NA
38.36
40.99
39.89
38.0
36.14
NA
37.81
40.23
40.03
39.3
39.84
36.06
37.2
40.33
41.04
40.24
37.62
39.12
NA
NA
NA
41.03
NA
38.54
39.77
39.77
NA
40.58
40.16
41.66
37.49
35.59
41.39
38.69
39.11
39.21
38.33
NA
NA
39.3
39.43
NA
37.85
NA
NA
40.28
39.72
NA
43.55
40.05
44.51
39.38
NA
NA
NA
NA
39.94
40.76
39.14
39.56
37.11
39.06
39.54
40.23
44.37
38.45
40.75
40.09
39.09
36.7
40.5
39.22
NA
39.46
NA
39.43
39.73
NA
39.07
NA
39.85
39.64
38.44
42.74
45.64
39.74
40.79
38.99
40.63
40.26
44.65
39.0
39.6
43.0
40.8
38.39
NA
NA
39.59
NA
NA
NA
NA
38.01
38.44
44.0
44.41
40.35
39.17
39.54
41.94
39.89
40.08
42.24
38.41
41.21
39.27
40.93
39.66
38.74
38.88
39.37
40.9
41.29
42.24
38.4
39.45
42.9
41.07
39.36
39.28
40.66
39.68
41.68
36.56
NA
42.62
NA
42.55
NA
NA
39.89
39.2
42.19
NA
39.83
40.02
39.81
NA
NA
43.67
40.19
41.3
39.62
40.51
39.6
39.6
40.31
41.69
40.96
41.88
41.08
39.08
38.14
40.54
39.77
39.76
41.05
40.55
39.34
39.37
39.16
37.87
42.68
37.11
36.46
42.2
41.44
NA
39.15
40.84
40.16
39.74
NA
42.97
41.43
NA
NA
NA
NA
36.61
NA
39.02
39.54
39.23
NA
NA
39.53
39.53
39.57
39.52
NA
39.58
39.74
40.22
38.08
40.01
40.77
41.23
38.59
40.35
43.09
41.89
41.76
41.36
NA
40.56
39.47
39.59
41.37
37.48
39.19
38.37
38.81
39.89
NA
NA
40.66
42.55
39.56
41.29
40.38
40.0
NA
NA
40.1
40.31
40.48
41.12
39.23
37.32
38.37
40.0
NA
39.79
39.79
39.8
40.3
39.13
39.03
NA
NA
NA
36.66
NA
42.39
39.55
39.41
39.02
39.58
38.65
40.34
39.54
39.14
40.2
NA
39.08
38.96
38.71
35.85
40.41
39.14
NA
NA
NA
NA
39.1
39.4
40.07
NA
NA
NA
NA
39.65
38.67
39.69
35.69
42.83
39.56
39.35
39.53
41.39
39.42
37.29
39.92
41.03
34.75
39.96
38.37
NA
40.09
NA
39.19
NA
41.89
39.74
39.62
NA
NA
NA
38.42
40.28
39.08
38.58
39.83
39.33
38.05
41.31
41.82
40.19
42.89
39.19
38.44
39.14
41.4
40.91
41.35
NA
NA
39.28
NA
37.7
38.92
44.54
40.89
40.65
38.56
NA
44.4
40.91
40.52
39.28
NA
38.37
38.16
39.88
38.9
39.98
41.56
39.24
39.76
39.31
38.89
39.26
39.83
39.78
39.52
40.52
39.9
40.41
39.83
40.33
40.05
38.41
37.76
40.02
38.4
37.91
39.32
39.67
NA
39.44