176.01
176.4
174.4
174.29
173.41
175.14
173.7
NA
NA
NA
175.32
NA
175.09
171.84
173.17
172.02
176.01
174.34
173.29
175.66
175.57
175.05
173.92
175.0
174.47
NA
175.05
176.42
175.06
176.36
175.54
174.12
175.2
175.66
173.58
175.04
175.75
171.3
175.4
NA
175.64
176.7
173.74
174.47
177.63
175.16
174.8
NA
172.37
174.57
174.21
174.34
174.99
179.35
175.0
175.16
178.26
175.37
173.51
173.71
172.81
177.1
175.76
178.57
NA
178.71
174.78
175.63
174.39
174.66
176.12
175.13
NA
176.19
174.61
NA
174.49
174.09
172.68
174.96
174.87
174.95
175.45
171.51
176.39
176.67
176.77
176.37
175.16
175.76
NA
176.5
177.06
176.84
173.21
178.29
175.71
175.16
174.43
172.84
173.98
175.65
176.13
174.22
176.07
NA
NA
NA
174.18
175.1
173.96
174.42
174.18
174.73
174.66
NA
175.24
172.85
NA
175.82
175.3
175.07
175.21
176.4
NA
175.58
175.41
176.16
176.58
176.83
176.36
174.23
175.35
174.5
175.24
172.05
176.0
176.3
176.35
176.57
176.62
174.57
172.0
176.99
NA
176.11
NA
NA
174.97
174.47
173.45
176.22
174.65
174.32
175.52
176.33
174.56
174.68
173.07
176.08
174.99
176.65
174.27
175.57
NA
177.81
175.81
175.73
172.68
171.08
176.7
176.88
175.34
173.85
173.19
175.44
173.46
174.92
176.2
175.47
171.84
174.01
NA
175.52
173.63
175.33
NA
173.01
175.82
NA
176.9
174.44
175.78
174.39
175.67
174.34
175.64
174.41
175.7
174.24
175.62
NA
NA
175.62
175.35
176.76
174.54
175.51
176.23
174.56
173.99
176.29
173.9
176.25
172.76
175.66
172.69
175.19
172.89
177.89
174.64
NA
NA
NA
NA
NA
175.8
NA
NA
NA
NA
NA
176.33
NA
NA
NA
NA
172.38
NA
174.27
175.06
173.66
NA
176.9
175.9
172.4
175.56
176.78
NA
NA
NA
NA
NA
NA
NA
NA
NA
173.65
NA
NA
NA
172.42
NA
NA
175.07
177.89
NA
174.35
174.55
NA
174.64
175.23
174.28
175.72
175.43
172.46
178.76
173.06
176.16
174.21
174.98
NA
NA
NA
NA
NA
174.8
NA
177.28
176.6
175.0
176.91
172.72
173.62
175.39
177.62
176.45
173.75
NA
NA
174.84
NA
173.84
172.5
176.17
NA
174.76
173.34
177.41
172.94
NA
177.98
NA
175.2
176.87
172.99
174.04
175.74
176.76
NA
174.81
177.41
173.68
176.56
NA
NA
175.83
176.74
NA
177.41
173.68
176.56
NA
NA
176.29
NA
NA
NA
NA
NA
NA
NA
NA
NA
NA
173.97
174.99
174.24
174.71
175.33
175.22
174.99
174.59
179.03
175.57
173.56
174.93
177.92
175.54
173.37
NA
NA
176.65
175.61
NA
NA
175.94
176.43
176.36
175.47
NA
NA
NA
176.07
NA
175.73
NA
NA
NA
NA
NA
NA
NA
NA
NA
NA
178.03
174.15
178.32
174.7
NA
174.63
NA
NA
173.91
174.74
NA
NA
NA
NA
NA
NA
174.47
173.82
NA
173.26
175.22
177.34
177.37
NA
NA
NA
NA
NA
NA
171.72
173.12
NA
NA
NA
NA
NA
NA
NA
175.6
NA
NA
172.51
176.59
NA
173.04
NA
NA
NA
NA
NA
NA
NA
NA
176.51
NA
NA
NA
175.51
174.37
175.48
174.25
NA
174.82
NA
NA
NA
NA
NA
180.58
177.28
174.78
174.48
175.96
NA
NA
NA
NA
172.71
171.65
173.27
176.04
175.54
174.64
174.52
NA
NA
NA
177.98
176.54
172.74
174.14
177.64
NA
NA
177.9
176.14
171.94
NA
NA
NA
NA
176.54
176.74
175.84
177.14
173.24
177.47
176.07
176.57
174.48
176.18
177.53
175.63
176.63
NA
NA
NA
NA
176.16
177.46
178.96
NA
174.95
NA
NA
NA
NA
NA
NA
NA
NA
NA
177.0
NA
NA
NA
NA
174.24
NA
NA
175.2
174.4
NA
NA
172.3
NA
174.96
174.96
NA
NA
176.85
NA
NA
174.43
174.93
175.83
NA
NA
NA
NA
NA
NA
NA
NA
NA
NA
175.92
NA
176.48
177.75
NA
174.05
178.22
174.64
176.79
NA
174.42
NA
NA
175.31
175.59
175.67
174.62
176.63
NA
174.35
174.08
NA
NA
NA
NA
NA
174.21
175.67
180.58
NA
NA
NA
NA
NA
NA
NA
NA
NA
171.45
175.88
NA
NA
NA
NA
NA
NA
NA
NA
175.05
NA
NA
NA
176.84
176.74
NA
179.7
175.86
175.44
177.77
173.05
176.43
177.09
NA
NA
177.67
NA
176.27
173.72
174.85
174.35
175.47
NA
NA
NA
NA
NA
NA
NA
NA
NA
NA
NA
NA
NA
175.85
176.15
173.59
175.72
NA
NA
177.56
175.14
174.94
NA
173.61
176.11
NA
NA
175.31
NA
NA
NA
NA
NA
NA
NA
NA
NA
NA
NA
NA
NA
NA
NA
175.94
NA
172.79
175.22
179.82
176.25
173.77
NA
NA
173.11
175.01
NA
NA
175.18
NA
NA
NA
NA
NA
NA
172.6
172.5
NA
NA
NA
175.51
177.49
177.54
176.71
NA
NA
179.47
175.87
176.37
NA
NA
NA
176.76
176.68
NA
NA
NA
NA
176.43
173.4
175.72
174.63
NA
NA
176.09
177.09
174.25
NA
NA
NA
NA
NA
NA
NA
NA
175.05
NA
NA
NA
NA
173.78
173.28
NA
NA
NA
NA
NA
NA
NA
NA
NA
175.2
176.27
175.48
176.4
NA
176.47
174.56
176.86
176.56
180.95
172.82
175.49
175.73
179.74
NA
NA
NA
NA
175.69
176.8
176.61
NA
NA
173.01
NA
174.72
175.09
176.08
NA
NA
174.96
NA
NA
NA
NA
NA
NA
NA
177.78
175.23
NA
NA
NA
NA
172.06
175.4
174.2
172.6
174.8
NA
NA
NA
NA
NA
NA
NA
NA
NA
176.59
175.3
175.38
NA
174.84
NA
NA
170.67
NA
NA
NA
175.03
175.51
NA
NA
173.67
NA
179.23
174.64
174.59
NA
175.96
NA
NA
NA
176.1
NA
175.14
176.48
178.58
174.68
178.18
176.68
NA
NA
176.24
174.64
175.13
174.73
175.29
174.9
174.75
175.21
173.76
175.25
NA
NA
173.07
NA
NA
NA
NA
NA
NA
NA
175.12
NA
175.37
NA
NA
175.43
174.9
NA
176.73
172.2
NA
176.24
175.9
176.73
172.89
NA
NA
NA
NA
NA
NA
175.06
175.15
NA
173.11
NA
NA
177.07
177.27
177.25
177.04
173.35
177.73
174.91
175.11
175.26
176.41
NA
NA
177.96
NA
175.03
176.23
174.03
175.36
176.29
NA
NA
175.21
175.37
NA
NA
175.71
174.81
178.9
175.5
176.2
171.2
173.5
176.3
NA
NA
NA
174.31
173.27
176.12
178.78
174.76
NA
177.78
176.76
NA
174.62
175.06
174.71
174.66
NA
NA
176.13
176.23
174.73
NA
NA
NA
NA
NA
174.76
174.53
173.44
174.96
174.59
174.91
174.44
175.45
173.6
NA
NA
176.14
NA
NA
177.54
173.47
NA
NA
176.27
176.11
177.28
173.15
175.35
175.35
176.66
174.04
173.85
NA
NA
176.53
174.03
175.43
174.03
176.03
177.83
177.78
173.33
178.38
174.93
177.7
177.04
175.24
173.14
172.74
NA
NA
NA
176.83
173.53
NA
NA
NA
NA
NA
NA
176.01
177.69
177.75
172.67
176.21
175.01
177.11
NA
NA
174.06
174.3
174.7
176.36
175.48
NA
NA
NA
NA
NA
NA
NA
NA
NA
175.96
174.46
176.35
175.15
176.25
174.98
174.98
176.16
175.88
174.62
174.31
NA
NA
175.39
174.19
NA
174.89
174.68
177.28
175.23
172.88
NA
176.18
177.24
173.15
175.35
175.35
176.46
174.72
NA
NA
174.46
173.81
NA
174.35
NA
NA
177.1
NA
175.6
173.93
NA
NA
NA
NA
174.68
174.81
NA
175.07
NA
175.44
NA
177.3
NA
NA
NA
177.25
NA
173.93
174.57
NA
174.6
175.0
NA
NA
NA
NA
176.02
175.93
174.87
NA
NA
NA
172.91
174.41
175.6
177.19
174.43
176.63
175.43
NA
NA
NA
NA
NA
176.4
175.02
NA
NA
176.57
NA
174.32
175.11
175.12
174.13
175.93
175.66
NA
NA
NA
175.27
NA
NA
177.24
176.52
174.78
NA
NA
179.06
173.82
177.42
NA
176.59
174.79
173.91
176.71
175.91
177.74
175.89
NA
174.88
NA
NA
174.4
174.32
174.75
174.41
176.69
174.49
174.5
175.93
174.77
175.29
172.9
182.0
NA
176.81
173.05
178.48
NA
NA
NA
NA
NA
NA
175.49
174.94
175.75
175.42
174.2
181.4
172.84
174.49
176.69
NA
174.6
NA
NA
NA
176.13
NA
175.51
176.11
174.61
NA
175.59
NA
NA
175.1
176.98
NA
175.8
176.6
NA
NA
NA
NA
NA
173.99
177.89
NA
173.76
174.89
174.16
175.65
NA
177.6
176.12
175.88
173.48
NA
177.19
NA
NA
173.9
176.8
177.0
174.4
NA
NA
174.28
174.38
175.48
175.17
NA
173.59
174.32
173.92
174.11
177.2
174.76
175.6
174.79
178.17
NA
NA
NA
NA
NA
NA
NA
173.27
174.26
174.55
NA
NA
174.86
NA
NA
NA
NA
NA
NA
NA
NA
174.94
174.47
173.97
175.01
175.92
NA
175.32
175.06
176.57
174.4
174.99
174.49
178.09
NA
176.64
NA
NA
NA
NA
179.73
178.21
170.91
176.14
173.94
175.2
175.5
174.13
174.57
176.15
173.68
174.33
174.48
174.31
NA
174.47
176.83
NA
177.49
175.89
NA
176.26
174.93
175.55
175.31
NA
NA
176.56
NA
175.6
175.48
174.89
NA
173.92
174.43
177.01
NA
177.37
NA
NA
NA
NA
177.85
NA
175.39
176.14
174.72
NA
NA
NA
NA
NA
NA
NA
173.19
NA
177.16
175.56
174.55
173.19
178.19
176.96
172.89
175.72
NA
175.41
175.57
NA
NA
NA
174.73
NA
174.14
NA
NA
180.98
180.42
180.48
177.67
178.4
NA
NA
175.3
176.1
NA
176.73
176.43
NA
174.8
175.6
175.91
NA
NA
NA
NA
NA
NA
NA
NA
NA
NA
NA
NA
174.37
174.07
174.17
NA
NA
176.42
NA
NA
NA
NA
NA
175.26
177.18
175.45
176.71
NA
NA
NA
NA
NA
NA
NA
173.68
174.48
174.88
175.28
174.58
176.41
175.66
174.72
175.78
176.29
NA
NA
NA
NA
175.72
179.33
173.9
175.81
176.9
173.1
178.32
175.94
177.11
NA
NA
NA
NA
NA
NA
NA
NA
177.14
174.01
NA
NA
NA
NA
NA
NA
176.65
177.51
NA
NA
175.91
176.18
173.95
174.57
176.74
174.87
173.97
176.27
NA
NA
176.14
176.28
176.48
174.9
NA
NA
NA
NA
NA
NA
177.01
176.52
176.49
NA
NA
175.89
174.95
177.55
173.15
175.48
NA
NA
NA
NA
NA
NA
NA
NA
NA
176.02
175.52
NA
174.68
174.63
173.41
175.61
175.41
175.01
NA
NA
NA
NA
176.44
NA
NA
NA
NA
NA
172.28
NA
NA
NA
175.74
NA
175.8
NA
175.43
NA
NA
NA
174.71
176.04
173.54
174.93
173.84
174.47
177.18
176.68
176.19
173.48
174.35
175.08
175.45
176.21
175.62
173.45
174.35
NA
174.55
179.89
NA
NA
176.89
176.93
174.27
174.03
177.44
NA
NA
173.69
174.32
174.45
174.28
174.84
177.18
NA
NA
NA
NA
175.1
NA
NA
174.26
175.2
174.82
174.45
174.32
173.56
NA
175.5
173.76
176.29
175.58
NA
175.0
175.56
174.96
NA
NA
NA
174.44
172.73
NA
174.51
NA
174.33
175.16
175.13
173.59
NA
NA
NA
NA
NA
NA
NA
177.6
174.77
NA
NA
176.28
175.7
176.92
172.87
176.84
NA
NA
NA
NA
NA
NA
NA
NA
NA
NA
NA
NA
NA
NA
NA
175.41
175.52
176.56
NA
NA
176.16
NA
NA
174.44
175.07
NA
NA
NA
174.53
175.94
174.6
171.72
NA
175.49
NA
175.49
175.27
176.45
175.91
176.7
NA
174.96
176.6
176.21
174.19
NA
NA
NA
175.55
NA
176.28
174.91
175.68
177.36
172.86
175.47
175.87
175.98
NA
178.01
172.8
NA
175.97
175.48
175.82
176.23
175.63
174.77
175.53
174.49
174.48
180.12
NA
NA
176.44
177.12
173.73
176.67
175.54
177.16
177.41
NA
NA
177.03
175.09
176.36
NA
NA
NA
NA
176.91
177.81
NA
175.84
175.22
175.25
NA
NA
NA
NA
NA
176.31
NA
NA
NA
NA
NA
NA
NA
NA
NA
NA
NA
NA
NA
NA
NA
NA
173.02
175.52
175.92
NA
NA
177.58
175.98
173.82
174.62
174.68
NA
NA
NA
NA
NA
NA
NA
NA
175.0
NA
NA
NA
176.6
176.92
173.76
171.49
176.78
NA
NA
NA
NA
NA
174.76
175.57
172.44
176.96
174.93
175.3
171.53
175.28
176.69
NA
174.06
175.45
176.18
NA
NA
NA
NA
NA
NA
NA
NA
NA
NA
NA
NA
NA
NA
NA
175.12