176.81
176.08
178.45
176.06
174.25
NA
NA
NA
NA
NA
NA
NA
NA
NA
174.46
174.36
177.45
178.44
178.25
177.49
176.35
177.73
179.06
178.04
175.24
177.24
174.85
175.77
177.01
176.38
178.49
178.72
178.71
175.76
178.82
177.86
177.67
176.15
178.02
174.49
175.82
NA
177.88
176.36
176.62
NA
176.56
177.56
NA
176.23
176.59
176.3
175.72
177.87
175.28
177.36
176.68
176.8
175.65
178.65
178.61
176.54
174.25
176.2
177.81
177.76
176.23
176.18
174.79
176.09
174.24
175.73
178.27
177.46
176.17
174.32
178.04
177.97
178.49
177.87
178.29
178.02
177.67
178.1
176.73
177.38
175.88
177.19
175.21
175.79
176.83
NA
177.12
NA
178.22
178.38
178.02
178.03
177.83
176.47
176.36
177.06
176.43
176.39
176.56
176.37
NA
177.09
178.32
178.36
175.0
NA
177.5
175.94
177.0
177.5
177.77
177.61
177.52
NA
177.12
177.07
178.02
176.86
NA
175.67
177.19
176.54
176.91
176.63
176.21
178.63
178.0
175.8
177.38
175.6
177.88
176.83
177.73
176.37
178.24
178.0
177.82
176.08
177.78
177.38
177.02
177.63
179.41
177.82
175.68
177.59
178.01
176.04
177.6
174.81
177.79
176.97
175.45
179.24
177.59
176.13
176.33
178.25
178.44
178.58
177.31
178.09
177.67
174.37
175.53
174.64
176.75
176.46
178.88
178.18
178.17
176.46
177.08
176.4
176.74
177.29
177.14
176.26
176.81
175.41
172.79
NA
178.18
175.81
172.98
175.94
173.72
175.85
176.02
177.34
175.48
177.13
177.12
175.88
177.16
177.36
NA
178.32
177.53
175.76
176.93
177.24
175.31
175.25
175.21
175.29
175.13
178.5
NA
178.29
177.19
176.89
178.59
176.39
178.89
NA
176.15
176.94
177.14
179.09
NA
176.52
178.29
177.56
176.44
178.16
177.44
NA
175.86
178.06
179.06
177.96
178.76
NA
NA
177.99
178.99
NA
178.59
NA
NA
177.89
NA
178.89
179.39
NA
NA
NA
NA
176.2
178.19
NA
NA
173.89
177.96
NA
177.95
177.51
179.88
178.92
175.17
175.5
176.06
174.9
174.59
174.54
175.28
177.49
NA
178.65
NA
175.24
178.07
NA
NA
NA
NA
NA
178.6
177.61
178.06
NA
NA
NA
NA
NA
NA
NA
NA
176.27
177.5
177.01
177.36
NA
NA
176.6
175.8
NA
178.86
180.06
176.06
179.36
177.74
178.42
174.67
179.19
NA
177.52
176.82
177.13
176.2
NA
NA
NA
NA
NA
175.72
NA
175.49
177.42
175.23
175.95
177.23
175.31
177.22
175.53
177.08
NA
NA
178.69
177.69
178.5
177.73
175.63
178.03
177.73
175.63
178.03
177.72
175.52
178.02
177.72
175.52
178.02
177.82
175.82
178.02
179.97
178.13
177.35
NA
174.76
176.35
178.75
175.85
175.55
175.95
177.9
177.27
175.7
177.01
NA
NA
NA
NA
NA
175.01
NA
NA
NA
177.18
178.78
178.18
176.58
176.68
178.72
177.32
177.22
NA
177.42
176.32
176.92
176.52
178.44
176.14
175.15
175.2
177.62
177.06
175.56
176.1
176.02
180.61
179.87
176.86
176.76
178.75
177.25
NA
NA
176.95
176.75
176.55
176.55
176.03
NA
NA
177.61
NA
NA
NA
NA
176.44
NA
NA
NA
NA
NA
NA
NA
NA
NA
NA
NA
NA
177.55
177.51
176.96
177.6
177.85
176.91
NA
177.02
176.9
NA
NA
176.69
180.02
176.85
179.93
177.66
178.65
176.08
NA
NA
NA
175.23
176.58
179.27
176.42
NA
176.76
175.69
175.84
178.32
177.28
178.82
178.02
176.02
173.72
176.12
176.72
176.42
176.32
NA
NA
NA
NA
NA
NA
175.88
NA
177.99
176.66
179.87
177.25
178.37
176.02
180.66
NA
NA
NA
NA
NA
NA
NA
177.93
177.32
179.89
177.14
178.39
176.2
180.5
176.19
177.26
177.07
177.24
177.1
177.19
175.42
176.12
176.26
176.82
NA
NA
NA
NA
NA
177.42
179.02
177.42
NA
NA
NA
NA
NA
178.16
NA
NA
NA
177.47
NA
NA
NA
NA
177.66
175.99
175.37
NA
NA
NA
NA
NA
NA
NA
176.79
NA
176.59
175.58
174.63
176.44
174.36
NA
176.38
171.57
NA
176.37
NA
NA
NA
NA
NA
NA
176.54
173.75
178.98
176.02
177.12
177.56
179.13
177.45
179.4
178.06
178.09
174.94
176.54
176.24
177.7
175.21
NA
178.74
175.84
NA
NA
NA
177.84
178.05
175.34
177.58
NA
NA
NA
NA
177.84
178.08
177.18
176.38
NA
NA
179.13
177.9
178.0
NA
178.56
NA
178.0
177.3
175.9
179.4
NA
NA
NA
NA
NA
NA
NA
NA
NA
NA
NA
NA
NA
NA
NA
NA
NA
NA
NA
NA
NA
177.1
179.2
178.2
178.4
177.2
176.85
178.65
176.65
NA
NA
NA
NA
NA
NA
NA
NA
NA
176.34
179.04
180.74
NA
NA
NA
NA
NA
177.65
NA
NA
NA
178.32
178.32
NA
NA
176.43
179.03
178.03
179.44
176.34
NA
176.57
175.59
178.42
NA
177.99
176.98
177.35
179.05
175.81
177.03
NA
NA
NA
NA
NA
176.59
176.37
178.02
177.07
NA
176.78
174.45
176.23
176.46
179.85
175.53
177.56
176.66
176.59
176.51
176.66
178.39
176.36
NA
177.55
NA
177.11
NA
NA
NA
NA
NA
176.15
178.45
177.85
NA
NA
NA
NA
176.44
NA
NA
NA
NA
NA
NA
NA
177.4
177.1
179.0
178.13
177.99
177.01
178.37
NA
174.64
176.77
174.61
175.19
171.82
174.94
178.29
178.05
178.65
176.6
175.07
176.53
173.79
NA
176.82
177.16
175.85
180.46
178.14
178.44
175.07
177.77
176.07
178.77
175.87
177.97
177.17
176.77
177.27
176.57
NA
176.35
178.67
177.47
177.65
177.45
175.95
179.07
NA
177.97
178.31
176.38
176.06
177.42
NA
177.54
176.53
NA
NA
NA
NA
NA
NA
176.7
177.45
175.21
176.67
179.29
176.34
177.64
176.74
175.73
175.99
178.29
177.27
NA
176.95
175.82
176.55
175.29
178.47
178.03
178.03
176.73
175.33
175.43
177.03
178.63
176.23
177.48
176.84
175.75
176.61
176.61
NA
174.28
178.34
176.4
177.47
176.16
177.0
NA
NA
NA
NA
NA
NA
NA
NA
NA
NA
NA
NA
NA
NA
NA
NA
NA
NA
NA
176.12
177.03
177.07
NA
177.05
175.85
NA
NA
178.91
NA
NA
176.45
176.43
176.21
NA
176.93
177.37
176.24
175.87
178.29
175.53
NA
178.36
176.16
177.26
NA
NA
NA
NA
NA
NA
NA
NA
179.48
177.13
174.96
NA
NA
176.19
178.93
178.42
179.38
177.85
177.86
NA
NA
NA
NA
NA
NA
NA
NA
NA
NA
NA
NA
177.32
176.5
173.62
176.9
NA
176.26
176.06
177.6
173.81
177.98
NA
176.24
177.48
178.62
175.17
177.82
NA
NA
NA
NA
NA
NA
NA
NA
NA
NA
175.79
176.88
176.28
NA
NA
NA
176.28
NA
NA
174.02
172.77
176.02
172.39
178.97
177.07
178.27
NA
176.96
179.05
NA
NA
NA
NA
NA
NA
175.36
176.27
176.44
178.31
177.92
NA
NA
176.51
177.76
NA
176.81
NA
NA
175.43
178.53
178.66
NA
174.9
175.18
177.18
178.78
175.08
NA
NA
NA
NA
NA
NA
NA
174.81
177.1
NA
NA
175.38
175.64
NA
NA
176.09
175.83
177.81
174.84
176.73
178.92
174.76
175.56
175.66
177.2
176.7
178.1
178.0
NA
NA
NA
NA
NA
177.7
176.23
175.34
178.43
NA
NA
177.09
NA
NA
NA
176.41
173.83
179.04
177.87
176.62
174.97
177.76
174.73
178.55
NA
NA
NA
176.08
179.38
174.98
176.88
179.07
NA
177.97
178.37
176.47
175.97
177.47
NA
177.57
176.47
179.07
NA
177.57
178.37
177.27
175.57
177.47
179.07
177.47
175.57
NA
NA
NA
NA
NA
175.44
178.54
178.64
177.13
177.48
178.15
178.95
175.91
176.34
178.22
176.21
NA
NA
NA
NA
NA
177.91
177.97
175.84
177.67
177.53
NA
NA
NA
NA
NA
176.99
177.68
177.74
178.0
176.66
175.09
181.33
174.73
177.23
177.33
NA
NA
NA
NA
NA
177.9
178.0
NA
177.81
NA
NA
175.34
176.74
180.15
178.41
179.89
NA
NA
NA
175.54
176.49
NA
176.05
175.85
174.85
177.8
175.62
178.02
176.05
177.11
176.13
177.12
176.94
176.39
177.94
178.34
175.66
178.83
179.23
NA
176.93
177.02
176.72
176.84
NA
177.46
176.3
174.56
175.31
176.3
176.6
176.4
178.4
176.7
175.85
178.07
174.22
176.61
178.39
178.65
176.9
176.38
178.19
178.49
177.56
176.32
173.81
176.77
176.47
176.66
176.38
NA
NA
175.89
177.55
176.84
177.26
178.07
NA
NA
177.68
176.58
177.98
176.78
176.64
177.64
173.94
178.24
176.45
NA
176.9
176.87
176.92
175.89
178.53
176.88
175.92
176.65
176.45
178.03
176.09
NA
174.89
175.63
177.33
177.48
176.71
NA
NA
175.11
176.29
179.11
178.27
178.55
176.54
177.55
176.09
176.75
175.25
177.55
179.15
176.25
174.45
178.75
176.99
177.69
177.07
176.53
177.45
NA
178.15
NA
NA
NA
NA
NA
178.08
175.03
179.23
176.33
177.53
176.58
177.98
178.59
177.19
176.39
173.59
176.89
176.49
176.79
176.79
175.44
175.36
176.72
175.94
175.83
178.47
NA
175.94
176.02
178.45
177.14
177.54
176.64
NA
NA
177.6
173.81
177.98
174.16
174.59
175.36
175.3
177.59
177.3
176.63
176.06
176.41
179.21
176.96
176.7
179.4
177.44
178.06
178.36
179.16
176.35
179.25
177.78
176.18
180.58
173.28
NA
177.42
173.58
177.49
175.98
176.44
177.78
176.34
177.79
177.04
179.69
173.51
178.67
175.67
174.84
176.46
175.95
177.08
178.18
172.43
177.06
174.86
176.83
177.54
175.95
178.12
179.15
NA
NA
175.91
174.41
NA
176.75
175.25
177.55
179.15
176.25
174.45
177.16
176.26
178.26
179.22
177.32
177.42
175.53
176.36
175.58
177.22
175.8
175.26
174.58
177.66
176.32
176.43
178.95
178.47
178.31
177.84
177.92
176.98
177.46
178.66
177.09
177.7
175.55
180.15
NA
177.2
NA
176.0
NA
NA
NA
NA
NA
NA
NA
NA
176.73
NA
176.59
174.38
176.11
NA
177.2
175.97
175.67
NA
NA
NA
NA
NA
NA
NA
NA
178.24
NA
NA
NA
NA
NA
NA
NA
NA
NA
176.21
NA
175.71
175.61
176.41
175.91
176.71
179.21
NA
173.71
175.99
177.19
177.63
177.93
176.63
176.33
178.83
177.03
178.41
NA
NA
NA
NA
176.3
177.05
176.68
176.96
176.13
NA
NA
175.39
179.26
174.77
176.57
NA
NA
176.62
170.86
177.95
176.52
177.23
176.7
NA
176.84
NA
177.19
174.26
178.86
179.06
178.46
176.54
173.66
175.03
175.34
175.45
175.18
174.65
179.17
178.8
176.8
175.22
175.51
175.66
NA
175.99
178.33
177.68
176.81
177.51
178.89
179.79
176.29
177.71
176.61
177.51
178.01
177.45
178.97
177.98
180.0
178.45
176.64
177.74
176.61
179.2
177.1
178.34
NA
177.41
177.87
178.26
178.2
175.32
178.49
175.99
177.07
176.08
177.12
177.48
179.48
NA
NA
NA
NA
NA
NA
NA
NA
176.0
178.7
175.84
NA
NA
176.73
NA
178.77
176.83
175.87
175.85
177.05
176.95
177.2
179.2
176.16
176.47
176.98
176.29
178.31
176.67
177.82
175.81
176.01
176.99
NA
176.99
179.09
176.49
177.0
173.72
178.31
178.03
177.43
177.93
176.33
NA
NA
NA
NA
NA
NA
NA
176.76
177.46
NA
178.71
175.74
NA
176.17
176.24
NA
176.47
NA
NA
177.36
NA
177.52
178.62
178.22
NA
NA
177.28
177.58
178.07
176.53
174.26
176.16
176.79
179.39
176.7
178.02
178.46
NA
177.19
177.51
175.91
176.28
177.73
NA
NA
177.26
175.64
176.55
176.92
177.46
NA
176.4
177.95
178.81
180.61
175.36
NA
NA
NA
NA
NA
180.71
NA
NA
NA
176.95
176.26
179.16
177.12
NA
175.8
178.63
175.49
NA
NA
NA
NA
NA
NA
176.28
175.02
176.11
NA
177.26
176.69
176.72
NA
NA
NA
179.91
NA
175.92
177.57
175.17
176.54
177.29
NA
NA
176.45
174.99
175.09
177.89
NA
NA
NA
176.11
NA
NA
174.2
NA
178.21
NA
177.63
176.83
177.03
177.85
178.74
NA
179.06
177.62
174.67
NA
NA
178.48
173.97
178.44
175.64
179.14
176.14
175.94
176.37
176.97
176.87
175.57
NA
NA
NA
NA
NA
178.49
177.16
175.86
177.86
177.26
NA
174.83
178.49
178.29
177.07
NA
178.26
178.04
175.13
NA
175.78
178.38
176.8
174.1
176.0
176.05
177.85
176.63
177.77
176.89
176.59
NA
NA
NA
NA
NA
NA
176.02
NA
176.38
179.11
178.44
NA
NA
178.81
175.83
177.67
177.67
177.18
179.74
176.67
178.34
175.31
175.82
177.13
179.13
NA
178.28
176.65
178.99
NA
NA
NA
NA
NA
NA
NA
NA
NA
177.78
NA
178.29
177.28
179.27
NA
179.17
176.52
176.83
174.88
180.14
177.4
NA
176.33
177.91
179.11
177.31
181.31
176.31
NA
NA
NA
177.11
175.6
178.0
NA
NA
NA
NA
176.44
180.84
176.44
NA
NA
NA
NA
NA
NA
NA
NA
NA
176.8
176.61
179.47
175.51
177.41
175.83
176.44
176.07
NA
175.14
178.64
175.74
176.44
177.31
178.02
177.98
175.77
176.6
178.48
177.18
176.95
177.87
176.83
176.33
NA
NA
NA
NA
176.56
175.53
178.03
176.47
176.15
176.47
NA
NA
NA
NA
NA
178.59
177.53
178.05
178.63
177.24
176.6
170.8
176.96
176.37
176.89
176.71
NA
NA
NA
NA
NA
NA
NA
NA
NA
NA
NA
176.46
NA
178.08
177.77
176.58
175.59
177.29
NA
178.0
175.46
NA
178.19
NA
NA
175.83
176.37
177.14
NA
NA
NA
NA
176.17
176.95
177.37
177.02
176.82
176.55
176.33
177.03
177.43
177.03
178.05
174.76
175.46
173.74
NA
174.71
NA
NA
NA
NA
NA
NA
176.71
178.51
174.81
178.21
178.91
177.11
178.81
177.91
179.61
175.91
177.6
176.11
176.55
177.71
177.68
177.39
175.72
NA
176.77
173.67
176.36
177.66
178.65
179.52
178.8
176.43
176.51
177.5
176.44
180.62
177.17
176.53
177.04
176.63
175.81
176.1
176.88
178.24
174.72
177.14
177.57
175.0
NA
175.53
NA
NA
NA
176.53
175.54
176.13
178.52
177.55
177.56
176.46
177.21
177.35
178.43
NA
178.03
177.76
176.83
NA
175.6
175.94
176.77
NA
NA
176.86
175.36
176.76
175.32
175.62
177.92
175.91
178.31
NA
NA
NA
NA
NA
NA
NA
NA
NA
NA
178.72
176.34
176.87
176.21
176.79
179.47
176.89
NA
NA
NA
NA
176.74
179.13
175.89
176.58
176.78
178.93
176.99
176.79
176.68
176.41
NA
174.71
NA
NA
NA
NA
NA
176.03
176.43
NA
174.77
176.98
176.59
174.58
177.33
176.12
NA
NA
NA
NA
NA
NA
NA
NA
NA
177.13
177.72
177.54
177.14
NA
177.54
178.54
179.44
177.59
178.04
176.34
176.87
176.21
176.79
178.81
178.75
176.1
177.96
175.88
177.72
177.18
177.0
177.18
176.38
177.92
176.28
NA
176.89
175.29
176.61
NA
NA
NA
179.8
176.29
176.55
176.05
177.29
177.34
176.21
178.36
177.11
175.93
176.87
177.61
NA
NA
176.01
NA
NA
NA
177.26
177.41
178.19
177.02
176.42
177.43
NA
NA
177.12
178.61
NA
177.83
178.51
NA
NA
176.91
176.48
177.47
178.07
176.32
178.02
177.71
178.05
NA
178.27
178.3
NA
NA
NA
177.52
175.7
179.5
NA
176.45
NA
NA
NA
NA
NA
NA
175.99
179.29
175.99
177.68
177.52
NA
NA
NA
NA
NA
NA
NA
NA
176.97
178.11
177.57
179.36
178.32
NA
NA
177.44
NA
176.66
177.8
NA
176.23
NA
175.64
NA
177.79
178.26
177.6
175.78
175.83
175.68
176.95
173.3
176.22
178.43
179.55
178.69
177.16
NA
NA
NA
NA
NA
NA
NA
NA
177.58
178.75
176.29
177.42
179.48
177.92
176.31
177.88
178.08
177.09
177.33
177.22
177.06
NA
NA
NA
NA
177.53
176.42
177.62
176.89
178.19
180.7
177.18
176.4
176.79
177.18
175.62
176.01
176.54
176.14
175.15
175.2
178.23
176.38
176.26
NA
NA
NA
NA
NA
NA
NA
NA
NA
NA
NA
NA
NA
NA
NA
NA
NA
NA
NA
NA
176.94
178.62
178.23
175.91
NA
177.02
175.62
177.32
NA
NA
176.52
177.02
176.42
178.5
177.3
178.1
NA
NA
176.7
176.5
176.5
177.35
175.95
177.65
NA
NA
176.75
176.45
176.45