58.67
62.73
62.15
60.06
57.31
NA
NA
NA
NA
60.53
61.34
61.35
61.2
60.93
60.15
59.75
62.69
61.13
58.87
63.5
61.56
61.4
61.78
60.95
62.39
62.26
62.32
60.3
60.69
61.54
62.85
61.63
61.62
60.16
61.59
61.98
61.71
60.75
63.93
58.09
64.06
NA
57.92
62.13
59.88
NA
62.95
61.37
60.75
58.68
61.08
61.66
62.27
60.72
61.67
62.89
59.46
60.95
60.7
62.79
56.99
61.1
56.28
61.4
60.59
61.57
60.95
62.87
63.4
58.36
57.15
60.88
59.8
62.16
60.79
56.13
60.6
59.41
61.18
59.6
59.99
60.48
60.75
61.66
61.64
62.1
60.24
60.77
57.98
60.98
61.45
60.42
59.06
63.6
61.14
58.45
61.09
63.64
59.1
62.44
61.6
60.53
60.4
61.53
60.12
61.43
56.53
62.91
61.18
58.37
58.75
NA
61.1
62.87
60.73
58.21
59.41
62.86
59.18
62.38
60.24
64.31
61.46
60.94
61.79
59.8
59.95
61.93
58.74
60.88
60.68
60.22
63.71
61.98
62.83
61.35
63.51
59.82
61.56
61.49
61.93
63.32
63.76
62.05
63.37
63.16
59.85
60.74
63.45
60.88
60.24
63.09
63.91
61.37
63.67
60.88
63.39
60.43
61.05
60.71
64.1
60.81
61.1
64.19
63.48
61.03
61.28
62.03
62.87
62.03
61.65
63.48
62.27
58.4
61.86
63.56
59.17
58.49
62.54
61.51
60.93
61.0
63.84
63.63
61.66
57.97
58.2
62.47
61.56
63.41
57.77
58.35
58.16
60.14
64.25
61.27
62.24
62.89
60.9
58.64
58.46
61.14
63.28
58.28
60.51
62.74
56.36
60.56
59.37
59.39
59.38
59.54
59.47
61.88
NA
61.81
60.31
62.31
60.71
63.21
62.21
61.01
61.05
62.56
61.28
59.67
58.82
61.26
57.07
59.38
NA
NA
NA
61.87
60.41
59.13
62.6
60.54
59.06
NA
NA
58.94
62.68
NA
59.04
NA
NA
59.21
NA
60.82
57.36
63.34
63.52
63.51
61.66
62.45
61.82
63.25
59.68
58.3
61.82
NA
59.97
61.36
61.87
60.43
56.67
60.01
61.76
60.52
61.25
58.42
62.68
60.84
60.63
57.7
60.27
58.04
61.62
62.68
NA
NA
62.65
63.92
60.45
61.74
58.64
NA
NA
NA
NA
NA
NA
NA
NA
60.07
57.94
61.66
60.48
58.41
61.78
61.96
60.97
61.74
62.0
62.4
58.2
60.9
61.41
57.32
57.13
58.9
NA
62.51
60.07
59.7
57.46
62.04
61.74
62.94
62.84
61.84
61.11
58.05
62.05
61.91
62.09
60.0
59.89
58.57
60.94
57.22
59.49
NA
NA
62.4
60.05
62.08
60.88
63.18
57.68
60.88
63.18
57.78
60.89
63.19
57.69
60.82
62.92
57.72
60.86
63.26
57.76
61.84
62.69
62.15
NA
61.67
62.84
58.5
61.9
60.1
61.9
60.26
62.18
61.01
61.01
58.19
60.49
61.43
61.46
58.8
62.47
NA
NA
58.85
61.4
62.0
58.8
59.9
59.0
57.86
62.01
60.73
NA
61.21
62.54
60.76
61.77
62.77
61.3
57.95
60.88
61.37
61.56
59.36
61.06
62.19
59.77
57.04
61.98
62.98
58.55
62.27
60.06
63.45
61.54
62.49
60.63
61.89
62.38
57.27
62.49
56.65
61.5
56.03
63.46
58.19
59.18
58.04
59.87
62.57
59.6
62.5
59.75
62.65
59.77
62.6
59.77
62.6
58.3
60.19
61.46
61.4
59.93
61.93
61.51
61.92
58.93
60.35
62.34
62.19
63.24
62.07
59.86
63.82
61.87
61.55
61.65
NA
61.1
61.66
58.7
62.84
59.37
61.68
60.04
62.48
61.39
62.44
63.72
61.11
62.74
61.84
59.04
62.94
61.24
62.44
60.84
61.64
59.3
62.27
61.02
61.01
62.6
64.48
59.16
NA
57.5
62.83
58.63
61.81
59.31
55.88
61.91
57.44
62.6
58.6
62.04
59.39
55.57
61.84
57.77
63.01
57.42
62.37
56.94
55.56
61.81
60.95
58.74
58.81
58.57
58.71
58.73
60.26
62.46
61.38
61.79
57.16
57.16
NA
NA
57.22
61.0
61.13
61.35
61.22
NA
NA
NA
NA
61.7
NA
NA
NA
59.23
63.35
62.15
59.66
61.15
59.58
60.64
60.53
NA
58.35
62.67
61.31
57.72
61.66
61.07
NA
61.58
61.35
60.22
62.4
61.26
59.12
61.22
58.17
61.82
NA
58.4
62.0
61.92
62.03
62.42
61.06
NA
61.89
58.14
57.07
57.91
59.69
61.01
61.25
61.35
61.17
59.15
62.81
61.52
61.82
61.91
63.69
59.87
NA
61.57
58.17
62.02
60.12
61.11
NA
NA
57.83
62.02
60.61
63.25
62.09
62.57
62.17
59.0
61.8
61.1
60.1
56.41
62.26
61.78
61.78
61.5
63.67
60.61
60.89
58.59
61.39
58.19
63.46
60.49
61.51
60.43
NA
NA
NA
NA
NA
NA
NA
NA
NA
NA
64.2
56.41
61.0
61.9
61.73
63.69
60.72
58.53
62.73
60.43
59.53
61.13
57.54
62.54
61.34
63.05
63.05
60.55
59.95
58.75
59.88
58.16
61.15
62.25
60.33
61.08
58.18
62.28
62.05
62.55
62.06
62.34
57.18
63.2
60.2
61.61
54.94
54.94
NA
60.03
61.58
61.98
60.38
57.42
62.12
59.11
61.86
61.88
61.45
54.98
60.14
58.91
60.64
62.34
59.16
61.77
60.27
61.77
58.83
58.3
61.46
60.98
61.0
61.86
63.87
57.36
61.36
57.64
61.08
60.91
62.31
62.33
61.49
63.35
62.19
59.26
62.21
63.65
61.53
NA
58.85
58.19
62.64
62.44
57.55
59.9
57.52
59.87
63.37
58.27
60.47
63.35
60.95
61.92
60.89
61.25
NA
60.56
58.35
61.11
60.57
61.65
58.57
61.15
62.05
61.85
63.81
58.39
61.69
57.67
64.04
57.98
58.44
61.36
59.25
63.3
60.66
62.89
61.49
60.49
62.27
63.16
64.83
55.23
57.88
60.0
59.67
61.01
61.64
61.39
60.67
62.05
61.15
57.55
62.75
63.25
61.95
59.35
62.15
60.65
62.65
61.42
61.06
61.17
62.77
61.42
62.22
61.62
61.54
63.52
58.25
62.38
59.36
60.69
62.39
62.9
61.7
61.82
63.21
63.31
NA
NA
60.12
64.02
61.25
61.58
58.51
62.72
59.62
61.73
59.88
62.57
61.27
62.45
63.53
61.06
NA
60.67
62.97
62.55
59.4
57.92
59.01
59.81
60.11
58.41
57.71
63.11
59.91
60.61
60.34
62.92
60.95
61.09
61.79
57.55
61.04
60.34
62.27
58.03
61.48
61.12
NA
59.17
59.42
60.88
60.43
NA
62.38
62.38
60.18
62.27
62.38
61.87
55.8
NA
63.45
61.95
61.55
NA
60.65
61.48
61.7
63.99
NA
63.01
59.61
62.33
62.06
58.21
61.61
62.65
61.71
61.39
54.21
NA
61.91
58.16
61.28
61.86
64.32
61.97
59.06
61.41
62.61
62.51
56.4
61.74
60.14
60.64
64.34
56.74
59.64
62.94
63.3
60.47
62.94
60.81
NA
62.73
58.69
60.42
60.12
62.87
62.96
62.61
59.2
59.63
NA
58.45
NA
60.13
NA
61.7
60.44
59.14
62.54
61.77
61.17
59.14
62.17
60.27
62.45
59.63
62.43
58.19
62.29
58.86
58.18
58.78
63.06
60.59
55.76
56.12
56.12
61.32
57.22
60.82
56.24
60.15
59.75
61.74
60.54
61.16
61.79
56.59
60.77
NA
60.87
60.33
61.2
60.86
60.68
58.29
61.5
61.75
58.44
60.44
61.29
61.3
61.45
54.18
NA
NA
NA
NA
NA
NA
60.37
62.16
62.17
63.36
60.61
62.02
58.81
61.24
62.1
57.27
60.9
61.63
60.63
58.28
61.54
60.83
NA
59.12
59.79
62.39
60.99
60.89
62.09
58.56
60.24
59.62
58.86
61.64
NA
59.46
62.75
63.53
55.28
60.93
61.18
64.02
61.42
59.2
61.25
62.17
53.01
62.05
58.64
61.4
61.8
63.3
61.26
60.16
60.96
62.86
NA
62.33
61.63
61.86
63.27
62.27
59.68
62.61
61.45
63.24
63.35
55.08
63.24
61.96
61.46
58.34
58.39
63.05
61.03
62.53
62.98
64.56
62.12
61.8
NA
62.14
60.54
58.02
60.52
58.72
63.02
61.61
63.61
58.11
62.51
59.61
60.71
62.41
63.11
61.81
61.81
61.59
63.59
61.89
62.39
59.49
60.49
62.49
62.99
61.69
60.99
57.95
61.8
61.8
62.08
60.42
58.36
61.56
60.86
58.23
58.27
NA
59.66
60.64
63.31
60.4
61.71
59.25
61.76
58.8
63.3
59.7
63.36
54.92
62.85
61.24
61.77
61.0
62.38
56.44
61.82
61.06
58.11
61.58
64.84
59.86
62.4
62.97
62.82
58.92
62.72
57.12
59.84
58.78
NA
61.21
61.67
NA
NA
61.09
60.01
60.31
NA
61.09
62.09
61.74
63.64
61.5
62.08
59.71
59.84
60.98
60.22
61.05
61.34
59.74
51.34
61.02
63.48
57.78
61.77
59.41
60.81
59.45
62.9
59.71
61.06
63.71
61.57
58.82
60.82
62.86
62.82
60.27
59.6
59.08
NA
61.72
59.68
60.29
61.1
61.85
59.75
61.25
59.35
62.45
60.38
59.32
60.67
59.6
62.1
62.17
61.61
60.11
63.85
57.47
61.88
59.51
62.57
61.33
62.55
59.64
61.87
59.78
NA
61.6
57.97
62.23
59.73
61.25
61.56
NA
61.26
61.56
61.56
59.86
62.45
60.05
58.55
61.35
60.98
59.3
62.18
63.19
61.97
62.93
62.58
63.12
59.54
63.14
60.61
56.36
59.57
59.24
61.32
60.76
58.74
59.12
58.6
55.92
61.0
58.15
58.03
60.63
61.27
62.93
61.56
61.71
61.47
60.98
56.75
63.63
61.91
61.55
60.19
62.87
62.64
58.97
64.16
60.84
61.09
58.79
60.29
61.76
61.06
62.16
61.56
61.26
64.06
59.25
63.45
60.75
62.75
60.69
59.82
59.34
61.94
59.14
63.54
61.14
62.04
59.84
61.44
61.3
61.16
62.29
62.17
61.69
61.66
NA
62.47
62.15
59.81
56.01
55.31
59.71
62.9
61.16
62.41
58.17
62.27
58.59
61.1
NA
NA
61.74
61.85
60.39
61.68
58.65
62.05
61.63
62.74
60.74
57.58
62.74
60.84
61.64
58.67
62.07
60.31
61.19
60.19
58.79
61.51
60.44
57.77
62.97
61.98
62.04
59.31
61.4
61.91
65.48
61.62
59.36
60.46
62.15
59.53
60.65
61.25
61.46
62.66
57.9
56.74
58.62
63.28
63.37
61.26
60.86
63.97
58.35
61.15
61.33
56.05
60.86
60.98
56.75
63.63
61.91
61.55
60.19
59.03
62.21
61.62
61.27
60.06
60.53
60.53
61.25
60.82
60.58
60.74
58.1
57.51
61.09
58.84
59.35
61.01
60.94
61.21
63.45
59.63
62.75
58.84
62.3
61.94
60.88
60.68
57.68
NA
62.58
NA
62.28
NA
61.31
60.57
61.61
60.44
60.61
61.86
60.64
61.68
57.49
61.28
59.86
63.04
61.74
61.39
60.92
61.22
62.64
60.74
60.98
60.91
62.69
NA
60.85
58.34
63.36
62.07
61.09
60.78
58.61
62.01
60.98
60.87
58.5
60.9
61.0
NA
63.0
62.2
62.5
61.1
61.0
58.7
62.2
57.0
59.27
60.42
60.41
61.01
62.11
59.11
61.34
60.04
60.03
64.96
62.94
61.88
69.61
59.79
61.49
60.53
61.18
61.21
61.24
58.03
57.63
59.81
59.41
61.35
61.95
60.35
61.9
56.59
62.69
63.23
60.55
60.02
60.55
60.65
61.55
63.26
61.03
61.94
56.79
57.62
59.19
58.68
61.83
59.73
60.2
60.8
60.56
57.3
57.63
57.27
61.98
59.92
60.03
60.75
61.42
62.8
60.68
58.34
61.54
62.88
58.58
61.48
60.66
61.46
59.81
61.81
60.41
62.81
60.68
63.05
56.56
62.25
63.48
62.78
62.82
61.12
61.05
61.92
56.15
NA
62.44
60.56
61.89
62.1
60.66
60.92
58.7
60.88
60.2
58.08
58.51
57.2
60.1
64.86
60.87
59.38
63.36
59.79
59.97
60.77
57.78
60.82
60.42
61.76
NA
61.68
62.44
60.14
60.51
61.31
59.31
62.35
61.55
59.18
62.56
62.54
62.51
60.21
59.39
61.02
60.34
61.34
62.9
58.5
62.7
62.4
59.7
64.18
58.68
60.69
58.68
58.24
63.24
57.34
NA
NA
62.4
58.31
61.81
59.48
61.81
58.81
61.21
60.66
61.41
62.47
63.11
62.18
61.85
NA
61.99
61.65
61.57
61.91
NA
61.67
61.17
60.67
62.67
61.62
60.74
61.74
61.44
60.09
57.91
62.58
63.19
61.59
61.52
61.37
61.37
NA
62.27
60.79
62.02
58.46
61.09
64.4
61.0
60.15
61.0
61.32
61.15
60.42
61.65
62.38
58.42
61.93
61.8
57.78
NA
62.52
NA
60.51
63.38
60.65
60.41
62.33
61.36
59.57
60.02
61.4
61.49
59.79
62.42
62.06
57.9
61.86
59.46
61.66
61.26
62.66
63.16
62.17
59.38
61.26
60.16
58.75
62.2
61.93
60.66
59.86
60.86
62.02
NA
58.38
61.57
62.91
59.41
60.05
57.26
NA
54.4
56.43
61.73
61.23
NA
NA
NA
58.94
60.74
62.44
61.71
60.24
61.01
62.67
58.85
62.24
62.34
63.5
61.35
61.59
62.13
60.27
61.62
61.32
54.89
61.4
55.84
62.43
61.13
62.83
61.53
60.93
61.09
59.8
60.6
61.9
61.73
61.34
61.97
62.34
NA
61.52
63.15
59.55
60.95
61.45
NA
61.63
61.56
62.15
60.54
62.64
61.68
57.83
61.36
61.09
61.76
61.3
61.61
61.31
61.51
62.47
59.89
59.18
60.85
60.7
57.38
61.84
NA
62.44
55.14
61.52
59.79
58.23
NA
62.18
61.8
61.86
NA
60.31
63.77
61.42
60.95
61.01
61.15
58.27
61.54
61.14
61.78
61.06
61.23
64.57
61.53
58.39
59.24
62.05
61.23
64.55
61.48
60.09
58.24
59.01
61.92
NA
NA
64.24
NA
61.98
63.46
57.67
NA
63.07
62.51
58.66
62.45
62.38
61.56
61.39
60.71
61.32
59.92
62.52
57.32
60.32
NA
NA
NA
59.82
62.53
60.62
NA
NA
NA
NA
62.17
NA
60.37
NA
NA
NA
NA
60.87
57.36
61.89
61.49
61.69
63.5
61.43
61.42
58.33
62.03
59.51
61.36
62.01
60.81
62.16
62.93
61.62
60.64
61.18
61.19
61.15
62.28
63.5
61.65
60.58
60.61
60.55
60.94
56.54
62.05
60.59
61.77
62.54
60.8
62.45
62.8
61.39
60.96
63.75
61.52
NA
NA
61.49
62.74
62.74
60.26
59.33
59.37
62.04
59.39
63.66
61.29
62.17
59.99
61.63
62.05
61.61
58.88
63.74
61.17
57.92
62.47
60.8
61.46
NA
NA
62.13
62.63
58.76
58.96
60.7
57.28
61.54
62.47
63.5
63.4
NA
56.59
61.22
63.6
61.21
61.9
60.27
62.69
60.12
59.41
59.41
58.23
61.37
60.69
60.82
60.23
60.91
58.38
61.38
60.68
61.08
61.78
62.67
61.72
60.78
60.21
58.75
60.1
61.4
61.7
61.2
60.89
57.76
59.81
59.11
57.31
59.41
61.21
62.31
60.41
63.11
58.71
62.09
62.78
61.81
62.04
58.92
60.57
60.79
57.21
NA
61.33
61.05
60.75
56.73
58.75
58.98
62.6
62.74
63.3
61.49
59.89
62.0
59.43
62.34
59.77
63.12
62.18
63.46
59.49
62.68
58.99
61.1
60.04
59.83
57.97
62.69
59.91
61.61
61.65
61.33
61.09
61.86
62.21
60.54
61.16
59.33
60.19
62.95
57.95
62.21
60.42
61.64
60.5
57.37
60.07
57.45
60.76
60.15
61.74
54.94
61.44
60.84
58.21
60.31
62.51
58.56
62.26
61.56
63.71
58.47
62.33
59.32
60.66
62.35
63.02
61.7
61.83
61.36
62.09
57.44
62.29
61.54
61.55
61.74
61.62
61.63
62.12
59.26
58.86
61.98
58.99
57.46
56.26
58.93
NA
NA
61.12
61.99
59.7
58.95
61.61
60.69
59.79
60.84
62.0
61.14
61.74
61.3
55.43
60.9
61.85
60.94
60.5
60.98
59.45
61.5
62.37
53.2
62.34
NA
61.33
62.91
60.44
62.44
60.59
61.62
63.22
NA
60.58
58.68
57.88
59.18
60.78
62.09
57.44
62.29
61.54
61.83
56.86
61.38
61.3
61.36
62.39
61.64
60.74
56.35
61.8
58.14
61.68
61.95
60.43
59.86
61.38
56.5
57.21
62.42
63.37
61.31
59.72
60.9
62.31
58.29
61.4
59.9
61.14
NA
62.55
59.52
NA
NA
59.35
61.85
62.03
NA
58.75
60.94
60.18
62.47
58.8
59.77
59.55
59.63
61.75
63.83
NA
61.87
62.24
61.01
58.53
59.11
57.59
60.11
61.42
59.8
61.03
61.65
60.34
59.61
64.45
64.5
56.46
57.18
62.38
61.53
60.65
60.97
64.18
61.01
NA
60.22
NA
62.2
57.89
61.99
60.3
60.9
60.3
62.78
60.84
57.33
61.07
60.63
61.21
62.68
61.28
61.78
63.56
60.72
61.66
63.32
60.33
60.7
60.94
60.84
62.11
57.69
NA
NA
56.96
61.41
56.94
62.55
59.05
62.57
60.92
60.83
62.27
61.87
57.31
60.74
58.57
61.46
64.3
59.84
58.25
63.39
57.38
60.82
58.53
61.5
64.25
59.83
58.34
63.35
62.94
61.93
60.34
63.06
57.83
62.03
61.72
60.71
63.41
61.75
61.18
61.38
61.68
62.25
61.95
62.21
61.91
60.7
61.57
61.79
61.48
61.37
61.68
58.38
62.12
59.8
62.59
59.83
61.36
62.28
61.3
57.95
60.88
61.49
60.54
60.69
61.77
62.69
61.85
57.3
63.55
60.63
62.85
60.18
57.6
61.47
58.31
57.46
63.62
60.66
62.93
60.2
57.68
61.54
58.4
60.89
62.01
60.47
60.89
58.42
NA
56.72
60.51
61.19
NA
NA
62.73
60.87
61.86
58.26
62.49
60.82
NA
NA
62.38
60.7
61.77
57.39
61.17
60.79
NA
NA
62.56
60.69
61.8