NA
NA
NA
62.3
NA
NA
NA
NA
NA
NA
NA
NA
NA
NA
NA
NA
NA
NA
NA
NA
NA
NA
NA
NA
NA
NA
NA
58.3
NA
NA
NA
NA
NA
NA
NA
NA
NA
NA
NA
NA
NA
NA
58.69
55.02
NA
56.37
56.31
56.33
56.01
NA
NA
NA
NA
NA
NA
NA
NA
NA
NA
NA
NA
59.97
59.49
55.78
57.44
57.83
62.1
59.32
60.29
63.27
61.56
55.31
57.41
57.48
57.84
57.7
57.7
57.7
57.6
57.7
NA
57.6
58.86
57.53
56.64
NA
NA
57.82
57.63
54.64
57.88
57.46
NA
62.73
62.6
58.57
56.74
61.52
NA
55.78
57.26
NA
57.87
57.97
NA
NA
NA
58.36
NA
NA
57.52
57.21
NA
57.56
47.07
54.83
57.37
57.76
58.04
55.49
55.89
56.84
NA
55.69
58.73
57.52
NA
57.54
57.89
57.31
57.56
57.84
NA
NA
NA
NA
57.31
55.9
58.68
56.36
56.65
NA
57.43
NA
NA
NA
NA
NA
NA
NA
NA
NA
57.61
57.13
57.3
57.45
NA
NA
57.59
55.41
62.78
62.18
56.48
56.38
61.98
62.28
56.48
56.38
NA