45.13
42.17
44.55
46.53
47.03
45.38
45.82
43.71
45.65
45.71
45.08
44.47
44.72
45.17
46.81
43.72
46.05
44.18
44.93
47.78
46.88
45.22
46.04
45.81
43.66
44.89
49.88
42.82
NA
46.04
44.91
43.96
44.36
44.8
45.08
45.58
45.58
45.62
45.53
45.51
45.87
47.57
45.82
43.96
45.25
43.9
45.27
46.3
44.82
44.81
45.05
45.9
44.19
43.95
45.9
44.56
NA
44.9
44.77
45.19
44.45
NA
44.83
44.24
43.33
45.72
46.29
45.52
44.81
43.35
43.14
44.59
45.98
45.47
46.48
45.36
44.8
45.19
45.27
48.07
45.73
44.45
44.85
45.18
46.46
NA
45.61
45.37
45.13
46.2
NA
44.25
45.37
47.09
45.17
43.59
44.94
45.53
44.88
44.24
44.81
43.59
45.57
44.46
43.18
45.96
NA
46.93
46.07
45.72
46.3
43.62
45.79
43.42
44.44
45.27
43.85
45.2
44.97
43.54
45.73
45.44
46.84
43.47
45.28
46.87
43.6
45.33
46.57
45.64
46.84
43.64
45.29
46.39
45.63
45.32
45.93
45.43
45.71
45.57
45.97
44.56
45.42
44.85
45.34
44.73
45.86
45.04
44.91
45.59
45.58
43.79
44.6
45.55
44.93
43.76
45.18
43.85
45.36
43.5
42.62
44.37
44.42
43.97
44.43
44.42
43.77
43.54
46.16
43.74
44.34
46.02
46.16
45.37
45.18
44.88
45.74
45.2
45.2
46.66
45.92
44.73
46.51
45.96
45.53
44.62
45.36
45.93
45.02
45.31
45.71
45.47
44.44
44.96
45.68
45.18
45.41
44.94
45.04
44.49
45.16
44.37
43.76
44.46
44.62
43.59
44.57
44.26
44.33
45.17
45.29
44.08
45.22
45.04
43.73
44.65
45.2
44.93
45.26
44.23
45.31
45.72
45.21
43.78
44.61
45.39
45.28
44.75
44.75
46.85
NA
NA
45.67
45.69
44.04
45.83
NA
44.46
43.91
45.46
44.28
44.54
44.07
45.46
44.89
45.39
43.75
43.39
45.16
43.35
45.01
43.46
45.15
43.6
45.09
43.4
45.16
NA
46.76
44.96
45.51
43.79
45.81
NA
46.41
45.21
45.91
43.81
44.41
45.31
NA
46.21
43.81
44.01
45.61
NA
44.01
45.65
43.12
45.84
42.76
45.93
NA
45.15
44.67
47.68
45.53
NA
NA
NA
NA
NA
NA
NA
46.16
46.68
46.61
46.48
44.42
46.21
44.78
43.97
44.23
44.57
46.12
NA
46.45
46.04
46.87
44.38
44.55
45.35
45.05
45.68
46.19
45.42
43.94
46.47
46.55
44.69
43.43
51.67
45.14
42.94
44.61
NA
44.53
47.15
45.27
46.84
45.71
45.39
45.21
45.12
46.03
45.53
44.16
44.46
43.95
45.57
45.37
45.07
46.4
45.79
43.08
44.93
44.53
44.71
44.87
45.3
44.3
45.18
44.68
44.48
43.88
45.18
44.78
44.58
43.88
45.09
44.79
44.59
43.89
44.92
44.72
44.72
43.82
44.86
44.86
45.16
43.66
45.56
46.1
45.63
NA
45.81
46.06
46.11
45.32
43.58
44.49
45.19
44.4
45.07
44.99
45.51
45.24
45.0
43.42
45.23
44.49
44.04
43.85
45.63
45.91
44.17
44.03
45.15
45.65
45.58
44.2
43.71
45.94
44.19
45.6
44.79
45.76
47.81
44.74
45.48
44.2
45.62
46.19
45.47
47.09
44.71
45.74
46.64
51.72
45.85
45.09
47.72
44.98
44.82
45.3
47.13
44.83
44.32
44.57
NA
45.09
47.09
43.44
44.1
44.69
46.96
45.72
44.91
44.71
45.5
44.47
44.16
44.97
47.79
43.33
47.83
46.48
44.1
47.36
46.74
44.92
43.75
NA
NA
47.57
46.13
49.79
NA
NA
NA
45.64
43.59
NA
NA
44.9
NA
NA
44.5
44.19
45.59
45.59
46.39
45.19
43.99
45.01
NA
NA
NA
NA
NA
NA
NA
44.81
45.45
44.41
43.99
44.95
47.75
43.33
47.8
46.96
45.87
47.77
44.44
45.33
45.37
45.37
46.75
42.17
43.98
NA
42.72
NA
43.11
44.3
45.71
46.37
44.03
46.18
45.06
44.44
46.26
43.34
43.62
44.12
43.32
44.27
44.87
47.1
NA
44.48
44.44
44.77
44.54
NA
43.69
44.85
45.37
44.97
45.97
46.67
45.57
NA
NA
NA
45.43
46.73
43.93
46.73
46.33
46.04
45.2
46.3
45.7
44.7
45.3
46.3
45.77
46.27
44.17
45.63
44.19
45.67
45.46
44.56
45.88
44.88
44.88
45.45
45.15
46.05
46.05
46.35
45.34
44.39
45.57
46.17
43.6
45.3
NA
45.4
51.2
44.31
46.71
44.74
44.44
46.34
45.94
45.64
45.48
43.62
44.4
44.2
43.88
44.84
45.6
44.57
45.88
45.88
45.4
44.7
45.83
46.13
44.48
43.38
45.58
45.56
44.22
45.55
44.26
45.62
44.09
44.79
45.72
44.91
44.51
42.78
44.91
44.84
45.24
44.14
45.87
45.17
43.97
NA
45.1
48.85
44.99
44.16
44.66
45.36
46.14
44.56
43.53
47.96
46.41
45.41
45.21
45.43
44.53
46.19
45.29
43.49
44.75
44.47
44.44
45.04
44.44
46.5
44.45
43.65
45.35
43.35
46.25
43.35
46.02
47.67
45.4
44.84
44.86
45.8
45.27
44.37
44.32
46.32
44.52
46.72
43.72
43.82
45.82
44.16
43.76
47.22
45.45
46.48
42.44
43.05
44.91
42.99
44.69
44.75
45.95
45.89
44.45
46.67
44.03
45.82
43.78
44.86
45.64
43.49
44.88
45.42
44.95
44.55
45.54
46.27
45.67
46.14
45.69
44.84
42.48
44.88
44.95
44.33
42.62
45.02
44.62
45.52
44.79
44.71
45.13
43.0
43.87
43.88
47.56
46.23
44.54
44.04
45.15
44.36
45.48
44.47
49.06
43.85
43.98
44.75
43.96
NA
45.1
44.17
45.57
45.84
43.45
44.64
46.23
45.2
44.82
45.05
43.83
43.66
44.41
45.98
46.09
46.78
46.32
45.06
44.68
45.13
43.93
44.52
46.41
46.45
45.75
47.45
45.95
47.05
46.35
45.55
45.05
46.05
44.85
43.35
45.45
44.45
44.75
NA
NA
47.57
45.86
46.96
46.31
45.44
45.05
46.11
44.55
43.3
45.33
43.6
44.79
46.64
44.37
46.83
46.12
43.93
45.86
46.22
46.86
42.86
47.48
43.94
47.25
45.21
44.71
45.16
43.91
45.48
45.18
46.08
45.28
49.2
45.72
44.52
45.06
44.19
45.15
43.75
44.91
44.18
44.98
44.18
45.98
48.08
43.98
46.68
48.08
45.3
44.93
44.15
45.91
44.89
44.11
45.88
44.2
44.53
45.52
47.03
44.26
NA
46.97
44.19
42.63
44.13
45.33
45.11
47.75
45.33
47.86
46.37
44.2
43.66
43.36
42.06
45.36
43.86
45.96
44.36
43.54
43.59
45.65
46.1
46.32
44.5
44.16
45.4
46.08
44.54
45.01
46.84
46.5
44.88
46.84
45.64
44.85
46.25
44.35
46.65
45.05
43.55
44.95
46.35
44.55
47.15
43.75
44.85
44.95
46.55
45.65
45.05
45.65
46.75
42.81
44.83
42.3
46.35
44.93
45.38
47.56
45.11
45.39
46.27
45.3
43.25
45.2
45.2
44.93
45.88
44.01
45.18
45.41
44.71
45.24
43.58
46.62
45.42
45.41
46.61
42.51
43.11
45.11
42.91
46.29
46.29
42.29
43.19
44.89
42.99
43.89
44.91
46.38
44.06
46.49
48.32
45.04
46.25
NA
46.35
44.4
43.31
45.21
44.16
45.06
46.86
44.36
44.82
44.57
45.08
NA
47.7
NA
45.09
43.17
46.22
44.69
45.79
45.34
43.6
46.31
43.34
46.06
45.35
44.77
44.12
44.92
44.67
45.39
44.99
44.53
45.48
44.4
46.02
45.13
47.13
45.31
44.94
44.75
44.11
44.46
43.88
44.14
43.75
46.15
NA
45.22
44.42
45.12
44.02
47.34
45.23
44.86
45.37
44.74
45.66
45.38
45.21
45.15
43.45
45.52
45.2
44.63
45.41
44.66
46.44
43.99
44.61
47.05
44.71
46.18
45.38
43.88
43.14
44.0
44.6
46.2
43.76
44.32
46.15
45.67
46.37
46.99
45.5
44.7
45.19
44.97
43.91
43.72
43.24
44.83
46.49
NA
45.52
43.6
44.77
44.9
44.28
44.31
44.23
46.05
44.8
46.21
46.35
43.5
45.46
45.76
44.56
45.0
43.89
NA
45.47
47.92
45.35
47.79
45.13
43.75
44.45
46.61
43.71
43.93
44.66
44.66
45.11
43.91
45.61
45.93
45.55
44.65
45.81
44.68
45.74
44.65
44.46
43.77
45.33
NA
NA
NA
NA
44.75
42.45
46.65
46.35
47.05
45.09
45.26
43.82
42.37
43.8
43.34
46.73
44.97
42.67
46.67
46.37
47.07
45.71
44.29
44.59
45.73
45.37
44.04
43.65
44.12
47.14
45.71
43.72
43.56
47.16
45.24
43.85
43.97
43.29
46.34
41.9
46.35
44.05
45.87
46.45
44.71
44.87
44.44
45.15
44.35
44.76
46.53
44.88
45.38
46.28
44.38
44.72
43.78
45.38
NA
NA
NA
NA
NA
NA
45.6
45.6
45.64
47.12
45.89
44.31
45.54
44.49
44.68
NA
44.71
44.02
46.07
45.27
48.07
NA
44.87
45.36
45.78
45.2
NA
44.02
44.73
45.04
42.51
44.81
44.75
47.46
44.53
43.2
43.92
44.63
45.58
45.03
44.5
46.39
45.83
43.78
44.88
43.81
44.21
44.71
45.12
47.0
45.1
44.4
44.71
45.09
44.75
44.51
46.01
46.32
45.62
44.62
43.51
45.37
46.15
44.75
43.73
45.62
44.28
44.04
NA
NA
NA
NA
45.06
45.61
43.71
45.58
43.48
46.55
44.55
45.05
44.95
45.27
45.4
44.16
46.44
43.57
42.3
45.33
NA
45.65
42.99
43.43
45.42
46.22
45.82
43.33
46.45
43.89
45.19
45.19
45.09
46.99
45.31
45.19
46.19
44.89
45.29
44.23
47.81
47.2
NA
44.25
48.09
47.29
NA
44.51
44.91
44.72
45.44
42.83
45.71
44.42
45.45
45.28
48.96
44.2
46.49
45.95
46.36
47.9
44.57
44.21
45.4
43.91
46.19
45.33
46.52
46.7
46.85
45.85
43.75
NA
45.77
45.8
44.7
43.7
46.1
44.6
44.1
46.6
46.3
43.28
43.68
44.78
44.44
44.14
43.92
44.82
44.12
44.29
45.51
44.39
43.19
43.06
44.57
44.71
46.21
45.83
45.73
45.89
45.65
45.88
43.99
44.79
44.63
45.6
45.74
45.24
42.69
43.34
44.7
45.56
44.56
42.36
45.09
43.59
43.78
46.28
44.28
44.76
46.41
44.29
44.79
43.89
46.18
45.15
46.92
46.1
46.5
44.3
45.16
46.26
46.82
44.82
46.52
45.93
46.0
45.14
46.03
44.68
43.9
44.85
44.95
46.21
45.01
48.11
41.71
44.91
43.86
47.1
44.7
44.04
45.17
44.33
44.09
45.79
43.71
44.14
NA
45.46
45.29
43.72
45.82
45.22
45.52
49.12
45.5
46.61
45.23
44.32
44.21
43.56
44.95
44.32
45.72
45.11
44.98
45.63
45.26
NA
44.24
44.77
44.71
45.12
44.08
44.7
44.66
46.4
44.34
45.12
43.62
44.85
44.94
46.93
45.06
44.29
44.16
45.35
44.99
46.44
44.97
45.56
45.91
44.24
48.14
46.44
45.04
44.54
44.84
45.37
45.56
45.22
45.52
44.42
44.13
43.5
44.44
45.57
45.46
44.56
44.9
45.26
45.56
45.56
44.92
46.27
44.47
46.89
45.33
45.23
45.31
45.46
44.63
45.01
46.81
45.6
45.04
46.23
43.73
NA
45.21
46.39
NA
44.65
44.38
45.57
43.44
44.58
44.65
45.7
46.27
45.81
46.04
44.28
45.83
42.87
44.95
45.16
46.48
44.5
45.18
44.91
43.4
NA
43.7
46.9
43.7
46.6
44.0
47.8
43.4
44.57
43.94
43.86
46.27
45.69
43.96
43.91
46.37
45.54
45.56
43.88
44.43
47.09
44.18
46.82
46.82
43.43
45.63
NA
44.8
45.88
45.32
45.22
46.19
NA
45.07
46.69
44.69
43.91
45.4
46.13
44.81
44.28
44.69
45.15
43.98
45.81
44.98
46.49
44.34
45.18
45.02
45.42
44.79
44.99
43.8
45.55
44.43
45.28
46.14
44.64
43.84
45.65
44.54
45.57
44.21
46.08
45.59
44.82
44.94
43.6
43.65
44.69
44.63
45.1
44.19
45.98
45.3
45.87
44.07
43.97
45.53
43.66
44.1
45.43
45.41
45.19
45.51
45.67
45.07
44.76
45.39
45.37
43.58
45.28
45.19
44.51
46.82
NA
NA
44.05
44.05
45.67
45.82
43.95
45.09
45.4
43.95
43.9
47.19
43.92
44.71
45.31
44.75
46.72
44.77
45.59
44.63
42.44
43.75
44.58
44.49
45.61
45.16
44.76
45.02
45.87
44.73
45.73
45.18
48.09
44.78
44.06
45.78
45.03
46.28
45.29
44.8
NA
44.38
45.33
44.37
44.61
45.47
44.83
45.82
44.83
43.73
45.3
46.32
42.29
42.93
44.75
42.73
44.53
43.18
44.96
NA
46.06
45.39
45.46
44.96
43.86
46.41
45.03
47.1
44.62
46.31
NA
45.66
45.11
43.86
43.75
45.64
43.26
45.24
NA
45.55
45.64
44.42
45.64
45.71
45.33
46.5
43.8
45.1
44.94
44.95
46.27
45.0
45.25
46.4
44.04
NA
NA
44.92
44.54
43.96
45.8
42.92
47.37
43.91
45.79
43.99
NA
45.99
45.13
45.43
44.4
46.89
43.43
45.88
44.6
44.08
43.82
43.91
45.42
43.68
44.17
46.15
43.61
45.95
44.32
44.63
46.4
44.64
45.17
43.84
47.03
44.11
46.19
44.53
44.34
45.23
44.85
46.87
44.67
45.68
46.16
45.8
43.8
43.2
44.24
46.14
45.19
44.54
45.1
45.24
45.13
43.61
45.87
45.37
43.67
44.57
45.73
44.82
46.12
45.26
45.37
45.68
45.48
NA
44.43
45.25
49.06
45.7
45.02
44.18
45.27
44.5
47.03
44.7
45.87
44.66
45.68
44.67
44.97
NA
44.37
NA
45.6
44.75
46.02
44.46
45.21
46.79
45.03
44.78
44.67
45.19
45.89
44.29
48.28
44.51
43.21
44.57
44.85
46.4
44.8
46.3
44.7
45.6
45.94
46.53
45.33
46.33
44.84
46.05
43.45
43.17
47.87
43.04
44.53
43.19
45.74
44.64
44.14
43.92
43.93
45.6
NA
NA
NA
NA
NA
43.47
46.17
45.29
45.35
44.73
45.27
45.25
NA
45.1
43.42
48.61
43.62
43.75
45.28
45.08
43.71
45.12
43.49
45.08
44.19
44.52
44.14
44.17
44.03
44.85
46.41
44.14
52.13
NA