47.58
46.6
45.69
46.93
45.31
43.92
47.42
47.72
47.72
NA
47.02
NA
47.42
46.62
47.42
47.02
46.65
46.9
46.96
47.06
47.23
47.43
46.68
47.58
47.07
46.79
46.05
46.42
47.0
47.32
46.46
47.56
46.5
47.76
46.97
47.4
48.29
44.69
46.49
47.84
47.2
47.22
46.21
47.21
45.91
45.12
46.55
45.89
47.19
46.91
47.65
46.71
47.47
46.57
46.74
47.52
47.34
47.43
47.57
47.11
49.03
46.67
47.29
47.82
46.33
46.35
47.87
46.45
46.52
47.37
46.97
44.97
47.45
48.39
47.02
46.2
44.58
46.55
47.01
47.78
46.58
48.24
47.95
NA
48.16
46.45
46.46
47.1
48.98
47.58
46.3
46.74
46.71
47.26
46.89
44.76
45.66
47.19
46.25
48.25
47.64
47.24
47.38
45.35
46.56
47.15
47.07
46.67
47.16
46.87
46.54
46.58
46.73
46.84
45.74
46.73
47.05
47.98
47.51
47.32
46.91
48.06
47.65
47.7
47.44
47.22
47.09
45.35
47.54
47.1
48.03
46.84
45.94
47.47
47.14
46.97
47.75
46.21
45.34
46.77
47.28
44.72
48.03
46.79
46.8
45.9
45.34
NA
NA
NA
NA
NA
NA
NA
49.14
45.96
48.37
45.89
49.26
47.06
45.75
48.49
45.96
48.99
44.66
44.54
NA
46.23
46.74
NA
NA
NA
NA
47.02
46.25
47.63
46.87
45.55
45.7
45.62
49.0
47.12
48.51
47.01
46.2
NA
NA
NA
NA
NA
NA
45.75
46.95
46.96
46.86
47.11
47.2
47.42
46.6
47.86
47.13
46.4
47.76
44.7
46.6
45.4
46.74
45.73
46.18
46.83
45.94
47.25
47.56
47.49
45.93
48.03
45.44
48.43
47.08
47.28
48.18
47.08
47.28
48.18
47.09
47.39
48.19
47.12
47.42
48.22
47.06
47.56
48.06
48.06
48.05
46.24
45.7
46.0
NA
45.78
48.18
47.09
47.13
47.5
47.13
47.13
46.96
46.99
46.58
46.77
47.4
47.2
47.52
46.49
46.9
45.8
47.0
47.8
45.7
46.84
46.58
47.84
46.67
47.61
46.86
43.65
48.24
44.88
48.18
47.02
45.5
47.52
47.93
47.3
47.23
47.25
47.16
47.16
47.64
46.74
46.85
46.13
46.1
46.13
46.16
46.08
46.02
46.16
45.92
46.02
46.1
46.08
46.0
47.24
47.32
46.67
46.38
46.97
47.42
47.16
47.05
47.5
46.49
46.65
46.22
48.07
46.48
48.13
NA
47.05
46.24
48.44
46.95
49.07
46.8
48.53
46.7
47.43
44.1
NA
47.94
46.27
49.72
43.73
47.19
47.27
47.72
45.53
47.44
NA
47.4
46.6
44.92
47.95
46.27
49.78
43.67
47.25
47.27
NA
45.51
47.39
NA
NA
46.61
47.94
47.37
49.78
43.97
47.37
46.59
NA
NA
NA
NA
NA
46.06
48.02
46.56
46.27
46.48
46.1
46.21
46.61
46.34
46.51
46.16
46.54
46.95
48.18
46.6
46.61
45.09
47.95
47.36
47.18
47.18
47.47
47.3
46.98
47.55
46.98
47.55
47.01
47.58
47.01
47.62
46.9
47.73
47.01
47.54
NA
NA
47.89
48.08
NA
NA
46.87
46.27
NA
46.75
47.42
46.67
46.68
46.42
46.43
46.96
46.39
46.32
46.13
45.96
45.95
46.01
45.94
45.71
45.71
45.92
45.67
45.79
45.87
45.91
45.81
47.51
47.1
47.61
46.9
47.59
46.87
47.15
47.24
47.67
NA
47.85
47.21
47.73
47.99
46.59
46.79
44.16
47.18
47.22
46.8
47.2
47.44
47.41
NA
47.44
NA
47.23
46.59
NA
48.13
NA
47.92
47.12
48.2
47.55
45.67
NA
46.63
47.13
47.66
47.49
48.32
48.9
48.55
45.12
47.26
45.53
45.6
46.0
48.58
48.38
47.97
47.47
47.44
47.14
47.89
46.59
47.71
NA
NA
NA
46.57
47.17
46.77
46.63
48.54
46.74
46.84
47.24
48.54
47.0
46.73
47.0
46.91
48.07
47.2
48.01
46.58
46.8
47.06
46.5
46.7
46.72
45.43
47.43
46.93
47.33
47.28
48.3
47.13
47.21
46.91
47.61
46.81
46.44
47.44
47.84
46.68
47.46
44.09
47.95
46.27
47.87
47.87
46.33
45.55
44.65
45.37
47.11
45.41
48.12
46.5
47.34
47.44
45.83
47.47
45.8
47.44
46.34
48.64
47.47
47.37
47.17
45.7
46.45
47.85
48.35
46.75
46.87
47.07
45.87
45.57
45.87
46.07
46.07
46.57
46.27
46.87
46.07
46.07
46.85
47.85
46.65
47.08
46.4
NA
46.86
47.19
47.21
50.02
47.52
44.81
47.64
47.49
44.89
46.79
44.48
45.34
45.7
47.57
47.34
46.72
46.14
47.45
46.85
49.35
46.45
46.75
46.12
45.02
46.12
47.52
45.62
45.62
NA
48.23
47.6
47.77
47.69
47.02
47.37
47.93
46.97
47.31
NA
47.07
46.79
46.5
47.65
46.89
44.98
46.51
45.51
48.51
48.03
47.59
45.69
47.89
46.19
46.39
47.65
45.64
48.12
46.77
47.17
47.54
47.53
45.6
48.07
49.75
46.75
47.0
47.2
47.83
47.51
NA
47.22
48.71
49.21
46.66
46.75
46.34
46.51
49.39
47.96
46.51
47.06
45.96
46.74
46.14
46.71
45.67
46.88
46.57
47.27
45.63
44.85
46.99
47.22
46.92
47.19
47.31
48.06
47.26
48.56
48.26
44.27
47.18
46.6
47.08
46.1
46.82
48.5
46.66
47.84
46.82
47.32
47.92
47.32
47.82
44.22
47.32
45.94
45.74
47.46
45.57
46.87
47.0
44.27
46.81
48.54
47.24
47.58
46.72
46.85
44.66
45.5
NA
NA
NA
48.5
47.41
45.89
47.11
47.11
48.1
46.7
NA
47.53
46.12
45.81
45.58
47.54
44.93
48.79
48.09
45.79
47.49
47.39
47.96
46.37
46.69
45.18
45.11
48.06
44.62
47.09
46.68
47.28
47.87
46.81
46.7
47.6
47.23
47.32
47.42
46.79
46.9
46.1
47.4
46.96
46.16
45.45
47.58
48.41
47.26
47.53
46.86
43.74
47.68
47.31
46.19
46.65
47.36
47.45
47.33
47.23
47.55
46.76
48.94
46.9
47.06
46.54
47.12
48.61
47.61
47.81
47.81
47.01
47.41
48.01
47.01
48.59
47.79
47.89
47.39
47.09
47.39
47.79
46.99
48.03
47.21
46.26
45.86
46.25
45.1
47.16
47.92
47.07
47.29
47.39
47.35
44.86
NA
48.2
47.5
47.3
46.69
47.46
47.64
47.1
NA
45.92
47.86
49.49
46.84
48.06
48.46
46.95
47.16
47.46
47.76
44.74
45.39
46.74
47.24
47.48
47.48
46.08
47.28
46.58
47.28
47.28
47.28
46.38
47.78
47.48
45.68
47.31
47.65
47.07
45.86
44.52
NA
47.71
46.91
47.41
46.81
47.31
46.61
46.91
47.31
47.11
46.74
47.24
46.55
46.73
47.94
46.14
47.35
47.53
48.29
47.03
47.6
47.62
46.02
47.12
46.37
46.63
45.3
47.19
48.43
48.4
46.05
47.09
46.32
45.05
47.55
48.6
47.56
47.15
47.46
47.12
47.92
46.77
48.17
NA
46.58
NA
46.66
45.48
45.14
47.88
47.66
47.86
47.96
47.66
47.46
47.56
46.86
47.36
47.96
47.76
47.95
47.05
47.78
47.72
47.21
47.05
46.11
46.48
NA
48.03
47.24
47.72
47.38
46.54
48.46
47.32
48.15
47.03
47.24
48.37
46.44
47.79
47.66
47.26
45.06
46.96
NA
NA
47.51
NA
47.21
48.68
48.24
47.76
NA
47.75
47.65
45.61
48.21
47.06
47.6
44.81
45.83
45.59
47.55
47.35
45.45
46.53
43.1
47.47
47.27
45.57
47.44
47.24
46.87
47.36
48.09
46.88
43.89
46.56
47.96
47.76
46.1
45.26
45.2
46.76
46.8
46.95
48.15
47.03
47.24
47.07
47.61
47.04
46.53
46.77
47.7
47.26
47.14
46.92
47.01
48.68
46.59
45.36
47.25
46.9
47.33
48.11
46.57
46.5
46.18
48.28
46.73
49.13
46.3
49.11
47.08
47.05
46.63
46.35
46.52
47.15
47.19
47.02
47.44
46.26
46.37
45.97
46.78
44.47
47.73
47.04
46.94
46.54
49.06
46.82
46.77
46.43
47.37
46.7
47.62
47.81
47.6
47.36
46.61
46.95
48.01
47.89
47.03
48.12
47.98
48.65
48.1
45.25
NA
45.41
46.32
47.53
48.01
47.05
47.95
46.88
47.51
48.76
46.15
44.85
47.25
46.74
48.41
47.85
46.41
47.79
47.09
47.1
47.32
47.5
47.01
47.16
48.04
46.06
46.46
47.16
46.55
47.14
47.75
46.22
46.93
NA
47.63
47.88
48.54
47.26
47.19
46.84
46.02
47.49
47.12
46.12
47.09
47.14
46.58
46.91
46.91
46.75
47.17
47.79
47.81
NA
44.56
46.25
47.79
47.63
47.44
47.65
46.6
48.14
46.61
NA
NA
46.05
46.05
46.05
45.46
46.79
47.09
47.19
44.6
47.61
47.51
46.68
46.5
47.22
45.97
46.82
44.76
44.57
NA
47.2
47.19
45.38
47.31
47.09
46.84
47.27
45.38
46.07
45.74
47.14
47.45
46.44
45.89
46.48
45.94
47.39
46.89
46.68
46.68
47.77
45.98
48.6
48.11
46.59
47.82
48.54
46.91
47.13
48.6
47.38
46.57
47.25
47.64
46.39
46.99
48.47
46.97
45.9
44.61
46.55
47.38
46.09
45.92
46.66
47.11
47.48
47.41
46.01
46.42
48.42
49.12
47.82
47.22
45.65
45.48
46.57
47.7
NA
47.53
47.13
47.03
45.67
NA
45.34
48.14
47.22
47.28
47.14
46.21
47.41
46.91
47.14
47.79
48.64
46.6
46.6
43.64
46.74
45.27
45.61
45.13
47.73
47.53
47.23
47.13
43.43
47.1
48.4
48.08
48.07
46.99
45.32
47.93
47.19
46.63
47.32
48.1
47.25
46.9
47.91
48.09
47.26
46.17
47.08
47.5
47.21
46.93
47.65
47.39
45.33
47.28
47.04
47.09
47.34
46.94
47.04
47.59
47.69
48.03
47.38
48.53
47.23
48.34
48.71
46.19
46.38
47.39
48.73
47.78
46.59
46.14
46.12
46.69
47.64
46.95
47.09
46.12
NA
47.62
45.82
NA
48.86
NA
47.32
NA
NA
47.87
45.87
NA
45.29
47.29
46.13
47.53
46.65
46.73
46.41
47.32
47.73
46.14
45.24
46.6
45.19
47.0
47.74
47.35
47.57
47.41
47.78
47.43
47.06
47.83
47.62
44.95
45.95
46.72
46.75
47.15
47.15
46.74
45.94
47.13
46.39
47.08
45.05
49.26
46.84
45.18
48.15
48.15
47.59
46.53
49.38
46.96
49.37
46.99
47.32
45.6
45.41
NA
NA
NA
NA
NA
NA
47.13
47.23
45.63
46.49
47.57
46.89
47.16
48.1
47.91
44.77
47.94
46.94
45.35
46.71
45.56
47.38
45.85
46.24
46.64
46.31
46.68
45.58
47.58
45.38
46.58
46.29
45.68
47.0
47.06
46.92
45.02
46.64
48.11
47.71
48.01
47.02
44.69
46.82
47.26
46.53
47.24
46.58
45.22
46.93
47.08
44.84
47.09
47.69
48.09
45.49
45.97
44.68
46.1
47.2
47.2
46.93
47.2
46.7
47.04
47.09
47.63
48.0
47.55
47.06
48.19
46.94
48.04
47.84
47.61
47.91
47.26
48.06
47.39
47.6
47.45
46.8
47.17
47.74
46.77
47.16
47.26
46.8
47.08
47.26
46.81
46.62
48.95
47.26
45.5
46.79
47.11
46.64
46.85
44.52
NA
47.09
46.48
44.79
46.7
46.81
47.15
46.96
48.13
47.1
NA
47.96
48.3
48.23
48.13
46.43
47.2
47.09
47.24
46.17
NA
NA
47.08
47.23
46.65
44.64
47.61
46.03
48.29
48.7
47.02
46.39
46.18
46.02
46.04
46.47
48.57
46.87
46.36
46.85
46.67
45.09
45.89
45.88
45.88
46.4
45.34
45.47
45.64
47.88
47.06
48.19
47.9
48.3
48.05
48.18
46.96
45.55
47.22
46.55
47.7
47.37
47.58
47.2
47.32
47.59
47.31
47.48
47.1
47.52
46.65
NA
NA
NA
46.45
45.2
45.76
47.3
46.83
46.91
46.52
46.83
48.28
48.28
46.82
NA
47.93
46.86
45.9
47.1
45.33
45.8
47.2
46.84
47.1
46.68
48.34
44.9
46.73
NA
NA
46.85
47.07
47.57
47.81
47.39
46.38
47.58
46.9
47.45
48.65
46.65
47.06
46.17
46.08
47.31
46.94
45.49
48.13
47.32
47.12
46.73
48.49
47.71
46.72
48.49
47.7
46.87
46.96
47.78
47.58
48.69
46.67
47.56
48.64
46.83
47.52
47.29
47.11
47.06
47.58
47.38
47.68
46.86
43.65
46.34
46.75
47.4
45.76
49.54
44.84
49.55
44.82
47.36
46.95
46.97
50.02
49.22
50.18