NA
NA
NA
NA
NA
NA
NA
NA
NA
NA
NA
NA
NA
NA
46.68
45.51
45.7
NA
NA
NA
NA
NA
NA
NA
NA
45.25
45.25
NA
NA
NA
NA
NA
45.27
45.19
45.54
NA
NA
NA
NA
NA
NA
NA
NA
NA
45.02
NA
NA
44.99
45.42
NA
NA
NA
NA
NA
NA
NA
NA
NA
NA
NA
44.35
45.58
NA
NA
45.2
45.15
NA
NA
NA
NA
NA
NA
NA
NA
NA
NA
NA
NA
NA
NA
44.84
44.95
45.06
NA
NA
NA
NA
NA
NA
NA
NA
NA
NA
NA
44.84
44.86
44.75
44.81
44.83
45.04
45.06
45.06
43.18
45.28
43.18
45.28
43.19
45.29
43.22
45.32
43.16
45.26
44.83
45.14
45.55
NA
NA
NA
NA
NA
NA
NA
45.56
NA
NA
NA
NA
NA
NA
NA
NA
45.32
NA
NA
NA
NA
NA
NA
45.44
45.37
45.67
NA
NA
NA
NA
NA
NA
NA
NA
NA
NA
NA
NA
NA
44.84
44.95
45.06
NA
44.45
46.8
45.59
44.96
NA
44.46
NA
NA
NA
NA
NA
NA
NA
NA
NA
NA
NA
NA
44.52
NA
45.19
45.18
45.29
NA
NA
NA
NA
NA
NA
NA
NA
NA
NA
NA
NA
NA
NA
NA
NA
NA
NA
45.05
45.31
45.19
45.16
45.11
45.17
45.37
45.24
NA
NA
43.6
NA
NA
NA
NA
NA
NA
NA
NA
NA
NA
NA
44.45
45.37
45.05
45.41
45.55
NA
NA
NA
NA
45.48
NA
45.07
NA
44.91
NA
47.06
48.27
45.57
45.49
45.51
NA
NA
44.31
44.51
45.01
45.51
45.21
45.11
45.51
45.34
45.66
NA
NA
45.1
45.31
45.21
NA
45.34
45.44
45.2
46.0
NA
NA
NA
NA
NA
NA
45.1
NA
NA
NA
NA
45.49
45.55
45.43
45.55
45.33
45.49
46.21
46.15
45.3
45.23
45.37
45.87
NA
45.22
44.19
45.61
45.17
45.19
45.15
45.13
45.13
45.25
45.25
45.05
NA
45.12
45.45
45.02
NA
NA
NA
46.96
45.13
44.81
44.47
44.75
NA
44.86
44.34
45.35
45.95
45.89
44.45
46.45
NA
43.28
45.48
45.28
45.28
NA
45.25
45.32
44.49
NA
45.21
45.31
45.31
45.28
45.1
46.31
43.35
45.35
45.15
45.55
45.15
45.15
44.95
45.25
45.25
45.35
45.05
45.35
45.05
45.05
45.05
45.15
44.95
45.05
44.95
45.25
45.15
45.05
45.25
45.25
45.05
45.15
45.15
45.35
45.15
45.55
45.45
45.15
45.05
45.15
45.35
45.45
45.45
45.25
NA
45.39
45.23
NA
NA
NA
NA
NA
NA
NA
43.24
45.24
45.24
44.94
45.14
45.24
45.24
45.44
45.24
45.24
NA
NA
45.18
45.35
45.28
45.49
45.48
NA
45.39
NA
45.35
NA
45.5
NA
NA
NA
45.72
45.72
43.15
45.15
45.25
46.82
46.91
43.61
43.61
47.73
44.74
47.38
45.42
44.0
44.9
45.26
45.05
43.22
45.42
45.22
45.22
45.45
45.45
45.25
44.94
43.36
45.33
45.32
45.31
45.14
45.11
45.1
45.33
45.3
45.22
NA
NA
45.17
45.16
44.54
45.19
45.08
45.22
NA
NA
45.44
NA
43.43
45.53
45.43
45.43
NA
45.48
45.19
45.28
NA
45.32
44.68
45.45
45.53
45.3
NA
NA
NA
44.54
NA
45.66
45.34
45.33
45.62
44.72
NA
NA
44.92
45.11
NA
45.03
NA
NA
NA
NA
NA
NA
45.23
45.11
43.46
45.61
NA
45.78
NA
45.22
45.36
44.17
45.06
NA
NA
NA
NA
NA
NA
NA
43.4
45.2
45.2
45.2
44.89
NA
NA
45.29
46.43
45.42
45.38
46.46
45.45
45.46
46.43
45.42
45.44
NA
NA
43.43
NA
43.57
43.36
NA
NA
NA
NA
NA
45.73
43.39
46.22
45.28
NA
NA
NA
45.12
45.22
45.33
45.27
NA
NA
NA
45.82
45.11
45.18
45.9
NA
43.32
45.42
45.32
45.32
45.68
44.07
47.07
45.28
NA
45.32
45.46
45.37
45.16
45.22
45.04
NA
NA
NA
45.06
NA
NA
NA
NA
44.56
46.44
45.05
45.35
45.12
45.26
45.31
43.8
NA
NA
46.07
NA
NA
NA
45.39
NA
NA
45.9
45.37
NA
43.09
NA
45.08
NA
NA
NA
NA
NA
NA
44.61
NA
NA
NA
NA
NA
NA
NA
NA
NA
45.23
44.73
NA
44.56
NA
45.59
NA
NA
45.55
NA
NA
NA
NA
NA
NA
45.5
NA
43.51
45.29
45.23
45.32
45.35
45.35
44.75
45.35
NA
45.02
44.38
NA
NA
NA
NA
44.13
44.63
45.24
43.05
43.06
43.38
43.37
43.11
45.15
NA
45.55
45.52
43.23
45.42
45.47
45.34
46.09
NA
45.24
45.94
43.4
44.92
44.92
NA
45.48
NA
45.11
NA
NA
NA
NA
45.06
45.32
NA
NA
NA
44.42
45.37
NA
NA
NA
44.75
NA
44.64
NA
NA
45.33
45.39
NA
NA
45.32
45.18
45.04
44.83
44.43
NA
NA
NA
NA
44.9
44.9
45.16
43.44
45.23
NA
NA
NA
45.74
47.63
45.23
45.18
NA
NA
NA
NA
45.41
45.48
45.48
NA
45.33
45.57
45.29
NA
45.03
NA
43.44
45.23
NA
NA
NA
NA
44.93
44.83
44.84
44.73
44.8
44.81
45.02
45.04
NA
45.28
NA
NA
43.76
45.55
45.3
NA
45.39
45.2
NA
NA
NA
NA
NA
NA
NA
NA
NA
NA
NA
NA
NA
45.3
NA
NA
45.06
44.95
45.31
45.11
NA
NA
NA
NA
NA
NA
NA
NA
NA
NA
NA
NA
NA
NA
NA
NA
NA
NA
NA
NA
NA
NA
NA
44.83
44.84
44.73
44.8
44.81
45.02
45.04
45.28
45.2
45.14
45.39
NA
45.19
NA
NA
45.35
NA
NA
45.39
NA
NA
NA
NA
45.39
45.38
NA
45.78
48.98
47.18
46.38
44.78
45.38
NA
46.88
46.18
44.48
45.29
45.24
NA
45.25
45.6