55.05
53.31
55.04
55.96
56.76
56.73
59.94
55.65
53.13
52.71
54.05
55.69
56.21
53.15
51.74
55.72
55.35
55.81
52.1
55.57
52.94
52.92
54.92
56.35
54.32
52.52
54.97
55.86
58.47
58.93
53.48
54.25
54.66
54.1
54.55
53.32
56.83
54.85
54.57
54.23
52.98
56.46
54.48
53.94
54.74
55.04
52.32
55.65
55.63
56.16
54.78
54.8
57.21
54.54
55.23
55.11
54.17
NA
55.11
54.25
60.4
NA
53.11
54.25
54.37
54.45
55.07
54.43
54.92
57.98
55.5
55.35
55.88
57.76
55.55
57.48
60.25
57.96
54.21
59.07
54.33
54.98
57.61
54.65
54.1
55.63
56.39
56.25
56.9
54.33
55.06
54.55
55.07
55.05
56.44
54.71
55.04
54.85
54.85
52.83
55.8
52.83
54.55
57.76
56.2
56.64
53.3
56.71
57.58
54.88
54.63
60.15
54.2
57.38
54.73
54.9
57.33
54.89
55.67
55.5
56.24
55.29
55.85
58.96
54.86
55.89
54.91
54.84
58.71
55.61
55.02
59.02
58.59
55.71
55.62
54.49
56.09
54.07
55.09
54.99
58.78
55.76
57.79
55.75
54.24
54.84
54.69
55.23
54.67
55.33
52.73
55.24
53.87
54.81
56.19
52.42
54.99
57.32
56.47
55.04
55.17
56.1
53.6
56.48
53.77
56.46
53.65
56.41
53.6
56.57
53.69
56.51
54.16
53.8
59.19
56.3
58.75
54.04
56.53
55.68
55.69
54.51
54.54
NA
54.64
54.81
54.9
54.58
51.93
54.93
54.57
52.19
54.91
53.95
55.17
57.31
57.01
53.67
54.19
55.42
54.92
57.62
54.32
NA
NA
NA
NA
54.26
54.02
53.82
55.07
57.77
52.98
54.65
54.33
55.16
NA
54.79
57.77
NA
NA
55.57
59.65
55.96
56.99
55.28
55.61
51.34
54.93
55.99
59.18
54.48
54.87
55.38
55.78
54.65
52.07
57.93
54.86
52.42
55.03
56.33
55.25
58.76
56.87
54.76
55.3
56.08
58.85
54.38
55.18
54.68
55.38
55.59
56.46
55.43
54.66
54.5
55.07
55.16
58.72
NA
53.93
56.81
55.98
54.67
54.52
60.7
59.47
55.81
55.75
56.23
56.05
56.01
55.19
55.86
55.72
55.59
55.28
52.46
55.52
52.3
55.45
52.37
55.41
52.36
55.42
52.36
55.42
57.24
55.38
55.39
56.29
53.07
56.46
56.51
56.77
56.34
55.61
54.79
56.93
54.99
62.87
54.2
56.02
54.82
56.35
54.7
57.53
56.74
57.53
57.5
53.37
54.99
57.49
NA
NA
54.71
NA
54.78
54.61
53.5
53.67
54.29
54.82
56.18
57.16
55.0
NA
54.47
54.57
57.87
57.88
53.52
56.9
54.94
53.91
56.58
55.42
58.58
59.32
57.03
53.27
54.58
56.82
52.17
55.33
55.74
59.13
53.57
56.2
56.11
57.47
55.17
NA
55.33
52.23
55.33
53.73
53.93
60.33
52.53
54.83
54.92
52.72
57.02
55.32
54.03
54.58
53.57
56.67
53.07
54.68
54.57
54.49
54.45
53.98
54.48
54.88
53.77
54.57
50.97
54.54
56.2
54.06
55.84
54.97
55.47
54.97
50.82
50.82
55.92
56.83
55.46
54.8
54.79
54.68
54.71
53.67
55.01
57.31
53.8
55.08
54.81
NA
54.66
55.66
56.28
55.35
54.92
56.22
55.63
55.21
53.14
54.88
55.53
57.53
54.73
55.49
55.22
59.05
55.19
59.02
54.82
59.12
59.02
54.87
56.21
55.97
55.59
55.38
55.42
54.76
53.26
56.46
54.36
55.52
54.72
54.54
55.43
57.19
57.59
54.32
57.89
54.71
54.77
54.19
54.6
56.44
57.64
NA
55.8
55.17
55.26
55.67
56.9
58.19
55.41
54.08
56.91
56.13
55.35
55.08
56.54
54.27
53.73
55.4
56.54
53.75
55.32
55.5
55.15
54.01
55.12
53.01
56.3
56.2
54.38
55.77
52.25
53.96
55.55
56.16
55.03
54.08
50.81
55.69
53.78
55.36
54.87
55.63
53.08
53.71
55.9
55.25
56.21
54.81
54.84
56.18
52.84
54.17
53.85
54.8
59.68
54.48
53.18
NA
NA
54.7
54.5
55.15
53.72
54.88
52.64
52.63
55.65
55.53
NA
NA
54.17
53.43
54.47
59.2
54.81
56.02
54.57
59.69
56.58
61.55
NA
54.05
54.52
54.79
52.31
55.29
54.82
59.12
59.02
54.79
52.31
55.29
55.35
53.44
55.77
57.61
55.96
NA
53.65
56.43
60.31
58.77
53.54
54.24
53.64
54.27
53.7
54.26
56.79
53.32
56.09
56.19
56.18
55.86
55.54
NA
59.03
54.5
55.72
54.63
55.38
54.08
57.47
56.13
55.68
56.81
53.92
55.66
NA
62.6
56.31
54.09
53.91
55.34
53.53
55.73
56.08
52.52
55.13
55.59
52.45
54.09
55.02
54.82
55.82
54.32
53.03
54.84
53.53
53.94
53.86
NA
50.81
55.31
NA
57.65
56.24
55.31
58.88
54.78
55.08
54.47
54.42
51.14
58.85
53.94
53.78
55.87
55.98
54.28
55.39
54.45
52.53
55.25
56.89
54.89
55.69
55.76
58.82
59.23
62.71
59.55
54.87
54.76
NA
NA
54.32
NA
54.31
64.01
56.61
55.75
52.23
53.94
55.53
54.11
54.69
54.97
53.97
54.37
54.91
54.26
54.6
55.53
54.05
54.58
54.03
NA
NA
NA
NA
52.33
52.08
55.83
58.28
53.08
53.45
53.81
55.91
55.39
54.09
55.83
54.52
56.9
53.86
56.46
55.41
NA
56.15
58.27
57.25
59.48
53.48
53.36
54.88
55.48
55.1
NA
54.8
56.45
54.22
54.87
54.57
54.38
54.11
55.7
52.28
51.44
53.37
54.97
53.77
NA
53.76
56.19
53.35
52.47
55.47
55.57
54.29
55.17
52.02
53.11
57.1
54.23
55.04
54.04
54.1
55.16
56.96
54.28
55.13
55.28
54.38
52.71
57.62
53.75
55.5
55.24
55.03
53.88
54.78
54.36
58.84
53.62
56.45
NA
53.15
53.78
60.69
58.34
NA
NA
56.1
54.65
51.15
54.05
54.46
53.58
55.33
54.44
52.68
54.14
54.02
54.65
57.28
56.92
54.19
59.49
53.59
53.69
53.99
56.39
59.26
55.22
52.91
55.61
54.51
55.07
51.02
55.21
56.31
55.12
54.35
54.55
54.35
57.3
59.48
56.32
55.62
54.72
55.31
52.81
54.61
55.32
54.72
54.79
55.49
NA
54.03
55.14
53.2
55.85
54.53
52.77
NA
56.04
53.26
57.46
52.05
51.8
56.0
54.7
54.78
54.78
53.51
54.04
53.54
54.06
54.19
53.02
53.21
56.31
53.61
57.21
57.35
53.66
58.19
54.56
54.09
54.32
55.32
53.84
56.48
52.84
54.02
55.42
56.6
56.21
54.37
56.39
56.17
53.54
52.89
NA
53.94
53.88
54.5
54.33
59.42
55.14
56.2
56.53
54.85
54.07
53.71
55.09
52.28
54.36
55.73
55.38
56.95
55.24
58.7
56.9
54.17
54.14
NA
53.4
52.74
53.25
NA
56.22
54.63
56.32
52.22
53.81
54.59
56.26
55.76
55.24
56.38
54.32
58.3
53.68
54.71
53.81
57.81
52.45
54.72
56.03
57.04
55.74
55.64
53.04
58.49
55.99
55.79
54.59
53.29
55.94
56.28
54.21
57.71
NA
54.97
54.7
53.66
54.24
50.49
54.76
54.52
55.4
54.58
54.49
55.36
53.82
53.08
55.53
53.07
54.28
54.72
55.13
NA
54.12
NA
52.5
54.99
NA
52.69
54.59
54.99
57.11
56.54
56.04
54.35
59.16
56.32
56.49
53.78
54.39
58.74
57.74
53.99
55.01
NA
55.32
54.21
NA
54.2
56.05
53.97
56.26
55.84
54.94
54.4
55.8
56.5
54.02
56.8
56.55
53.82
53.67
52.37
56.84
57.25
54.53
53.6
55.39
56.33
56.36
NA
NA
NA
54.99
56.94
56.52
57.13
54.96
NA
54.28
53.82
55.95
56.1
53.9
52.76
57.35
55.68
58.91
53.51
55.22
55.65
54.87
54.84
55.05
54.92
52.76
NA
53.88
55.06
56.0
58.39
54.33
56.52
52.64
56.1
55.01
55.07
58.29
57.96
54.06
54.49
51.39
NA
56.1
NA
56.75
53.51
51.79
54.04
55.05
55.12
50.99
55.9
52.41
56.87
57.28
58.43
54.8
56.37
57.18
53.65
56.82
56.05
55.2
53.33
53.98
54.2
53.69
54.93
55.4
55.99
55.25
56.16
55.36
56.17
NA
54.31
55.09
53.37
54.67
60.32
53.61
54.68
56.64
54.64
54.84
54.22
55.34
54.84
55.34
52.34
55.03
55.9
55.86
53.01
54.09
51.98
55.63
54.58
56.28
54.04
54.07
56.4
57.06
53.77
NA
54.54
NA
NA
55.34
55.91
55.21
53.21
55.41
55.56
54.7
54.14
54.89
55.21
56.69
54.19
54.26
56.87
54.1
55.8
54.12
55.14
52.84
55.43
54.13
57.95
54.69
55.04
55.42
NA
56.19
56.72
54.77
54.72
52.22
51.72
55.05
52.08
54.83
54.89
53.3
55.76
52.73
58.49
58.09
58.04
54.76
55.3
56.42
56.56
54.93