30.67
31.74
31.93
31.32
33.06
32.54
30.41
30.99
32.53
31.48
28.86
33.59
32.46
31.35
29.5
29.54
31.9
32.19
31.73
35.87
31.34
28.03
28.21
32.52
31.74
33.55
NA
32.4
32.85
35.98
27.9
30.95
32.57
30.58
29.02
32.23
29.97
35.23
31.77
30.26
30.1
32.09
29.74
30.79
32.34
32.7
31.37
34.09
32.25
29.33
31.72
32.38
33.14
30.18
NA
32.66
33.14
NA
NA
34.16
30.21
NA
30.36
32.23
29.68
29.82
NA
NA
NA
26.12
34.03
32.46
NA
NA
NA
32.96
NA
29.87
32.24
30.76
32.1
30.1
35.04
30.19
30.23
NA
35.83
34.27
34.68
30.95
32.52
28.62
32.62
34.22
32.7
33.08
33.21
31.61
32.45
33.94
32.59
32.63
32.46
32.65
30.76
32.79
32.59
32.96
34.86
30.74
29.85
28.26
30.71
31.7
29.27
33.47
31.97
33.15
31.43
32.78
32.71
32.83
30.2
32.26
34.27
NA
34.71
31.23
32.13
31.78
30.14
32.38
32.71
32.69
31.94
31.84
32.57
29.54
32.88
30.81
32.34
34.79
33.64
NA
31.36
32.4
29.74
37.0
31.68
35.67
32.8
36.21
30.99
32.56
31.29
31.67
33.01
34.23
35.67
33.0
30.78
35.06
31.85
32.96
32.06
33.09
31.99
33.07
32.21
33.13
NA
33.11
NA
30.8
33.21
27.0
29.38
29.6
31.86
33.24
31.59
NA
NA
NA
NA
NA
NA
34.33
NA
30.81
34.32
35.46
30.74
NA
33.81
35.05
34.91
31.1
33.62
30.95
31.92
30.82
32.02
NA
NA
NA
NA
31.51
34.6
30.15
31.75
NA
NA
31.35
32.36
29.22
NA
31.73
36.28
NA
NA
31.37
36.42
33.52
31.19
33.04
33.39
31.02
31.52
33.3
31.05
31.68
30.95
31.16
NA
NA
31.34
36.44
34.24
31.48
35.76
31.48
35.75
32.88
31.0
29.23
31.06
NA
30.94
30.28
33.08
29.78
32.18
30.74
33.93
31.27
30.77
30.38
29.03
34.14
35.38
NA
31.21
31.94
30.65
30.78
30.4
29.07
33.39
34.32
33.0
29.13
29.11
29.32
29.72
29.45
29.3
29.5
29.76
36.6
33.91
36.78
34.21
36.62
33.83
36.71
33.93
36.71
33.93
28.54
31.75
31.75
NA
33.54
33.72
34.84
33.08
32.41
33.05
33.38
35.45
33.39
32.17
32.83
30.46
31.88
30.24
31.42
35.0
NA
34.8
34.16
NA
32.26
31.24
NA
NA
30.93
NA
31.97
33.42
37.72
33.46
35.47
35.56
35.73
36.4
28.93
NA
32.77
34.87
38.37
34.05
30.46
36.12
31.29
32.18
34.14
32.68
33.37
37.08
35.65
34.21
31.57
29.65
30.97
28.29
30.63
31.02
30.0
32.45
27.45
NA
NA
NA
27.93
35.23
32.03
32.33
31.63
28.63
33.63
34.33
30.22
26.32
27.72
32.42
33.93
31.72
NA
NA
NA
29.97
29.66
29.27
31.06
31.78
30.48
30.98
29.07
30.87
33.87
35.74
32.1
32.96
31.24
NA
32.57
35.87
32.2
32.2
29.72
NA
NA
NA
NA
NA
33.55
33.23
31.21
33.51
32.01
33.5
31.71
30.64
32.36
31.86
30.89
33.12
30.88
NA
NA
NA
33.16
NA
32.53
34.63
32.53
34.09
30.85
31.18
30.82
31.15
34.04
29.92
29.92
33.45
30.94
35.84
33.73
NA
31.72
33.06
31.46
32.86
34.46
33.42
29.12
35.95
35.64
31.93
NA
NA
31.48
32.18
30.85
33.09
30.59
31.74
32.84
NA
32.59
29.14
29.08
29.85
30.85
33.34
40.78
33.48
30.41
31.68
31.25
30.89
33.6
31.78
33.81
29.91
30.45
30.74
30.02
33.11
30.72
33.45
27.66
29.14
32.9
31.3
33.49
33.23
35.83
31.85
30.5
30.35
32.09
31.3
34.72
36.7
33.27
33.86
27.97
31.29
NA
28.68
32.06
31.44
32.65
32.32
31.44
33.18
34.06
NA
27.95
35.49
NA
NA
30.48
NA
NA
34.89
33.26
30.28
30.42
32.33
31.54
31.49
32.42
32.6
NA
NA
31.19
31.79
32.07
30.85
32.51
26.61
29.66
33.42
41.05
30.49
NA
31.7
31.7
34.44
34.42
29.93
34.04
29.92
29.92
34.44
34.42
29.93
29.45
30.15
30.34
30.56
28.77
30.88
31.59
30.65
30.01
NA
33.44
NA
32.4
32.53
32.41
31.84
32.21
31.5
30.58
32.3
33.82
31.94
32.47
NA
NA
NA
32.52
28.95
NA
34.84
30.34
NA
33.08
35.3
31.68
33.9
NA
31.87
NA
31.39
30.7
34.64
34.13
26.36
33.04
33.68
NA
NA
33.59
34.36
33.4
31.82
31.92
31.42
30.61
37.1
30.0
31.4
29.45
NA
34.41
NA
NA
32.91
31.11
29.91
NA
NA
34.29
33.13
32.56
30.74
31.15
30.81
29.83
29.9
NA
31.58
31.7
31.91
31.87
28.54
30.09
31.59
32.79
30.56
30.88
30.31
38.41
NA
29.35
29.21
NA
NA
33.81
NA
NA
32.51
31.01
33.21
35.81
31.83
30.48
31.21
32.88
NA
NA
NA
NA
NA
NA
NA
NA
NA
32.03
NA
NA
NA
NA
34.13
NA
NA
30.64
30.25
34.96
29.91
32.31
32.99
30.29
NA
28.96
36.38
30.26
31.07
29.06
NA
30.33
30.87
27.95
30.57
31.06
33.22
27.98
41.98
34.72
NA
30.5
33.06
31.36
34.93
30.15
31.91
31.31
35.63
34.8
34.99
32.37
32.57
33.67
NA
32.43
36.49
32.93
34.2
NA
32.68
33.38
31.1
29.82
33.55
29.32
33.75
33.34
32.24
31.8
29.92
29.75
30.79
31.02
30.67
35.17
37.09
30.72
29.77
31.4
30.18
30.68
NA
31.48
26.47
30.83
34.09
31.05
NA
33.25
33.88
30.09
NA
NA
NA
31.71
33.15
35.75
33.95
26.03
30.84
31.28
32.12
32.71
31.83
34.23
32.06
35.15
34.66
34.19
NA
34.19
29.69
32.79
32.49
31.47
34.32
32.41
35.61
33.36
30.94
34.48
29.35
31.21
33.8
31.99
31.74
31.25
32.4
31.28
34.12
31.02
31.12
32.61
33.51
34.71
30.55
32.81
33.86
NA
NA
30.98
30.28
NA
33.9
31.98
29.97
NA
35.14
31.66
31.66
28.2
32.8
28.2
32.59
32.99
31.17
30.46
31.38
30.48
31.4
34.99
35.02
32.61
33.91
33.81
34.91
35.92
35.85
30.8
33.26
30.05
30.13
30.94
32.46
30.12
NA
32.62
29.92
31.55
34.42
33.27
31.01
30.18
31.58
34.55
NA
31.07
29.7
30.6
30.03
33.24
31.18
29.86
33.95
31.65
31.54
32.37
29.77
NA
29.65
33.75
31.74
29.47
35.49
29.8
35.4
33.97
36.24
NA
32.89
34.7
34.91
31.42
30.12
32.24
33.03
31.54
31.42
31.18
31.06
29.66
34.23
32.99
33.65
35.94
31.88
30.71
31.21
NA
NA
NA
28.63
30.14
32.34
31.94
NA
32.59
30.09
32.59
32.99
32.99
33.34
32.95
31.39
31.87
NA
32.76
29.1
30.22
30.84
33.99
32.69
33.85
34.72
32.34
33.95
34.9
32.3
30.11
30.62
34.97
29.63
32.22
28.83
31.11
NA
NA
30.2
30.19
NA
30.19
32.89
30.52
34.51
31.1
32.34
33.63
30.53
44.02
NA
30.84
33.27
32.84
32.84
31.94
30.81
NA
32.9
NA
NA
32.51
31.86
30.8
33.96
32.44
34.13
32.4
31.4
29.9
34.04
32.21
32.98
37.04
30.93
32.31
29.91
34.17
33.68
31.0
NA
30.05
31.61
NA
NA
NA
34.56
NA
34.42
32.48
NA
NA
29.68
29.36
34.64
33.71
32.53
31.81
35.11
32.45
32.04
30.28
33.42
30.89
NA
30.92
31.2
31.17
34.16
NA
31.53
34.43
33.35
NA
29.55
34.4
28.64
31.41
32.37
26.66
28.67
32.46
33.96
31.86
NA
NA
30.53
31.35
33.29
30.72
29.55
32.38
34.92
30.08
35.01
30.2
32.35
29.72
34.21
29.3
33.39
33.5
33.31
26.65
NA
NA
31.07
31.83
30.51
32.84
32.42
33.4
NA
30.19
34.79
34.41
33.03
30.82
NA
30.47
30.92
29.17
30.47
32.01
34.13
NA
31.44
32.74
31.74
27.92
32.24
37.24
31.54
29.84
34.11
29.39
31.34
33.02
30.26
31.0
31.04
31.98
31.92
32.56
28.11
30.64
34.55
30.46
NA
31.44
NA
NA
30.69
33.11
33.41
31.41
32.21
33.06
29.3
33.07
30.93
34.97
33.99
33.39
NA
31.09
30.7
31.7
34.36
30.49
28.04
31.13
33.03
30.84
31.99
34.37
31.8
NA
30.41
32.93
31.54
30.94
32.02
32.44
27.31
32.72
27.54
31.12
30.44
29.56
32.87
28.72
28.02
27.97
29.23
31.06
30.17
30.14
28.99