55.29
55.19
55.34
55.28
55.45
55.4
57.18
55.47
58.96
56.36
55.78
57.2
56.6
55.83
55.17
55.43
54.91
55.22
55.01
54.98
55.15
55.08
60.67
56.77
54.51
56.51
56.32
57.05
55.68
59.18
55.89
55.53
54.77
56.21
54.35
56.59
58.29
56.11
NA
56.61
56.18
53.06
55.66
NA
56.88
57.37
56.78
58.08
NA
56.2
55.05
NA
56.33
56.64
55.43
56.5
60.5
56.95
56.57
57.34
54.3
54.13
56.38
55.59
56.44
53.74
54.54
54.12
NA
58.92
56.07
56.19
55.48
56.07
53.48
55.6
58.56
56.13
55.5
58.93
56.74
58.55
55.46
57.99
57.17
51.14
56.87
54.55
55.43
57.04
54.28
54.36
NA
56.89
56.05
54.16
57.83
55.89
58.8
55.77
58.59
56.37
54.62
62.84
56.23
55.42
55.41
57.74
58.44
57.81
57.9
57.88
57.81
54.04
56.02
56.84
56.33
57.34
54.03
56.12
58.91
55.92
53.4
58.2
58.71
54.98
54.14
54.87
55.48
55.87
54.22
55.47
55.27
59.01
54.9
56.09
59.22
57.98
54.68
55.11
60.64
58.83
55.37
56.49
57.05
56.33
55.1
56.5
NA
57.54
56.28
54.58
56.05
54.82
53.7
56.18
57.36
58.37
58.9
56.34
58.03
54.17
59.0
56.02
56.14
57.97
58.9
56.32
55.87
58.83
54.79
58.72
59.24
58.12
54.26
56.54
55.68
56.18
54.1
53.05
59.26
57.91
59.06
53.65
56.44
57.99
55.99
NA
59.42
55.7
57.26
55.6
54.56
52.12
56.91
55.72
56.78
NA
55.38
55.89
58.29
59.75
59.17
NA
NA
NA
NA
NA
51.33
53.94
55.77
53.36
55.61
55.58
55.76
NA
53.98
57.99
NA
NA
NA
54.14
56.61
55.72
57.22
54.92
59.52
56.44
58.01
62.85
NA
55.03
56.82
56.01
55.2
56.12
56.35
56.35
56.09
56.48
NA
55.32
55.52
56.92
56.92
55.32
NA
59.77
57.86
NA
58.58
56.66
53.79
55.78
56.54
57.83
56.23
54.29
55.45
NA
NA
59.68
57.53
56.5
59.35
57.86
NA
52.76
57.72
55.88
58.12
54.63
59.18
55.8
57.83
55.23
54.84
56.04
56.44
56.44
56.44
56.44
56.44
54.3
56.61
59.26
55.85
55.45
NA
59.15
56.25
54.97
56.74
59.74
NA
56.68
55.48
59.38
54.88
55.08
54.98
54.98
55.18
56.78
56.34
53.43
55.96
NA
55.72
56.99
54.97
NA
NA
54.74
55.38
NA
NA
NA
NA
59.15
55.28
58.48
58.48
58.49
58.52
58.46
54.97
52.59
56.75
55.13
NA
56.39
57.85
55.0
55.0
57.49
57.62
55.26
55.02
56.92
56.74
51.7
55.84
56.05
NA
54.5
53.37
55.32
57.62
56.18
58.83
57.88
57.39
53.32
53.88
56.54
NA
53.89
54.44
58.24
54.29
56.16
56.16
57.1
53.96
56.53
57.1
58.75
54.64
59.47
58.52
56.64
55.02
NA
NA
59.83
57.85
55.95
58.6
57.66
55.53
56.99
51.78
54.97
57.59
55.46
56.97
51.77
54.78
57.54
55.45
56.21
51.93
54.46
57.15
54.34
56.19
54.3
56.13
55.99
56.18
55.77
56.45
NA
NA
NA
NA
56.84
52.98
NA
56.01
NA
56.43
59.25
55.8
54.05
NA
54.72
57.9
55.08
57.66
55.2
NA
52.85
57.03
53.9
56.97
NA
57.01
55.63
57.99
57.05
58.79
58.45
53.53
56.02
NA
NA
53.17
52.41
52.33
56.01
56.71
60.53
55.92
56.87
NA
NA
NA
NA
59.36
54.85
NA
53.35
57.27
56.77
54.82
54.63
51.93
53.83
54.79
56.23
55.2
57.37
53.9
56.4
53.83
54.48
57.88
54.48
53.18
54.48
54.88
53.98
53.38
54.28
53.38
55.9
53.97
56.77
53.94
56.84
52.02
NA
58.27
NA
NA
54.2
54.6
55.5
55.01
58.61
55.03
57.54
55.25
58.05
55.5
NA
55.74
55.04
59.21
57.53
59.54
57.03
55.2
56.91
55.54
57.81
59.25
56.54
54.74
56.27
52.97
55.97
55.46
54.29
56.51
56.83
51.98
57.66
54.29
56.51
56.83
51.98
57.66
52.8
56.5
58.92
55.13
55.82
55.52
55.62
54.36
53.97
56.39
54.79
55.61
56.72
55.9
56.84
53.94
54.66
57.61
54.01
58.78
55.5
59.0
54.49
58.28
57.94
55.27
NA
58.15
55.24
NA
56.07
56.17
NA
NA
NA
NA
NA
NA
55.36
54.7
55.3
NA
NA
54.51
57.93
55.55
56.23
54.93
55.54
57.04
58.74
59.37
55.57
54.98
54.14
57.05
57.25
54.45
58.35
58.39
NA
54.36
NA
55.03
53.69
55.2
56.67
55.15
57.35
55.07
58.11
50.47
NA
NA
55.86
NA
59.32
56.62
56.26
58.17
58.02
56.92
NA
NA
57.92
NA
55.92
NA
56.67
56.17
56.48
51.46
57.28
54.44
55.42
55.75
55.07
55.43
55.92
53.52
NA
55.33
NA
54.08
57.68
56.88
56.31
54.75
55.0
55.85
56.94
54.05
57.65
56.83
58.17
55.23
56.58
54.48
48.6
NA
54.04
57.64
54.68
56.28
NA
54.98
54.18
56.25
58.78
55.08
55.34
55.0
56.55
54.65
57.2
53.36
59.76
53.45
NA
55.24
54.64
58.14
54.15
57.65
57.13
NA
54.26
56.17
55.69
55.79
53.65
55.37
56.37
54.97
56.55
54.02
57.62
55.88
54.73
58.75
53.92
57.37
55.12
53.86
57.35
55.27
58.83
54.1
56.74
56.46
57.14
57.0
56.86
57.73
56.35
53.44
57.39
NA
57.3
NA
55.17
NA
56.12
54.12
54.62
55.02
NA
NA
53.34
56.01
54.47
55.24
55.84
56.14
57.24
56.76
57.86
54.46
60.69
55.97
56.48
62.13
54.13
57.63
NA
56.13
57.33
57.08
53.22
57.39
60.38
56.59
55.05
57.73
53.93
55.68
57.08
58.02
53.09
55.22
57.59
58.05
56.03
NA
55.63
53.92
55.83
56.27
55.53
55.87
NA
57.9
55.25
56.51
55.99
59.76
57.38
NA
55.64
NA
57.4
55.32
NA
55.97
53.66
54.85
54.86
58.96
54.94
55.89
57.31
57.45
58.31
54.79
56.18
59.89
56.68
57.33
51.51
57.41
51.39
57.19
57.4
53.86
55.26
NA
NA
55.42
55.37
56.06
55.12
55.79
54.79
55.16
56.1
56.13
55.05
NA
56.52
NA
NA
56.41
56.59
NA
NA
NA
NA
NA
NA
NA
NA
NA
NA
NA
NA
NA
NA
55.77
54.57
55.75
57.82
56.51
53.84
NA
NA
NA
NA
NA
56.08
55.68
55.28
53.99
54.69
53.95
55.21
56.68
55.47
NA
46.03
56.35
56.94
64.54
56.34
55.88
56.44
NA
55.99
58.86
55.11
57.01
56.31
56.81
54.51
57.53
56.4
58.25
55.4
57.13
58.76
58.07
57.89
NA
59.12
56.62
55.11
58.17
55.65
52.83
NA
52.75
53.29
53.97
54.55
56.66
61.05
NA
NA
56.27
NA
58.61
56.31
55.94
53.01
55.69
57.11
NA
NA
NA
NA
NA
NA
NA
56.94
57.13
56.6
55.31
55.91
55.21
54.18
57.38
56.88
55.22
NA
55.4
58.5
53.27
57.13
56.05
62.34
58.79
55.18
58.96
57.06
55.54
56.23
56.34
59.45
56.0
57.05
55.7
NA
56.98
57.61
56.51
55.52
55.85
57.44
58.75
NA
54.0
57.6
58.88
59.58
56.68
54.09
57.0
55.76
59.01
58.07
NA
55.77
56.14
54.89
56.77
55.46
NA
57.49
NA
57.46
54.96
55.96
54.62
58.65
57.81
56.41
59.31
54.15
56.22
51.11
55.91
55.31
58.31
53.25
54.08
56.51
57.11
58.13
58.08
58.06
54.54
53.23
NA
NA
53.03
59.7
NA
56.64
55.44
57.21
NA
NA
NA
NA
NA
56.07
NA
53.67
56.31
56.82
57.82
56.95
58.77
58.37
56.32
57.19
54.36
54.05
54.45
57.45
NA
54.7
55.4
56.07
55.42
56.1
57.0
55.76
59.01
58.07
56.9
57.17
55.87
60.19
54.68
54.39
55.91
55.35
53.98
55.36
58.75
53.05
55.65
55.62
NA
54.07
NA
53.93
55.68
56.88
57.78
54.32
57.82
55.08
56.38
61.28
NA
NA
NA
NA
NA
NA
55.37
56.77
58.53
NA
57.99
57.84
56.24
NA
59.21
53.51
NA
NA
53.07
55.92
53.7
57.94
54.44
55.04
55.76
57.09
54.1
55.67
NA
54.95
NA
60.04
NA
56.98
58.08
NA
NA
NA
NA
NA
NA
NA
53.8
NA
NA
NA
58.33
55.91
57.1
56.12
54.31
55.91
57.51
57.44
53.53
NA
56.02
54.43
56.88
52.24
59.7
55.63
56.58
55.8
54.04
56.41
54.95
54.03
58.32
57.05
54.52
NA
NA
NA
NA
NA
55.75
55.07
54.82
56.27
56.96
NA
57.01
NA
57.78
53.68
53.48
56.01
53.68
56.65
55.24
61.64
52.65
54.15
57.52
54.89
55.12
55.5
55.88
55.64
57.14
58.04
57.88
52.89
55.78
54.96
54.89
59.69
54.22
56.12
NA
55.76
57.64
56.79
NA
56.14
56.19
55.43
56.21
NA
NA
54.77
58.51
56.51
50.11
55.95
56.85
55.23
NA
56.92
54.05
NA
NA
NA
NA
NA
55.37
55.22
54.46
53.04
58.24
55.45
57.3
54.31
NA
NA
54.12
54.91
NA
55.71
55.31
55.09
NA
55.57
58.63
56.72
NA
56.36
57.5
52.2
55.93
57.04
56.88
54.65
61.23
54.48
56.07
NA
NA
55.61
56.37
NA
56.67
55.24
53.12
59.19
54.99
52.63
55.56
55.56
55.36
58.75
57.03
59.77
57.01
57.79
54.23
NA
NA
NA
NA
NA
55.76
56.4
53.45
56.4
55.91
56.11
59.54
55.48
55.95
54.07
61.61
55.51
54.79
55.79
NA
NA
56.79
56.97
56.01
55.5
55.26
55.46
55.62
56.19
55.58
56.9
56.1
56.53
56.13
56.13
NA
NA
55.6
56.13
NA
NA
NA
NA
NA
NA
NA
NA
NA
NA
NA
NA
55.75
56.11
54.39
55.28
57.61
55.97
54.97
58.03
54.94
56.77
57.43
55.55
NA
55.71
53.51
NA
56.54
54.35
55.45
54.4
58.89
57.0
55.56
NA
58.84
NA
55.51
NA
56.7
54.65
NA
57.92
56.82
57.69
55.89
53.14
56.36
57.76
56.86
56.54
56.6
57.31
53.3
54.8
55.62
NA
NA
NA
NA
NA
NA
56.13
58.43
57.13
53.91
58.01
55.51
57.11
55.98
57.68
52.77
57.07
NA
55.19
55.03
54.22
56.83
55.65
50.54
55.12
55.74
57.44
59.64
59.17
55.66
56.59
53.85
58.45
58.95
54.06
54.18
53.87
56.37
54.11
54.89
53.69
55.37
55.24
55.38
55.45
NA
NA
NA
NA
55.34
53.88
53.91
53.93
53.14
NA
NA
NA
NA
55.72
56.17
55.64
58.82
NA
NA
NA
NA
NA
NA
55.94
51.03
NA
NA
53.44
NA
NA
55.8
NA
57.8
55.73
58.87
NA
NA
55.06
56.37
NA
53.93
54.88
57.9
55.88
56.82
54.52
56.59
54.29
57.38
56.15
53.26
56.1
NA
NA
55.54
NA
NA
NA
NA
NA
NA
56.1
54.65
57.61
57.76
NA
56.52
58.93
56.33
57.67
56.58
58.77
55.91
55.67
NA
NA
53.28
56.44
57.86
53.28
56.64
55.38
55.73
53.13
59.13
59.51
56.14
56.24
57.8
52.71
55.67
NA
NA
58.33
58.79
58.38
NA
56.47
56.31
NA
NA
NA
NA
NA
NA
57.99
NA
53.59
NA
55.05
53.72
54.24
NA
54.21
57.7
57.27
57.57
54.89
57.39
55.78
56.76
52.69
55.48
55.49
NA
53.76
55.25
55.73
59.07
55.4
55.45
NA
NA
NA
NA
NA
NA
55.63
55.69
55.88
57.1
NA
NA
NA
NA
56.19
56.65
57.72
55.7
61.95
54.15
NA
54.34
NA
NA
57.72
57.22
NA
54.14
55.64
53.84
54.94
55.84
NA
54.92
51.31
57.18
52.94
57.66
54.86
57.16
NA
NA
58.09
55.66
59.33
56.51
54.58
55.9
56.3
53.52
57.83
53.94
56.04
54.14
NA
NA
NA
NA
NA
56.08
55.9
55.83
58.22
56.65
58.05
59.23
57.85
53.8
57.94
58.67
55.8
56.84
56.04
55.66
55.75
NA
56.09
NA
NA
NA
55.21
57.38
54.11
56.11
56.91
56.91
55.78
55.09
53.69
NA
55.72
NA
55.53
56.13
56.13
55.73
56.6
55.92
57.63
53.42
57.29
58.66
55.13
58.19
54.82
54.65
58.63
54.29
57.69
58.87
53.86
53.86
55.87
56.65
55.15
57.61
55.02
55.41
55.63
55.52
55.59
55.8
NA
NA
54.74
55.54
55.94
55.74
56.68
57.56
56.35
55.94
55.47
NA
NA
NA
NA
NA
NA
51.1
52.31
NA
54.88
NA
52.85
55.04
55.66
55.32
NA
56.52
56.17
55.34
53.78
61.57
NA
NA
NA
NA
NA
58.58
55.41
57.27
55.27
57.1
56.94
57.14
56.83
56.73
57.64
56.48
55.37
NA
NA
NA
NA
56.89
56.08
57.21
55.75
55.09
55.91
55.96
55.75
57.23
54.61
56.95
58.88
55.49
54.69
59.99
54.61
58.42
56.35
55.25
56.31
56.05
NA
58.78
NA
NA
NA
NA
NA
56.08
55.8
55.9
51.93
55.54
56.64
55.64
57.74
55.54
55.34
55.44
55.34
NA
55.93
NA
56.5
55.43
56.14
55.51
55.61
44.11
52.83
57.96
56.6
55.99
55.75
NA
NA
54.42
54.71
56.84
56.65
NA
58.29
NA
NA
55.99
59.07
NA
57.46
55.26
51.89
57.21
51.64
55.17
56.82
54.89
55.2
55.36
57.57
55.27
56.76
55.84
56.05
NA
54.5
53.37
55.58
NA
53.66
53.83
59.01
59.11
NA
NA
NA
NA
NA
NA
NA
NA
56.2
56.51
54.66
56.88
53.65