30.06
29.19
29.06
29.19
29.4
29.37
29.52
31.31
30.82
32.19
29.33
28.51
27.49
27.83
28.33
28.98
28.96
29.0
28.98
28.96
28.98
28.1
28.23
30.35
29.77
31.99
30.77
31.07
29.5
NA
29.29
31.48
30.83
NA
28.85
30.19
NA
30.93
NA
30.91
30.06
31.62
30.17
NA
28.74
30.56
30.23
31.27
NA
25.18
29.8
NA
25.28
29.71
30.14
30.57
29.13
NA
29.41
28.76
29.53
29.57
30.98
32.89
31.01
29.82
28.68
NA
NA
30.91
NA
30.54
29.86
29.78
29.33
26.48
NA
30.32
32.69
31.8
29.29
28.36
31.22
31.66
27.78
31.73
30.34
30.1
29.56
35.88
28.64
37.13
29.07
29.43
27.83
31.61
31.22
29.75
30.51
29.09
28.47
NA
25.72
30.98
30.26
29.04
30.38
28.61
30.91
28.72
32.68
NA
NA
30.79
30.63
30.62
31.05
30.78
29.48
30.46
29.34
32.79
30.7
30.66
31.19
32.75
28.22
30.62
31.67
31.45
30.93
35.57
31.93
33.19
32.22
30.12
31.16
29.86
30.51
26.98
30.25
29.46
31.41
29.95
26.44
30.51
30.4
31.11
NA
30.36
28.25
31.47
30.52
26.99
30.22
29.05
31.49
29.26
30.08
27.51
31.02
29.75
32.05
31.03
29.85
31.43
32.03
31.06
31.3
32.31
30.21
32.59
31.99
26.88
30.77
32.59
30.23
26.59
29.4
NA
30.97
30.09
30.88
30.83
30.9
29.16
30.76
NA
32.38
32.09
30.81
28.15
26.66
31.18
27.31
29.07
26.9
NA
30.31
NA
30.99
32.25
29.48
NA
32.27
29.68
NA
31.04
32.06
28.35
28.69
28.82
29.32
29.62
29.74
NA
32.48
NA
NA
NA
NA
35.46
31.57
32.98
26.22
29.92
29.72
34.18
30.31
34.25
NA
30.19
31.4
33.63
27.33
NA
28.55
32.55
30.97
29.49
NA
29.52
29.52
29.52
29.52
29.52
NA
31.3
29.17
NA
31.11
25.5
28.54
30.36
31.04
27.46
27.31
30.82
29.98
NA
NA
33.27
32.11
30.25
28.27
31.61
NA
32.01
27.22
27.9
29.55
32.26
30.06
28.5
29.63
29.13
29.54
30.14
29.94
29.94
29.94
29.94
29.94
32.97
29.36
31.49
30.35
32.45
NA
NA
29.88
32.51
30.3
30.86
NA
25.68
29.58
29.88
28.48
28.68
28.88
28.88
29.08
29.18
29.96
28.16
29.07
NA
NA
30.0
32.51
NA
NA
29.89
29.39
NA
NA
NA
NA
29.11
31.47
NA
NA
NA
NA
NA
36.41
29.0
32.23
25.68
NA
30.16
NA
27.67
31.53
31.73
29.56
29.61
26.44
30.54
32.12
26.87
30.04
30.6
28.47
33.15
28.79
31.54
30.94
27.98
29.67
28.2
27.0
28.98
30.69
25.91
NA
30.71
29.16
28.64
30.6
28.19
28.19
NA
29.08
28.39
30.56
30.03
32.28
29.88
30.74
30.1
36.07
NA
NA
31.81
29.23
33.96
31.54
28.81
NA
29.57
35.52
31.09
28.85
NA
29.5
35.52
31.12
NA
34.16
29.56
35.64
31.18
33.04
29.62
29.69
29.6
29.67
NA
30.09
30.24
30.27
NA
NA
NA
NA
32.82
28.27
NA
NA
NA
30.5
25.91
31.16
NA
NA
29.51
30.18
29.54
28.68
NA
NA
32.3
27.87
31.81
27.84
NA
27.96
NA
33.07
26.71
NA
29.05
30.76
31.72
NA
NA
29.07
30.35
30.35
30.01
29.52
26.52
35.42
26.64
NA
NA
NA
NA
31.29
NA
NA
NA
NA
NA
NA
31.03
28.83
31.23
NA
30.07
30.9
NA
30.67
33.7
30.67
28.88
28.58
33.58
28.88
31.78
30.98
NA
28.88
NA
28.68
29.8
26.87
29.57
32.04
27.84
28.26
29.51
NA
NA
NA
29.8
32.3
28.5
31.71
28.31
29.03
30.24
30.55
27.45
25.51
NA
30.02
29.67
29.63
32.02
27.07
30.38
31.32
29.6
31.34
28.95
29.97
NA
33.14
30.67
32.97
29.47
NA
26.3
27.36
43.15
27.57
27.57
26.3
27.36
43.15
27.57
27.57
25.6
NA
29.72
31.13
30.42
29.42
33.42
NA
NA
NA
NA
28.91
26.24
27.24
33.84
28.23
29.39
26.73
28.6
29.68
29.9
29.6
32.26
28.98
29.76
29.95
30.96
29.52
NA
NA
30.13
30.73
NA
NA
NA
NA
NA
NA
29.15
34.0
NA
NA
NA
NA
NA
NA
NA
29.63
30.64
30.14
27.24
32.47
31.97
NA
29.72
NA
NA
NA
32.47
25.92
NA
30.02
NA
NA
32.79
30.22
32.3
29.39
NA
NA
NA
NA
NA
NA
25.71
NA
27.12
29.72
28.96
30.37
30.22
NA
NA
NA
29.52
NA
29.12
NA
29.37
29.07
30.08
28.65
28.57
29.95
NA
NA
27.13
29.52
29.52
28.82
31.25
NA
NA
29.48
27.18
32.29
33.81
34.78
30.11
NA
24.75
29.55
27.35
30.13
29.25
29.69
25.08
27.78
34.2
NA
29.44
27.44
29.08
32.08
NA
27.68
28.93
30.03
26.18
29.5
29.5
29.3
28.75
33.15
30.7
30.66
29.86
30.75
NA
30.14
32.04
28.64
29.65
27.45
27.8
NA
NA
29.33
29.7
29.59
NA
31.47
NA
30.87
26.92
29.42
27.12
29.95
31.59
29.85
29.37
27.8
NA
NA
29.43
NA
31.18
27.98
30.49
25.84
26.83
33.04
26.72
31.72
30.55
30.22
31.55
NA
29.07
NA
NA
NA
29.72
26.62
32.82
29.12
NA
NA
29.44
34.39
29.63
31.25
29.14
30.34
31.24
29.16
28.46
29.56
NA
29.67
30.71
NA
29.43
27.33
NA
30.36
30.32
26.68
29.97
31.73
31.78
26.53
33.74
30.03
31.41
29.25
32.01
28.74
31.19
NA
32.22
28.77
29.73
NA
35.52
30.9
29.9
29.27
30.22
30.23
29.67
29.5
30.07
26.67
34.44
30.74
30.74
NA
NA
NA
30.46
32.53
NA
29.65
29.43
32.49
25.06
27.86
32.76
30.22
30.29
34.78
29.01
26.89
29.95
30.74
30.48
31.33
28.71
28.61
28.79
28.69
30.96
31.16
28.66
NA
NA
30.68
29.52
33.16
30.11
25.89
26.99
26.99
32.86
29.13
34.35
NA
30.88
NA
NA
26.17
33.5
NA
NA
NA
NA
NA
NA
NA
NA
NA
NA
NA
NA
NA
NA
29.37
31.37
29.2
31.72
28.7
29.77
NA
NA
NA
NA
NA
30.28
30.98
34.18
25.19
22.65
27.62
NA
32.35
NA
NA
25.84
33.24
26.43
29.54
30.07
25.78
28.83
33.07
25.78
32.05
NA
NA
NA
NA
NA
28.88
31.7
29.11
29.85
34.03
28.63
28.6
NA
NA
31.92
30.22
30.28
28.01
29.71
30.94
NA
29.52
34.18
NA
NA
36.99
29.35
NA
NA
NA
NA
NA
31.0
30.06
27.82
29.84
28.95
NA
NA
NA
NA
NA
NA
NA
31.93
30.53
31.21
29.71
29.31
29.91
30.68
NA
34.18
31.23
NA
NA
29.2
30.62
28.67
30.05
30.37
27.06
29.05
24.06
27.86
29.63
29.9
30.29
32.98
29.04
30.25
NA
NA
NA
35.77
29.26
29.69
29.9
33.55
30.12
NA
29.3
27.3
30.78
32.88
29.98
32.86
28.35
33.23
27.27
30.51
NA
30.64
28.07
29.24
30.95
NA
NA
31.99
NA
NA
29.76
25.86
31.07
NA
29.01
25.43
30.23
27.74
28.19
27.91
NA
NA
NA
31.29
27.96
30.01
28.22
NA
NA
NA
30.6
28.81
NA
NA
32.07
NA
NA
30.74
31.84
30.91
NA
NA
NA
NA
NA
26.01
NA
30.15
33.38
31.86
33.06
26.62
NA
29.01
30.62
29.59
31.66
28.85
33.45
29.55
NA
30.08
30.08
30.03
30.36
30.46
28.35
33.23
27.27
30.51
29.89
30.27
30.07
31.14
27.4
29.52
29.53
29.15
30.57
29.44
27.65
33.92
29.67
34.1
NA
28.42
NA
28.58
30.28
30.38
29.38
30.12
29.22
28.08
30.48
NA
NA
NA
NA
NA
NA
NA
NA
NA
29.51
NA
31.27
30.54
30.84
NA
30.89
31.43
NA
NA
28.8
27.22
30.38
32.34
32.04
31.04
29.72
29.87
30.3
NA
NA
30.62
NA
30.29
30.26
30.09
29.04
NA
NA
NA
NA
NA
NA
NA
30.6
NA
NA
NA
28.4
29.79
27.84
29.92
29.91
30.61
29.31
29.04
28.69
NA
30.56
30.14
31.98
30.16
29.23
29.43
30.13
32.99
33.37
32.12
29.95
31.99
28.17
29.65
25.76
NA
NA
NA
NA
NA
29.63
29.44
NA
28.68
25.59
NA
30.05
NA
31.98
29.98
31.68
NA
NA
32.89
33.92
31.36
29.05
30.15
27.78
29.53
29.42
29.48
27.41
30.87
30.81
28.05
27.87
NA
NA
NA
32.79
31.79
30.13
29.42
NA
33.38
31.26
30.51
NA
30.26
29.89
29.74
29.42
NA
NA
30.59
31.11
32.11
29.8
31.05
26.25
28.42
NA
30.51
NA
NA
NA
NA
NA
NA
30.71
28.48
29.2
27.74
28.84
26.55
25.54
29.0
NA
NA
NA
33.01
NA
31.61
32.71
29.29
NA
31.19
30.44
28.6
32.75
30.09
29.83
33.2
26.05
29.76
NA
NA
29.25
33.15
28.42
NA
NA
NA
30.07
NA
28.97
30.44
28.43
31.48
30.04
31.17
29.06
NA
30.06
29.32
29.0
29.75
29.04
35.69
29.75
NA
NA
NA
NA
NA
29.65
25.16
30.76
30.73
32.31
28.11
NA
29.67
27.42
28.98
28.28
NA
33.04
29.74
NA
NA
31.49
27.46
35.12
29.2
30.16
29.4
34.72
29.13
31.21
32.77
32.67
33.0
30.82
30.82
NA
NA
30.59
29.93
29.45
29.45
29.45
NA
NA
NA
NA
NA
NA
NA
NA
NA
29.72
28.89
32.07
30.11
31.86
29.67
30.13
29.61
27.94
33.03
28.81
35.43
NA
29.71
29.31
30.64
30.68
33.55
30.75
26.6
33.2
31.61
34.64
NA
30.14
NA
29.43
NA
29.3
30.67
NA
29.22
34.12
29.05
33.05
32.7
25.56
28.76
33.46
30.59
27.3
31.38
32.06
30.02
27.11
NA
NA
NA
NA
NA
NA
30.13
29.03
26.03
30.11
25.41
30.81
29.21
27.34
28.05
29.23
27.84
NA
30.67
28.37
29.11
30.13
30.7
30.44
31.22
28.84
29.24
29.34
28.71
30.3
30.05
28.95
28.15
29.65
29.16
29.58
28.97
27.77
29.61
28.05
29.72
30.56
31.26
29.5
29.57
NA
NA
NA
NA
29.52
NA
28.84
28.83
32.93
NA
NA
NA
NA
26.35
29.7
30.04
27.82
NA
NA
NA
NA
NA
NA
29.74
28.51
NA
NA
29.84
NA
NA
30.5
NA
28.19
29.55
NA
NA
NA
29.49
26.39
30.73
28.87
29.31
27.51
29.68
26.82
31.92
NA
NA
28.81
31.25
30.52
31.37
NA
NA
31.94
NA
NA
NA
NA
NA
NA
29.93
31.25
30.82
27.61
NA
29.36
32.68
30.69
NA
25.55
31.89
29.41
34.37
NA
NA
29.66
NA
29.26
41.22
34.52
29.85
29.33
29.03
29.13
NA
27.3
31.2
27.72
29.92
31.3
NA
NA
27.31
27.96
29.45
NA
NA
34.31
NA
NA
NA
NA
NA
NA
29.4
NA
30.22
NA
27.5
29.49
29.62
NA
30.1
29.79
31.99
31.19
31.9
26.93
30.48
30.34
31.05
28.99
NA
NA
NA
29.92
30.67
29.58
30.68
30.18
NA
NA
NA
NA
NA
NA
32.69
30.01
30.13
30.71
NA
NA
NA
NA
NA
32.97
28.52
29.45
28.85
30.0
NA
28.32
NA
NA
30.31
30.48
30.08
NA
30.04
30.34
NA
29.94
NA
28.48
28.59
28.48
28.54
29.96
32.36
29.16
NA
27.79
28.0
NA
29.79
31.49
30.62
29.4
28.7
29.89
27.7
30.68
32.49
31.1
NA
NA
NA
NA
NA
29.92
31.01
30.77
25.83
30.15
29.25
NA
NA
NA
31.34
28.95
25.85
32.0
31.08
30.21
30.05
NA
29.74
NA
NA
NA
29.86
31.28
30.54
29.92
29.16
28.66
28.47
27.79
29.69
NA
28.98
NA
29.63
33.23
29.23
29.33
30.9
30.51
28.96
27.45
30.51
29.33
29.95
28.8
33.44
32.54
30.12
33.13
28.49
32.71
29.26
30.93
29.84
30.45
32.84
28.41
29.44
29.63
29.53
29.4
29.68
29.4
NA
NA
32.24
30.94
30.74
33.35
30.28
28.85
30.89
31.4
33.64
NA
NA
NA
NA
NA
NA
27.87
29.61
NA
28.08
NA
NA
29.18
31.87
31.38
NA
32.51
30.19
32.43
32.45
29.97
NA
NA
NA
NA
NA
29.83
NA
NA
NA
NA
NA
NA
NA
NA
NA
29.97
29.67
NA
NA
NA
NA
NA
29.32
27.31
33.46
29.43
31.68
31.63
29.96
32.7
31.11
31.16
28.75
31.59
31.19
28.99
24.96
31.57
30.49
29.6
29.92
NA
NA
34.18
NA
NA
NA
NA
NA
29.18
29.9
33.05
27.45
28.44
30.44
28.74
28.74
29.24
29.34
29.54
29.44
NA
32.63
NA
30.23
34.41
31.18
29.51
29.01
NA
29.3
28.65
26.21
30.29
29.61
NA
NA
30.83
29.08
28.8
30.15
NA
34.84
NA
NA
27.91
28.08
NA
29.86
32.86
29.31
32.06
32.18
29.95
30.55
31.43
32.25
32.2
28.29
28.27
34.98
30.04
30.6
28.47
33.15
28.79
29.75
NA
28.46
28.29
33.07
33.06
NA
NA
NA
NA
NA
NA
NA
NA
NA
NA
26.88
25.2
28.6