60.44
63.19
57.19
60.25
61.27
60.04
59.1
59.37
58.79
59.68
59.2
58.96
59.11
56.38
59.06
56.73
58.2
NA
59.94
58.91
59.82
61.57
61.64
59.28
60.19
61.67
58.75
56.77
58.75
60.66
58.89
55.69
61.17
57.78
59.34
60.53
58.57
55.08
60.83
61.06
59.33
59.82
59.18
61.65
59.96
NA
57.18
58.03
58.05
58.81
59.5
58.51
59.55
58.53
58.59
59.99
61.01
60.74
58.18
60.65
56.37
59.1
54.49
55.11
55.23
61.33
60.21
58.99
54.99
58.88
NA
59.98
56.74
59.7
59.04
58.64
61.05
NA
59.14
60.28
52.98
60.97
58.74
57.32
57.8
59.87
58.81
58.86
59.92
59.77
59.25
57.56
58.78
57.96
61.29
60.04
58.0
58.23
58.08
59.18
59.19
60.66
59.41
59.26
59.52
61.11
57.98
59.07
61.87
56.72
59.12
56.67
60.01
60.61
60.47
57.78
58.96
62.28
56.99
NA
NA
NA
NA
NA
58.55
55.24
61.28
NA
57.68
NA
60.01
NA
NA
61.08
61.62
57.92
NA
NA
60.45
NA
61.61
NA
57.87
NA
58.62
57.87
57.72
59.31
60.25
56.36
56.7
NA
NA
60.71
56.22
NA
60.93
60.21
59.58
57.27
58.17
59.48
58.69
59.69
58.6
59.46
58.94
60.06
NA
NA
NA
NA
57.07
57.63
57.2
55.8
59.41
57.9
58.9
NA
NA
58.53
57.36
60.34
61.05
58.45
61.05
59.03
58.77
59.04
NA
NA
NA
NA
58.01
58.64
59.75
59.48
59.48
59.59
59.52
59.46
61.93
59.4
58.7
58.67
60.42
59.02
57.5
62.4
NA
NA
60.2
57.6
61.27
60.78
62.23
58.83
57.59
NA
56.95
57.29
60.16
59.45
59.04
59.88
58.91
NA
NA
57.32
58.75
58.26
NA
NA
60.14
58.81
NA
56.51
NA
56.55
NA
56.18
59.93
56.64
56.28
56.22
56.47
56.23
56.13
55.88
55.94
55.91
56.31
56.15
57.11
57.11
57.01
56.98
56.95
59.55
59.23
60.56
NA
NA
NA
NA
NA
58.07
61.07
59.27
NA
NA
55.56
60.02
54.78
61.01
57.2
NA
NA
NA
55.52
59.65
54.7
NA
56.95
60.37
56.83
61.11
55.99
61.19
61.92
58.19
NA
NA
55.76
59.38
61.04
58.7
NA
58.68
60.52
59.14
60.7
60.28
58.02
59.1
60.52
NA
59.06
63.22
59.88
55.02
59.82
59.74
59.27
60.27
59.07
57.87
59.91
57.01
59.89
59.71
59.67
60.1
63.71
58.11
53.11
57.5
56.15
56.53
55.33
59.63
59.83
58.35
59.35
58.46
60.52
59.95
57.16
58.43
59.83
59.72
60.08
61.84
59.26
57.86
58.01
59.09
59.33
58.08
59.32
58.29
59.01
60.01
58.77
57.37
57.44
59.44
58.54
57.04
63.02
55.68
59.74
58.01
56.84
56.95
56.35
56.84
58.94
61.09
58.15
61.06
58.12
61.94
59.07
60.27
59.21
58.29
59.11
57.8
59.36
59.18
57.15
61.95
59.65
58.45
58.88
55.8
59.53
59.71
59.36
58.39
58.5
58.85
59.22
57.92
61.97
58.82
59.97
60.36
61.32
57.4
59.22
59.92
59.48
58.38
60.56
57.09
60.29
59.69
58.29
61.29
60.09
58.59
62.04
59.8
59.35
58.75
59.12
56.79
58.48
58.98
60.78
59.58
56.99
59.44
58.04
60.01
59.36
59.94
59.71
61.85
63.7
58.1
53.1
57.56
57.75
58.34
57.91
61.56
59.26
NA
55.93
59.25
58.75
57.82
57.79
56.13
56.16
55.66
58.41
56.28
58.17
56.33
60.92
58.72
59.42
59.12
59.09
59.63
59.76
59.28
59.08
59.36
62.03
59.23
58.57
58.77
60.07
58.61
58.97
58.77
58.86
57.62
59.22
62.42
61.82
66.52
59.22
57.34
63.84
58.24
NA
59.65
55.55
59.45
55.07
58.54
58.86
59.79
60.57
59.23
58.53
60.32
59.86
59.36
54.82
55.88
59.96
NA
NA
59.39
58.75
59.3
58.88
61.24
58.77
56.0
59.93
59.52
60.74
58.07
57.79
55.69
57.39
57.49
59.77
59.42
58.75
59.51
57.85
58.39
59.82
58.54
59.8
59.2
58.2
59.53
55.77
56.73
60.76
60.27
59.79
60.76
59.24
56.12
54.98
56.55
61.4
58.88
NA
61.82
60.09
58.88
59.6
59.56
58.76
59.46
58.32
59.6
NA
59.45
62.18
58.92
61.58
58.4
59.21
57.01
56.91
56.61
58.41
56.81
59.73
58.98
59.76
60.28
58.8
58.9
59.71
59.9
57.38
58.07
59.76
56.94
59.03
57.29
59.75
60.23
58.33
59.76
60.73
58.98
59.86
57.81
59.89
52.38
57.33
59.98
58.31
59.47
58.81
58.38
61.56
60.22
57.68
55.65
62.13
59.26
57.46
59.55
60.0
NA
55.51
60.54
60.71
NA
59.2
58.6
60.48
56.82
60.67
60.38
59.16
61.36
59.4
60.51
61.63
58.23
59.68
59.72
59.21
58.66
58.66
58.26
58.86
60.35
59.95
59.34
58.35
57.07
54.71
58.59
NA
NA
59.25
55.24
61.4
59.37
60.12
61.9
59.49
58.54
59.59
59.81
60.19
58.67
58.29
58.01
60.38
58.99
58.89
58.21
60.94
58.91
58.49
58.76
59.62
58.43
58.43
59.39
58.6
58.38
60.47
58.51
60.16
62.29
61.55
58.01
60.8
61.28
59.12
56.56
58.67
60.88
59.82
59.72
56.78
56.98
NA
59.16
57.18
58.78
58.33
58.62
58.75
59.92
60.98
60.51
57.54
59.96
59.31
59.45
61.04
60.4
60.95
60.51
NA
60.6
57.9
58.7
59.11
60.02
58.82
59.53
55.6
58.92
54.49
58.9
58.15
60.82
NA
58.71
63.75
54.45
64.05
63.95
61.55
64.05
61.25
64.15
59.69
57.63
59.82
58.21
59.59
58.81
58.88
58.93
59.69
60.38
59.61
59.78
56.65
59.65
57.1
59.68
59.1
54.9
59.07
58.75
58.39
59.23
57.56
58.41
61.16
60.77
60.02
59.77
NA
60.41
58.35
58.65
60.65
59.25
58.1
59.25
58.37
59.13
55.25
60.05
59.28
59.46
NA
NA
58.89
NA
56.69
58.09
61.86
57.31
59.88
59.1
63.21
59.21
57.01
60.02
57.17
61.98
61.66
NA
56.17
57.34
57.47
59.87
60.67
60.09
60.25
57.62
59.0
60.83
58.52
56.14
60.0
59.7
59.59
57.99
60.09
59.65
59.65
59.33
60.83
60.0
60.1
57.56
59.59
62.3
57.6
55.44
60.03
61.21
60.85
60.09
57.41
59.27
60.5
59.66
60.66
NA
57.95
57.29
58.71
60.07
59.51
58.5
57.09
60.23
59.53
NA
59.89
NA
59.63
57.82
60.56
60.49
58.91
60.79
62.01
59.1
58.42
58.96
60.68
57.43
60.97
60.28
60.15
59.24
56.24
57.63
56.53
60.43
55.63
57.93
59.13
NA
62.42
59.9
62.36
59.69
60.13
56.44
59.58
58.38
57.88
59.95
60.31
58.4
61.22
58.84
58.97
54.71
59.03
59.23
57.37
60.28
NA
60.69
61.59
58.96
58.8
57.08
59.58
58.38
59.17
58.27
59.31
58.21
59.18
58.31
55.41
59.77
56.27
59.22
59.33
59.33
57.23
59.41
59.41
NA
60.73
60.13
60.2
61.45
57.87
62.02
60.62
58.12
NA
60.04
58.61
NA
61.97
NA
58.27
NA
61.59
58.73
57.75
58.69
56.69
57.0
60.96
59.03
61.76
58.92
61.43
NA
62.34
60.8
59.05
59.54
57.3
57.17
61.97
57.93
NA
NA
58.73
59.17
59.95
56.89
59.14
60.14
58.94
57.65
58.67
58.28
58.33
58.13
58.68
57.78
57.88
62.42
58.92
59.41
56.09
57.9
59.59
60.32
60.98
59.31
58.61
61.61
59.58
59.73
58.6
59.72
60.17
59.0
58.43
59.25
58.51
60.75
59.93
60.03
60.67
NA
NA
59.61
55.26
NA
59.19
57.18
56.12
57.97
60.42
59.59
61.45
62.38
59.84
60.7
59.43
59.11
57.29
57.25
NA
62.09
59.58
58.87
59.81
56.22
59.13
58.78
61.78
58.28
61.54
60.3
61.39
60.29
60.02
59.54
59.75
60.25
58.73
59.1
NA
62.25
57.65
60.95
56.45
56.72
57.58
56.07
60.83
58.66
60.03
58.13
58.79
57.71
59.42
58.44
59.07
58.49
59.29
61.05
59.32
57.89
60.53
59.65
57.64
59.5
59.93
59.09
58.44
62.45
61.58
60.08
59.13
59.32
60.02
59.64
56.18
56.54
61.24
57.87
60.22
58.64
61.44
58.44
56.39
59.84
59.87
59.69
59.78
57.77
57.61
58.24
62.94
57.42
57.8
57.36
58.33
57.52
57.2
57.07
56.9
56.85
63.31
NA
NA
NA
58.81
60.36
59.25
58.64
58.88
56.16
55.22
59.78
NA
NA
61.11
58.62
54.13
54.7
58.63
60.41
56.12
59.57
59.29
57.53
57.91
58.91
60.14
60.17
NA
NA
57.92
58.03
57.52
62.61
61.27
59.59
61.32
59.56
58.12
59.69
58.63
62.65
59.58
59.07
55.14
58.41
58.83
57.59
NA
57.8
59.72
57.31
59.95
58.4
58.89
58.46
58.87
59.25
58.09
59.49
59.16
58.08
57.97
59.38
58.7
60.15
59.39
59.41
58.04
60.21
NA
NA