178.64
176.81
174.69
175.97
177.14
177.55
177.27
176.15
177.76
178.45
177.02
NA
176.68
174.73
177.2
174.69
178.72
NA
177.17
176.64
176.92
176.93
176.53
177.95
177.36
176.76
175.78
175.33
176.91
177.23
176.52
173.88
176.08
177.0
176.62
178.02
175.93
174.31
176.77
176.5
178.3
177.41
178.67
176.66
176.47
NA
NA
179.42
173.0
176.99
177.6
173.46
177.68
177.9
177.35
178.46
176.15
175.9
177.41
178.14
175.32
178.4
174.51
174.86
NA
176.65
177.84
175.95
175.56
175.85
NA
176.24
175.04
175.82
177.2
175.33
178.19
NA
177.7
176.22
174.86
176.32
179.01
176.64
176.24
176.55
177.1
176.11
176.83
177.89
177.4
177.31
NA
176.19
178.45
177.59
177.98
178.65
176.37
178.08
178.13
177.41
180.4
180.12
180.66
177.09
177.12
180.39
179.62
173.76
180.55
174.44
176.99
178.19
179.2
177.57
176.19
177.78
174.67
179.24
177.32
176.11
177.96
174.72
178.16
174.76
NA
NA
177.66
NA
178.36
NA
NA
177.79
176.09
NA
NA
NA
176.19
NA
NA
NA
177.69
NA
178.99
177.85
174.51
NA
176.61
175.61
173.61
NA
NA
178.95
174.9
NA
NA
NA
NA
175.95
177.23
179.48
177.68
177.73
178.23
178.44
176.28
NA
NA
NA
NA
NA
178.08
174.12
176.16
176.56
177.13
NA
177.55
NA
NA
177.68
175.96
NA
176.86
NA
177.76
177.92
178.53
177.75
NA
NA
NA
NA
175.77
176.72
176.96
177.13
177.23
177.22
177.22
177.12
177.3
174.55
176.55
175.99
177.72
177.49
177.88
178.28
NA
NA
177.02
181.26
175.51
179.53
177.62
176.97
176.92
NA
180.22
174.25
177.55
NA
177.32
NA
NA
175.67
175.35
177.01
177.8
177.61
NA
NA
177.12
177.12
NA
175.23
NA
NA
179.21
175.45
179.52
176.02
176.54
176.25
175.96
176.59
176.31
175.53
175.73
175.85
175.55
174.46
NA
NA
NA
NA
NA
177.22
178.02
177.02
NA
NA
NA
NA
NA
177.98
177.11
177.51
NA
NA
NA
NA
NA
NA
NA
NA
NA
NA
NA
NA
NA
NA
NA
NA
NA
NA
176.23
NA
176.31
176.15
NA
NA
NA
NA
NA
176.95
NA
175.77
177.2
178.14
177.23
176.7
176.54
NA
NA
NA
176.29
177.91
178.56
173.24
NA
NA
176.26
175.96
176.16
179.56
NA
NA
175.6
NA
NA
NA
NA
NA
NA
NA
NA
176.5
175.2
178.0
176.9
NA
NA
NA
NA
NA
NA
NA
NA
NA
NA
NA
NA
NA
NA
NA
NA
175.83
176.14
NA
NA
176.28
177.03
176.8
178.94
177.14
177.34
176.84
NA
NA
178.26
178.32
NA
NA
175.09
176.81
179.01
NA
NA
NA
NA
NA
180.45
NA
NA
NA
NA
NA
NA
NA
179.74
176.44
177.0
177.2
177.48
175.61
174.2
173.81
176.03
178.95
NA
176.87
NA
NA
176.67
176.75
NA
178.4
177.86
177.17
NA
NA
NA
NA
176.91
174.31
179.01
176.81
178.41
175.61
179.01
178.11
176.48
NA
NA
NA
176.93
NA
NA
NA
NA
NA
NA
NA
NA
NA
176.83
NA
178.46
NA
NA
NA
NA
NA
NA
NA
178.13
177.68
176.69
NA
NA
NA
NA
176.31
179.99
175.35
177.64
175.32
178.46
178.86
172.55
175.76
NA
NA
NA
NA
NA
NA
NA
NA
177.91
NA
176.38
176.82
NA
NA
NA
178.05
177.93
178.0
176.69
179.69
NA
NA
NA
NA
NA
NA
NA
NA
NA
NA
NA
NA
NA
NA
177.43
177.48
NA
NA
NA
177.63
177.97
176.59
173.33
173.53
174.91
NA
NA
NA
NA
NA
NA
NA
NA
174.01
NA
177.85
178.84
179.43
173.68
176.58
178.18
178.18
NA
178.63
179.02
178.19
176.47
177.02
NA
177.76
178.36
176.86
178.06
NA
NA
176.7
NA
NA
177.5
NA
177.27
174.37
177.21
176.62
177.67
176.46
NA
176.58
177.27
177.93
NA
177.84
177.65
177.15
176.92
NA
NA
176.77
177.97
178.83
174.52
NA
177.45
176.24
176.06
175.17
NA
175.61
177.05
NA
177.6
177.23
177.05
176.91
177.08
176.82
177.57
178.16
176.34
176.09
174.51
178.71
179.4
178.62
177.97
179.5
174.62
NA
NA
176.46
177.0
NA
NA
179.79
176.87
177.77
177.87
177.27
NA
177.69
173.69
175.44
176.32
176.73
175.23
177.78
177.13
177.75
173.7
177.91
174.98
NA
NA
NA
177.67
NA
177.34
175.15
177.47
177.52
177.49
176.88
176.76
176.33
178.68
179.28
177.09
NA
NA
178.68
177.68
177.53
178.13
177.19
176.91
176.79
174.74
178.05
NA
NA
178.21
174.9
176.65
177.65
178.11
176.6
176.83
177.38
175.97
176.34
178.19
176.42
176.03
176.09
175.15
176.72
176.22
177.56
179.26
176.52
176.32
177.12
177.02
176.92
176.32
177.02
176.72
177.12
177.0
177.62
179.01
NA
177.26
176.35
177.28
177.41
177.76
173.07
176.69
176.45
NA
NA
177.0
179.4
NA
NA
NA
NA
176.26
177.04
177.26
177.37
178.22
178.04
NA
NA
176.91
177.77
NA
NA
NA
NA
NA
NA
NA
NA
176.1
178.29
177.39
177.92
NA
177.38
175.04
179.02
NA
174.89
178.13
175.63
178.14
175.64
177.44
178.34
176.34
177.54
179.34
177.54
175.54
176.14
176.37
176.72
176.92
176.92
176.05
NA
NA
178.49
NA
177.78
176.73
179.13
174.32
177.0
177.34
176.41
177.5
176.43
177.48
177.48
179.48
178.48
NA
177.02
177.11
177.97
NA
177.65
179.5
177.4
177.6
176.7
NA
178.12
179.97
179.89
173.9
178.01
NA
178.35
NA
NA
NA
NA
172.13
173.03
NA
177.06
177.22
180.81
177.46
176.73
174.85
177.03
175.86
NA
NA
NA
NA
NA
NA
179.12
176.02
176.75
178.1
NA
NA
NA
NA
176.58
176.51
177.55
178.09
177.69
179.09
177.47
177.69
176.37
178.84
NA
NA
173.45
178.23
178.5
177.59
NA
NA
176.82
173.67
NA
175.92
176.05
177.39
NA
NA
NA
175.16
176.13
177.27
NA
NA
176.0
175.55
177.09
179.59
NA
NA
NA
NA
NA
NA
178.43
177.41
176.85
176.47
178.04
178.86
178.22
178.44
NA
177.08
177.92
177.87
175.57
174.67
174.04
175.04
176.74
174.44
178.24
179.54
NA
177.19
178.25
177.19
179.24
178.54
172.89
175.76
NA
NA
177.76
176.4
177.25
176.54
175.7
179.86
NA
177.06
176.91
177.92
NA
NA
NA
NA
NA
176.7
173.27
NA
NA
NA
NA
NA
NA
176.02
180.29
174.61
176.08
176.06
176.41
NA
NA
NA
176.57
179.38
NA
179.38
177.75
179.13
174.63
178.1
178.71
180.21
176.91
NA
175.51
NA
NA
178.84
NA
NA
NA
176.66
NA
NA
NA
NA
177.26
177.54
177.27
178.11
177.3
176.55
NA
179.23
176.23
179.33
177.29
NA
NA
NA
NA
NA
NA
NA
176.98
179.49
175.76
177.11
175.61
NA
NA
177.5
177.17
176.18
177.28
177.53
176.83
NA
NA
177.11
177.28
173.1
NA
NA
177.95
NA
177.31
178.31
176.21
178.95
177.16
177.6
176.7
NA
176.65
176.26
175.58
176.32
178.7
175.44
178.23
175.99
NA
NA
176.56
174.32
NA
178.45
174.41
171.24
176.64
177.15
177.17
177.68
177.8
177.18
179.22
177.44
178.44
173.61
176.02
NA
NA
NA
176.58
177.71
175.45
178.18
NA
176.37
NA
176.46
NA
NA
NA
NA
NA
NA
NA
176.73
177.79
NA
177.65
175.72
177.28
173.1
NA
NA
NA
177.55
176.64
176.9
176.95
NA
NA
NA
NA
NA
176.52
175.92
178.46
177.13
NA
177.36
176.54
178.47
177.37
NA
177.32
175.25
176.29
177.66
NA
176.61
177.02
178.62
177.77
176.02
176.11
176.84
177.52
177.26
177.0
NA
176.42
175.6
178.43
175.41
176.23
178.96
176.44
178.35
176.49
176.84
176.35
176.24
176.61
176.32
NA
NA
NA
NA
NA
176.14
NA
NA
NA
177.41
177.89
176.46
177.58
178.51
175.02
NA
177.57
NA
NA
NA
NA
NA
NA
NA
174.59
176.94
NA
NA
NA
178.68
NA
178.8
NA
179.85
NA
NA
177.26
177.19
NA
175.83
176.41
NA
NA
176.32
178.83
176.72
179.87
178.5
176.68
173.67
175.4
176.97
176.92
NA
177.23
177.37
175.27
176.86
NA
NA
NA
NA
177.41
177.44
177.25
178.12
178.51
175.89
177.45
177.74
177.67
178.6
177.81
176.0
177.12
NA
NA