29.93
31.7
28.41
27.7
30.03
28.14
28.05
28.05
28.61
30.65
29.51
29.34
29.31
29.23
NA
31.98
28.8
NA
27.9
26.88
31.16
29.21
30.66
29.43
31.5
29.46
30.78
31.93
32.5
30.11
29.84
29.25
29.04
31.48
27.58
31.99
NA
28.97
30.48
30.11
30.11
NA
31.32
NA
29.44
NA
32.77
28.3
31.84
29.33
29.13
32.04
29.01
29.89
30.77
29.96
28.92
30.99
31.06
29.86
31.49
29.48
30.22
31.39
NA
28.65
29.57
NA
28.37
29.07
NA
28.73
27.86
28.58
27.81
30.8
29.98
NA
30.38
28.57
28.95
29.49
32.25
31.3
29.98
30.78
NA
30.88
30.76
30.19
29.69
29.64
30.71
31.63
30.99
NA
31.87
29.64
31.78
30.1
28.99
30.2
31.19
30.63
31.06
32.53
32.98
30.74
28.68
29.98
30.64
28.18
29.81
30.71
29.47
30.88
28.99
28.36
27.54
29.77
30.83
29.19
28.53
27.84
29.2
29.24
31.09
NA
30.55
NA
30.28
NA
NA
31.98
32.96
29.91
NA
NA
26.08
NA
NA
NA
30.37
NA
NA
32.85
29.88
28.69
30.6
31.17
30.75
NA
NA
29.48
30.76
NA
31.48
29.06
28.39
30.17
31.72
31.54
29.44
29.88
27.92
29.47
29.12
27.96
NA
NA
NA
NA
28.15
28.05
27.8
28.5
31.01
29.0
29.2
NA
NA
27.83
32.51
31.04
30.45
29.15
30.25
29.06
30.98
29.08
NA
NA
NA
NA
29.28
28.5
33.47
NA
NA
NA
NA
NA
29.92
29.2
28.6
29.98
30.56
28.45
31.5
31.5
NA
NA
30.25
31.15
NA
31.73
27.9
28.47
29.11
NA
31.48
NA
30.57
30.41
30.25
NA
29.1
31.53
NA
31.64
29.2
29.47
NA
NA
NA
31.06
NA
28.02
NA
28.27
NA
27.94
NA
29.56
NA
30.12
29.46
NA
30.13
29.93
29.84
29.8
29.71
28.86
28.85
28.85
28.92
28.95
28.96
29.73
30.23
31.28
NA
NA
NA
NA
NA
30.36
30.77
27.67
NA
NA
NA
31.03
28.27
27.14
30.7
NA
NA
NA
NA
NA
NA
NA
NA
NA
NA
NA
29.63
30.75
30.66
29.08
29.94
NA
29.35
28.52
28.98
NA
NA
28.42
30.8
29.9
31.15
28.94
28.62
29.32
31.89
NA
30.29
29.31
28.2
30.91
NA
NA
29.97
28.27
28.57
27.57
27.51
30.71
27.89
28.93
29.87
29.3
31.81
NA
28.71
30.2
NA
29.53
28.53
29.63
30.73
28.75
29.05
31.73
30.28
28.42
30.33
28.09
28.35
28.46
29.48
29.54
NA
NA
NA
NA
28.13
28.88
30.12
NA
29.71
33.51
31.2
32.72
NA
NA
NA
NA
30.93
30.28
29.49
34.25
32.72
NA
31.64
28.84
31.14
NA
NA
NA
NA
29.04
30.37
31.34
NA
NA
NA
NA
28.31
31.35
NA
NA
27.75
28.35
29.91
28.74
29.62
31.01
29.35
NA
29.95
28.15
29.72
28.62
30.37
30.92
31.17
30.23
30.63
33.62
29.92
25.72
28.28
29.98
32.29
31.11
NA
NA
NA
NA
NA
NA
29.94
29.18
28.35
29.95
29.22
31.53
30.78
30.98
28.68
30.98
30.35
28.44
30.64
30.81
29.5
31.0
27.81
29.55
31.8
32.9
28.7
29.46
29.45
30.54
27.04
31.25
31.49
NA
28.68
28.25
30.25
32.18
NA
29.31
29.52
29.41
NA
29.07
NA
30.39
28.47
29.67
28.62
30.92
29.75
27.85
30.37
28.38
31.32
28.17
31.26
29.11
NA
NA
NA
31.36
30.22
28.38
28.75
28.19
29.22
28.22
25.62
31.32
29.22
NA
NA
32.64
NA
29.65
28.85
29.95
28.69
30.04
28.46
NA
31.67
28.53
29.93
NA
27.1
27.97
30.62
29.21
30.81
NA
NA
29.82
29.31
28.98
29.46
31.05
30.6
28.6
28.53
31.19
30.88
31.66
27.39
28.19
27.99
27.89
28.25
31.89
31.94
28.89
28.63
27.7
29.42
29.61
33.3
30.1
31.2
29.3
NA
NA
30.94
31.34
30.91
30.94
28.24
29.92
29.54
29.5
30.89
31.36
NA
32.22
30.39
28.68
31.51
31.06
31.46
31.86
28.47
28.8
NA
28.73
31.42
29.82
29.71
30.34
NA
NA
NA
NA
NA
NA
27.61
31.81
29.49
30.77
29.91
29.17
30.15
30.28
32.9
28.63
28.9
33.87
29.03
28.67
30.15
30.07
32.39
30.34
29.91
30.96
29.61
29.91
30.18
29.18
29.3
30.39
28.42
29.6
29.51
28.37
25.56
30.54
31.78
31.45
31.22
28.93
29.13
28.94
30.94
29.34
NA
30.28
29.93
NA
28.2
30.3
31.18
34.94
30.88
28.68
30.55
31.14
29.59
30.49
32.03
27.07
28.26
29.21
NA
29.96
29.06
30.06
28.66
30.05
28.05
NA
30.24
32.41
NA
31.34
NA
NA
30.05
29.08
29.99
28.87
32.74
29.66
29.42
28.19
NA
30.43
30.06
29.77
28.47
29.0
28.68
29.33
28.26
29.7
30.63
27.78
27.73
29.2
27.86
27.97
28.18
28.09
28.03
28.36
30.37
29.89
28.24
30.18
29.35
29.56
29.8
31.58
33.36
28.66
28.3
NA
29.22
32.22
30.98
30.18
NA
27.83
28.11
29.18
28.97
31.59
30.13
30.02
29.16
31.24
31.04
29.25
31.17
30.15
31.32
29.69
31.16
29.42
NA
32.2
29.8
NA
26.61
30.62
29.02
28.66
28.64
30.95
27.46
28.26
28.75
29.76
NA
28.48
30.95
30.05
31.75
30.45
30.65
30.35
NA
31.35
28.63
28.05
29.35
28.71
NA
NA
29.31
30.4
29.09
29.28
NA
NA
31.89
28.24
31.35
29.56
29.29
29.93
27.63
28.92
NA
29.38
28.4
28.72
31.22
29.6
30.01
NA
NA
29.01
29.95
30.95
30.65
29.45
28.74
28.62
28.33
28.72
28.01
31.75
26.08
30.1
NA
NA
28.53
NA
31.29
28.09
28.86
30.91
29.14
29.14
31.09
29.0
NA
29.59
33.33
NA
29.97
33.2
NA
30.84
30.13
29.67
28.67
31.67
30.84
29.81
29.02
NA
29.44
31.64
30.66
29.72
30.79
34.79
28.19
28.98
29.29
29.61
NA
28.0
29.3
29.7
30.62
30.48
30.06
31.64
30.7
29.47
30.51
NA
32.05
28.95
31.7
28.36
30.86
NA
29.1
27.68
28.49
30.82
30.82
30.54
29.07
28.13
30.13
NA
30.96
NA
27.54
29.14
27.4
29.92
30.81
30.81
32.1
29.93
30.56
29.44
29.96
30.09
31.43
30.38
30.06
NA
32.04
27.87
31.33
30.23
29.73
29.13
28.13
NA
31.42
30.13
31.26
30.59
30.93
28.64
NA
30.38
33.08
27.75
30.11
28.52
30.71
27.71
28.61
NA
29.83
30.41
31.57
32.43
30.04
30.69
31.09
29.66
28.19
NA
28.38
29.78
28.17
29.97
28.21
30.21
28.45
27.45
29.28
28.81
30.64
29.02
29.16
28.43
29.03
30.2
31.11
NA
NA
30.67
30.23
28.82
29.5
32.52
30.72
30.72
NA
27.88
NA
NA
NA
NA
NA
NA
29.04
28.93
31.4
NA
NA
29.32
29.07
33.02
31.26
28.45
31.11
NA
31.74
30.86
30.32
30.34
32.32
30.47
29.77
28.18
NA
NA
29.83
30.31
31.3
30.51
29.94
29.64
27.89
32.83
NA
NA
NA
NA
NA
NA
NA
27.3
29.93
29.79
30.19
28.6
31.0
30.12
29.49
29.71
29.21
31.61
30.55
29.97
27.88
30.25
30.11
30.04
27.71
27.9
28.64
29.91
29.82
27.91
30.46
NA
NA
NA
31.02
NA
28.93
28.64
29.25
NA
30.67
31.24
30.02
30.29
29.95
31.6
29.11
29.29
29.39
NA
NA
28.99
29.28
29.72
30.09
30.31
29.74
27.89
31.07
28.95
32.44
30.19
29.79
30.15
NA
30.56
30.15
29.91
28.57
28.0
NA
27.26
31.91
30.7
29.7
29.07
31.97
28.32
30.63
30.3
30.96
34.64
29.38
29.88
28.72
28.54
31.39
28.39
27.79
30.02
30.99
28.49
28.23
29.81
30.4
32.26
29.92
30.83
29.84
30.81
31.13
32.09
28.24
31.54
29.94
28.15
28.47
30.5
30.75
29.25
29.35
31.54
30.94
29.74
33.81
29.61
27.8
27.57
31.68
32.5
28.66
31.23
30.47
31.23
NA
NA
NA
NA
NA
NA
NA
NA
31.4
NA
NA
NA
28.91
29.44
28.04
29.48
29.92
32.01
28.14
NA
NA
NA
31.27
29.24
28.31
29.3
31.63
31.49
31.14
30.41
29.21
30.31
33.31
30.09
30.04
27.87
NA
NA
30.8
29.78
30.41
32.5
28.79
28.25
28.67
28.11
27.19
29.68
29.95
30.53
27.26
29.97
29.25
28.35
28.47
29.11
NA
33.08
28.92
29.66
29.33
29.99
32.37
29.89
32.23
30.79
28.86
28.96
30.55
28.91
30.17
29.56
28.72
27.77
28.01
28.95
28.59
30.11
NA
NA