175.98
175.28
174.08
176.49
175.61
175.31
174.61
175.79
175.9
174.82
175.61
175.09
173.82
NA
175.26
175.12
173.56
174.88
174.25
NA
175.34
173.26
175.78
175.61
174.04
175.48
175.19
174.46
174.2
174.37
175.8
171.41
172.77
173.55
175.12
173.07
175.02
175.33
176.05
173.84
174.76
174.07
173.48
173.4
175.2
175.08
171.96
175.81
173.73
175.16
174.91
175.39
174.21
174.4
174.39
NA
174.19
175.49
175.44
174.08
175.01
174.22
177.76
175.49
175.61
175.78
173.46
174.56
175.84
174.09
174.64
174.7
173.49
172.85
176.25
NA
173.75
175.12
174.52
174.51
NA
176.25
175.86
174.78
174.33
174.45
175.4
173.11
174.99
174.97
176.73
175.18
177.12
173.39
175.38
173.85
173.66
174.49
174.24
175.04
NA
175.04
172.98
173.22
174.31
172.42
174.76
176.3
174.12
171.82
174.8
172.76
176.51
174.33
172.75
174.39
173.08
174.3
175.99
172.85
172.88
174.35
172.51
172.6
173.81
172.12
176.5
173.38
176.11
175.07
173.97
174.91
174.81
175.13
172.35
174.63
175.17
174.66
174.16
173.86
175.85
172.56
177.19
173.71
176.0
176.57
174.92
172.9
173.48
177.15
174.08
174.06
173.02
175.42
174.9
174.38
174.51
173.05
176.15
174.94
173.26
NA
174.75
175.06
171.95
175.83
175.45
174.93
174.25
175.85
175.5
173.31
174.6
173.86
173.92
175.39
NA
NA
174.5
174.21
174.86
175.74
174.16
174.47
174.23
NA
NA
173.75
173.73
174.99
174.79
173.82
175.98
175.44
175.86
174.81
175.04
176.04
174.53
174.29
NA
174.36
175.42
174.21
174.41
NA
NA
176.37
174.3
177.07
174.71
176.46
NA
174.56
174.92
173.52
173.95
173.57
NA
NA
NA
175.54
176.27
175.66
175.43
175.26
176.49
176.19
174.03
176.16
174.75
174.3
174.18
175.1
173.53
NA
NA
175.49
174.26
176.88
174.21
174.48
173.11
174.81
176.97
173.94
173.47
175.39
174.37
175.93
172.72
173.97
174.67
176.52
174.98
174.36
175.27
174.54
176.33
174.5
176.31
174.12
175.74
175.04
174.21
NA
NA
NA
NA
NA
NA
176.07
175.08
NA
175.68
175.31
174.14
175.33
172.51
175.05
175.56
177.0
178.85
175.38
174.89
176.29
173.86
175.54
NA
176.79
174.31
174.31
174.39
177.48
174.56
175.42
177.35
172.48
NA
NA
174.24
173.91
173.28
NA
174.84
173.34
175.1
174.49
174.06
174.47
174.06
174.12
174.89
174.42
171.74
174.75
172.76
174.47
172.93
174.62
175.23
174.7
175.7
175.43
NA
174.16
NA
175.48
174.98
173.53
172.63
NA
174.51
174.75
175.44
174.96
176.45
176.68
175.15
172.71
172.69
175.63
174.3
175.55
175.92
NA
176.34
172.81
176.11
175.29
174.71
NA
174.95
175.94
NA
NA
174.76
NA
174.52
173.62
173.55
175.65
NA
176.47
172.06
175.91
174.28
173.46
173.67
175.47
172.53
176.77
175.33
175.71
173.6
175.28
174.71
172.34
173.97
173.24
174.02
175.25
173.03
175.31
174.51
173.9
175.52
173.6
174.19
173.21
172.97
173.84
174.37
173.32
176.26
172.78
173.83
174.45
174.6
174.53
173.66
174.72
173.94
175.06
174.21
173.48
175.67
174.81
175.75
174.51
175.15
177.7
173.87
174.05
173.52
175.3
173.06
173.95
175.02
173.79
174.16
173.15
176.07
175.23
175.91
172.96
174.12
175.84
176.49
175.06
176.27
175.53
177.43
176.73
174.65
174.71
173.91
174.62
173.37
174.17
175.99
176.52
NA
NA
NA
175.09
172.25
174.88
173.0
173.66
176.32
174.66
174.71
176.16
173.38
175.14
175.35
176.31
174.98
175.28
173.81
NA
175.31
174.34
175.59
174.4
173.8
174.96
173.72
171.09
174.84
174.82
NA
171.99
171.4
172.87
174.8
175.01
173.88
173.52
176.82
176.24
174.61
174.71
175.11
176.37
173.2
174.24
175.75
174.6
172.72
175.05
174.99
170.87
174.59
173.81
175.74
173.31
173.93
174.53
174.09
173.1
176.37
173.91
174.17
173.89
176.46
174.67
174.52
175.29
175.32
175.31
174.36
173.3
175.31
174.32
175.75
174.82
175.35
176.68
175.99
176.57
175.9
176.55
175.92
176.64
175.92
176.45
175.81
175.73
172.01
174.82
175.0
175.78
176.38
174.73
NA
176.19
174.73
174.41
NA
174.81
NA
174.51
173.69
176.01
175.92
175.08
172.93
174.75
175.48
173.48
174.46
171.31
175.01
173.3
173.99
NA
173.9
175.28
175.17
174.49
176.73
173.74
175.81
174.07
174.5
174.06
175.26
NA
NA
175.76
173.95
174.62
173.89
176.03
NA
NA
NA
NA
NA
NA
NA
NA
NA
NA
NA
NA
NA
NA
174.49
174.65
NA
NA
NA
NA
NA
NA
NA
175.4
175.9
175.4
174.1
175.7
174.65
176.15
172.2
NA
173.15
174.49
176.08
NA
NA
NA
172.83
176.39
174.17
175.27
176.36
175.91
NA
NA
NA
176.16
173.77
175.67
174.13
175.89
175.61
NA
NA
175.3
174.6
174.4
175.0
175.3
NA
NA
NA
NA
NA
NA
NA
174.87
176.23
175.11
175.38
NA
174.07
174.57
176.17
174.37
NA
NA
NA
NA
NA
NA
NA
NA
NA
NA
175.44
176.06
174.56
175.36
174.76
171.83
177.19
175.67
174.8
174.25
175.75
173.75
172.75
174.15
174.85
176.27
174.87
174.65
175.38
NA
NA
NA
NA
176.0
175.91
176.37
174.67
175.41
NA
176.16
NA
NA
NA
NA
175.53
174.32
174.27
177.97
174.67
175.67
172.37
175.07
174.18
175.14
175.5
175.14
175.18
174.22
174.93
173.53
175.13
172.34
174.01
174.98
173.47
176.1
173.23
174.47
174.14
174.65
176.08
NA
NA
174.72
175.63
175.98
173.38
176.01
173.14
174.37
174.05
171.98
174.81
175.6
176.52
174.07
175.07
174.87
175.95
174.13
176.43
172.33
176.73
178.03
172.43
172.33
175.73
172.53
173.53
175.33
176.13
176.13
175.93
172.23
176.73
178.03
172.33
172.33
175.83
172.53
173.43
175.23
176.13
176.13
175.93
172.32
176.72
178.02
172.42
172.32
175.72
172.52
173.42
175.32
176.12
176.12
175.82
172.32
176.72
178.02
172.52
172.32
175.72
172.52
173.42
175.32
176.02
176.02
175.82
171.92
176.92
178.02
172.92
172.02
175.42
173.12
173.72
175.42
175.72
176.02
175.72
NA
173.79
174.21
174.25
174.94
173.78
172.98
NA
NA
178.09
174.95
173.94
176.68
176.52
175.7
173.86
174.68
174.33
176.33
172.99
175.91
173.96
176.59
174.63
172.01
NA
176.35
176.45
176.31
174.13
174.9
NA
174.58
NA
175.41
175.65
176.96
173.91
176.4
NA
173.48
173.29
175.17
176.66
174.89
NA
174.98
174.23
175.1
174.17
176.37
174.58
176.86
176.02
175.72
176.32
174.74
173.01
176.5
173.96
175.64
174.18
175.57
175.8
175.9
172.32
176.09
173.72
174.79
174.79
174.5
176.44
NA
NA
174.13
173.58
176.3
174.86
NA
NA
NA
NA
NA
175.56
174.66
175.66
NA
NA
NA
176.0
174.5
173.11
175.18
175.04
175.06
177.86
175.14
176.57
NA
NA
NA
NA
176.05
175.55
175.25
175.29
175.99
175.42
174.85
175.48
NA
NA
NA
NA
NA
NA
NA
NA
173.48
176.96
175.46
173.85
NA
175.06
177.86
175.14
176.57
NA
NA
NA
NA
176.03
173.48
NA
173.56
174.14
176.17
173.65
177.16
173.51
172.75
174.68
174.54
175.11
176.42
174.81
173.71
176.24
175.24
175.74
NA
NA
NA
NA
NA
NA
NA
NA
NA
NA
NA
NA
NA
NA
NA
NA
NA
NA
NA
NA
NA
NA
NA
NA
NA
NA
NA
NA
NA
NA
NA
NA
NA
173.31
175.51
175.52
175.96
174.13
174.48
175.73
174.29
173.88
176.0
174.56
174.15
NA
NA
NA
NA
NA
NA
NA
NA
NA
NA
NA
171.45
NA
170.85
170.92
174.26
174.46
175.44
174.47
175.27
172.2
174.23
175.68
174.43
175.33
NA
NA
172.29
174.12
175.8
172.08
174.85
175.41
174.16
175.06
NA
NA
NA
NA
NA
NA
NA
NA
NA
NA
NA
NA
NA
NA
173.56
173.49
NA
177.66
176.22
175.62
175.62
NA
NA
NA
NA
NA
NA
NA
NA
NA
NA
NA
NA
NA
NA
NA
NA
NA
174.34
174.26
NA
174.78
176.1
NA
176.41
175.42
NA
174.9
176.3
NA
NA
NA
NA
NA
NA
NA
NA
NA
174.47
175.04
NA
173.96
177.14
176.9
175.09
175.4
175.09
176.33
NA
NA
NA
NA
NA
172.02
NA
NA
NA
NA
NA
NA
NA
NA
NA
175.95
175.4
173.78
NA
NA
NA
176.54
175.3
170.96
174.09
175.05
170.47
174.45
174.55
NA
174.41
175.95
176.38
174.25
174.19
174.37
NA
NA
NA
NA
NA
NA
NA
NA
NA
NA
178.63
178.02
178.84
178.39
177.7
177.93
178.06
178.38
175.94
NA
175.94
NA
174.61
175.04
NA
NA
176.6
NA
NA
175.14
175.55
172.75
NA
NA
NA
NA
NA
173.28
174.88
174.38
179.48
173.78
175.04
171.95
176.0
175.33
173.85
175.57
175.76
175.26
174.59
172.14
NA
175.04
173.94
NA
177.84
175.84
174.75
177.79
NA
NA
NA
NA
NA
NA
173.16
175.92
176.31
172.53
173.63
174.71
NA
NA
NA
176.04
173.74
NA
172.74
177.34
176.44
174.64
NA
NA
NA
NA
NA
176.16
NA
176.17
NA
176.24
173.94
175.14
172.84
174.04
175.74
173.94
176.74
174.84
174.88
173.28
175.98
NA
NA
NA
NA
NA
NA
NA
173.84
173.14
172.64
175.14
170.64
176.74
173.84
175.07
177.87
175.07
176.47
175.13
177.93
174.53
176.03
177.43
NA
175.8
175.4
173.8
175.7
175.4
173.7
175.16
173.86
174.46
173.61
176.44
176.18
175.05
177.34
174.12
175.82
177.03
175.85
174.15
NA
175.0
NA
NA
NA
NA
NA
NA
NA
NA
NA
NA
NA
NA
174.49
175.09
172.59
172.95
173.85
173.25
175.15
173.55
NA
NA
NA
NA
NA
NA
NA
NA
NA
171.84
176.04
173.64
173.85
175.25
171.55
176.91
174.41
NA
NA
NA
NA
NA
175.2
171.3
172.7
174.1
174.8
175.3
175.3
NA
173.15
175.45
NA
NA
NA
NA
NA
173.63
NA
172.23
177.34
173.94
174.34
176.14
175.05
174.85
175.65
175.85
174.35
176.35
175.35
NA
NA
NA
NA
NA
NA
NA
NA
NA
NA
NA
NA
NA
NA
NA
NA
175.72
175.72
176.32
174.02
172.92
NA
176.53
175.67
174.89
NA
174.58
174.48
NA
173.88
NA
NA
NA
NA
NA
NA
NA
NA
NA
NA
NA
173.92
175.72
176.32
174.02
NA
174.94
175.0
175.87
174.62
175.5
175.39
175.29
NA
NA
NA
NA
NA
NA
NA
NA
NA
175.56
173.89
174.61
NA
NA
174.84
174.1
174.35
173.63
174.05
NA
NA
173.15
177.05
176.05
NA
176.08
176.39
175.81
172.78
174.27
175.6
175.92
177.86
173.55
174.25
172.35
177.95
174.45
175.83
178.46
NA
NA
NA
NA
NA
NA
175.25
173.25
174.35
173.15
174.55
175.48
NA
175.48
NA
NA
NA
NA
NA
NA
NA
NA
NA
NA
NA
175.65
174.95
175.35
NA
NA
NA
NA
174.44
176.94
175.14
174.35
177.32
176.6
176.54
176.63
178.16
NA
173.9
173.08
174.52
172.88
176.4
174.04
175.57
175.16
175.63
174.31
175.05
176.21
174.97
NA
NA
NA
NA
NA
NA
173.12
174.32
176.12
173.42
174.35
174.35
175.25
173.95
174.75
175.85
173.75
175.57
NA
NA
175.25
174.65
171.15
NA
174.79
171.22
173.83
173.76
172.94
175.67
176.56
174.59
174.72
175.21
178.15
173.58
175.32
173.75
173.87
174.86
173.72
175.1
176.96
174.57
174.83
170.76
177.02
174.81
177.29
177.5
174.9
175.18
177.17
NA
NA
NA
NA
NA
NA
NA
NA
NA
NA
173.05
176.11
174.64
174.34
173.95
176.62
174.3
174.6
173.22
176.62
174.3
175.5
176.06
177.67
174.86
173.47
174.77
173.12
173.68
174.25
173.38
173.52
174.4
174.36
174.97
175.23
174.28
NA
174.67
176.0
176.33
172.13
174.28
171.95
174.52
174.64
NA
NA
NA
NA
NA
NA
173.78
173.98
175.48
175.08
174.58
172.88
NA
NA
NA
175.5
176.0
175.69
173.46
NA
173.79
174.87
175.48
174.84
173.97
NA
NA
NA
NA
NA
NA
NA
NA
NA
NA
NA
NA
NA
NA
NA
NA
NA
175.74
NA
NA
NA
173.06
174.54
174.29
173.15
176.15
175.45
NA
NA
NA
NA
NA
172.15
173.03
NA
NA
175.61
NA
NA
NA
NA
NA
NA
NA
NA
NA
NA
NA
NA
NA
NA
174.88
NA
NA
NA
NA
174.15
NA
173.27
175.63
176.07
174.64
172.49
174.86
NA
NA
NA
NA
NA
NA
NA
NA
NA
NA
NA
NA
NA
NA
NA
NA
NA
NA
NA
174.39
172.95
175.53
174.79
172.51
175.83
173.79
173.53
176.79
175.11
175.4
175.6
177.0
174.5
175.5
175.7
172.0
NA
176.12
174.43
NA
176.65
175.45
NA
175.55
NA
NA
173.83
NA
174.15
NA
173.27
175.63
176.07
174.64
172.49
174.86
NA
NA
NA
NA
NA
NA
NA
NA
NA
NA
NA
175.26
174.36
NA
NA
NA
NA
NA
173.56
174.08
172.6
176.25
173.0
173.89
173.77
176.73
173.4
176.08
176.1
172.84
176.06
175.11
174.64
174.97
173.49
175.87
174.47
174.61
174.61
172.99
175.71
NA
NA
NA
NA
NA
175.15
174.38
174.61
174.63
NA
NA
NA
NA
NA
NA
NA
NA
NA
NA
NA
NA
NA
NA
175.18
173.82
175.08
175.48
176.83
173.5
173.96
177.98
173.98
NA
NA
NA
NA
NA
174.29
NA
NA
175.27
172.43
174.11
174.65
173.69
172.89
176.73
NA
NA
NA
173.1
172.3
173.58
176.48
176.28
174.98
NA
176.08
177.01
176.78
174.57
172.57
174.27
174.26
176.96
176.26
NA
NA
174.66
173.24
174.71
176.54
174.62
177.15
173.66
NA
175.06
NA
NA
174.83
175.47
173.72
172.59
175.35
171.25
NA
176.05
173.05
NA
NA
177.23
NA
174.28
174.79
173.87
175.16
175.55
172.21
173.27
175.3
175.34
NA
NA
177.21
NA
NA
NA
174.6
176.01
175.58
173.98
175.18
174.91
174.76
175.32
177.13
174.29
NA
175.86
175.97
173.86
175.1
174.81
174.69
175.26
176.67
174.26
NA
NA
NA
NA
NA
NA
NA
NA
NA
NA
NA
NA
NA
174.3
174.5
177.4
NA
175.31
172.15
173.03
174.52
174.99
175.19
176.92
175.73
NA
173.81
173.13
NA
NA
NA
NA
NA
NA
NA
NA
NA
173.62
173.38
172.86
172.13
NA
NA
NA
NA
NA
NA
NA
NA
NA
NA
NA
NA
NA
NA
NA
NA
NA
NA
173.25
174.89
175.83
175.58
NA
NA
NA
NA
172.97
174.37
173.37
174.47
173.18
NA
NA
173.42
175.04
176.54
173.96
176.76
176.16
173.66
172.16
174.76
175.55
174.24
175.04
173.55
NA
NA
NA
NA
NA
NA
NA
NA
NA
NA
NA
NA
176.09
173.44
178.75
174.81
173.4
175.93
175.79
174.53
174.1
176.21
175.23
173.54
176.07
176.15
NA
178.18
NA
NA
176.28
176.38
177.18
176.48
178.08
174.38
174.88
174.78
174.77
171.07
173.87
173.67
172.97
175.67
176.67
174.57
174.57
175.27
177.87
174.87
171.07
173.87
173.77
172.77
175.77
177.77
174.67
174.57
175.17
177.17
NA
NA
NA
NA
NA
NA
174.64
174.73
175.0
175.15
175.75
175.65
177.75
175.75
NA
175.55
173.75
NA
174.43
174.52
NA
NA
173.64
175.05
174.78
176.62
174.22
174.7
173.9
174.3
174.62
NA
NA
NA
NA
NA
NA
NA
NA
NA
NA
NA
NA
173.27
175.37
177.87
174.97
174.67
174.47
175.17
174.87
174.27
NA
NA
NA
NA
NA
NA
174.9
174.61
NA
NA
NA
NA
175.24
175.24
174.94
NA
NA
176.01
NA
NA
NA
NA
NA
NA
NA
174.03
173.63
175.53
NA
NA
175.15
174.76
176.76
174.62
175.8
174.0
173.6
170.72
176.64
173.12
174.66
172.89
176.69
174.53
NA
175.03
174.73
173.33
174.23
176.43
174.63
175.63
NA
NA
NA
NA
NA
NA
NA
NA
174.35
175.74
NA
NA
NA
NA
177.22
NA
NA
NA
NA
175.14
174.94
174.38
174.5
174.24
174.26
175.03
NA
174.35
175.55
175.05
174.05
173.91
171.11
176.01
172.01
175.21
172.61
175.11
173.81
172.08
176.64
177.93
172.23
172.18
175.65
172.46
173.23
175.13
175.83
176.02
172.58
175.05
174.58
172.72
176.08
175.1
175.42
175.07
174.4
172.68
176.28
NA
175.52
175.33
174.22
174.75
174.57
175.06
176.25
174.16
175.29
175.37
170.48
175.51
174.88
177.16
176.82
NA
NA
NA
NA
NA
NA
NA
NA
NA
172.27
175.81
173.99
175.08
173.85
175.24
174.54
175.47
174.29
172.43
173.91
173.62
175.61
174.61
174.21
173.6
174.9
174.0
173.7
175.4
173.13
173.9
173.28
NA
176.26
174.86
174.56
175.36
176.32
175.69
175.88
NA
171.61
176.17
176.6
NA
173.94
174.68
173.66
176.71
177.12
173.76
175.04
NA
NA
NA
173.22
174.81
173.75
174.74
175.94
NA
NA
175.95
175.45
175.37
NA
NA
174.11
173.47
174.15
173.78
174.55
174.73
NA
NA
NA
NA
NA
NA
176.69
174.04
NA
175.33
NA
NA
NA
NA
NA
174.52
173.83
175.75
173.86
174.19
175.34
175.04
175.64
NA
173.31
173.54
178.34
175.8
175.14
174.79
175.8
171.46
174.29
176.06
173.22
174.81
176.9
176.46
177.28
174.55
175.31
174.0
175.65
NA
174.53
174.67
174.51
175.82
176.05
174.74
NA
175.93
176.13
175.58
176.48
174.98
175.33
172.45
172.75
173.11
172.73
174.67
173.67
175.97
173.87
174.0
176.24
NA
174.47
173.95
174.06
175.22
NA
173.53
174.11
NA
175.05
NA
NA
NA
NA
NA
NA
173.58
173.68
172.73
176.93
174.53
175.13
NA
173.43
174.23
173.73
NA
NA
175.33
176.09
175.39
175.59
175.31
173.0
174.04
174.25
175.1
177.04
176.28
NA
172.54
175.34
174.54
173.74
NA
NA
NA
NA
172.84
176.06
NA
174.64
174.97
173.49
175.87
174.47
174.61
174.61
175.89
175.39
176.19
174.69
175.43
174.73
NA
NA
NA
NA
NA
NA
NA
NA
NA
NA
NA
NA
NA
NA
NA
NA
NA
174.27
173.67
174.27
176.07
175.17
171.07
174.47
176.77
NA
175.94
175.55
173.23
173.19
174.71
175.31
179.31
173.51
173.96
NA
175.1
174.5
175.5
173.1
173.36
174.94
174.05
174.92
NA
NA
NA
NA
NA
NA
NA
NA
NA
NA
NA
NA
175.46
172.86
175.76
174.66
174.75
175.35
179.45
173.75
175.18
176.18
176.08
174.18
176.58
173.98
173.68
175.28
NA
NA
174.08
176.78
174.73
174.71
174.08
174.62
176.33
175.23
173.03
175.3
175.49
NA
175.79
175.24
175.34
175.49
172.69
174.94
178.04
175.64
175.64
174.75
176.8
173.69
176.04
171.9
175.48
177.03
175.78
NA
NA
NA
NA
174.15
174.89
NA
174.24
175.65
175.79
175.01
NA
171.8
176.18
NA
175.54
173.25
173.62
175.52
175.52
175.72
NA
172.36
175.56
173.46
174.96
176.56
175.06
176.26
173.68
175.48
174.99
175.01
175.9
177.68
173.85
175.61
175.48
NA
NA
176.26
175.86
NA
175.6
173.44
174.8
174.42
176.27
176.17
NA
NA
NA
NA
NA
NA
174.65
173.35
175.25
174.45
173.7
175.45
175.35
175.31
175.2
175.25
175.37
175.93
175.93
177.23
173.49
174.83
NA
NA
NA
NA
NA
NA
NA
NA
NA
NA
NA
NA
NA
NA
NA
NA
NA
NA
NA
NA
NA
NA
NA
175.5
174.71
172.18
173.46
178.91
174.11
NA
NA
NA
NA
NA
NA
NA
NA
NA
NA
175.37
174.97
174.97
175.17
175.27
174.97
173.07
NA
NA
NA
NA
NA
173.25
175.85
173.52
NA
NA
NA
NA
175.84
NA
175.86
175.07
173.87
NA
174.77
173.77
175.27
174.07
176.17
175.67
175.65
NA
172.85
176.0
NA
176.9
175.7
NA
NA
NA
NA
NA
NA
NA
NA
NA
NA
171.54
175.26
176.53
176.04
174.46
175.93
NA
NA
NA
174.5
176.13
175.23
175.09
173.18
175.61
175.99
175.19
173.49
172.89
174.59
175.09
174.19
172.59
174.94
174.09
NA
NA
NA
171.74
170.8
NA
NA
NA
NA
NA
NA
NA
NA
175.49
174.27
176.62
176.68
NA
172.4
175.62
176.06
176.88
174.21
170.96
NA
NA
NA
NA
NA
174.56
173.46
177.92
177.31
177.04
180.68
NA
NA
NA
NA
NA
174.91
174.33
174.74
175.44
173.55
173.73
172.72
174.0
174.25
175.58
174.5
173.92
173.26
173.78
176.98
175.66
NA
NA
NA
173.3
175.75
175.43
175.36
NA
173.4
176.21
172.91
175.91
174.91
173.81
176.31
174.51
175.61
175.51
174.21
177.11
174.38
175.48
174.48
174.38
176.18
174.08
176.98
176.44
173.63
176.79
176.5
174.8
177.59
174.85
174.89
174.08
NA
173.46
177.23
174.76
174.98
174.83
175.46
176.23
NA
NA
174.72
174.36
176.78
176.2
NA
NA
174.73
174.69
175.28
175.2
177.13
NA
NA
175.03
175.73
NA
175.63
175.94
173.81
173.81
NA
NA
NA
NA
NA
NA
NA
NA
NA
NA
NA
NA
173.99
176.54
174.58
174.48
175.48
175.58
175.88
NA
NA
NA
NA
NA
NA
NA
NA
NA
NA
NA
NA
NA
NA
NA
NA
NA
NA
NA
175.89
NA
NA
175.83
NA
175.08
173.66
176.83
175.75
175.05
172.65
175.45
175.32
175.04
174.17
173.81
178.68
177.0
180.39
175.83
174.88
NA
174.6
177.09
NA
171.07
176.51
174.79
176.86
174.57
177.7
177.33
174.52
174.8
174.85
NA
175.18
175.53
NA
NA
NA
NA
NA
NA
NA
NA
NA
171.39
176.21
174.64
169.66
170.51
174.86
174.67
174.4
NA
170.91
173.91
178.01
NA
NA
174.28
174.37
175.62
175.79
174.39
NA
174.89
176.49
173.99
175.29
175.79
175.09
NA
174.2
174.1
177.28
173.98
176.33
174.53
175.43
175.73
175.13
172.2
172.5
175.3
174.5
174.66
175.06
NA
NA
NA
174.29
174.39
175.09
172.59
177.23
174.53
NA
NA
NA
NA
NA
173.16
174.06
174.86
174.16
173.16
177.25
173.95
176.31
175.09
176.6
175.13
172.98
175.48
176.42
174.02
NA
174.11
NA
174.62
174.89
174.62
173.02
NA
NA
NA
NA
NA
NA
NA
NA
NA
NA
NA
NA
NA
NA
NA
176.07
175.73
176.14
175.67
175.79
175.43
173.88
176.28
176.31
174.89
177.05
175.86
174.51
174.6
174.1
NA
NA
174.18
171.68
174.12
173.43
174.58
174.62
176.09
176.03
173.97
173.87
176.37
177.37
175.57
173.97
174.61
175.51
175.61
174.11
176.01
NA
NA
NA
171.6
173.73
175.53
170.59
174.59
172.79
173.59
175.99
173.32
175.12
174.12
172.22
173.42
173.72
174.8
175.12
174.88
173.65
177.33
174.29
174.01
175.01
NA
176.01
173.88
174.13
173.82
176.58
NA
NA
NA
NA
NA
NA
NA
NA
176.2
175.76
176.87
174.3
NA
NA
NA
NA
NA
NA
NA
174.61
176.37
174.87
172.77
174.18
175.2
176.22
174.55
NA
174.04
174.78
172.91
173.93
173.75
NA
NA
179.16
172.86
174.16
174.56
174.21
175.51
174.54
174.36
175.21
NA
NA
NA
NA
NA
173.21
173.42
175.68
174.6
175.07
173.43
174.21
174.37
174.8
NA
175.97
176.17
177.47
178.37
174.57
178.07
175.97
175.21
175.92
174.9
174.93
NA
176.21
174.45
174.0
173.76
174.62
176.12
NA
NA
175.74
NA
175.98
172.09
175.49
175.09
172.89
174.39
NA
NA
NA
NA
NA
NA
NA
NA
175.01
174.71
175.32
175.6
173.53
174.35
176.39
173.72
174.78
172.55
175.72
175.5
174.5
174.51
173.24
174.8
173.32
NA
NA
NA
NA
177.15
175.25
174.61
175.41
172.79
175.71
174.45
175.87
174.52
175.69
174.79
175.19
174.69
173.79
174.06
172.74
174.95
175.06
174.2
173.46
176.63
NA
175.26
174.36
175.26
174.96
173.76
175.05
174.4
175.79
174.09
NA
175.59
173.94
175.87
174.48
174.43
176.99
172.48
173.91
175.07
172.87
172.93
174.06
174.37
174.65
175.07
173.48
176.37
170.15
176.6
174.11
174.44
NA
174.78
174.67
175.27
173.85
177.35
172.15
174.55
173.95
174.43
173.5
173.63
174.1
172.84
172.53
175.41
174.52
177.24
172.67
175.37
177.17
173.87
175.21
173.04
175.58
175.27
175.39
175.93
174.61
175.07
NA
NA
NA
NA
NA
NA
NA
NA
174.69
176.39
175.39
176.49
176.39
174.09
175.79
176.11
175.42
175.06
174.86
176.36
NA
175.78
173.26
176.68
172.94
174.59
176.59
175.49
176.39
176.19
NA
175.79
174.76
176.02
173.08
175.92
175.87
174.18
174.82
NA
NA
175.8
174.47
174.94
NA
NA
172.52
175.12
172.67
NA
174.23
175.1
172.79
NA
173.55
173.09
173.62
172.18
172.82
179.97
174.24
175.44
NA
174.24
174.54
NA
175.7
174.0
175.4
173.9
175.5
174.8
174.9
176.1
174.8
176.01
174.79
175.3
175.8
173.5
174.3
173.2
175.0
172.9
175.3
175.85
NA
NA
175.7
174.0
171.53
176.19
174.59
169.54
170.51
174.81
174.62
174.39
173.25
NA
NA
NA
NA
NA
NA
NA
NA
NA
NA
NA
NA
174.78
NA
NA
NA
NA
NA
NA
NA
NA
NA
NA
174.97
175.27
175.57
176.77
173.95
177.27
174.9
175.62
173.15
175.35
176.23
174.15
174.14
175.2
174.11
174.38
174.98
175.38
175.4
175.27
175.58
173.43
NA
176.38
173.76
NA
176.45
173.95
174.28
174.29
176.27
174.57
175.13
174.46
NA
173.39
173.38
170.75
171.39
174.68
174.67
175.15
178.16
175.79
173.88
176.03
174.2
173.85
176.35
176.59
174.86
174.11
176.81
176.22
174.63
178.3
173.64
174.4
173.78
NA
173.92
175.53
173.31
173.51
178.2
176.0
171.8
177.0
NA
178.19
NA
NA
NA
NA
NA
NA
NA
NA
NA
NA
171.66
172.85
173.55
174.52
176.83
NA
173.02
177.5
175.93
NA
174.41
175.58
NA
172.18
174.95
175.79
174.16
174.51
NA
NA
173.91
NA
172.1
175.0
175.6
176.1
175.11
173.7
174.04
174.36
175.5
173.45
NA
175.28
174.46
175.85
176.95
175.27
176.07
173.67
173.77
175.87
174.62
175.32
174.52
174.15
176.35
173.85
176.07
174.26
175.13
174.98
175.46
175.16
174.28
NA
NA
175.41
173.91
176.75
NA
177.26
175.46
174.73
174.75
173.28
174.75
NA
174.39
170.29
173.29
173.79
NA
NA
175.95
174.05
173.27
174.12
NA
174.34
NA
NA
173.95
NA
172.84
173.33
NA
NA
174.07
173.86
176.11
174.16
174.85
174.18
175.47
174.75
NA
174.9
175.35
NA
175.74
NA
175.56
175.07
175.55
175.94
174.13
NA
NA
NA
NA
NA
NA
NA
174.73
176.24
176.0
175.45
175.46
NA
NA
NA
NA
NA
NA
NA
NA
NA
NA
NA
175.09
176.02
171.76
173.93
176.23
174.32
173.37
173.47
175.89
175.6
174.39
174.5
174.28
175.3
172.61
176.11
174.81
NA
173.8
176.4
NA
174.74
NA
NA
NA
NA
174.49
174.58
177.47
175.0
174.46
176.91
175.53
174.01
NA
175.2
176.61
180.37
179.14
176.47
178.36
175.11
174.23
175.33
NA
NA
NA
175.44
NA
174.87
178.2
176.59
NA
176.94
174.37
NA
178.31
179.41
174.98
NA
NA
174.43
177.29
175.04
NA
NA
NA
173.7
174.94
174.78
175.36
175.67
175.22
173.69
NA
NA
NA
NA
NA
NA
174.07
174.87
173.67
175.47
174.97
174.77
173.23
173.91
173.95
174.31
174.46
175.84
174.82
174.44
174.2
176.93
174.97
173.03
176.27
175.71
NA
175.5
173.38
174.93
175.39
174.78
174.77
176.01
NA
NA
NA
NA
NA
NA
NA
NA
175.74
175.24
175.28
174.19
174.2
175.04
NA
175.44
174.4
174.49
173.21
174.27
174.66
175.27
173.49
NA
NA
NA
NA
NA
NA
NA
NA
NA
NA
NA
NA
NA
NA
NA
NA
NA
NA
177.28
174.7
175.84
NA
176.33
177.07
174.2
NA
NA
NA
NA
174.57
NA
174.61
173.29
172.59
173.88
174.54
174.21
175.68
175.78
NA
NA
NA
NA
NA
NA
NA
175.73
NA
175.26
173.36
173.76
172.73
NA
NA
175.02
173.65
NA
NA
NA
NA
NA
NA
NA
NA
NA
NA
NA
173.73
171.13
176.33
175.73
174.43
175.43
176.03
173.13
175.63
NA
NA
NA
NA
NA
NA
170.83
175.02
173.92
175.12
174.22
172.52
174.52
175.36
175.59
174.28
172.07
172.88
174.36
172.37
174.95
175.14
173.23
174.25
174.02
176.34
174.76
NA
173.29
176.26
174.55
170.2
171.05
175.27
174.93
172.74
175.69
175.89
175.39
NA
174.19
175.39
173.29
175.11
174.23
NA
NA
NA
NA
174.94
NA
175.43
NA
175.2
175.43
175.93
174.19
172.98
175.15
175.02
NA
177.86
171.8
174.16
NA
174.17
NA
NA
NA
175.68
174.37
176.0
174.58
173.61
173.24
172.16
NA
176.64
173.79
173.27
175.11
NA
174.61
174.68
NA
NA
NA
NA
NA
NA
NA
174.69
176.16
175.16
174.06
175.46
173.46
173.66
173.49
173.39
175.85
175.58
176.39
175.56
174.55
174.93
NA
175.36
175.59
NA
174.71
174.46
173.37
173.15
173.79
170.97
174.18
174.49
173.39
180.18
176.43
173.99
173.82
174.61
174.08
171.43
174.63
173.44
174.14
174.49
174.4
173.12
173.63
174.41
173.27
176.17
176.34
175.73
175.3
175.85
176.32
173.57
174.8
177.32
174.55
174.13
175.8
177.7
173.04
174.34
175.5
174.24
173.95
173.26
175.66
173.36
172.61
175.41
173.91
175.17
175.76
174.4
176.18
173.76
177.3
175.4
175.2
175.92
174.22
176.12
175.42
173.62
176.31
174.53
175.93
174.73
175.34
173.27
175.6
175.1
175.32
NA
176.44
173.14
175.84
173.37
176.47
174.51
NA
NA
NA
NA
176.16
173.66
175.46
174.56
NA
174.4
174.49
175.24
176.49
175.66
176.3
NA
175.8
175.51
174.55
176.1
NA
NA
NA
NA
NA
NA
NA
NA
NA
NA
176.93
175.08
175.61
174.89
175.82
174.9
174.46
173.38
NA
176.26
174.93
174.61
174.3
174.86
176.37
174.48
176.27
172.18
173.91
174.21
176.24
173.71
177.22
173.58
172.82
174.75
174.61
176.0
176.2
175.7
176.1
177.7
173.2
NA
175.8
175.31
175.11
175.31
173.11
NA
NA
NA
NA
NA
173.49
176.76
NA
175.62
NA
174.28
174.0
176.7
NA
NA
NA
NA
NA
174.51
NA
173.81
174.51
NA
176.07
175.87
174.37
176.47
174.57
176.07
174.6
171.67
NA
176.06
174.51
171.65
NA
171.62
175.42
176.02
175.06
175.67
176.15
175.25
172.29
174.2
NA
NA
NA
NA
NA
NA
NA
NA
NA
NA
NA
NA
NA
NA
NA
NA
NA
NA
NA
NA
NA
NA
NA
NA
NA
NA
NA
NA
NA
NA
174.09
176.13
175.28
174.5
174.8
173.13
175.08
174.3
173.91
175.97
176.77
175.07
175.27
NA
NA
NA
NA
NA
NA
NA
174.93
174.6
175.58
173.85
175.14
174.88
175.98
172.75
174.47
175.95
173.93
174.5
173.52
171.57
175.15
174.78
175.03
176.37
175.74
173.47
174.09
176.29
174.02
174.58
173.16
NA
NA
NA
NA
NA
NA
NA
NA
NA
NA
NA
NA
NA
NA
NA
NA
176.95
175.51
NA
NA
171.54
176.18
174.61
169.54
170.49
174.8
174.63
174.4
NA
NA
NA
NA
NA
NA
NA
172.64
173.18
173.96
173.53
175.43
NA
171.59
174.82
177.14
175.13
NA
NA
NA
NA
172.88
173.38
175.17
173.99
175.15
172.88
177.08
173.29
174.81
175.12
175.16
NA
NA
NA
NA
NA
NA
NA
NA
175.62
174.78
175.57
175.8
175.9
172.32
176.09
173.72
174.79
NA
NA
NA
NA
NA
NA
NA
NA
NA
NA
NA
NA
NA
NA
NA
NA
NA
NA
NA
NA
NA
NA
NA
176.67
175.58
177.01
NA
NA
175.22
NA
NA
175.1
NA
NA
175.05