59.77
60.76
59.4
60.4
58.85
56.44
59.92
59.71
59.27
59.85
59.57
59.98
59.31
59.8
60.07
60.45
59.29
60.45
60.09
59.01
62.06
59.14
60.65
61.08
59.99
61.32
59.88
60.31
61.48
60.85
60.01
59.18
59.46
59.09
58.36
58.98
58.87
61.92
60.17
60.43
59.15
60.23
60.06
61.18
60.54
62.21
58.95
58.59
58.9
60.92
58.12
59.23
58.39
60.93
59.29
59.39
59.04
59.87
60.01
61.49
59.98
58.4
58.39
62.52
61.2
59.27
59.77
60.48
61.13
59.77
59.5
58.25
59.72
58.91
61.44
NA
58.21
61.3
59.01
60.05
59.4
59.66
59.68
60.28
58.56
58.28
60.22
60.45
60.9
59.54
60.27
59.85
60.76
60.06
58.44
58.35
59.46
62.21
59.63
58.71
63.42
60.43
61.37
60.75
60.87
60.85
59.88
60.84
59.45
58.26
59.25
59.7
59.71
61.78
59.57
59.15
59.5
59.12
59.15
60.33
57.77
56.91
59.12
57.98
60.13
57.46
61.67
59.34
60.16
58.93
59.85
60.4
60.38
60.04
59.89
58.86
62.6
61.6
58.28
60.19
58.53
59.48
61.89
61.94
60.5
60.79
58.63
60.74
59.72
59.65
59.91
59.66
58.77
59.92
58.44
59.8
60.68
59.24
63.56
59.83
58.86
61.85
60.25
57.81
60.73
60.5
57.3
60.99
60.5
61.62
60.09
60.35
60.7
62.05
60.32
61.03
NA
NA
62.27
59.42
60.23
60.79
60.05
60.23
60.58
59.9
60.79
59.94
59.83
59.85
58.91
59.15
62.46
60.16
61.24
59.36
59.45
62.97
59.16
57.41
NA
59.74
59.12
59.78
57.96
57.41
61.61
60.98
60.81
59.88
60.62
62.18
59.47
61.14
59.33
61.32
61.0
60.26
NA
NA
NA
60.03
60.41
57.07
60.77
59.65
59.89
61.87
58.27
59.4
57.04
59.3
59.28
61.35
62.44
60.77
56.61
61.38
62.03
59.78
58.36
59.18
60.21
60.37
59.14
59.3
59.53
61.7
60.73
60.57
60.59
58.1
61.72
63.05
60.62
59.59
59.33
61.03
61.95
60.61
62.07
60.46
61.07
59.49
59.76
61.02
61.94
60.61
61.37
59.48
59.29
62.27
57.67
57.49
60.54
59.79
60.59
61.95
60.05
59.08
60.03
62.92
57.98
60.7
60.15
59.94
59.98
57.96
61.1
62.87
61.83
60.45
59.55
59.91
57.64
60.76
59.62
59.47
60.96
58.18
60.93
57.55
57.59
NA
60.11
57.88
62.59
60.39
61.25
60.17
60.22
56.12
59.69
60.38
60.62
60.49
60.81
60.26
58.37
60.71
60.1
60.57
60.3
59.37
60.56
60.73
60.08
60.23
58.75
59.72
59.28
56.69
60.5
60.06
62.45
58.8
60.67
62.79
62.33
58.42
58.18
57.81
61.05
61.99
58.38
NA
60.98
59.76
62.65
61.33
60.52
60.88
60.68
60.27
NA
62.23
59.82
61.25
60.95
59.84
60.75
58.35
59.72
60.59
60.94
59.62
60.87
59.02
60.58
60.31
61.22
57.73
63.77
57.23
60.59
60.33
60.49
58.3
60.51
60.26
58.67
62.83
57.82
60.1
60.57
59.77
60.3
59.97
60.36
57.92
57.86
59.96
59.78
60.25
60.16
58.28
59.19
60.64
61.59
61.2
60.49
57.46
57.76
61.0
59.24
59.86
61.97
59.72
60.63
60.74
61.57
57.16
58.14
59.19
57.52
60.29
60.32
59.21
58.9
60.87
60.75
61.02
61.07
60.63
59.5
59.1
61.64
59.49
61.28
57.71
59.32
61.02
58.58
57.1
61.76
60.58
60.8
59.48
60.9
59.86
58.19
58.34
57.82
59.88
59.88
60.47
58.11
58.16
63.36
61.22
60.39
59.41
58.47
61.48
60.44
59.03
59.73
60.15
59.66
60.12
60.05
NA
60.67
60.49
61.04
59.53
60.42
59.07
60.32
56.73
59.74
58.53
60.15
60.36
59.55
57.98
60.13
60.22
59.65
61.27
58.9
62.73
61.35
59.33
62.7
59.68
59.17
61.2
61.28
60.21
61.75
58.07
60.73
55.38
60.47
59.62
60.62
60.38
58.11
60.42
62.12
60.39
60.96
60.89
59.36
60.72
59.88
60.02
59.47
61.71
58.59
58.92
57.3
60.05
61.37
59.56
61.61
57.84
59.61
60.14
60.91
60.27
60.85
60.19
60.86
60.21
60.62
60.35
60.93
57.56
56.57
60.67
59.57
59.56
60.36
62.55
58.18
60.44
60.29
60.18
60.15
59.61
NA
59.51
60.81
62.38
59.65
61.72
59.29
59.45
58.84
58.3
60.71
60.95
58.37
58.72
58.29
56.73
57.71
60.36
57.34
61.08
60.55
60.58
60.94
59.63
60.36
60.02
59.84
60.3
NA
NA
NA
NA
NA
NA
NA
NA
61.27
59.5
61.61
60.26
61.43
59.98
61.85
60.91
61.42
59.97
62.01
61.05
60.69
61.56
59.72
61.39
59.79
58.66
58.45
61.07
61.21
60.13
61.89
56.51
59.97
59.45
58.19
62.56
60.35
58.09
59.33
63.38
60.14
57.35
60.17
60.16
58.5
61.18
59.32
56.92
60.01
63.46
61.05
60.35
NA
60.94
60.01
58.25
60.0
58.42
59.41
63.74
60.78
59.95
59.85
59.25
59.35
60.55
60.39
60.27
61.21
60.26
59.84
60.32
60.89
60.13
60.77
60.67
61.67
60.87
60.52
60.02
60.32
60.22
NA
NA
NA
NA
NA
59.49
59.42
58.58
58.75
59.56
58.83
60.08
60.94
56.94
58.64
60.54
61.55
62.99
60.54
59.12
61.04
58.84
58.54
59.64
60.34
62.11
60.17
60.17
61.21
58.61
58.95
59.51
NA
59.51
62.15
62.06
60.05
60.2
55.43
63.31
60.06
61.1
60.06
60.97
60.24
60.1
61.43
58.53
59.13
60.63
58.73
60.83
59.44
61.25
60.65
57.94
60.65
57.91
62.47
57.85
59.13
59.3
59.92
58.87
60.63
60.34
60.45
60.21
59.08
59.55
61.08
59.73
60.16
59.79
59.16
59.18
60.63
60.34
60.46
60.21
59.08
59.56
59.98
58.9
60.27
57.0
59.56
61.21
59.32
59.88
60.08
58.88
57.38
60.08
59.28
61.68
62.38
59.88
64.38
61.18
58.08
60.78
60.88
58.88
57.38
60.08
59.38
61.78
62.38
59.88
64.38
61.18
58.08
60.78
60.88
58.79
57.39
60.09
59.39
61.69
62.29
59.89
64.39
61.19
58.19
60.79
60.89
58.82
57.32
60.12
59.32
61.72
62.32
59.92
64.52
61.32
58.22
60.82
60.92
59.26
57.26
59.96
59.26
61.76
62.56
59.36
64.46
60.96
58.36
60.76
61.66
NA
58.39
59.57
59.97
59.86
59.46
60.04
NA
NA
61.14
59.53
60.68
60.33
59.84
59.23
60.99
61.06
58.75
62.58
58.84
60.38
60.98
63.98
60.49
60.39
60.59
61.0
60.0
59.76
59.04
61.08
59.76
60.87
59.92
59.36
61.23
59.07
58.74
58.73
58.92
58.73
58.36
60.73
59.84
59.25
61.55
59.96
59.79
61.34
59.44
59.27
60.41
61.77
60.59
60.15
61.21
62.04
60.15
62.09
60.89
57.61
63.04
59.86
58.22
63.22
60.58
61.02
58.73
59.56
59.42
60.58
60.82
59.66
60.09
60.32
59.69
60.07
59.63
60.34
61.2
60.59
61.93
62.64
60.08
58.98
62.68
64.08
60.34
58.73
60.04
60.53
61.71
58.48
59.44
58.53
65.35
61.33
63.72
61.59
60.31
61.63
62.93
60.61
59.92
61.28
62.81
61.79
57.1
60.45
59.92
NA
NA
NA
60.5
61.01
60.23
58.98
59.93
62.14
60.18
61.3
61.33
59.81
58.54
65.36
61.35
63.74
61.77
56.09
61.47
61.01
58.87
58.93
58.8
59.04
57.69
59.53
60.45
58.61
60.84
61.72
60.08
62.67
61.51
59.17
59.41
59.59
62.46
61.83
61.76
61.95
61.44
61.24
61.0
60.45
61.23
59.77
60.49
57.82
60.93
60.38
61.16
59.96
60.29
57.73
61.07
60.47
61.26
59.6
60.42
57.77
60.86
60.39
61.34
59.63
60.39
57.8
60.86
60.39
61.34
59.63
60.39
57.8
60.34
59.34
61.54
62.85
60.6
59.13
60.04
60.04
59.59
60.04
60.04
59.59
59.6
60.54
59.03
57.49
58.41
62.86
60.39
59.04
60.75
61.81
59.6
58.73
59.88
59.29
60.63
58.0
59.41
59.63
60.24
61.23
59.66
60.65
57.34
59.3
59.56
NA
NA
59.47
60.55
57.12
59.62
60.11
59.18
58.41
61.61
60.23
61.34
60.0
61.54
59.94
60.77
57.28
59.96
59.34
60.16
60.89
58.21
60.4
59.23
59.9
59.67
59.92
60.52
60.94
58.94
61.24
58.13
59.07
57.88
59.61
59.49
58.66
59.42
57.78
58.76
NA
NA
NA
59.5
59.46
59.18
58.6
61.28
60.6
60.25
57.87
60.17
58.0
NA
58.3
60.37
NA
62.22
NA
NA
60.59
NA
NA
60.06
57.52
NA
NA
60.16
60.48
59.86
60.18
60.29
57.54
61.94
58.51
58.52
58.94
62.39
58.32
58.32
58.41
58.24
58.1
59.5
NA
NA
NA
59.5
NA
NA
NA
NA
NA
64.09
58.51
58.63
NA
NA
NA
58.13
59.01
58.2
59.66
59.42
58.56
59.46
57.76
57.48
59.77
58.22
63.43
57.89
61.94
62.21
59.14
62.96
60.74
56.31
62.96
60.83
55.09
62.8
60.88
55.1
60.85
60.45
61.72
60.0
57.73
57.41
60.72
60.15
60.26
NA
61.22
62.23
57.42
57.03
NA
59.73
60.62
61.34
58.27
59.89
61.4
56.58
59.07
59.91
60.83
NA
NA
59.27
60.47
58.87
59.57
62.37
61.33
60.82
60.38
60.1
58.74
60.22
60.66
60.44
60.81
59.51
62.02
58.62
60.2
60.92
62.12
60.42
59.31
59.08
59.64
59.34
61.12
59.45
59.87
58.83
62.65
61.29
57.92
61.87
57.5
59.43
NA
58.55
58.55
58.17
61.67
57.67
59.67
59.17
59.27
60.97
61.82
60.42
60.62
NA
NA
NA
NA
NA
NA
NA
61.63
60.53
58.33
59.23
59.73
58.23
56.93
60.03
58.92
60.22
60.32
62.17
58.99
61.19
60.36
62.57
59.1
59.2
60.57
57.27
59.57
58.87
57.07
58.67
62.37
58.68
65.32
61.38
63.77
58.73
65.33
61.43
63.82
58.16
60.78
64.08
58.58
58.58
63.98
58.68
58.68
61.27
61.47
60.47
59.95
61.05
60.05
60.75
60.15
61.75
59.65
61.05
63.14
61.24
55.04
61.09
NA
NA
NA
NA
60.47
61.67
59.3
61.65
59.5
63.9
59.6
59.2
60.01
59.91
61.61
60.64
59.54
58.74
60.64
59.04
59.44
60.32
60.44
59.53
60.81
60.94
59.23
60.16
62.26
57.67
59.99
62.11
60.08
60.68
58.38
61.0
59.09
57.34
59.34
59.54
56.84
58.94
59.77
58.87
59.17
59.97
63.17
59.56
59.56
56.5
61.02
58.32
61.72
59.13
61.13
56.43
59.93
60.28
57.68
58.38
60.72
56.72
60.82
61.32
59.46
59.97
61.6
59.28
60.37
60.66
57.27
58.62
65.44
61.02
63.84
58.65
65.38
61.03
63.82
60.89
56.19
57.39
60.59
59.79
59.29
59.41
59.81
55.18
60.98
59.68
60.68
59.18
60.48
59.55
59.38
60.33
57.88
59.01
60.91
57.41
59.11
60.79
59.41
60.91
61.23
60.48
59.62
58.54
59.57
60.39
60.8
60.08
59.14
59.04
60.04
58.74
57.79
59.97
61.14
58.18
57.06
61.25
60.48
59.58
59.46
60.56
59.86
60.56
59.46
58.16
59.96
60.76
58.76
59.03
58.94
59.27
59.28
59.3
60.07
59.48
58.48
58.64
60.93
58.52
59.38
59.73
57.03
62.13
NA
62.47
63.51
62.47
60.67
63.51
60.4
64.02
61.95
61.11
59.61
58.81
62.01
60.81
60.14
59.35
56.03
59.31
60.71
60.81
60.31
59.31
61.73
60.03
61.73
60.43
60.33
58.29
59.29
60.99
59.55
59.75
62.93
63.05
60.52
59.52
59.72
63.17
63.02
60.49
60.54
61.57
57.97
59.77
61.62
59.69
61.82
60.42
57.55
57.45
59.8
60.99
61.21
60.59
59.34
60.34
58.57
NA
62.95
58.78
58.32
61.25
59.52
59.34
59.94
61.83
57.58
60.64
59.51
58.83
56.75
59.12
59.72
58.62
61.72
59.02
57.62
58.32
59.32
60.02
60.32
60.86
59.46
60.76
56.76
60.16
61.86
61.06
60.17
60.97
61.22
62.42
60.52
59.22
59.8
60.09
60.01
58.91
59.06
58.1
59.76
60.99
60.13
60.37
59.86
62.34
58.46
59.01
59.29
59.66
57.44
59.56
60.65
58.96
60.73
58.33
58.66
60.57
57.27
65.41
61.12
60.43
63.72
59.65
60.04
61.79
58.32
59.14
63.1
59.88
58.8
60.28
60.76
58.79
59.51
59.16
59.59
58.82
59.31
60.78
61.15
59.11
59.51
60.29
58.43
59.27
59.7
60.42
60.23
60.53
58.63
58.77
58.07
60.91
60.16
59.72
59.0
60.54
60.01
60.37
60.45
NA
59.8
61.29
60.84
59.58
59.21
60.01
57.91
60.32
56.81
59.87
61.35
59.35
NA
NA
59.94
59.74
60.54
59.54
58.84
61.34
60.93
57.86
58.78
59.96
60.34
60.24
60.03
56.81
60.34
60.26
60.7
59.3
60.37
60.48
60.51
58.29
58.43
58.85
62.33
59.87
60.57
58.26
58.74
58.96
62.36
59.87
55.5
NA
NA
57.7
58.28
60.75
59.55
59.95
59.02
59.57
60.91
61.82
59.62
60.32
58.98
61.06
58.97
63.63
61.0
58.91
58.76
60.1
58.47
59.29
60.28
59.38
59.28
59.21
60.61
60.31
60.31
61.11
58.3
63.08
60.31
60.35
60.84
58.56
59.92
59.95
59.1
58.96
60.43
57.1
57.76
58.66
58.1
59.66
61.74
59.84
59.65
59.15
59.35
56.85
59.15
60.76
59.66
58.76
60.85
60.15
56.35
59.84
60.24
60.64
60.44
61.94
58.54
59.04
59.64
56.74
61.22
57.93
60.76
59.47
59.74
57.66
61.27
60.99
60.73
60.15
61.56
58.38
58.15
60.43
60.42
59.18
60.56
62.58
58.83
60.35
60.48
58.83
60.17
57.77
60.87
NA
58.77
60.82
60.54
57.1
57.76
58.66
58.1
59.66
61.74
59.84
59.65
59.7
60.7
61.21
60.64
60.46
59.76
60.06
59.86
60.36
59.0
59.5
59.21
58.01
59.28
62.62
58.95
59.07
58.82
58.52
62.77
57.7
60.25
57.34
58.08
57.76
61.62
60.7
60.56
61.37
61.85
62.1
59.66
60.52
62.3
62.18
61.3
60.76
61.18
61.13
59.32
60.12
61.7
59.57
59.64
60.36
60.67
61.32
61.24
60.83
59.71
59.54
60.07
59.96
60.15
62.35
59.05
59.55
61.25
60.07
62.58
59.01
59.58
61.62
58.87
60.21
61.84
58.36
60.96
59.26
59.96
59.76
63.99
59.29
56.77
60.14
61.3
63.88
60.79
59.65
60.07
60.47
60.11
59.11
60.48
59.78
58.49
59.15
60.83
59.44
59.93
58.9
60.0
59.67
60.18
60.78
60.18
60.18
NA
59.4
60.81
60.12
61.94
59.64
60.24
61.68
61.08
60.78
NA
60.58
61.18
57.05
63.49
59.54
59.88
61.86
59.85
62.45
60.33
56.57
57.62
59.51
57.98
60.45
60.45
59.28
57.48
61.28
60.38
58.68
59.78
NA
61.37
60.47
60.4
60.06
58.92
60.74
60.74
59.51
58.01
60.13
60.08
58.99
59.87
62.6
57.73
61.03
59.63
59.07
61.05
61.09
60.32
60.49
58.82
60.47
59.84
58.46
58.83
56.96
NA
NA
60.2
60.64
59.3
60.87
59.35
58.09
59.09
57.53
60.53
60.28
58.68
60.08
59.83
59.77
60.21
58.97
58.17
59.17
58.97
60.37
59.76
61.16
59.46
60.53
60.5
59.61
57.54
59.6
60.54
60.28
58.82
59.64
NA
59.77
57.77
60.81
61.72
63.46
61.64
60.31
57.82
60.31
62.17
NA
56.72
59.9
58.55
60.07
60.71
59.76
60.71
60.71
60.23
61.18
61.23
58.33
NA
61.75
60.14
62.25
61.26
61.62
59.69
61.82
60.42
59.1
58.82
60.16
61.17
60.06
61.75
60.14
62.25
61.26
58.95
60.45
58.75
60.75
57.96
57.99
63.56
63.56
58.53
61.43
59.26
58.46
61.26
56.06
59.56
61.26
59.69
60.84
59.79
58.84
55.99
63.48
59.51
56.21
59.17
NA
61.1
59.7
60.7
58.65
59.03
60.38
60.24
58.65
60.58
58.54
58.77
60.65
NA
61.12
61.12
59.24
59.95
61.59
59.95
59.35
59.38
59.27
59.77
57.33
59.88
60.79
58.68
59.97
61.52
59.12
59.22
57.42
60.11
60.11
59.01
59.11
58.21
59.91
61.11
60.21
60.61
59.91
62.31
60.19
59.99
58.99
59.09
57.79
59.39
60.99
60.19
60.59
60.09
61.49
59.34
58.1
59.85
60.87
NA
56.57
59.06
63.66
63.85
59.66
60.76
60.96
NA
54.56
60.16
60.16
59.06
61.28
59.16
60.34
59.79
59.54
60.83
58.28
60.67
59.48
60.89
58.55
58.67
60.7
59.25
59.15
59.95
61.15
62.85
60.25
60.25
58.65
60.41
60.67
59.34
61.0
60.57
57.44
58.12
59.86
58.61
59.5
59.82
60.13
59.76
61.12
59.86
60.86
62.56
58.96
60.16
58.86
56.94
59.81
59.02
NA
NA
NA
58.97
59.17
61.07
NA
NA
58.19
NA
62.01
61.07
58.97
57.95
61.23
63.08
57.42
59.12
58.02
60.79
60.51
60.91
57.39
62.86
60.4
59.59
60.37
58.75
60.56
58.5
58.99
58.51
61.42
59.82
58.42
57.72
61.72
60.52
58.02
60.22
60.94
59.09
60.33
56.84
59.85
60.46
59.87
57.98
57.46
61.55
59.37
NA
57.45
58.43
60.49
60.11
61.85
61.46
57.7
60.02
58.51
59.81
60.89
62.39
59.97
59.89
61.45
60.24
58.59
59.12
60.34
59.74
59.44
59.44
63.63
61.03
58.83
59.73
61.83
60.43
58.43
60.43
58.95
57.6
60.33
59.54
62.04
62.63
60.25
64.74
61.23
58.46
61.0
61.05
59.1
60.5
59.28
57.44
60.79
61.02
59.04
60.48
59.33
57.32
NA
60.79
60.6
59.76
60.56
60.28
59.87
60.33
60.34
60.54
57.99
58.79
58.49
60.1
61.09
58.3
58.72
58.92
61.22
58.32
60.02
59.81
58.4
59.03
57.41
61.84
60.23
60.34
59.21
58.71
59.52
57.32
61.31
60.95
59.84
60.52
58.71
61.45
60.65
60.88
59.15
60.45
59.25
59.85
60.05
60.38
59.81
60.31
57.13
62.31
60.21
60.11
61.71
61.18
64.61
59.97
57.91
59.44
60.62
60.53
58.84
59.94
60.03
61.04
60.28
61.54
61.38
60.45
63.4
61.46
NA
59.48
59.59
57.84
60.92
59.83
NA
NA
60.75
59.85
61.1
64.38
60.78
60.04
59.27
59.88
61.34
60.31
61.56
58.3
59.3
58.9
60.66
59.52
56.65
57.44
60.05
57.2
61.05
60.96
61.36
60.66
61.06
59.06
59.58
59.42
60.18
60.34
60.33
59.85
58.45
58.55
57.85
61.49
60.43
60.7
58.32
60.94
59.64
60.57
59.1
59.83
60.93
59.76
59.72
61.22
60.03
60.33
60.8
63.92
58.47
58.31
58.21
60.31
60.47
60.97
59.99
60.3
61.42
NA
59.94
61.24
60.22
61.12
59.22
61.82
58.12
60.14
58.92
57.66
59.58
59.58
60.18
60.28
60.34
59.18
60.52
61.11
61.05
59.35
60.13
59.64
59.39
57.35
60.99
59.79
59.56
59.56
60.76
57.96
59.36
59.96
60.26
56.16
61.85
60.75
59.15
60.45
NA
60.75
59.85
62.35
NA
NA
60.65
60.34
59.84
60.34
57.34
58.88
60.51
60.52
60.1
61.2
62.23
NA
64.01
60.01
60.21
59.71
58.63
59.65
59.53
58.31
61.83
62.08
NA
60.5
62.28
62.16
61.28
60.74
61.16
61.11
59.61
59.31
60.31
59.11
59.53
56.16
61.83
60.76
60.22
58.51
61.85
60.78
60.29
58.55
61.83
61.01
60.78
58.71
NA
NA
58.82
58.36
NA
61.03
60.83
60.03
58.53
61.43
62.03
58.93
63.33
NA
63.9
58.5
59.23
56.72
59.65
62.95
59.95
59.55
59.53
58.94
59.74
59.74
61.34
60.04
57.85
60.77
57.88
59.82
59.09
NA
NA
59.85
59.37
60.6
59.61
61.09
61.02
64.54
60.99
58.71
60.94
59.24
61.54
59.84
59.67
61.87
59.87
59.47
59.71
59.71
60.71
60.71
59.51
59.39
59.69
60.39
58.72
63.69
60.91
62.21
59.9
58.99
58.16
62.69
57.67
62.32
58.66
57.64
61.22
58.85
63.44
60.89
60.89
61.24
56.46
61.17
62.97
58.87
58.87
59.6
58.24
60.87
60.16
59.96
58.56
60.3
60.8
58.15
59.65
58.75
59.65
60.81
58.49
59.19
57.8
61.16
63.77
60.76
60.83
60.86
61.81
54.96
60.98
59.61
58.77
62.97
61.67
62.57
61.47
60.08
60.48
59.86
60.48
59.8
59.27
61.36
60.25
59.85
61.56
60.53
62.36
63.47
59.07
59.25
59.14
57.73
60.53
59.65
59.25
60.25
61.81
60.43
60.63
60.08
60.1
60.4
71.63
62.77
59.68
59.41
59.54
59.48
59.48
60.68
61.38
60.28
59.68
NA
NA
NA
NA
NA
NA
60.7
61.8
60.0
61.41
59.89
61.38
57.97
60.16
59.51
60.1
58.12
61.1
60.65
60.85
60.12
61.8
57.96
59.6
59.64
60.06
58.09
61.09
60.9
61.05
59.93
57.8
NA
57.49
60.69
60.51
60.38
60.64
58.87
60.97
62.17
NA
59.73
61.33
60.44
57.88
58.81
60.84
60.15
60.4
59.29
59.59
59.49
58.89
61.49
59.29
58.89
60.83
60.6
59.03
60.3
59.57
61.13
59.46
59.13
59.89
59.2
59.72
58.52
58.73
57.11
58.45
63.01
61.32
60.72
59.82
61.22
60.32
59.62
58.12
58.42
58.89
57.29
60.52
61.13
59.14
60.31
60.59
NA
NA
NA
58.43
NA
NA
NA
NA
58.81
61.05
58.35
59.92
NA
60.69
60.42
60.06
59.8
58.21
57.41
62.71
60.46
61.24
60.77
60.47
58.15
61.52
59.82
59.52
58.22
62.02
61.02
60.62
60.34
59.66
59.04
59.84
61.64
60.32
60.03
59.15
NA
57.66
60.03
61.09
56.98
57.43
58.06
59.16
58.16
60.38
61.3
59.95
NA
59.98
59.6
61.38
60.27
60.58
60.31
59.05
61.15
60.25
58.85
62.65
62.53
58.1
59.56
58.92
59.56
59.56
58.98
60.97
61.62
60.61
58.09
59.87
61.38
59.05
61.11
60.22
58.1
59.04
60.45
60.44
60.74
60.18
60.44
59.67
60.21
59.48
NA
NA
NA
NA
NA
NA
NA
NA
NA
NA
60.56
60.86
61.96
60.16
60.31
58.71
61.51
59.21
60.91
60.71
62.51
60.08
59.78
61.08
59.78
61.28
60.58
62.38
59.85
59.76
57.76
62.35
61.05
61.89
61.05
60.57
59.83
57.67
59.44
58.96
60.3
56.81
62.14
61.51
60.93
NA
NA
61.11
61.62
60.95
60.87
NA
NA
61.13
55.12
56.29
60.23
59.69
59.39
60.39
59.99
59.69
58.89
60.09
58.83
60.12
59.79
58.33
59.26
57.01
59.47
59.91
57.65
60.98
59.47
60.97
58.83
60.05
58.34
61.22
60.49
59.69
60.19
60.89
59.09
60.89
61.69
61.15
59.57
57.39
59.75
60.87
57.49
60.09
61.79
61.69
59.59
59.19
60.19
59.39
61.29
60.42
59.82
60.22
59.42
57.33
NA
NA
57.32
NA
59.37
59.37
59.37
59.12
61.61
59.61
60.16
59.86
60.47
60.9
61.26
61.44
60.09
60.3
59.37
57.73
NA
60.8
63.57
NA
60.71
58.51
62.25
61.61
60.37
60.4
59.71
NA
60.74
58.7
59.62
59.3
58.4
59.25
58.77
59.43
57.5
61.34
60.91
59.91
60.5
58.83
59.35
62.58
60.36
60.43
59.64
58.44
58.69
59.97
58.45
59.25
58.95
60.55
NA
NA
59.91
60.36
59.38
60.5
60.2
60.6
61.0
62.6
60.0
60.4
59.4
58.2
60.8
60.88
59.28
60.07
58.99
56.54
59.84
59.24
60.14
59.34
57.82
59.22
61.82
60.42
58.61
60.11
57.31
60.06
59.48
61.11
60.61
60.01
58.31
60.69
60.39
59.49
NA
NA
57.92
58.5
58.91
61.61
60.61
59.61
61.01
56.48
60.13
60.29
60.11
60.29
57.29
60.89
60.06
62.05
59.93
55.58
58.29
60.14
61.05
60.82
59.76
59.9
59.45
56.95
58.1
58.76
NA
56.91
57.8
57.39
62.17
60.76
61.38
60.98
NA
58.0
NA
59.97
59.42
59.73
58.85
60.14
59.39
59.42
58.67
62.1
62.46
60.61
60.79
60.83
59.77
60.97
57.17
58.97
60.84
59.14
59.49
59.76
62.44
57.32
61.27
59.69
59.16
57.86
61.56
60.46
59.76
58.46
59.56
61.26
59.06
59.56
57.26
58.48
60.17
60.89
58.46
60.15
60.87
60.49
58.59
61.29
58.89
60.69
61.08
60.08
58.58
58.68
61.48
60.98
60.88
60.97
57.73
60.09
60.29
61.23
60.08
58.37
61.77
59.23
63.01
58.69
60.7
60.6
60.5
61.5
61.3
59.5
60.6
60.2
59.7
57.4
59.77
59.37
63.26
62.05
59.7
57.3
60.57
56.26
59.09
60.15
60.78
59.3
58.49
57.99
58.69
59.92
60.24
60.34
61.42
NA
59.31
59.84
59.15
58.92
60.15
60.54
60.53
58.51
61.11
62.31
60.81
58.11
63.29
61.07
61.22
59.64
60.53
59.44
59.67
60.09
58.28
60.97
58.58
58.67
56.92
61.22
58.97
61.0
59.4
59.01
60.18
59.38
59.55
59.88
58.96
63.23
61.69
59.24
59.32
59.59
60.3
59.47
57.82
62.22
61.4
60.57
60.85
58.19
61.29
60.79
57.79
58.7
NA
60.25
60.0
59.3
60.5
58.6
60.9
59.66
60.46
60.36
61.16
60.36
59.56
60.46
60.86
61.52
59.22
59.99
59.38
59.98
60.84
60.16
59.18
60.12
58.83
60.73
59.2
60.04
59.29
59.7
60.49
59.8
59.51
64.0
58.5
NA
57.67
60.44
59.82
58.69
58.92
59.13
59.95
61.7
58.74
61.04
58.83
58.73
60.73
60.53
59.9
NA
59.21
59.61
59.89
59.74
59.78
58.75
59.95
59.05
60.91
59.89
60.19
58.65
58.24
57.51
59.51
57.19
59.87
59.82
59.44
60.63
57.07
59.07
59.53
57.94
60.41
61.42
57.79
60.02
61.68
62.39
59.69
59.77
59.82
59.91
62.2
59.3
62.13
59.19
59.48
60.15
61.25
60.6
61.3
60.0
61.9
61.7
61.64
60.11
61.22
60.4
59.67
62.15
61.73
62.79
63.53
59.84
56.64
59.64
58.74
60.26
59.02
59.36
60.73
60.41
60.01
60.52
60.2
59.62
63.04
60.69
54.64
59.27
58.85
59.04
NA
61.32
59.12
60.02
60.32
58.42
59.32
58.02
61.91
61.99
58.55
58.85
62.48
59.07
60.38
60.47
63.84
60.91
61.76
59.06
60.06
60.56
58.36
59.26
57.86
60.16
59.8
59.58
58.78
58.25
59.5
59.72
58.72
57.62
60.56
60.7
61.77
57.62
57.58
60.53
59.13
59.26
57.44
60.77
59.21
60.79
57.11
57.76
59.81
60.17
60.75
60.45
59.28
59.13
61.23
57.43
58.33
59.23
60.11
59.31
60.51
61.81
59.51
59.91
59.21
60.41
60.41
61.21
59.67
60.88
59.55
59.81
61.31
61.31
58.21
60.51
59.71
58.91
59.83
57.92
55.09
55.2
62.58
59.06
62.34
60.14
60.23
59.39
58.23
58.49
59.79
58.7
62.33
59.21
59.38
59.74
58.34
59.44
57.24
60.74
61.44
59.64
62.04
59.64
60.15
60.28
61.88
61.28
59.38
60.08
61.18
61.29
62.79
60.29
56.69
58.84
61.34
59.84
60.74
61.13
60.61
61.03
59.33
60.52
60.34
60.81
61.04
59.99
60.83
59.81
60.7
60.7
60.1
59.1
61.42
59.02
61.68
61.2
60.21
59.3
56.71
59.51
59.52
60.3
60.46
60.83
60.25
59.69
60.39
60.73
62.17
61.49
59.79
60.03
59.11
60.45
59.69
60.74
59.37
58.36
64.47
61.38
57.73
59.03
59.76
60.1
58.59
60.58
57.4
59.87
61.72
59.85
59.38
62.53
NA
60.04
59.32
58.32
60.84
62.02
60.62
58.43
58.7
57.33
62.43
NA
NA
58.68
61.21
58.67
61.4
61.1
59.8
60.8
62.1
58.32
57.84
59.1
59.06
59.52
NA
59.63
60.54
59.06
58.58
59.71
60.22
57.27
59.56
59.97
58.97
59.71
58.35
57.13
NA
60.73
60.33
59.64
60.04
58.94
58.81
57.46
61.09
61.4
59.89
60.86
60.5
59.44
59.08
60.44
61.59
58.71
59.98
59.68
61.28
60.68
60.48
57.72
62.42
59.72
57.49
61.89
59.29
61.72
60.57
60.74
60.37
59.03
59.68
59.68
59.75
61.15
60.54
59.93
60.1
57.7
59.22
58.32
60.62
58.34
57.97
58.19
61.64
57.74
60.54
59.84
59.14
NA
54.76
60.11
60.28
61.75
60.85
57.9
59.25
58.45
56.89
58.89
55.03
59.68
59.54
59.84
59.65
60.27
60.36
61.23
60.23
59.72
60.47
60.9
NA
NA
NA
59.79
61.48
59.5
NA
59.72
62.02
61.2
61.12
56.58
62.81
58.29
58.79
59.99
61.66
59.25
NA
59.08
60.47
60.57
60.1
60.35
57.52
63.36
63.4
59.47
61.69
60.51
59.21
59.66
59.67
58.57
55.27
56.98
65.11
60.47
59.72
58.43
60.84
58.97
59.93
59.67
61.1
61.55
60.81
58.62
59.6
59.24
61.04
60.34
58.04
61.13
58.93
56.93
61.16
61.45
61.45
59.5
55.92
58.5
59.55
60.73
60.6
60.34
60.78
58.38
61.13
58.0
60.11
59.0
59.28
61.48
61.67
60.45
60.08
59.01
60.28
59.9
58.4
NA
59.43
61.0
62.7
60.51
60.05
NA
57.85
61.35
59.59
60.35
59.97
62.26
57.32
59.58
58.99
61.43
59.63
61.92
58.42
57.52
58.67
61.88
59.1
59.89
60.76
57.29
60.61
59.09
60.28
59.88
59.97
59.54
59.06
61.02
60.5
60.08
60.26
61.21
59.94
57.89
61.18
59.82
59.65
60.67
61.09
59.97
61.02
60.45
60.41
59.68
58.63
57.42
60.69
59.54
60.5
59.47
60.94
62.29
62.49
59.66
58.53
60.54
60.38
60.88
60.59
60.54
59.65
60.6
60.95
60.76
60.05
58.94
59.3
59.62
60.36
58.07
59.31
60.25
59.27
59.46
61.77
58.91
62.43
57.95
59.29
58.67
58.15
63.79
59.75
61.73
60.28
60.15
59.43
58.81
58.29
63.93
59.89
61.87
60.91
62.57
60.97
61.03
62.65
59.64
61.56
58.49
60.61
62.64
60.86
61.24
60.97
61.1
60.24
57.8
59.05
59.35
61.12
59.51
60.52
57.2
61.69
63.47
59.96
NA
59.63
59.2
60.34
61.97
58.44
57.5
61.21
58.78
60.24
60.64
58.74
59.61
59.03
59.03
60.2
60.2
60.06
59.96
58.96
58.97
57.89
59.76
60.98
NA
60.33
NA
61.19
57.34
59.44
59.28
60.66
60.59
60.69
60.89
61.87
59.72
NA
NA
60.68
62.39
61.95
NA
60.27
60.56
58.66
59.16
58.56
60.26
59.06
59.69
59.19
NA
56.72
60.02
NA
63.2
62.22
63.57
58.23
59.88
58.43
58.88
58.99
60.63
59.86
59.76
58.45
58.53
60.46
58.8
60.48
60.74
60.2
60.4
63.0
60.3
59.6
60.8
59.6
60.11
59.05
61.22
59.2
57.92
59.48
60.89
60.85
60.18
60.07
57.31
60.65
59.9
60.24
61.7
59.19
59.28
60.43
59.67
58.89
59.03
59.31
60.24
60.06
58.03
60.16
59.44
58.1
59.66
59.67
59.15
59.73
61.79
59.74
59.88
58.88
58.88
61.48
55.38
63.85
57.56
NA
NA
NA
NA
60.59
58.49
56.89
62.9
57.83
59.43
59.13
60.23
60.03
59.53
59.8
60.76
59.8
60.46
61.46
60.19
59.05
58.86
60.36
59.69
59.19
58.91
59.25
59.5
59.5
57.19
56.68
59.05
59.72
59.67
59.01
60.06
61.28
61.07
60.89
60.91
57.2
59.67
61.82
60.29
60.36
59.25
59.51
59.51
57.39
61.11
56.06
61.79
60.74
62.01
58.88
60.35
58.28
60.5
62.27
61.08
60.21
60.99
59.27
60.97
59.92
60.62
59.58
62.09
61.06
59.8
62.7
60.2
59.84
62.84
59.34
60.11
59.57
59.31
57.99
59.19
59.68
63.44
61.54
61.84
60.44
61.24
61.34
58.74
60.28
58.92
56.9
58.74
61.09
58.16
60.14
60.6
59.62
NA
62.56
59.33
60.57
60.54
63.89
64.6
NA
NA
59.16
61.18
59.88
59.18
59.98
60.18
NA
60.77
59.84
60.52
59.25
59.93
60.26
NA
58.7
58.85
59.72
57.35
59.07
60.33
59.2
60.92
61.83
58.99
60.28
59.12
61.01
61.76
62.06
58.79
58.65
59.02
63.16
59.06
61.08
60.72
59.65
57.73
60.03
59.63
58.82
61.2
58.7
59.79
61.03
59.28
59.25
57.69
59.5
60.41
58.57
60.73
61.7
60.04
62.65
60.37
59.37
60.67
60.57
61.67
61.17
61.07
60.17
58.97
61.49
58.97
61.77
NA
58.48
59.98
60.78
60.03
60.68
60.14
60.61
59.8
60.27
59.68
60.56
60.11
60.83
60.27
59.45
56.74
59.09
60.31
59.71
57.41
60.11
61.21
61.02
60.63
61.32
60.54
59.62
61.36
60.05
59.17
57.66
61.43
60.05
59.38
58.15
59.5
60.2
59.0
60.07
59.29
60.9
60.36
59.22
60.98
57.07
59.79
NA
59.29
60.39
60.19
61.19
59.49
61.29
59.66
57.33
61.38
55.94
59.43
61.14
58.47
60.18
59.48
61.21
59.21
60.27
58.68
62.06
60.27
60.79
58.49
60.15
59.57
61.24
59.5
60.9
59.63
61.39
62.1
59.54
58.63
62.57
60.48
58.65
61.04
62.44
60.94
60.54
59.93
58.73
59.23
58.83
61.37
61.27
61.27
61.06
61.28
60.41
61.49
61.49
60.04
59.94
59.64
56.88
64.1
62.1
60.68
58.61
58.31
60.29
58.39
60.11
59.77
58.43
60.39
60.89
59.29
59.39
59.57
59.02
62.73
61.89
62.89
59.79
59.69
59.09
60.19
58.29
60.64
59.64
60.74
58.44
60.34
59.94
57.84
60.84
57.78
59.26
57.41
59.58
NA
NA
NA
NA
NA
NA
NA
NA
57.92
59.89
58.94
58.91
60.63
62.11
57.95
59.55
59.68
60.6
58.52
59.84
60.02
58.85
60.46
60.6
60.29
58.97
60.3
60.67
60.4
60.43
61.74
61.13
60.36
63.83
57.6
59.22
57.78
60.0
59.58
59.38
59.5
60.88
59.97
59.2
NA
60.84
60.07
59.0
61.37
61.19
59.86
58.22
63.22
60.58
61.02
58.73
59.56
60.89
59.92
58.74
58.34
NA
61.13
61.47
59.79
58.86
58.54
61.14
61.09
61.44
59.67
58.67
58.36
61.26
61.34
58.66
65.58
60.29
59.49
NA
59.44
58.85
58.92
NA
NA
61.3
NA
NA
61.22
NA
NA
61.07