38.68
37.53
41.82
NA
38.04
38.74
39.65
38.15
37.27
37.19
37.56
38.47
38.61
35.72
37.86
37.9
41.9
36.37
NA
39.06
NA
NA
37.55
36.86
36.73
38.12
38.76
38.34
38.82
38.87
38.85
39.99
38.7
38.3
NA
36.38
NA
38.87
35.55
39.26
39.2
40.64
36.38
38.42
38.38
38.02
39.13
38.3
38.52
40.14
37.74
38.16
36.09
37.16
41.56
38.55
36.94
39.07
41.64
36.16
37.58
37.61
38.98
37.86
38.81
38.19
37.69
40.42
38.65
39.21
38.54
39.42
38.44
40.19
37.37
38.38
38.6
38.68
38.71
36.48
38.28
36.32
38.87
38.83
39.68
39.62
40.02
36.01
38.02
40.56
38.34
38.72
35.65
38.29
39.38
NA
39.24
38.56
38.58
38.57
38.41
38.49
38.47
37.91
38.56
39.28
42.08
39.39
36.18
41.5
36.72
39.01
34.48
36.91
39.81
37.52
NA
38.71
38.26
38.88
38.8
38.27
NA
42.98
38.86
NA
39.42
39.41
38.62
38.86
40.91
37.96
42.72
40.02
37.35
39.24
38.24
38.48
38.68
38.84
35.28
39.06
40.8
39.39
38.19
NA
38.63
NA
NA
38.12
39.38
38.29
NA
40.79
38.07
37.35
NA
37.22
41.18
38.56
39.17
38.33
38.04
39.36
38.29
38.76
39.53
NA
37.17
40.62
38.77
36.87
41.12
42.65
36.77
37.27
35.16
37.98
36.85
NA
38.22
38.64
NA
39.14
39.33
NA
38.84
38.64
NA
38.78
38.82
38.77
40.41
38.07
38.02
38.84
38.73
37.02
39.13
38.14
38.06
NA
38.27
37.79
38.68
38.72
40.2
39.0
35.72
35.84
38.58
35.79
40.04
36.45
35.95
38.58
38.59
41.16
38.43
38.29
36.2
35.71
38.73
35.56
38.39
39.25
NA
NA
39.6
38.4
36.37
37.01
38.94
38.43
38.24
37.27
34.57
38.48
38.7
39.2
34.89
38.57
40.08
38.63
36.44
38.08
37.01
35.81
35.77
40.54
NA
38.62
39.43
39.35
34.82
35.07
34.86
35.14
35.03
37.07
NA
41.46
38.53
37.54
NA
37.81
NA
NA
37.71
38.61
35.01
36.91
38.31
40.8
40.2
42.01
NA
38.73
40.04
40.35
37.64
40.44
37.6
NA
38.65
39.28
NA
39.41
NA
NA
NA
NA
39.13
NA
37.05
37.66
41.4
41.17
NA
NA
NA
36.31
40.82
38.07
38.59
38.49
35.93
NA
NA
NA
38.57
38.56
40.57
39.23
NA
38.48
38.48
37.75
38.15
38.01
41.91
NA
NA
NA
39.22
38.52
38.32
38.52
NA
NA
36.77
NA
38.16
NA
39.19
37.52
38.47
NA
38.34
34.59
37.78
37.74
38.77
42.1
38.64
38.19
38.64
38.81
39.41
NA
NA
37.64
38.51
35.48
38.24
36.99
37.82
38.34
38.9
37.53
NA
38.9
NA
37.54
39.75
38.79
36.87
38.9
39.0
38.99
42.13
40.79
37.17
38.15
38.41
38.33
37.05
39.28
37.18
38.59
38.73
38.97
34.92
NA
39.41
40.46
36.62
38.45
38.29
38.14
39.02
36.43
NA
38.58
37.6
NA
NA
NA
NA
NA
NA
NA
NA
NA
NA
37.63
37.71
40.78
41.44
36.77
NA
NA
38.87
37.72
36.23
NA
37.67
38.79
35.83
37.06
38.66
38.35
34.24
36.95
37.14
NA
38.4
37.7
NA
38.67
NA
40.3
NA
NA
38.54
38.96
NA
36.11
39.18
36.14
38.74
37.7
41.4
37.28
38.68
37.14
38.42
38.32
NA
37.78
42.31
37.95
40.65
38.42
39.95
36.09
40.7
NA
35.02
37.75
37.75
38.83
42.11
38.74
38.29
40.32
37.04
36.88
35.29
36.45
41.27
NA
41.21
38.45
41.02
NA
41.16
38.15
40.72
40.33
36.55
39.46
37.42
38.33
38.82
38.41
37.72
37.97
40.97
42.35
37.89
37.22
37.43
NA
37.52
NA
NA
39.53
40.14
36.73
37.09
37.34
39.24
39.26
34.82
39.41
38.41
NA
37.33
38.66
39.39
37.38
37.32
38.69
39.34
37.46
37.39
38.75
39.07
NA
40.11
40.09
39.65
39.19
37.08
41.2
37.85
38.06
38.86
38.86
38.96
38.99
38.91
42.21
NA
NA
NA
38.45
36.96
NA
NA
39.54
39.58
38.35
37.91
39.9
38.97
36.41
39.73
39.04
37.93
39.23
38.22
41.48
38.5
42.29
38.24
42.17
39.84
38.33
34.96
38.87
39.46
38.24
NA
39.85
38.31
38.96
36.15
39.87
37.97
38.86
38.79
38.78
41.21
35.53
40.0
NA
38.08
41.72
37.82
38.42
41.38
NA
36.49
NA
36.65
NA
NA
NA
NA
NA
38.93
38.43
NA
NA
NA
39.16
38.88
35.9
37.36
38.78
NA
NA
38.18
NA
39.3
38.47
38.57
37.45
38.34
42.24
39.29
38.84
39.61
38.27
NA
39.05
38.05
NA
39.41
40.32
38.31
37.63
38.14
35.94
38.14
38.05
38.92
38.56
37.73
39.14
37.99
38.45
37.94
NA
38.13
37.23
36.53
36.63
37.48
NA
38.41
38.51
39.44
NA
38.95
39.77
38.72
38.95
39.77
38.72
38.1
NA
37.8
36.92
39.52
36.83
36.83
39.68
38.48
37.82
39.32
38.51
38.81
38.41
39.71
39.62
37.93
36.61
39.7
38.11
43.48
40.22
40.19
38.84
36.54
39.94
NA
40.65
38.88
38.97
38.31
41.04
NA
43.62
42.08
34.83
38.33
36.96
NA
NA
36.04
37.98
40.01
38.77
NA
NA
38.83
38.43
36.61
38.51
37.79
38.04
38.54
37.79
37.76
40.24
37.54
38.47
NA
34.12
NA
41.22
39.09
39.81
43.1
35.5
39.35
37.19
40.55
37.49
NA
38.25
NA
NA
36.46
37.42
38.72
37.86
38.76
38.16
37.62
NA
NA
40.28
39.17
36.88
36.69
NA
37.35
NA
NA
NA
NA
40.3
38.61
38.03
39.62
38.85
NA
NA
37.32
36.38
39.48
39.62
41.51
39.97
38.78
37.38
38.69
37.11
37.91
39.51
38.65
40.34
38.7
40.73
42.68
36.35
39.45
37.84
38.83
38.86
38.85
33.6
36.34
39.44
38.58
35.78
36.73
38.38
42.29
39.52
40.02
36.32
38.69
38.1
37.94
40.11
38.14
37.84
38.51
38.9
38.37
39.96
37.24
40.2
37.75
39.45
39.4
39.26
NA
38.14
37.74
NA
36.47
39.73
42.56
38.37
39.65
38.28
42.84
38.68
35.63
NA
NA
38.68
40.83
38.81
40.2
37.75
37.97
36.32
39.42
38.74
39.64
36.11
39.25
36.86
37.96
NA
40.22
NA
NA
40.1
39.64
38.92
38.51
37.84
36.68
39.55
37.54
39.6
37.67
38.2
38.36
38.35
38.49
37.39
40.6
38.35
38.38
NA
NA
NA
NA
NA
37.86
40.32
38.5
37.74
NA
38.77
40.27
NA
37.82
36.43
39.43
37.4
37.77
NA
36.93
37.26
38.48
40.76
36.72
38.46
40.71
37.88
38.91
NA
40.95
NA
38.4
38.8
37.64
38.73
NA
NA
40.0
42.7
38.3
37.83
41.29
44.09
37.69
NA
44.33
38.38
39.48
40.8
NA
41.67
37.96
38.02
39.08
41.77
38.87
39.87
38.27
39.67
39.5
38.9
38.05
42.18
38.15
NA
34.21
38.83
38.46
38.47
NA
38.75
38.46
41.76
39.44
NA
39.05
40.91
38.76
36.23
35.04
38.23
36.56
37.96
39.46
38.41
42.73
38.44
38.63
37.25
39.11
37.91
37.91
41.2
36.74
38.12
41.53
41.63
35.99
39.71
40.01
37.85
41.02
39.41
36.81
37.51
38.59
36.69
35.69
41.82
36.19
30.68
41.97
NA
41.36
39.58
NA
NA
NA
39.83
33.93
37.92
37.07
42.66
35.86
39.25
39.06
39.14
39.01
39.12
38.79
39.49
39.29
NA
37.49
40.93
38.3
38.85
38.35
38.55
38.65
38.37
38.33
39.06
40.25
40.51
39.55
38.71
38.28
39.06
43.26
NA
38.56
NA
35.56
38.26
38.89
41.22
NA
38.87
NA
38.92
35.32
38.34
38.42
37.62
39.82
40.61
38.76
NA
38.58
38.48
38.22
38.63
41.99
36.96
39.56
37.35
38.22
41.92
38.72
38.35
38.97
40.36
38.82
38.46
37.02
41.12
37.84
39.27
38.84
39.17
NA
38.26
NA
38.1
39.56
38.77
37.12
38.37
38.39
41.77
38.74
36.7
38.67
41.32
37.14
38.44
41.04
40.93
NA
37.11
39.21
38.99
38.16
38.18
NA
NA
NA
NA
38.53
NA
NA
39.62
38.92
38.15
38.05
35.1
41.15
38.05
37.08
NA
37.47
42.65
38.75
35.65
37.95
37.75
40.95
39.05
38.18
38.18
38.62
36.44
36.25
37.93
41.14
37.97
37.55
38.6
37.75
37.83
38.8
39.08
38.87
38.53
37.85
33.6
37.4
38.67
38.58
NA
39.19
NA
38.6
38.5
37.76
35.75
37.25
38.95
38.65
38.55
37.03
38.08
38.37
38.66
40.36
38.61
38.28
NA
35.4
38.8
38.68
40.08
38.27
NA
NA
NA
NA
NA
39.84
36.51
NA
39.8
NA
39.34
NA
37.61
NA
36.2
39.3
34.98
38.38
40.32
36.01
37.71
37.39
37.82
38.38
40.19
37.67
39.18
41.55
38.54
NA
38.37
39.35
NA
34.69
41.86
40.56
38.36
37.05
NA
40.25
NA
39.35
NA
36.25
37.45
NA
NA
32.96
38.41
NA
38.01
NA
38.98
36.66
39.53
37.52
NA
33.71
NA
NA
NA
NA
40.03
38.33
NA
39.73
39.45
NA
37.68
NA
37.92
38.94
35.24
37.04
NA
34.41
40.32
36.42
37.37
39.0
37.49
38.96
39.04
38.37
37.73
38.29
38.4
NA
NA
37.36
38.91
38.48
37.46
39.48
39.07
36.18
42.17
38.57
38.37
38.12
37.88
35.69
39.22
38.72
38.65
40.45
38.15
40.25
36.92
37.88
40.32
36.01
37.71
38.74
38.44
38.0
38.77
35.97
38.67
38.71
39.43
40.24
38.68
41.32
38.38
39.04
41.25
NA
39.0
40.06
36.97
NA
38.41
38.18
36.88
39.68
38.78
36.38
35.98
36.42
39.42
NA
41.18
39.68
38.12
NA
NA
NA
NA
NA
38.94
39.07
NA
39.5
38.56
38.76
39.47
NA
38.84
38.03
39.87
38.84
38.18
36.1
38.19
NA
38.54
39.38
39.11
NA
NA
NA
37.9
40.27
39.5
38.64
37.54
NA
38.82
40.61
NA
NA
41.11
37.06
NA
41.68
38.25
37.1
37.08
38.8
37.9
41.8
NA
37.81
38.66
37.64
37.54
38.13
39.58
36.54
41.37
37.68
37.82
40.62
38.1
40.2
38.22
38.01
37.87
38.79
37.0
39.4
NA
37.88
38.78
41.38
NA
42.41
37.99
37.58
38.38
41.32
36.42
38.28
37.65
42.05
39.75
36.1
NA
38.05
37.15
39.25
41.56
37.11
39.17
37.18
39.21
NA
NA
NA
NA
NA
NA
38.45
37.76
NA
NA
NA
38.15
36.8
37.98
NA
NA
NA
NA
37.86
39.59
38.25
38.71
39.59
37.99
38.48
39.17
40.98
39.13
39.68
37.34
37.39
39.09
38.19
NA
32.39
38.66
37.67
NA
38.84
37.44
38.28
38.32
NA
38.82
39.39
37.8
38.43
37.27
38.97
38.44
39.91
38.18
38.84
NA
NA
38.89
41.49
38.08
37.62
39.22
38.81
38.6
38.86
37.06
NA
40.69
42.7
37.57
38.15
39.15
39.65
41.92
35.44
37.69
37.0
41.8
37.37
36.68
38.34
35.94
39.22
38.1
39.18
37.74
NA
NA
NA
40.51
NA
38.01
42.31
37.71
37.21
37.61
38.28
38.91
39.31
36.6
NA
39.15
39.2
NA
NA
NA
38.61
38.23
38.08
38.04
37.37
39.86
NA
NA
38.47
38.74
40.06
39.06
38.46
38.46
39.06
38.76
37.46
38.61
39.85
37.93
39.84
39.85
38.4
38.9
34.8
39.05
39.92
40.83
37.07
40.8
39.12
38.24
39.71
39.39
36.62
38.76
37.39
40.63
NA
NA
NA
NA
38.54
NA
37.54
38.0
39.0
38.09
NA
39.79
37.93
42.79
38.69
35.71
39.27
38.96
37.96
38.46
38.55
38.97
NA
NA
36.3
38.48
39.1
38.95
38.95
38.47
38.74
41.3
36.17
38.26
NA
38.7
38.3
38.09
41.17
39.43
39.0
39.0
NA
40.06
38.24
39.33
38.6
37.46
40.94
38.19
34.58
39.23
40.0
40.92
41.97
37.73
36.03
38.6
36.24
40.17
37.52
39.07
NA
38.76
40.03
40.72
41.8
NA
NA
37.93
NA
NA
39.15
37.03
38.39
40.21
39.96
40.24
NA
40.84
34.5
38.0
36.48
36.56
NA
38.52
37.92
39.72
38.52
38.38
41.95
36.07
NA
38.46
37.76
39.66
38.46
40.91
35.83
38.52
41.47
38.34
38.73
39.41
36.41
38.71
37.21
38.63
38.49
35.25
37.45
38.71
39.41
39.27
NA
38.33
35.34
38.72
NA
37.69
38.34
37.84
37.74
37.34
42.72
40.02
38.12
38.32
38.32
38.32
38.22
38.44
38.04
39.53
37.44
37.65
NA
38.78
39.48
37.72
39.85
39.76
40.38
NA
39.01
39.38
39.77
39.11
38.4
38.06
37.96
37.8
36.65
36.65
38.07
38.53
37.56
37.02
38.62
38.69
40.03
NA
36.3
37.63
40.71
37.6
36.94
NA
NA
37.56
40.77
40.93
38.12
33.82
38.02
NA
34.37
NA
NA
NA
37.83
37.73
NA
37.8
37.79
37.41
NA
NA
34.47
NA
NA
37.56
41.68
35.56
38.73
40.99
39.39
39.49
40.57
36.73
40.13
38.73
38.33
NA
40.44
36.64
38.17
38.8
36.81
38.86
38.62
37.8
37.16
37.95
38.98
36.22
NA
40.0
40.42
39.9
39.66
42.84
39.69
38.13
38.09
38.49
38.21
NA
41.35
39.82
37.21
38.47
39.16
37.6
39.17
37.77
38.77
37.57
NA
NA
41.21
38.66
38.73
36.14
NA
38.25
39.37
NA
37.84
36.86
38.9
38.83
40.53
38.12
NA
NA
38.35
38.68
38.2
37.8
38.2
39.89
39.09
36.43
40.31
40.18
36.4
40.6
NA
37.19
38.51
36.95
NA
37.37
37.85
36.61
38.58
NA
39.42
38.82
40.2
NA
38.36
37.79
38.2
38.41
38.01
35.54
40.88
39.1
38.91
38.46
38.98
37.99
39.87
37.42
38.39
38.2
38.32
37.98
37.33
41.05
38.17
36.65
40.89
38.87
NA
NA
39.21
38.1
39.75
37.91
NA
38.32
36.56
40.99
35.8
37.47
NA
NA
38.68
38.93
39.34
39.99
40.23
38.34
37.67
39.2
35.95
38.2
38.76
NA
NA
NA
39.81
40.06
38.62
35.58
NA
38.42
37.83
NA
41.26
NA
37.75
39.15
37.89
38.47
38.16
41.0
38.34
38.78
39.34
37.09
36.82
35.82
38.07
41.47
36.56
38.56
38.46
36.58
34.89
38.96
NA
42.81
39.22
37.43
38.34
39.81
37.98
41.4
37.4
39.4
36.48
39.95
38.7
36.2
38.54
37.51
NA
38.61
40.28
39.88
39.19
39.34
38.49
38.95
37.77
NA
37.81
39.46
NA
37.23
39.27
39.02
38.77
39.51
37.91
42.04
39.36
NA
38.13
39.2
39.33
NA
38.14
38.61
NA
36.76
38.22
38.47
38.01
38.43
38.17
37.9
37.42
35.95
38.86
39.7
38.55
38.01
NA
38.0
37.72
39.39
38.39
40.03
37.91
39.03
38.13
39.69
38.87
39.47
35.77
42.77
37.97
NA
38.66
NA
39.7
39.7
37.07
38.42
38.27
37.97
38.66
38.75
39.19
NA
38.11
39.27
40.71
38.62
NA
36.11
37.68
38.91
39.18
38.46
41.22
NA
40.11
38.65
NA
37.7
37.69
38.09
34.85
39.92
38.75
NA
38.6
39.64
37.09
38.65
39.99
36.21
40.62
NA
NA
NA
NA
NA
NA
38.56
NA
NA
38.16
NA
38.86
39.21
37.12
39.0
38.24
39.66
40.3
37.1
38.57
37.6
34.06
NA
41.11
39.19
45.59
NA
38.79
38.59
37.56
39.28
38.74
NA
NA
38.72
NA
NA
39.39
40.98
37.88
35.79
39.23
NA
39.57
NA
39.31
38.91
38.21
38.34
34.78
37.84
37.08
39.87
33.97
37.73
41.24
37.64
39.71
36.73
NA
NA
37.28
39.18
37.84
38.83
37.95
41.04
38.92
35.08
40.94
35.21
40.84
38.47
42.12
35.54
39.04
34.35
37.5
38.96
41.38
37.57
39.48
38.43
NA
NA
37.4
NA
37.98
38.53
NA
39.27
37.77
40.96
38.54
38.96
37.26
35.98
36.84
36.84
36.81
38.86
40.56
38.96
38.16
38.16
39.29
NA
42.2
38.24
38.31
NA