58.55
61.26
58.84
57.84
60.71
60.8
59.95
61.88
62.7
63.53
63.81
60.91
58.77
58.92
63.19
64.76
59.43
57.52
61.37
59.74
61.22
58.37
64.18
62.71
61.39
63.88
61.03
60.87
58.48
60.96
58.64
60.07
61.51
61.26
61.31
62.6
NA
61.54
61.02
60.94
60.78
59.57
60.39
60.13
61.27
61.34
60.96
60.26
60.72
62.4
63.02
64.51
62.01
62.84
61.27
59.06
59.54
60.73
58.56
62.47
62.26
62.32
60.95
64.47
60.9
60.66
64.76
58.17
61.81
59.64
63.21
64.39
60.75
59.71
63.72
60.29
61.47
61.14
60.31
59.3
61.03
63.41
61.31
60.78
61.97
62.61
59.38
60.97
61.95
60.57
61.5
62.18
62.88
63.19
59.92
59.08
61.07
63.34
61.24
60.86
60.69
60.79
57.73
63.03
61.83
61.42
59.37
60.01
61.68
57.37
59.37
59.5
66.79
62.95
60.54
57.52
58.3
61.48
62.04
61.17
62.08
62.73
63.14
59.36
61.23
NA
56.73
60.47
59.69
63.07
60.32
63.61
58.71
59.89
63.57
60.68
60.65
60.92
60.32
60.94
59.59
61.27
57.57
65.92
63.17
63.0
58.19
64.29
NA
62.0
62.95
62.27
61.19
59.68
62.85
62.88
NA
62.93
60.89
61.33
60.86
61.03
60.35
59.99
62.74
62.24
59.37
NA
63.51
59.82
60.18
61.66
60.27
58.93
61.28
60.83
59.8
62.99
58.69
62.22
60.49
61.66
NA
61.54
61.53
NA
61.09
61.01
NA
61.29
60.73
61.02
60.29
62.5
62.59
62.47
59.09
63.05
60.64
63.28
62.88
58.71
61.15
60.22
60.93
62.49
59.4
61.56
60.54
60.5
61.27
61.27
60.51
60.19
60.62
58.63
61.23
59.35
61.38
61.98
60.54
60.45
61.42
60.83
63.07
60.99
61.76
64.16
60.98
61.3
58.46
59.69
58.83
60.9
60.3
61.49
62.23
60.1
60.66
62.76
58.91
60.72
59.44
60.78
59.91
61.44
61.79
61.58
59.55
60.55
NA
61.04
59.86
59.57
59.37
59.29
59.32
59.34
59.29
58.43
59.76
61.96
63.9
62.67
NA
60.51
NA
63.01
61.01
64.51
65.01
61.91
62.31
60.09
61.05
58.16
59.91
62.68
60.8
61.5
61.41
NA
NA
61.92
60.36
62.01
60.17
61.93
NA
60.05
59.64
59.84
61.35
NA
60.47
60.44
58.94
60.26
60.2
NA
NA
59.22
60.27
64.0
60.44
59.66
58.38
NA
NA
NA
61.33
60.71
59.25
62.73
65.72
57.08
65.18
60.95
60.45
57.01
55.77
NA
NA
60.42
60.32
61.42
60.32
60.12
NA
NA
61.94
NA
61.15
NA
60.83
62.84
60.51
NA
61.94
60.38
63.17
61.9
65.28
58.52
59.3
59.9
61.44
61.17
61.01
NA
NA
59.67
60.84
62.25
62.41
62.71
64.78
64.59
61.3
58.93
61.1
60.7
NA
64.64
62.26
58.93
61.05
61.66
NA
60.45
59.39
59.11
62.06
60.98
60.86
60.85
62.17
60.48
56.78
61.39
61.94
60.81
58.62
NA
59.23
57.71
62.38
62.1
64.18
60.59
59.86
64.94
64.83
61.08
58.73
NA
60.48
NA
60.48
NA
60.59
NA
60.52
NA
60.56
64.71
61.94
59.31
59.59
60.05
58.84
NA
63.81
65.18
60.71
61.2
62.52
63.34
58.76
58.14
61.82
61.19
61.97
63.69
61.97
NA
61.3
61.0
NA
63.49
61.75
57.48
60.53
58.9
61.19
65.42
62.17
59.05
61.05
62.4
60.99
64.2
60.35
64.05
63.28
64.0
63.37
61.21
NA
63.7
60.43
64.27
60.29
59.98
59.9
63.05
58.94
NA
60.34
62.71
61.96
65.34
58.54
59.31
59.81
60.39
59.57
65.74
60.44
64.37
59.88
NA
59.09
63.63
59.82
NA
59.07
63.9
60.01
57.86
62.51
59.86
64.6
62.21
61.76
61.24
60.46
60.71
59.3
59.26
64.1
60.32
61.99
60.66
60.86
NA
63.64
59.81
59.8
58.97
61.46
58.22
62.28
52.7
60.02
60.75
61.13
59.19
63.9
62.28
61.47
61.58
63.9
62.24
61.5
61.59
63.69
62.46
62.46
NA
60.24
60.12
59.45
60.93
60.13
63.66
60.68
63.42
57.17
57.17
57.24
57.2
57.1
60.99
NA
NA
60.5
63.38
64.24
NA
NA
59.31
59.74
63.09
66.64
60.56
61.27
61.03
59.22
61.86
59.08
61.42
61.78
62.7
61.73
63.07
61.7
63.53
61.56
63.01
61.95
59.45
61.21
59.61
NA
58.98
60.66
62.06
62.08
64.37
58.67
60.97
61.79
61.74
60.18
61.22
59.55
NA
61.04
58.52
64.32
65.89
60.02
NA
62.3
60.03
57.24
63.25
NA
63.77
65.07
NA
60.73
58.73
NA
61.86
59.14
61.46
56.78
59.6
62.96
60.28
63.28
NA
63.18
NA
62.7
61.77
62.87
62.45
61.54
63.14
61.19
56.97
NA
63.07
62.85
58.95
61.35
58.75
60.91
57.93
59.51
61.43
64.74
60.04
61.44
61.85
59.64
61.84
58.29
59.19
61.86
62.64
63.19
59.35
59.31
62.21
65.26
65.14
63.08
NA
61.44
62.11
61.34
61.76
62.71
60.61
60.4
62.71
60.61
60.4
63.9
63.3
62.2
62.12
61.52
63.03
60.53
59.98
60.78
56.72
62.02
63.87
60.91
61.01
NA
64.41
61.01
60.31
59.0
63.19
59.8
59.1
60.86
59.35
60.84
59.34
61.16
58.03
60.28
63.44
62.25
58.73
60.53
59.85
59.18
60.3
61.33
61.75
61.03
62.23
61.95
61.45
60.33
59.64
64.38
58.53
61.25
61.13
56.91
60.31
62.59
60.04
61.44
61.05
61.02
59.24
62.54
60.15
61.98
57.8
NA
58.17
63.56
61.45
62.63
59.2
59.71
63.64
59.91
62.59
61.49
60.61
60.83
60.36
61.6
60.97
64.72
61.66
60.76
60.56
60.62
NA
NA
59.96
59.77
63.63
59.62
63.57
60.52
58.89
NA
59.22
NA
59.87
61.36
62.1
60.72
61.68
63.02
64.1
63.02
60.98
58.88
57.76
61.99
60.3
57.16
62.05
60.89
63.91
61.21
63.11
61.75
61.04
NA
60.39
57.36
60.95
58.85
62.82
61.19
61.21
61.65
57.1
61.04
58.84
62.08
64.08
62.36
61.64
61.51
58.52
60.72
63.02
63.42
61.71
67.66
59.66
60.94
60.81
61.01
61.35
58.21
56.86
62.78
59.18
59.12
61.65
60.9
61.66
NA
60.14
62.64
61.74
63.69
61.46
56.8
59.68
59.25
61.37
59.23
64.23
62.14
62.87
57.87
58.2
58.54
60.44
59.18
59.12
57.43
60.92
58.82
60.44
58.34
60.77
58.66
65.55
60.36
NA
60.47
63.27
59.07
57.3
62.57
61.12
60.1
62.26
56.48
61.5
59.12
62.3
61.1
60.5
58.19
61.07
60.27
60.47
60.06
60.98
61.4
NA
NA
60.84
63.05
NA
60.77
60.92
59.59
61.14
61.99
62.07
59.87
61.8
61.16
60.93
58.83
60.97
58.24
NA
62.29
58.43
61.38
60.46
62.8
63.03
59.08
59.48
59.98
59.04
59.62
61.62
61.3
60.73
60.74
63.12
NA
NA
61.4
56.7
59.7
59.43
59.24
59.46
59.99
59.3
59.4
60.08
60.78
60.17
59.78
59.44
64.52
61.02
61.98
60.38
61.33
60.37
59.77
62.67
63.6
63.2
63.45
60.05
62.74
NA
60.31
60.71
60.26
60.15
61.19
63.35
60.26
59.96
57.84
63.25
59.35
62.49
59.51
60.02
59.54
61.53
63.73
60.66
62.36
61.21
59.35
60.77
60.76
61.39
62.7
60.65
60.65
56.66
59.01
66.2
59.33
62.49
59.78
60.75
59.54
64.06
60.92
59.71
63.71
58.71
60.19
63.39
61.29
59.03
60.7
64.28
61.73
59.32
59.36
59.87
NA
61.78
NA
59.98
61.12
61.86
61.06
58.76
60.76
60.48
58.16
60.71
60.08
58.33
59.59
59.69
62.49
62.99
61.29
61.76
63.66
62.25
64.05
61.25
60.97
60.78
61.13
60.11
61.58
59.88
60.14
57.94
59.83
60.26
58.96
NA
62.06
NA
60.36
60.26
61.27
59.73
60.16
58.37
NA
63.32
67.82
59.99
62.52
63.92
59.52
59.73
60.91
NA
60.88
63.98
60.62
60.86
58.91
59.56
59.36
60.99
60.32
59.52
57.62
62.02
60.53
60.18
58.42
60.29
60.2
58.86
60.8
62.29
62.53
61.24
NA
63.62
NA
61.0
62.18
62.74
60.02
58.77
59.09
58.77
62.77
57.68
63.18
59.82
63.14
61.24
61.34
60.33
NA
60.76
62.09
62.19
61.07
60.55
65.92
60.27
58.6
57.57
61.11
60.96
64.51
59.92
61.02
61.93
61.45
58.74
62.03
61.22
61.94
NA
61.76
58.75
61.65
69.35
63.05
66.75
62.25
64.55
60.92
63.0
60.86
63.96
58.75
61.66
58.8
60.27
60.57
59.39
57.43
62.47
61.41
61.62
60.09
61.7
66.89
57.41
60.78
63.24
62.78
63.38
60.7
NA
62.9
65.47
63.24
60.04
61.35
61.25
61.05
61.15
60.26
60.99
60.76
61.56
59.96
61.2
61.11
NA
59.4
61.17
60.78
60.47
61.41
NA
62.71
60.71
63.38
57.37
61.25
62.96
63.28
62.9
61.73
60.51
NA
63.71
NA
60.9
58.8
59.38
61.18
58.86
61.01
57.96
60.69
64.4
62.02
58.87
63.65
59.32
59.1
63.03
NA
59.96
58.49
60.7
65.89
59.56
60.06
65.36
60.85
NA
55.45
59.65
58.15
57.55
60.05
62.85
63.04
NA
67.83
61.81
59.41
64.11
61.11
62.24
56.46
61.48
59.1
61.94
61.51
59.7
59.72
59.7
NA
61.03
63.26
NA
63.83
59.52
62.87
60.7
NA
61.73
60.64
66.34
59.44
NA
61.91
63.93
60.99
63.42
62.74
62.13
56.66
63.08
61.3
61.03
61.06
60.54
58.38
55.77
60.48
59.8
58.85
60.38
63.09
61.99
61.58
58.67
61.47
60.97
63.57
64.25
60.21
62.15
60.69
61.85
60.65
63.45
60.35
59.84
59.67
58.86
61.01
57.96
60.95
61.25
64.11
63.37
60.67
61.67
61.86
60.76
59.68
61.51
58.9
60.8
61.54
60.05
60.66
65.5
59.78
63.33
60.53
61.35
60.48
62.38
60.38
60.98
64.18
60.08
60.82
58.52
61.08
59.78
60.68
62.02
NA
NA
59.36
NA
NA
60.9
60.85
61.03
60.42
60.96
61.26
60.97
NA
59.87
61.64
58.53
62.68
59.58
60.88
60.62
NA
60.47
61.06
57.22
61.35
NA
NA
62.37
63.72
60.41
63.94
59.14
NA
61.56
60.7
NA
NA
58.94
61.8
NA
59.75
62.51
59.26
59.21
60.8
62.2
60.3
NA
62.51
62.44
61.94
60.94
61.7
58.34
63.25
62.63
61.8
60.82
61.22
61.3
60.3
62.61
59.86
63.65
60.92
64.9
60.1
NA
61.56
58.68
58.78
NA
58.99
62.54
59.95
61.53
57.45
63.12
61.5
60.25
59.65
59.95
60.82
61.82
61.85
62.15
61.55
58.18
61.95
61.72
62.14
61.84
62.56
NA
64.2
59.05
62.56
NA
61.12
60.26
60.71
61.21
59.81
60.36
62.24
65.24
60.68
NA
64.98
NA
58.8
61.43
61.15
61.01
60.99
61.66
61.88
58.55
59.73
56.89
62.24
59.52
59.4
63.09
58.89
60.69
63.39
61.2
62.95
NA
61.11
63.02
61.08
58.52
57.96
61.49
58.47
62.28
61.36
61.57
61.95
66.55
60.83
60.67
61.09
NA
NA
61.29
59.89
58.07
61.72
61.22
62.03
60.92
61.53
63.63
60.91
59.84
58.7
58.37
65.55
60.45
60.35
58.41
58.2
62.44
60.17
60.16
62.51
60.09
61.34
61.4
NA
62.1
61.48
63.04
NA
61.62
NA
60.11
NA
60.51
57.01
62.31
62.01
61.91
62.7
61.39
60.81
60.41
61.46
61.28
59.78
NA
61.2
63.9
63.89
63.39
63.65
62.23
64.78
61.61
NA
NA
64.47
NA
58.54
60.76
58.16
60.76
60.46
60.46
59.16
61.99
58.99
59.72
60.1
60.08
61.21
60.3
59.3
61.04
61.07
59.21
63.58
59.41
63.7
62.91
61.01
60.1
62.47
59.79
60.18
58.99
61.14
60.13
58.8
NA
62.32
61.54
63.93
64.15
61.29
63.69
59.29
56.59
61.35
58.97
64.19
62.01
61.09
59.96
56.96
63.76
60.36
63.99
NA
NA
58.02
61.5
61.19
62.56
60.58
61.3
62.15
60.71
58.19
63.21
60.63
61.76
63.2
62.3
58.73
63.43
61.65
61.65
NA
58.24
66.89
63.69
60.25
64.31
59.64
59.82
58.68
60.18
57.17
60.25
60.01
64.68
60.82
59.99
60.24
58.78
63.6
59.2
59.11
61.0
58.77
59.08
59.99
NA
NA
63.13
62.64
60.94
65.94
61.23
58.64
57.94
59.02
58.87
60.73
59.21
59.4
62.0
63.22
63.5
NA
58.02
60.82
60.82
61.72
58.56
65.32
60.76
61.69
58.06
60.56
60.66
61.66
58.55
59.21
58.18
56.34
59.16
63.6
60.71
60.61
60.52
63.46
57.95
62.68
62.91
63.25
58.81
62.51
62.23
59.93
61.63
56.38
60.45
59.99
66.49
63.04
65.24
65.54
60.54
58.82
58.02
61.62
61.02
61.42
62.42
62.42
61.04
59.94
61.44
63.94
64.04
60.79
62.92
61.04
60.31
59.55
59.86
59.95
NA
61.22
59.58
59.37
59.31
61.3
62.61
61.84
64.4
61.4
61.54
57.18
63.76
63.45
60.43
62.96
62.62
59.53
59.3
59.21
59.77
58.97
60.52
56.67
NA
NA
63.27
62.84
61.39
58.58
55.62
65.22
NA
58.43
NA
NA
NA
64.23
63.93
NA
61.98
61.7
64.26
NA
NA
55.47
NA
NA
63.95
60.34
56.56
60.59
59.59
58.99
60.79
57.74
62.41
59.87
58.63
62.63
59.72
57.74
62.44
62.23
61.04
56.87
60.57
58.48
64.26
62.6
60.94
60.78
60.42
60.09
60.39
63.38
60.36
57.36
58.94
59.73
62.8
57.05
63.81
61.38
NA
59.4
63.04
61.77
63.39
61.71
64.12
59.27
64.57
62.87
61.97
NA
NA
59.12
61.07
60.83
60.04
61.83
60.96
60.41
NA
63.03
61.7
62.15
61.13
62.13
61.43
NA
NA
61.45
61.12
60.5
64.35
62.01
60.61
65.12
61.4
59.76
63.09
61.8
59.7
62.4
56.29
59.13
65.17
NA
60.73
64.79
58.29
60.91
60.91
57.52
61.32
59.45
60.52
61.24
61.1
60.93
60.41
63.5
59.96
62.09
61.87
61.1
60.48
63.58
58.19
59.77
58.37
60.83
62.08
57.48
64.12
62.97
59.41
63.32
60.29
59.33
61.9
62.99
63.39
62.87
62.71
63.39
60.76
60.72
61.47
63.14
58.29
62.17
59.67
NA
NA
62.5
60.49
60.6
60.7
60.84
61.35
63.37
61.2
58.95
67.45
61.8
NA
NA
NA
58.12
57.96
61.19
62.8
60.72
60.63
60.81
60.09
58.85
NA
57.84
59.51
62.6
60.23
60.23
59.76
60.84
61.94
59.7
63.65
59.58
58.91
61.27
58.39
60.86
60.86
57.06
60.75
61.41
60.71
60.91
58.68
60.51
63.66
61.59
60.74
59.14
60.7
59.9
62.7
62.63
60.7
65.95
61.2
61.14
NA
60.34
60.94
60.34
58.54
63.38
61.36
58.28
61.45
60.93
64.35
60.36
59.77
59.3
61.63
61.89
61.0
61.28
59.2
61.56
58.52
60.0
NA
59.83
61.32
60.13
60.71
59.14
NA
NA
62.34
60.89
62.13
59.06
62.33
61.3
64.36
62.83
58.65
63.39
60.65
62.93
61.06
62.43
60.04
60.48
59.21
61.37
63.89
63.66
59.83
57.44
61.47
58.67
61.67
63.47
60.27
58.17
NA
61.26
NA
59.4
64.4
63.33
61.04
64.79
62.91
61.43
60.81
60.93
NA
61.71
62.2
60.24
60.49
65.48
60.95
61.85
60.78
63.99
57.33
57.72
60.72
59.45
60.92
58.46
66.23
66.16
64.54
60.86
58.1
59.95
60.37
62.98
59.44
60.59
58.62
63.17
63.17
58.9
NA
NA
NA
NA
NA
NA
60.03
60.98
60.81
60.02
NA
60.38
60.51
60.03
59.79
57.41
61.44
57.8
61.9
61.58
58.31
60.09
60.94
59.02
59.49
60.99
NA
61.49
61.09
60.67
62.0
61.12
NA
60.65
61.15
59.68
59.41
59.21
58.88
64.15
57.09
60.43
NA
62.47
NA
60.31
59.71
60.81
60.77
66.29
62.73
61.15
63.24
60.12
60.03
58.64
60.04
60.21
58.24
NA
NA
60.0
64.19
62.95
60.58
59.25
60.44
60.53
63.39
63.69
63.37
63.74
60.77
58.39
62.03
61.44
56.74
63.7
61.18
57.8
59.69
56.99
61.59
59.18
58.38
59.18
58.28
62.96
61.71
NA
61.07
65.89
63.27
61.19
65.42
60.28
59.04
60.27
60.21
60.28
59.66
59.36
61.06
62.16
61.76
60.99
NA
58.1
63.35
63.26
63.05