38.58
37.73
38.49
38.61
36.0
37.35
37.67
37.71
NA
37.89
38.69
38.59
37.49
37.92
NA
37.92
NA
37.92
NA
37.92
NA
37.2
38.18
38.06
37.71
36.65
37.78
38.19
37.54
37.02
38.58
35.93
38.0
38.83
37.45
37.87
NA
38.5
38.02
37.91
37.84
38.14
39.79
37.75
37.83
38.29
41.7
36.94
36.55
36.81
38.05
37.68
37.38
36.6
38.3
37.66
37.66
38.95
38.34
38.26
38.67
38.04
37.69
38.31
37.42
38.07
37.53
38.19
37.43
37.67
37.48
35.22
37.97
38.06
33.57
37.38
37.66
38.32
38.07
38.01
38.22
38.06
NA
37.89
36.15
38.21
37.5
37.81
37.62
38.19
38.55
37.97
36.31
37.12
37.01
39.23
36.31
38.17
38.18
34.91
37.92
38.08
NA
36.98
36.67
38.32
36.74
37.23
38.46
36.17
38.19
34.66
NA
36.38
35.64
37.05
39.15
36.84
36.81
37.14
37.38
38.22
37.84
38.9
NA
38.16
NA
NA
38.18
37.46
35.66
38.3
37.96
37.75
37.2
37.5
38.49
37.65
36.58
39.05
34.73
37.39
38.5
37.43
38.42
37.26
37.62
38.71
37.95
38.9
NA
37.79
37.15
39.45
37.52
NA
37.7
38.01
37.74
38.72
37.08
38.21
37.23
36.61
37.49
36.68
37.39
37.88
38.35
37.6
38.48
38.23
37.75
37.23
37.06
36.69
38.81
38.1
37.97
37.5
NA
37.1
36.53
37.55
38.08
37.88
38.0
37.52
NA
36.2
38.41
38.33
36.81
37.59
37.81
37.86
37.95
37.63
37.49
38.89
37.56
37.78
NA
38.31
37.3
38.13
38.26
37.43
37.67
37.92
39.41
37.99
38.73
36.34
37.98
38.03
37.62
38.47
38.51
NA
39.39
38.52
37.93
38.42
38.48
37.96
37.91
37.37
38.37
38.98
38.17
38.4
38.92
37.88
38.29
38.36
37.94
37.79
38.34
35.46
38.19
37.69
37.41
38.46
37.42
38.34
38.24
41.81
32.25
43.35
37.33
38.59
38.71
36.72
NA
37.91
35.82
38.04
35.98
38.48
37.13
37.52
38.4
37.3
38.56
NA
36.98
37.24
39.04
37.74
39.09
37.62
38.97
38.16
38.26
38.0
37.04
37.94
37.68
NA
37.62
38.73
NA
36.99
38.15
37.0
38.14
37.11
38.19
37.01
38.23
36.99
38.2
37.95
37.43
37.59
36.34
37.66
NA
37.61
37.68
37.26
37.75
38.2
38.15
37.33
37.52
38.46
38.07
37.16
37.98
38.44
38.37
37.54
37.82
38.68
38.22
37.16
37.22
37.25
NA
37.38
NA
NA
NA
NA
NA
NA
NA
NA
NA
NA
NA
37.27
36.11
38.34
38.19
38.38
35.62
NA
37.98
38.02
37.85
37.45
37.62
37.56
37.77
37.79
NA
NA
NA
36.88
NA
36.76
36.24
37.81
34.25
38.2
36.86
37.03
38.54
35.04
38.63
NA
NA
35.65
NA
37.41
37.61
35.69
38.06
38.66
43.31
37.91
37.78
37.87
37.24
37.24
NA
36.61
NA
NA
NA
NA
NA
NA
NA
36.12
39.48
36.69
37.71
38.36
38.18
38.48
36.93
38.26
37.2
37.2
37.29
36.01
37.69
37.82
35.75
38.59
34.4
38.1
36.3
34.4
37.9
36.9
34.5
37.8
38.3
37.0
38.3
37.3
37.4
37.8
NA
NA
NA
NA
NA
38.84
37.67
37.54
37.94
39.0
37.59
38.43
36.65
38.45
37.48
37.57
38.1
37.5
37.17
37.02
37.24
37.82
38.05
37.03
40.49
37.5
37.17
NA
NA
NA
NA
NA
NA
NA
37.41
37.94
34.44
36.72
38.22
38.0
37.76
38.26
38.45
35.91
37.17
37.56
38.08
36.74
NA
NA
NA
NA
NA
NA
NA
NA
NA
NA
35.65
37.3
NA
NA
38.72
36.8
37.9
37.7
38.07
39.44
38.17
37.61
38.25
38.2
38.15
37.96
38.26
37.97
37.97
37.43
37.91
39.04
38.61
NA
37.6
37.8
38.4
37.8
38.2
37.8
37.8
NA
NA
NA
NA
NA
NA
37.74
37.09
37.45
35.7
37.1
36.75
38.07
37.31
38.81
38.3
36.77
38.69
37.78
NA
37.09
38.69
38.1
38.04
38.38
37.98
39.58
36.97
37.42
37.63
37.0
37.13
35.64
37.14
NA
38.12
36.51
39.0
37.49
37.38
38.42
38.06
37.43
35.96
35.97
37.49
37.4
37.94
38.77
37.3
34.26
37.24
NA
36.39
34.22
37.33
NA
36.59
34.51
36.65
37.71
37.38
37.46
35.39
38.61
37.78
37.05
38.93
37.39
37.12
37.29
35.53
38.12
37.79
NA
NA
NA
NA
NA
33.17
37.33
NA
38.06
37.79
38.07
NA
NA
NA
NA
36.39
NA
35.84
37.86
37.47
NA
NA
37.39
38.65
38.66
37.52
38.11
37.34
37.33
37.37
35.03
42.87
37.52
38.69
38.69
37.52
38.23
37.52
37.39
37.46
35.26
37.91
38.56
38.75
37.52
NA
37.33
37.72
37.33
35.19
36.39
39.37
39.36
39.54
39.3
39.4
39.31
39.59
39.77
39.34
39.42
34.9
36.42
38.64
37.03
38.34
37.5
37.82
38.43
36.89
37.29
37.96
37.21
38.7
39.02
37.57
37.21
38.7
39.02
37.57
37.3
38.76
39.08
37.67
37.31
38.7
39.05
37.58
37.14
38.75
39.05
37.58
38.45
36.13
37.44
NA
36.7
NA
NA
NA
37.3
NA
37.6
37.5
NA
NA
NA
NA
NA
NA
NA
NA
NA
NA
NA
NA
37.34
34.93
NA
36.98
36.32
38.07
39.11
39.0
NA
NA
NA
37.81
39.21
38.14
38.75
37.31
37.72
38.14
35.94
37.75
39.58
NA
37.8
35.6
37.87
38.35
36.97
NA
NA
NA
37.74
NA
NA
NA
NA
38.79
38.44
38.23
38.09
38.56
36.25
37.23
37.31
36.7
37.7
NA
NA
37.24
36.48
37.42
41.22
38.62
37.32
35.98
36.83
37.47
37.33
NA
39.25
NA
36.6
37.56
37.65
35.44
38.2
37.56
NA
38.19
NA
NA
NA
37.23
NA
37.5
37.9
37.9
38.0
36.8
38.2
37.2
37.0
37.6
NA
37.66
38.26
37.7
36.9
37.7
38.1
36.37
38.67
39.07
39.97
38.51
38.11
37.55
38.49
38.29
38.09
37.31
37.91
36.61
37.41
38.31
37.01
37.41
34.37
36.27
39.85
38.45
37.23
36.31
38.13
37.83
37.23
34.53
38.43
38.84
38.54
37.04
37.44
38.54
38.75
38.35
38.02
37.14
38.22
37.39
37.37
39.29
36.16
38.22
38.72
38.1
37.98
37.96
38.11
35.31
37.93
37.87
37.98
NA
38.7
38.58
38.0
38.23
37.33
37.83
37.98
38.23
37.94
39.18
38.19
38.05
39.5
38.13
38.08
38.09
NA
35.07
NA
NA
38.23
38.23
37.9
37.2
38.5
37.4
38.1
37.52
NA
NA
35.93
34.73
37.43
38.63
NA
39.53
38.48
38.42
39.02
38.64
36.86
38.88
37.91
38.31
38.51
37.01
34.61
36.71
36.91
38.21
39.21
38.34
37.74
37.84
37.74
38.12
38.24
38.47
37.97
37.97
37.97
36.44
NA
37.61
35.4
37.25
37.58
37.88
38.08
37.6
37.9
38.1
NA
NA
37.18
38.18
34.15
37.15
37.45
36.35
37.02
37.46
NA
NA
NA
NA
34.49
38.12
38.63
40.19
34.49
37.08
38.01
37.51
38.31
38.36
38.63
38.01
37.4
39.55
38.74
38.11
36.94
38.24
36.44
37.94
37.74
NA
38.79
NA
NA
38.76
NA
37.97
38.34
38.35
NA
NA
36.57
36.73
36.74
37.46
NA
NA
37.97
39.08
36.87
38.07
39.07
38.07
37.77
38.37
38.07
37.37
37.87
38.45
38.95
38.15
39.57
38.39
35.1
37.69
37.2
34.87
37.21
37.9
38.13
NA
37.86
37.68
37.01
35.98
37.19
37.56
37.86
38.59
37.49
36.49
NA
NA
NA
NA
37.81
37.93
38.21
37.91
39.09
35.88
38.77
36.52
38.83
38.32
38.35
37.65
37.65
38.45
37.75
37.82
37.42
36.12
36.76
35.82
38.02
34.11
37.44
38.32
38.64
NA
36.47
37.46
38.73
NA
NA
NA
NA
NA
36.02
38.02
37.32
37.77
37.79
37.21
35.48
NA
37.76
37.87
36.78
36.68
38.08
37.57
37.48
38.59
36.22
39.8
38.03
37.81
37.47
35.84
37.71
36.68
38.9
37.01
38.21
38.51
38.21
35.91
37.86
38.07
36.7
37.3
38.9
37.43
NA
NA
NA
NA
NA
NA
37.65
37.67
37.95
37.32
36.75
36.95
38.05
38.5
NA
36.8
38.12
37.65
38.28
37.95
36.4
34.78
36.76
38.39
36.76
37.17
36.46
36.15
38.96
NA
NA
37.0
NA
36.74
36.84
38.14
37.55
NA
37.31
34.18
37.54
36.32
39.22
38.22
36.32
36.33
37.91
37.51
38.21
38.58
38.04
37.93
38.88
37.58
35.76
38.04
34.58
38.15
38.07
37.03
37.13
37.36
37.04
36.76
36.61
38.61
38.31
38.51
37.88
36.06
37.76
37.96
38.06
36.15
37.35
37.85
38.15
37.04
37.64
39.01
38.7
38.19
39.34
38.14
38.59
37.22
36.55
36.85
38.05
NA
37.66
NA
38.37
37.97
38.74
38.71
38.05
38.36
37.73
37.81
NA
38.47
42.67
NA
38.59
37.56
37.92
37.13
35.06
37.55
36.93
38.59
37.88
36.82
38.62
38.02
38.02
37.93
37.89
36.72
36.62
38.02
38.02
37.08
NA
39.3
38.74
36.53
36.74
37.96
38.03
37.76
38.36
NA
38.06
38.66
38.54
36.65
38.07
NA
NA
NA
NA
NA
36.9
38.61
37.76
37.79
35.9
37.55
37.95
38.29
37.52
36.64
38.71
38.02
37.02
38.52
36.52
38.02
38.02
36.52
35.42
37.34
37.74
NA
37.94
39.34
38.26
38.36
37.76
37.76
NA
NA
37.67
38.67
36.63
36.73
38.13
38.14
37.1
34.79
38.07
38.53
36.91
37.91
34.94
36.76
38.25
37.8
37.97
36.0
36.0
38.03
37.48
37.99
35.73
35.23
38.63
37.76
33.28
37.36
37.55
38.82
37.33
38.08
NA
NA
NA
36.1
37.62
NA
NA
37.81
37.61
33.8
36.86
36.63
32.46
NA
NA
NA
NA
35.2
37.59
35.15
37.45
36.62
NA
37.93
37.8
34.33
37.74
38.4
37.2
38.03
37.43
37.77
37.92
37.64
40.72
34.92
37.94
38.19
37.99
37.99
38.09
36.99
37.39
NA
37.41
38.83
37.8
35.95
38.0
33.96
38.03
39.21
NA
38.48
38.76
37.43
37.91
35.69
37.52
NA
37.65
37.56
37.72
37.93
36.91
37.17
38.21
38.23
38.7
37.0
38.9
38.7
37.0
38.3
37.66
39.66
37.66
36.78
38.0
37.14
38.26
38.36
37.11
38.39
38.32
38.34
38.35
37.96
38.46
38.47
36.1
38.39
38.32
37.74
37.54
38.34
37.96
40.81
37.11
34.08
39.77
37.24
36.23
36.73
36.73
36.53
38.03
37.13
37.33
38.13
37.83
38.23
38.23
37.53
38.76
37.37
37.42
38.35
36.76
37.81
39.1
38.28
38.18
34.56
37.0
37.72
37.76
36.47
38.52
39.02
34.11
37.51
38.41
38.61
NA
36.51
37.51
38.71
34.19
36.99
38.19
38.59
NA
34.89
37.69
38.59
38.11
37.42
38.06
37.38
38.95
38.12
35.09
37.76
37.76
37.66
40.76
37.65
37.47
37.76
37.16
38.36
38.06
36.26
38.56
38.95
38.61
37.79
38.49
37.69
37.89
39.19
37.39
38.39
38.06
38.45
37.55
37.45
NA
36.46
36.96
38.56
37.9
37.9
36.74
38.16
34.58
38.51
38.57
37.52
39.02
36.59
38.69
38.39
38.06
36.87
39.75
37.66
38.66
35.46
38.36
37.92
38.22
38.34
39.04
38.04
37.38
NA
37.88
36.98
37.68
37.38
36.68
37.38
38.22
34.73
38.28
37.77
38.04
38.68
NA
37.24
38.29
38.72
36.68
36.23
38.19
NA
NA
NA
NA
NA
NA
NA
NA
38.44
37.61
38.26
38.34
39.04
38.04
37.97
37.65
38.08
37.59
37.84
38.14
38.34
37.34
36.56
37.34
37.76
37.49
38.83
37.66
NA
NA
NA
NA
NA
NA
NA
NA
NA
NA
NA
NA
NA
NA
NA
NA
NA
NA
NA
NA
NA
NA
38.89
38.15
38.19
NA
38.35
37.85
37.72
NA
38.42
38.75
NA
37.35
38.1
37.87
37.1
38.34
37.84
38.39
37.34
37.55
36.67
32.33
38.45
37.51
38.14
38.36
29.96
33.08
33.09
37.15
38.23
38.04
38.41
37.71
38.26
36.69
38.43
37.4
NA
37.87
36.85
37.76
35.72
38.58
35.63
36.69
36.02
37.22
37.98
39.62
36.85
38.1
37.26
36.96
37.46
38.58
38.11
35.96
38.38
38.16
37.96
37.56
37.66
34.96
37.76
35.56
37.76
36.25
38.46
36.75
NA
NA
37.88
36.28
37.88
37.4
NA
37.87
36.97
37.79
37.77
36.09
37.95
NA
36.88
37.61
37.36
36.81
37.82
37.89
37.61
36.21
36.8
36.6
38.0
38.68
38.08
35.98
38.56
36.83
38.32
33.72
37.43
38.02
38.19
39.0
36.31
38.71
38.59
38.53
38.08
36.21
36.93
38.42
37.09
39.24
37.17
37.42
37.41
NA
NA
35.13
38.29
38.2
38.01
NA
NA
38.59
NA
36.79
32.19
38.96
NA
37.46
37.46
37.96
38.16
37.16
36.96
39.26
35.66
38.66
36.45
NA
37.75
37.05
37.65
37.25
36.85
36.65
37.83
36.72
38.37
37.93
NA
NA
NA
NA
37.57
36.97
36.91
37.6
38.05
37.14
NA
NA
39.71
37.79
37.41
37.47
37.74
38.1
NA
NA
NA
NA
39.15
38.15
37.91
38.0
38.15
36.45
38.65
38.75
37.84
37.46
38.72
NA
36.84
38.17
36.37
38.77
38.67
38.71
37.49
38.79
37.89
38.89
37.59
37.06
37.53
38.28
38.25
38.14
38.08
40.79
37.55
37.53
37.84
36.81
38.54
37.77
38.48
38.99
36.44
37.74
37.09
38.22
38.02
38.02
34.92
37.52
36.99
34.92
36.71
37.9
37.81
39.41
38.2
36.11
39.47
36.96
36.66
35.86
36.96
38.1
37.41
38.75
37.65
37.95
38.0
37.99
38.65
38.65
37.95
37.85
37.35
38.15
37.96
37.91
37.88
38.05
37.67
38.08
36.21
36.93
38.42
37.09
39.24
37.17
37.72
37.59
37.71
36.8
38.42
36.86
36.59
35.83
38.2
35.34
35.31
37.68
38.28
37.36
38.39
37.74
38.19
37.33
38.44
38.5
36.78
37.56
34.03
37.45
38.74
36.29
NA
38.78
37.71
36.69
38.12
NA
36.72
37.12
38.05
38.37
37.89
38.27
38.0
NA
39.07
37.71
38.44
39.39
39.37
38.38
36.42
37.12
38.02
37.18
37.58
35.78
38.68
36.68
38.75
38.34
38.51
38.42
37.49
37.18
NA
37.61
35.39
NA
36.76
36.76
36.38
40.01
38.14
37.47
NA
37.72
37.98
37.91
38.48
36.93
36.88
38.4
38.09
37.75
36.24
38.61
37.77
37.82
37.14
38.24
36.74
37.64
37.1
38.55
38.13
38.33
36.81
38.13
38.31
38.31
37.37
38.62
38.72
38.75
36.93
37.34
38.02
38.13
37.71
37.13
38.81
36.93
37.26
37.98
NA
37.7
NA
37.1
NA
39.0
37.1
38.8
NA
35.8
NA
37.31
37.41
38.61
38.51
37.11
NA
34.41
37.76
37.31
38.11
38.21
38.01
38.01
35.61
38.01
37.24
37.04
38.14
37.24
37.4
37.4
38.46
37.96
38.04
37.73
38.32
37.01
38.0
36.98
38.08
36.27
NA
37.74
37.26
36.08
37.68
37.38
37.68
38.11
38.21
38.04
38.35
35.13
37.88
38.17
37.54
37.35
NA
36.85
38.15
37.81
37.27
37.81
37.81
37.17
38.44
38.44
37.45
38.01
38.36
38.36
37.85
36.85
40.35
37.45
37.95
37.05
38.55
38.05
36.12
37.08
37.04
35.21
37.85
38.53
36.9
NA
36.66
NA
38.24
38.0
35.43
38.52
38.43
38.13
37.66
38.22
37.99
35.59
38.35
38.46
38.18
37.71
NA
NA
NA
NA
NA
NA
NA
NA
37.86
35.84
38.97
37.67
35.97
37.68
36.0
38.02
NA
NA
NA
NA
37.13
38.65
34.38
37.08
37.38
38.08
37.78
38.08
35.78
38.48
NA
NA
NA
37.33
38.74
38.37
38.45
NA
NA
38.35
38.75
36.72
38.64
36.27
NA
NA
NA
NA
NA
37.36
38.16
37.73
NA
38.49
38.14
38.02
38.37
37.66
38.95
37.94
37.96
37.95
37.72
38.43
38.2
37.49
37.9
36.25
37.74
38.02
NA
NA
37.76
NA
NA
36.59
36.34
37.23
40.71
37.79
37.26
37.93
39.14
38.36
37.82
37.42
38.02
37.12
38.4
38.32
38.39
36.09
35.41
37.91
37.75
37.15
NA
41.45
38.85
37.85
37.55
36.95
38.01
38.87
37.83
NA
NA
37.76
37.68
37.36
NA
37.64
35.84
NA
36.66
37.04
38.94
38.24
38.74
37.64
35.34
37.75
38.25
34.85
37.0
37.4
NA
36.68
37.58
37.78
38.44
37.36
37.76
36.67
38.31
37.76
37.64
36.84
38.14
38.51
38.61
37.87
37.29
35.89
NA
36.39
37.69
36.81
35.71
37.89
34.67
37.14
41.45
37.22
38.01
38.38
40.85
37.43
38.76
38.17
NA
38.12
37.55
NA
38.23
37.38
36.85
37.69
37.76
38.07
37.37
37.59
NA
NA
38.12
37.64
35.38
39.0
38.36
38.27
33.78
38.37
38.27
34.12
38.35
37.69
37.19
37.93
38.55
37.3
37.93
37.76
38.08
NA
35.31
36.55
34.8
38.2
37.7
37.7
37.7
38.03
37.38
38.03
37.22
37.69
38.01
NA
38.32
39.04
38.24
36.71
38.14
38.21
38.32
34.9
37.17
35.92
37.66
NA
38.72
38.06
36.14
37.92
37.42
38.0
37.99
37.2
37.47
37.09
37.07
38.16
37.59
37.37
38.7
36.8
38.9
38.46
37.98
37.9
37.22
37.26
37.86
37.04
37.15
37.82
NA
36.22
38.42
38.32
38.22
37.82
35.72
39.03
38.22
38.79
38.16
38.69
38.55
37.5
36.84
38.15
37.82
35.73
38.47
38.28
38.14
37.57
NA
36.37
37.38
38.7
37.72
37.13
37.83
36.73
36.73
37.63
NA
37.32
NA
37.48
37.73
37.69
38.46
38.4
37.84
37.39
38.03
38.35
37.41
38.24
36.84
37.78
36.95
38.0
38.12
37.34
38.45
37.83
37.78
38.33
37.79
37.84
37.84
38.01
37.51
37.61
37.51
37.51
37.31
36.64
37.94
38.27
35.79
37.85
38.64
37.51
38.89
37.83
37.93
37.43
38.03
36.83
34.53
38.41
36.42
35.26
38.7
38.41
39.63
41.3
NA
38.33
38.43
38.52
NA
34.72
34.58
37.16
NA
37.65
37.89
38.11
37.91
38.37
38.36
37.19
38.92
34.84
38.56
37.05
37.98
36.88
38.08
39.21
36.56
37.23
37.43
36.45
37.99
38.41
38.2
37.9
NA
NA
37.93
36.09
NA
37.2
37.43
37.83
44.04
38.59
37.87
37.38
39.04
38.26
38.04
37.41
40.14
38.34
37.54
36.24
39.14
38.52
37.62
38.02
37.32
39.42
37.75
37.75
34.75
38.19
37.49
36.35
37.65
36.66
37.86
NA
36.78
37.78
38.18
36.77
36.97
37.57
37.77
36.51
36.91
38.11
35.77
37.12
38.41
38.58
38.0
37.89
37.31
36.93
35.84
NA
38.1
38.98
38.19
36.9
37.9
37.36
38.43
36.49
38.22
38.44
36.51
38.33
36.93
37.33
37.93
38.03
36.98
37.85
37.26
34.26
38.11
38.3
40.15
NA
39.25
37.92
37.23
37.96
37.59
39.63
37.42
38.02
37.62
NA
37.72
NA
NA
37.38
36.83
40.93
38.47
35.55
37.05
38.15
38.51
NA
NA
NA
NA
NA
NA
NA
38.21
38.4
37.99
36.59
38.35
34.34
36.79
39.54
38.47
38.75
37.35
36.35
39.28
36.81
34.54
36.64
37.82
37.59
38.16
38.16
37.11
36.08
38.34
36.13
39.13
37.26
37.78
32.87
37.59
37.65
37.53
NA
37.82
37.49
NA
37.37
37.56
37.82
38.02
38.42
NA
NA
NA
38.37
38.16
38.07
38.74
NA
38.17
37.49
36.75
38.25
35.34
38.44
36.89
38.6
37.18
37.87
NA
NA
38.08
NA
37.63
37.32
37.24
41.12
39.51
37.25
38.18
37.59
37.15
37.29
36.36
39.61
36.73
47.36
37.42
38.27
37.77
33.88
37.49
37.87
30.67
38.37
36.97
37.85
NA
NA
37.93
38.43
36.63
38.03
38.13
37.32
37.86
38.4
37.84
37.49
33.91
37.37
37.63
38.14
38.12
38.11
39.02
37.96
38.03
38.04
37.63
38.7
38.5
37.4
37.8
35.7
38.09
36.79
36.49
38.69
38.45
35.52
NA
34.97
37.8
37.61
38.11
37.91
37.81
37.81
39.21
NA
37.2
37.33
NA
38.04
38.15
37.98
37.74
37.75
37.79
37.16
37.33
37.97
38.71
38.78
37.96
37.56
34.15
38.38
41.01
39.58
38.39
37.64
37.57
37.49
38.5
38.01
38.77
37.1
38.83
37.74
NA
NA
NA
NA
NA
36.9
37.19
35.08
39.28
37.48
38.28
38.35
37.8
35.74
38.3
37.95
38.2
37.7
37.7
39.03
NA
38.92
38.89
38.81
39.04
38.2
38.56
36.11
34.96
37.89
38.13
38.13
39.22
39.49
37.89
39.11
36.35
37.74
38.14
37.21
36.31
37.96
37.76
37.66
36.66
34.32
37.71
38.58
38.78
NA
36.77
37.72
38.92
36.86
38.26
37.26
38.26
37.16
37.52
38.67
36.99
38.36
37.74
36.58
37.47
39.13
38.93
36.68
36.54
38.4
35.59
37.88
36.56
38.29
38.8
36.83
37.81
38.03
38.65
34.9
37.84
35.4
37.78
36.96
36.65
38.23
38.14
37.94
37.34
38.13
NA
37.95
36.33
34.44
37.67
37.1
39.35
37.83
37.36
37.17
37.93
38.14
37.85
34.73
37.89
37.24
39.59
36.52
37.93
NA
NA
38.35
38.35
38.85
38.75
40.11
40.78
37.68
36.77
37.03
38.1
36.78
38.55
36.76
34.05
38.25
35.66
38.72
38.89
NA
38.79
37.99
37.42
36.82
38.44
37.68
38.78
35.48
37.68
37.68
38.7
35.51
38.46
38.38
38.63
34.19
37.48
37.7
41.22
37.74
36.58
37.47
39.13
38.61
37.26
35.16
33.41
37.8
37.72
38.73
38.63
38.23
38.64
NA
NA
38.3
38.34
38.4
34.8
37.85
NA
35.68
NA
NA
38.06
37.83
36.06
38.05
36.27
36.63
37.25
38.27
38.43
38.83
38.51
38.37
38.17
35.57
NA
38.25
38.05
37.65
38.25
36.97
37.96
37.24
38.24
NA
36.77
38.74
NA
37.78
39.23
37.6
36.4
39.1
37.87
36.14
37.24
38.11
37.17
37.57
37.26
38.21
NA
37.27
38.37
NA
35.43
38.0
37.69
38.53
37.22
38.45
37.26
38.67
35.67
37.37
38.43
37.87
NA
NA
NA
NA
NA
NA
NA
NA
NA
NA
35.97
37.42
38.48
37.97
38.7
35.68
NA
NA
NA
37.68
38.1
38.46
38.19
38.31
37.01
37.71
38.44
38.45
37.87
37.83
37.84
37.67
38.78
38.33
39.57
39.54
38.71
37.76
35.0
36.8
35.14
38.36
37.72
38.28
38.14
38.08
37.13
37.62
38.29
NA
NA
NA
NA
NA
37.85
34.56
38.15
34.82
37.68
37.68
36.6
39.4
38.2
37.85
37.99
NA
38.11
37.39
33.21
37.92
38.57
37.79
37.75
38.03
38.51
38.61
38.11
38.01
38.21
38.68
38.03
36.08
40.21
38.63
37.64
37.44
38.61
35.59
NA
NA
NA
NA
NA
37.46
38.06
38.2
39.65
39.43
38.2
37.46
38.68
37.53
37.25
37.34
37.88
37.13
37.75
37.17
37.8
36.73
37.53
36.2
37.15
34.95
37.95
37.25
39.82
37.94
37.65
NA
37.81
38.31
36.56
38.29
36.58
37.66
39.58
37.01
37.46
36.76
40.23
38.94
37.56
38.54
38.18
37.44
NA
NA
NA
NA
30.6
34.7
35.2
28.3
39.35
37.25
37.71
NA
39.3
37.21
37.66
NA
37.81
38.16
38.23
37.4
37.67
37.67
NA
37.89
37.69
37.62
37.83
37.75
38.17
37.67
35.91
34.91
37.53
39.97
37.65
35.86
34.93
37.54
39.98
37.64
37.59
37.87
36.95
37.44
34.65
37.95
38.84
43.24
37.7
37.36
36.01
37.9
37.98
37.54
37.77
NA
NA
37.6
NA
37.31
35.56
37.52
42.36
37.01
35.53
NA
NA
NA
NA