66.2
65.35
64.1
65.25
64.11
66.07
65.73
66.14
60.76
61.61
65.98
60.52
65.39
65.22
65.22
65.22
65.22
65.22
65.22
65.62
64.42
65.13
65.85
63.38
59.62
63.04
66.43
63.58
60.45
63.69
66.92
62.51
64.49
64.88
64.38
66.45
63.92
61.78
64.89
64.59
64.57
65.25
61.63
61.77
64.94
65.37
62.05
63.52
65.9
65.01
63.74
65.53
60.93
63.56
64.38
66.32
63.81
63.74
65.93
65.85
65.76
66.28
64.97
60.61
64.12
66.41
62.09
64.41
65.38
64.98
64.95
62.92
65.39
64.94
61.21
62.43
65.89
64.36
66.01
65.62
65.15
63.69
NA
64.26
62.15
65.16
64.36
65.26
64.58
65.53
66.62
66.82
66.5
64.36
65.61
65.45
63.35
66.46
66.13
61.83
64.78
65.95
NA
64.18
63.71
65.49
65.28
65.41
64.87
61.96
61.2
62.65
64.68
61.47
61.77
62.99
64.41
65.28
61.14
63.43
65.34
61.1
64.02
65.44
59.45
64.1
65.03
NA
65.63
64.68
63.24
66.16
64.93
66.69
66.73
65.14
65.99
65.73
64.86
62.47
62.7
66.43
65.78
63.83
66.1
64.92
62.48
63.75
63.09
64.65
67.08
62.3
65.81
63.2
61.81
66.25
66.78
66.46
66.21
65.86
64.87
65.76
65.62
65.55
65.66
63.98
65.1
62.35
64.45
65.2
64.39
65.1
63.48
62.9
66.2
65.76
66.2
65.22
63.43
64.35
NA
64.16
64.11
66.73
65.71
66.41
65.01
66.55
65.68
62.76
65.3
66.01
64.9
64.72
65.25
64.67
65.15
66.37
66.44
66.57
63.77
64.22
63.07
65.76
64.25
66.03
64.81
64.58
65.73
65.43
62.02
63.42
62.78
65.07
65.92
65.33
64.26
65.62
65.45
63.55
65.87
66.14
64.79
65.52
64.34
64.18
64.54
64.54
65.42
61.9
64.61
66.36
61.44
63.64
60.71
66.02
65.73
65.78
65.78
63.18
66.29
66.55
64.1
66.17
66.58
66.11
65.55
56.73
62.17
65.31
66.61
65.83
65.38
66.8
65.88
66.45
60.79
66.16
62.71
65.17
65.91
66.11
62.64
64.93
65.76
66.18
63.98
63.59
66.7
62.8
62.59
64.92
62.49
63.88
65.33
66.07
60.92
64.08
66.37
64.21
64.62
66.62
64.65
64.08
65.99
64.08
66.3
64.18
66.18
64.11
66.16
64.14
66.35
65.61
63.13
58.94
65.07
63.19
65.76
66.13
65.57
65.45
65.89
65.91
59.58
65.85
60.5
64.93
64.94
65.67
NA
NA
NA
NA
NA
NA
NA
NA
64.71
65.62
NA
65.01
65.39
NA
65.06
65.78
NA
65.24
64.78
65.41
65.15
65.4
64.96
66.67
62.96
65.78
64.91
63.48
64.66
65.31
65.64
65.73
65.21
66.63
65.44
65.16
65.99
65.75
NA
NA
NA
64.74
66.03
67.0
62.7
60.75
62.35
65.81
61.54
64.97
63.81
62.2
61.88
NA
NA
64.11
NA
66.96
65.96
63.91
66.07
66.27
61.77
65.43
65.97
65.79
63.54
64.34
NA
63.01
NA
NA
NA
NA
NA
NA
NA
61.81
63.5
63.96
65.54
65.8
64.45
61.35
66.1
65.16
66.15
65.53
64.42
62.52
66.14
65.11
62.13
66.4
62.2
64.4
60.5
68.2
64.0
64.2
61.57
63.1
64.2
65.1
62.8
64.9
65.6
66.0
NA
NA
NA
NA
NA
65.32
64.39
64.94
65.54
63.68
66.71
64.03
68.35
65.65
61.39
64.67
65.15
65.15
65.13
64.63
64.33
64.06
64.94
63.49
63.52
65.15
65.13
NA
NA
NA
NA
NA
NA
NA
65.83
64.27
62.29
66.06
66.1
66.37
65.69
64.02
66.24
66.21
65.14
65.86
65.43
62.81
64.48
62.68
64.38
62.78
64.39
62.59
64.32
62.12
63.86
62.16
63.0
65.07
64.55
62.72
66.52
63.9
64.2
65.0
63.72
63.92
65.69
65.52
66.66
64.17
63.35
64.14
63.51
64.75
64.36
64.25
64.69
65.01
61.51
65.9
66.6
66.6
64.8
66.5
65.0
65.2
64.6
65.6
62.1
NA
NA
NA
NA
66.41
65.13
66.55
63.96
64.41
63.79
61.56
66.41
65.71
66.05
65.94
64.99
66.49
NA
63.91
65.43
66.64
66.02
64.78
63.28
63.38
65.0
66.01
66.29
64.78
65.58
63.23
66.49
NA
65.63
64.99
66.09
65.32
65.97
65.76
65.61
65.85
61.53
61.53
66.42
60.96
65.02
64.7
63.17
61.13
61.07
NA
64.92
61.17
61.05
NA
64.85
62.49
66.23
62.94
65.98
65.28
62.22
66.5
63.88
63.88
62.16
63.96
66.35
66.12
64.98
65.58
63.48
NA
NA
NA
NA
59.31
64.05
60.81
62.35
66.31
65.33
62.82
66.24
63.64
66.34
63.34
66.35
NA
64.27
66.76
67.06
NA
NA
64.45
66.87
66.54
63.93
66.36
67.09
65.81
67.09
62.13
59.76
64.37
66.78
66.46
63.89
66.2
66.88
65.86
66.99
62.13
63.56
66.78
66.46
64.01
65.99
65.14
65.9
66.75
62.27
62.47
62.58
62.51
61.95
62.4
62.29
62.42
62.31
61.95
62.03
61.96
61.12
63.94
65.03
66.74
66.38
61.34
67.35
66.4
64.04
64.75
66.44
64.08
65.37
63.27
66.49
64.08
65.37
63.27
66.49
64.08
65.37
63.39
66.54
64.08
65.36
63.22
66.37
64.16
65.55
63.24
66.75
65.66
63.36
67.19
65.33
65.1
NA
NA
NA
62.4
NA
66.1
65.6
NA
NA
NA
NA
NA
NA
NA
NA
NA
NA
NA
NA
66.13
60.77
63.77
64.55
63.42
66.19
64.71
63.48
NA
NA
NA
66.23
61.9
66.37
61.38
66.0
66.19
66.15
63.45
66.2
61.82
NA
65.56
62.96
65.52
66.52
65.17
NA
NA
NA
66.32
NA
NA
62.39
59.97
61.73
63.08
62.2
63.46
66.02
63.87
67.37
65.52
65.59
65.6
NA
NA
61.19
65.18
63.62
60.62
64.22
66.82
61.47
64.5
64.49
65.89
NA
63.14
NA
65.98
64.63
65.05
67.08
64.1
66.08
61.57
65.82
NA
NA
62.34
63.94
65.47
63.8
66.8
65.3
65.8
65.3
64.5
65.1
60.4
64.5
64.8
66.66
66.16
65.2
65.4
64.2
60.9
62.67
65.87
61.17
63.97
66.21
64.71
64.65
67.09
66.89
65.79
NA
NA
NA
NA
NA
NA
NA
61.87
62.07
64.85
66.25
64.93
62.86
63.63
66.03
65.13
62.03
64.93
65.34
65.14
66.14
64.34
66.34
65.55
66.25
65.46
63.81
65.97
66.17
66.12
65.01
63.66
64.41
65.83
64.7
66.68
64.98
64.97
61.45
64.99
65.39
65.56
62.38
64.99
64.88
61.86
66.61
66.63
65.36
66.41
65.46
65.5
61.56
65.18
65.53
62.03
65.23
65.88
65.35
63.77
62.17
60.64
63.01
65.5
65.5
63.5
66.6
66.1
65.1
65.0
65.32
NA
NA
63.33
66.13
65.93
63.73
64.53
64.33
65.68
66.22
64.82
64.9
63.19
63.98
65.81
64.01
66.21
62.81
65.91
64.91
63.61
65.01
64.01
63.44
65.74
65.54
65.74
64.29
64.76
63.57
65.67
65.17
65.17
64.24
62.92
63.42
62.63
65.03
64.58
65.88
64.98
64.6
65.9
64.9
64.66
NA
64.98
66.28
60.78
65.54
64.61
61.94
60.99
61.53
65.56
64.57
61.62
66.53
62.61
66.09
65.58
60.4
61.43
64.54
64.51
64.71
65.81
63.65
66.37
63.0
62.51
62.7
65.96
63.51
63.94
66.74
63.94
66.04
65.24
65.57
61.2
64.95
65.54
61.17
64.92
63.97
65.42
64.78
60.16
61.06
62.54
66.15
64.55
64.86
64.95
53.25
64.96
64.96
64.41
63.17
62.07
64.37
63.77
63.47
63.77
64.77
65.97
65.15
64.95
64.25
60.28
66.17
61.67
65.68
61.45
59.8
66.18
65.17
64.54
66.27
65.2
65.95
65.88
65.62
66.01
66.6
66.17
65.19
65.19
65.19
66.79
65.71
60.8
NA
66.54
67.28
66.33
65.26
65.74
63.99
65.07
63.31
66.46
64.53
62.35
65.15
65.85
64.35
66.05
64.92
63.22
62.92
63.66
62.12
65.52
66.98
65.69
63.35
64.99
NA
64.57
64.94
64.93
64.83
63.85
65.12
64.37
62.61
61.52
66.0
61.85
59.76
64.88
60.89
62.51
66.34
65.18
62.93
62.28
65.58
66.78
65.4
63.95
63.58
63.2
66.75
66.55
65.93
65.61
61.96
65.48
63.77
66.63
63.21
58.81
65.01
65.81
61.41
64.58
61.1
66.8
66.12
65.13
65.43
65.79
66.19
64.79
63.19
62.39
66.15
63.75
66.84
65.19
65.17
62.25
65.75
66.65
63.66
63.53
63.01
65.93
65.25
65.7
64.98
61.7
62.98
64.53
66.03
63.39
64.31
64.23
64.0
63.09
57.7
54.3
58.3
61.8
62.34
65.84
66.84
65.75
63.45
59.82
60.97
64.34
62.91
65.82
63.32
63.72
68.91
67.51
64.61
65.41
65.92
66.19
65.7
66.88
64.48
62.01
64.8
62.28
63.63
63.08
63.7
62.6
65.02
66.3
65.87
63.81
65.21
64.01
62.61
65.22
61.36
66.06
63.06
64.06
60.85
65.55
63.25
64.55
66.54
65.94
64.62
65.67
67.18
64.87
63.38
62.03
65.26
61.95
64.65
66.55
NA
64.47
65.1
63.66
64.12
62.64
63.23
63.92
64.58
64.47
63.22
62.77
63.97
60.17
65.27
61.54
66.18
65.74
65.46
61.65
65.26
64.16
66.38
65.22
64.22
64.92
65.82
66.42
64.16
65.07
62.22
65.52
66.72
65.78
64.17
NA
64.88
65.34
62.1
65.85
66.47
65.26
65.06
65.26
NA
64.36
66.13
65.24
63.48
66.05
62.77
64.27
63.77
65.07
65.07
65.7
64.77
65.48
64.41
62.62
65.24
65.36
65.96
66.47
64.63
61.19
66.02
66.52
65.52
62.92
NA
66.52
64.42
64.92
64.54
65.04
64.64
61.84
66.44
65.76
65.36
65.46
66.46
66.89
63.99
66.47
66.17
62.13
65.83
66.73
64.65
64.63
61.76
67.09
62.07
64.26
65.75
62.0
65.96
65.42
66.24
66.17
61.65
62.42
66.88
64.88
65.15
62.44
62.92
66.73
66.15
65.05
65.09
65.6
63.29
66.02
63.28
NA
NA
NA
63.34
65.15
NA
NA
61.89
66.46
61.64
62.66
64.18
65.29
62.49
64.49
65.29
63.39
60.46
65.89
60.44
65.86
65.94
66.28
66.33
67.02
62.88
65.69
62.0
65.3
66.23
65.03
66.66
64.06
61.77
59.13
62.99
65.19
62.09
66.59
66.09
65.39
63.59
64.59
62.42
64.6
65.53
62.74
NA
64.83
65.02
64.05
66.4
65.84
66.17
66.4
65.23
66.56
60.82
65.76
64.93
65.16
65.16
64.02
62.96
63.95
64.32
65.0
65.81
65.9
66.4
59.9
66.0
65.1
65.1
66.16
60.86
62.46
63.97
64.99
64.91
65.74
62.57
65.55
65.4
65.23
65.42
64.78
65.66
65.8
64.8
63.13
65.4
65.23
65.74
66.54
65.54
65.6
58.79
63.33
61.16
63.53
65.08
63.56
65.58
65.08
64.13
66.13
63.83
64.43
64.43
67.13
63.93
65.53
65.53
60.89
64.81
65.46
64.84
66.9
65.1
65.35
65.51
65.33
61.67
65.31
64.02
65.5
64.99
63.13
64.62
67.11
65.91
63.51
65.01
NA
64.21
65.01
65.01
67.19
65.39
63.49
64.99
NA
62.59
65.29
65.09
65.88
65.0
63.55
65.58
66.48
67.03
61.25
66.66
64.06
61.76
59.16
65.65
65.66
64.16
64.76
66.86
65.66
62.36
65.66
65.81
66.09
65.49
65.79
66.19
65.29
65.39
66.99
63.79
64.07
65.95
65.35
62.05
NA
66.56
63.66
64.96
65.9
65.0
65.14
64.82
61.42
61.42
66.27
65.12
64.92
61.82
64.04
64.11
65.03
65.57
64.21
66.26
65.46
62.46
66.36
65.82
65.82
63.04
64.74
65.84
64.18
62.48
64.58
64.88
65.08
64.38
64.18
65.58
64.64
61.31
61.23
65.09
64.76
61.54
NA
64.05
65.09
61.45
65.72
65.19
66.34
64.61
65.21
63.51
63.61
63.81
64.41
64.11
63.51
65.9
65.19
66.65
63.04
64.74
65.84
64.91
66.82
65.2
65.68
64.24
65.34
64.74
63.04
64.58
63.01
66.67
66.67
64.42
65.89
64.49
64.23
65.06
64.99
64.24
65.84
62.98
62.93
62.91
65.6
64.89
65.22
65.16
62.98
65.28
63.44
65.46
62.51
64.78
64.66
65.02
66.12
65.46
66.71
65.42
NA
64.93
66.29
65.93
61.68
65.69
60.84
63.35
65.25
64.42
65.11
64.26
65.18
66.35
66.46
66.23
65.09
64.82
65.34
66.26
65.71
64.3
65.25
65.46
64.12
65.13
64.65
60.42
66.36
63.93
65.86
65.97
64.87
62.72
64.58
NA
66.52
64.7
66.17
63.34
65.28
61.81
64.13
61.18
65.33
63.83
61.48
64.05
66.92
64.66
65.46
60.56
65.49
65.3
64.23
66.68
65.06
64.96
64.76
65.06
66.46
65.26
66.96
64.66
63.35
65.39
63.98
66.23
NA
65.03
63.76
64.93
65.69
65.31
64.1
64.35
64.58
62.74
65.5
59.99
NA
65.28
65.66
65.04
63.48
65.04
64.45
66.97
63.93
62.6
65.4
66.8
65.68
65.48
64.28
65.46
64.33
65.63
59.84
65.83
65.96
61.07
65.23
62.58
60.07
65.0
65.45
66.49
62.18
61.07
65.81
67.1
65.24
63.61
63.78
64.06
64.76
61.17
61.31
65.98
66.36
67.09
64.15
63.45
66.29
64.19
64.19
63.59
65.96
65.36
64.66
60.96
65.36
65.96
64.76
64.56
65.86
63.66
64.66
64.35
65.75
62.75
65.35
65.95
66.05
67.25
63.45
65.67
65.72
66.1
65.19
65.94
64.84
64.34
64.04
64.82
63.38
65.01
66.02
65.99
62.88
65.81
60.51
64.31
66.09
63.72
66.74
65.46
65.12
59.73
54.72
58.25
64.74
62.1
63.11
65.64
66.73
65.95
68.25
66.55
65.55
65.54
65.6
65.92
NA
60.44
66.17
68.67
66.57
65.57
62.71
65.09
64.99
65.59
66.59
65.79
65.1
64.8
64.53
66.26
65.88
65.96
66.09
63.77
66.23
66.43
64.99
64.96
64.3
60.89
65.48
63.44
64.51
63.9
63.12
66.42
65.62
61.92
64.32
65.07
61.42
63.82
66.2
63.96
63.33
65.55
63.33
65.37
64.86
63.06
62.86
64.06
65.49
64.34
64.33
64.91
65.58
66.31
65.5
61.35
62.15
65.25
65.85
64.25
65.95
66.52
64.99
65.66
64.4
64.44
66.49
62.18
61.07
65.81
67.1
65.24
63.61
65.79
65.5
65.42
64.8
62.6
65.48
66.67
63.15
67.29
62.9
63.15
66.28
66.53
66.5
65.5
64.38
65.55
64.03
64.94
64.91
66.75
66.13
61.46
64.15
65.83
62.57
65.06
62.44
65.24
62.56
62.67
63.3
65.74
65.49
65.86
65.73
65.43
65.41
63.59
65.02
64.67
65.7
65.07
63.42
62.01
64.68
62.02
66.22
66.62
64.78
65.78
63.68
66.18
65.58
65.01
65.49
65.33
65.47
59.36
65.93
66.24
63.95
61.15
63.77
64.75
66.01
61.95
63.03
66.27
65.9
61.81
64.74
65.98
65.65
64.53
65.06
63.66
65.62
65.37
63.64
64.37
64.77
62.4
65.92
66.54
66.94
66.54
62.04
64.91
63.84
65.7
65.18
64.55
65.07
65.55
65.55
NA
65.87
62.81
65.21
65.84
66.43
65.24
61.99
65.89
65.79
65.14
65.72
66.41
65.18
62.01
65.89
65.46
65.2
62.5
60.3
65.8
67.1
NA
60.0
NA
65.51
62.81
64.21
64.91
62.31
NA
59.69
65.78
64.51
64.51
65.71
64.91
65.61
66.91
65.51
64.54
65.44
65.04
66.04
64.89
64.59
64.64
65.42
63.1
65.4
65.6
63.29
67.5
65.49
64.48
61.95
66.1
65.95
64.27
64.48
65.58
65.88
64.28
65.56
64.98
65.21
63.99
64.24
66.51
63.6
59.91
63.05
63.45
63.65
65.95
65.7
65.39
65.7
65.07
65.7
66.34
65.7
65.26
66.53
65.73
66.0
63.15
65.25
64.85
64.85
65.05
66.55
65.45
64.45
60.93
62.96
64.92
62.23
66.08
64.13
64.4
62.69
63.43
65.29
65.97
66.24
63.72
66.66
66.03
64.08
64.54
65.96
66.29
63.8
66.8
66.0
64.22
64.7
64.68
65.61
63.26
64.43
66.54
62.32
65.37
59.74
65.81
62.72
65.47
65.69
63.14
64.19
61.33
64.51
66.5
63.95
65.78
66.06
64.92
62.62
60.48
64.68
62.88
66.58
64.68
67.18
62.08
65.38
62.11
63.11
65.41
65.24
64.3
64.95
65.71
NA
65.58
65.65
61.25
65.08
64.89
62.19
65.73
66.43
65.48
63.41
63.32
64.5
65.63
65.79
64.13
65.17
66.41
65.48
65.44
65.14
65.97
65.49
65.43
64.23
66.08
66.56
66.32
64.43
63.85
63.05
65.74
64.84
NA
66.01
64.54
66.55
64.73
64.59
64.33
64.84
60.38
64.29
64.24
61.7
59.89
65.44
66.39
64.22
64.52
63.12
65.2
65.14
65.0
63.72
61.71
61.31
62.45
62.75
65.85
56.35
65.25
65.25
64.75
64.45
63.27
65.55
61.52
NA
NA
66.32
65.86
64.81
61.01
65.43
65.74
66.58
63.57
63.44
65.44
65.84
66.34
64.64
62.34
66.15
64.65
61.05
63.8
66.3
63.9
59.48
66.28
65.58
66.09
66.71
64.7
62.08
62.86
66.71
64.74
64.34
65.84
64.41
61.51
65.9
65.9
63.59
65.49
63.29
64.49
65.21
63.81
67.01
62.52
62.81
60.3
66.6
65.83
65.89
58.52
63.58
65.7
65.68
NA
63.37
65.76
NA
62.94
65.25
63.33
65.5
64.21
61.27
65.05
66.26
65.07
64.97
64.91
66.34
61.99
66.03
65.16
66.06
60.11
66.37
65.86
60.02
66.25
65.89
61.59
65.43
65.58
67.15
66.21
65.87
65.63
64.92
67.04
63.59
60.8
66.2
66.2
67.8
62.88
65.57
64.61
62.5
64.57
63.88
63.59
57.19
64.64
64.2
65.67
64.98
66.2
63.71
62.74
62.34
65.56
64.43
64.41
62.45
66.43
65.47
62.96
64.55
67.0
66.35
66.69
64.73
64.29
64.86
64.82
65.36
65.21
64.24
65.6
64.4
63.3
64.06
66.44
62.56
62.37
65.16
63.56
63.2
66.77
65.84
65.82
61.52
65.52
64.02
64.62
66.12
62.73
65.57
65.6
62.61
64.0
62.06
64.73
65.17
62.31
65.19
62.69
63.15
63.4
64.01
65.7
65.7
66.26
61.1
64.12
66.3
65.03
65.53
64.03
61.63
66.53
66.53
65.65
66.27
64.08
65.78
64.34
66.33
64.85
58.76
65.75
64.4
64.37
64.37
64.38
63.54
64.84
66.12
65.81
65.26
66.67
65.92
64.96
65.11
65.13
64.8
64.59
62.34
65.54
66.21
65.61
65.21
64.51
64.61
64.39
61.74
64.84
62.11
67.55
65.59
61.11
61.49
66.06
63.23
66.43
65.13
65.13
63.73
61.53
66.16
63.12
61.86
64.9
66.93
63.99
59.9
NA
65.41
61.63
65.15
NA
66.13
61.45
63.75
61.55
65.55
64.15
65.75
65.68
65.15
64.61
64.06
64.61
63.6
66.58
62.85
66.18
64.68
63.78
65.51
65.0
65.19
65.3
64.63
64.28
65.1
64.15
63.29
64.73
60.75
65.25
65.5
66.28
63.44
65.13
65.03
65.74
65.91
66.14
63.83
62.49
65.71
65.07
64.44
62.94
64.94
63.24
62.14
66.24
63.92
65.12
65.12
63.62
60.62
63.25
65.95
60.95
66.09
61.69
62.05
64.75
62.06
65.06
NA
62.38
62.08
66.58
62.07
64.87
64.87
66.77
62.11
64.61
66.81
62.3
63.8
65.69
61.15
60.89
60.96
65.03
64.95
64.5
66.98
64.17
64.2
67.15
64.87
67.53
65.66
62.74
63.46
62.66
62.92
63.38
62.82
62.03
64.93
65.23
66.93
64.74
65.38
66.07
62.12
66.42
65.45
66.52
64.72
65.6
65.22
59.56
61.7
65.2
63.67
66.32
65.72
63.12
NA
67.02
NA
60.12
64.72
63.63
59.8
65.86
61.83
63.37
65.36
60.71
NA
65.77
NA
NA
66.67
NA
NA
65.0
65.61
65.98
65.59
64.3
62.25
66.14
65.11
65.11
66.04
61.97
62.81
64.39
64.02
62.44
66.14
65.82
66.04
66.11
64.17
63.51
64.04
63.72
65.08
59.96
63.45
66.56
61.53
64.8
64.78
65.18
65.22
64.64
64.69
63.98
64.83
64.38
66.42
66.92
65.72
66.19
66.99
65.39
66.05
64.66
66.6
61.43
NA
64.79
63.64
63.25
65.55
62.44
66.44
64.82
63.7
65.01
66.42
61.97
NA
66.2
63.18
63.44
63.33
63.47
62.68
59.08
66.58
64.24
66.19
64.92
64.78
64.05
62.42
66.57
66.47
65.44
66.1
65.21
62.34
65.97
65.07
63.47
65.17
63.15
66.01
NA
NA
63.93
65.53
64.63
66.33
65.32
65.34
65.68
65.17
59.43
65.28
61.88
67.84
65.54
66.82
64.4
62.89
65.51
64.57
65.78
64.95
65.52
63.9
64.3
66.2
66.0
63.0
64.79
64.19
64.79
67.16
61.96
61.52
NA
61.34
64.26
65.71
65.31
65.81
65.61
67.11
63.71
66.51
65.44
66.36
66.11
65.86
65.82
66.0
63.55
66.07
66.28
64.85
62.66
65.59
65.46
62.41
64.78
65.24
61.99
64.9
60.69
60.69
57.93
66.23
65.2
62.59
65.4
61.92
66.4
62.26
65.64
64.25
65.59
65.69
65.29
65.29
66.19
65.36
66.09
62.71
65.4
66.34
66.12
65.28
62.71
63.14
63.38
65.95
66.7
64.45
62.7
65.68
63.64
65.54
63.49
58.23
59.95
65.88
60.12
65.14
62.01
64.94
66.4
65.04
63.95
65.31
65.72
65.93
62.25
65.04
63.14
64.61
64.81
64.26
65.96
64.86
65.56
67.2
65.83
63.4
65.05
NA
64.65
65.06
64.91
65.6
65.16
63.56
66.56
64.66
66.04
64.89
66.3
65.6
65.34
63.54
65.89
61.24
61.33
65.42
62.84
64.72
62.84
64.89
65.07
63.8
65.02
66.05
65.79
64.21
63.77
61.41
65.22
61.97
60.6
61.4
65.36
65.62
65.81
65.98
64.21
66.37
NA
65.95
64.58
63.82
64.92
65.39
64.55
63.34
64.01
64.95
66.24
63.79
65.67
62.73
66.58
65.69
63.29
63.35
66.29
64.52
NA
65.05
65.05
61.55
61.25
60.54
66.48
63.24
64.18
64.42
65.18
64.12
65.39
65.88
62.54
64.92
61.93
62.93
64.19
61.39
61.49
65.39
64.42
63.15
64.12
63.38
59.98
63.08
65.88
65.28
60.31
63.44
65.92
65.04
62.83
60.44
64.98
67.04
64.82
65.34
63.54
65.89
61.24
66.02
65.52
67.72
62.16
63.48
64.7
66.48
62.11
63.91
65.91
NA
65.67
63.08
63.21
64.1
62.55
61.33
57.51
63.97
64.6
NA
66.18
65.19
63.48
64.48
61.83
64.28
64.53
66.56
63.03
65.47
59.17
65.77
64.47
62.17
62.55
63.35
64.95
65.25
63.15
65.47
65.07
64.6
65.63
65.63
64.83
65.01
61.96
63.77
61.96
62.9
63.3
63.8
66.47
63.84
63.54
66.17
65.13
62.77
66.52
65.27
NA
63.04
65.32
65.15
62.38
66.46
63.66
66.72
65.48
66.58
65.61
65.56
61.55
65.12
64.17
65.9
63.77
63.74
63.03
63.46
63.37
63.39
63.25
62.92
62.98
62.92
64.41
65.58
64.98
59.5
64.98
62.16
NA
NA
NA
64.93
63.34
64.45
66.55
65.91
64.21
65.61
58.68
64.97
65.66
65.25
64.91
60.73
64.58
64.77
62.3
62.27
65.46
59.14
62.0
66.1
63.36
66.4
66.2
65.32
62.62
64.8
63.56
62.92
66.09
65.02
NA
NA
NA
NA
64.97
62.48
66.27
NA
64.18
63.98
64.0
63.0
66.1
64.44
65.23
63.73
63.75
64.69
63.98
65.05
65.86
65.93
64.63
63.76
65.31
66.41
65.81
66.01
62.91
64.35
65.2
63.33
63.82
66.43
64.74
64.14
65.79
61.68
NA
NA
NA
NA
NA
64.82
61.93
66.05
61.61
66.11
65.07
65.39
66.61
63.8
65.37
64.29
65.09
66.03
66.37
66.33
62.83
63.75
65.61
63.8
64.33
61.45
66.05
65.25
61.27
65.89
65.84
60.46
66.32
64.77
65.8
64.76
65.84
63.68
65.89
65.6
65.56
66.06
61.68
65.95
64.0
63.16
64.5
64.83
62.98
65.88
65.28
61.98
62.88
66.18
65.98
61.98
65.46
65.83
65.6
62.1
65.42
65.61
65.55
61.91
65.66
62.96
65.99
64.91
62.8
66.05
NA
65.98
64.84
64.55
64.72
66.07
66.09
65.88
64.01
60.75
64.28
65.07
65.26
64.02
60.83
64.46
65.28
65.48
65.79
64.59
65.07
66.28
62.29
66.06
65.67
61.88
65.42
65.73
65.28
66.49
66.2
62.42
65.59
NA
NA
64.75
NA
66.73
63.81
65.79
69.64
65.68
63.12
64.6
NA
65.7
62.85