NA
NA
NA
NA
NA
NA
NA
NA
NA
NA
NA
61.28
NA
NA
NA
NA
NA
60.63
NA
NA
NA
NA
NA
NA
NA
NA
NA
NA
NA
NA
NA
61.3
NA
61.3
61.18
60.95
NA
NA
NA
NA
NA
NA
NA
NA
NA
56.91
NA
NA
NA
NA
NA
NA
59.9
61.71
59.99
62.24
60.05
NA
61.4
58.28
61.14
59.37
60.37
NA
NA
NA
60.07
NA
NA
NA
NA
NA
NA
NA
61.25
NA
NA
59.69
66.8
65.14
67.01
62.24
64.48
65.67
61.43
61.11
NA
60.91
61.36
61.64
60.81
60.15
60.31
60.8
61.3
61.3
NA
NA
60.37
59.84
58.46
59.01
59.29
65.64
59.66
57.44
59.67
60.38
58.96
60.73
58.33
60.41
61.0
60.6
NA
NA
NA
60.96
NA
NA
61.87
65.77
57.29
56.97
60.02
63.58
57.72
57.12
64.01
61.03
64.59
NA
59.84
NA
61.11
60.76
NA
NA
60.51
60.93
NA
60.83
NA
NA
61.48
NA
59.42
NA
60.28
60.63
60.88
60.78
NA
61.42
NA
NA
61.31
61.11
60.92
58.25
NA
65.62
65.77
NA
NA
60.78
NA
NA
NA
56.62
NA
58.3
57.46
66.1
59.77
60.88
62.21
60.43
60.06
59.59
61.12
60.91
NA
61.37
61.38
NA
NA
NA
NA
NA
NA
NA
60.21
61.41
60.89
NA
NA
NA
NA
60.71
NA
61.14
NA
NA
63.07
NA
60.46
60.28
64.98
NA
60.88
59.28
60.18
60.18
65.18
NA
60.68
59.18
60.28
60.45
60.89
NA