176.13
176.28
176.02
174.46
176.12
174.31
175.49
176.58
173.58
175.39
175.51
175.28
176.11
172.06
176.64
174.64
175.04
176.27
172.32
176.5
174.63
173.74
176.37
175.39
173.36
177.36
175.39
174.77
175.45
174.97
174.95
175.37
174.86
175.34
174.57
175.53
177.45
176.07
174.91
175.53
173.42
175.15
175.8
174.18
176.74
174.47
173.7
175.4
NA
NA
174.97
173.47
173.94
176.53
173.5
172.76
173.15
NA
NA
174.25
176.39
173.7
175.11
175.69
NA
175.11
175.46
178.24
176.62
175.34
174.59
175.81
175.85
175.91
174.67
173.86
175.98
174.89
173.07
174.26
175.47
176.56
NA
174.07
175.62
175.18
173.87
175.32
175.99
178.6
175.31
175.4
174.19
175.12
174.22
173.45
177.01
177.38
177.52
172.7
176.02
175.85
NA
175.47
NA
174.9
NA
NA
175.75
175.94
175.75
178.28
NA
175.59
174.45
173.83
NA
175.4
175.11
NA
NA
NA
NA
174.37
176.7
NA
NA
172.66
175.45
174.55
173.56
176.18
173.35
174.09
176.36
173.45
179.17
177.25
173.11
176.29
175.21
174.21
174.59
174.19
175.14
176.16
174.06
175.02
176.1
176.23
175.61
174.91
176.13
175.91
176.04
174.76
174.67
172.57
174.62
NA
NA
NA
NA
NA
NA
NA
177.23
175.66
175.43
175.16
172.61
175.1
175.13
175.99
172.62
174.22
175.84
174.35
177.32
176.2
NA
NA
175.96
176.02
175.45
175.91
176.5
174.51
176.28
176.4
174.35
173.93
176.17
175.37
175.32
175.07
171.92
173.84
175.51
173.24
174.47
173.36
174.63
174.26
176.97
174.9
175.29
174.31
172.35
175.36
175.67
174.66
175.36
173.47
174.58
174.36
172.52
175.13
175.79
174.35
174.54
173.33
NA
NA
175.86
174.71
172.77
176.05
177.6
175.21
NA
177.73
175.54
172.46
177.86
176.04
175.46
173.15
174.36
177.06
173.02
173.86
174.53
NA
173.69
174.44
173.17
176.09
175.3
174.54
175.23
173.23
NA
172.84
173.73
173.75
175.55
176.57
NA
175.28
176.69
176.29
175.33
171.34
175.7
176.19
173.49
172.86
174.2
172.54
172.43
175.44
176.82
176.45
175.79
175.53
175.48
173.47
172.68
174.69
175.65
174.46
172.04
175.14
176.1
176.04
175.96
176.52
176.0
176.56
176.69
174.87
174.62
175.65
173.46
174.51
175.27
177.36
174.85
172.52
NA
177.21
175.19
175.83
175.58
174.32
176.46
173.56
174.45
173.64
175.69
176.15
171.45
176.18
175.57
174.56
174.41
176.28
174.5
175.72
174.47
177.14
177.03
176.18
175.6
173.91
174.07
176.62
173.7
174.57
175.21
174.9
173.68
174.95
173.81
173.44
174.02
175.12
NA
174.37
176.0
175.05
174.04
175.13
174.69
174.67
175.0
174.62
174.92
174.55
175.4
174.15
177.49
174.09
175.14
176.6
174.05
172.48
173.82
NA
NA
NA
NA
NA
176.84
173.95
174.49
175.29
174.42
177.17
177.36
174.9
NA
173.44
174.78
174.16
172.69
173.39
175.78
175.96
174.94
175.6
171.73
175.28
176.23
172.85
174.85
174.15
173.19
175.58
176.84
174.02
173.13
173.43
176.93
175.3
176.71
172.35
176.16
174.02
176.07
173.76
176.01
174.87
172.3
176.19
175.14
174.01
172.43
172.9
175.46
175.8
176.29
177.2
176.04
176.28
176.94
175.98
175.24
175.73
175.61
176.78
175.61
176.1
177.09
NA
175.85
173.89
174.04
173.17
175.27
175.42
175.19
175.61
175.98
NA
175.55
177.05
173.52
175.2
174.12
175.3
173.21
NA
175.01
174.48
177.06
176.26
175.24
174.37
174.86
178.48
176.83
NA
176.73
NA
175.06
175.61
175.45
174.06
NA
NA
NA
NA
NA
NA
NA
NA
NA
NA
NA
NA
NA
NA
NA
NA
NA
173.1
175.8
175.5
175.3
176.1
177.1
175.8
174.7
175.4
176.51
176.51
178.02
175.02
177.14
176.12
NA
NA
NA
175.53
173.87
175.27
174.62
174.77
174.25
173.98
176.79
NA
NA
175.4
175.3
174.6
NA
172.87
175.39
175.35
173.27
173.77
177.07
175.77
173.97
175.37
174.07
175.77
NA
NA
NA
NA
NA
NA
172.6
NA
174.5
174.6
174.16
175.36
NA
175.66
NA
174.92
174.81
175.18
175.27
176.29
174.12
174.1
174.41
174.75
175.65
173.75
174.45
175.29
177.32
174.55
NA
NA
NA
NA
NA
174.14
175.8
174.75
NA
NA
NA
NA
NA
175.84
172.84
175.76
173.87
175.47
175.57
177.17
174.07
174.95
174.37
173.42
174.16
NA
175.28
NA
NA
175.1
175.86
NA
174.06
172.97
172.75
176.75
175.44
175.24
NA
174.7
173.25
177.53
176.43
175.43
NA
177.93
176.73
173.33
177.53
176.43
175.43
NA
177.93
176.73
173.23
177.52
176.42
175.42
NA
177.92
176.62
173.32
177.52
176.42
175.42
NA
177.92
176.62
173.42
177.52
176.42
175.42
NA
177.82
176.52
173.62
175.62
176.69
175.7
174.8
175.11
175.17
NA
NA
NA
NA
176.8
175.62
179.11
176.41
175.19
177.94
174.01
174.8
174.93
NA
175.92
175.21
175.73
174.53
NA
174.93
173.89
174.62
174.41
174.93
175.04
175.3
175.27
173.95
175.67
176.48
175.41
NA
175.57
NA
174.51
176.62
NA
175.61
174.36
175.13
176.22
175.18
175.13
175.28
174.67
176.54
175.9
176.58
176.95
175.52
174.92
174.12
NA
NA
NA
NA
NA
NA
NA
174.03
176.01
174.52
174.47
175.23
175.18
175.28
177.23
176.1
NA
NA
NA
NA
NA
NA
NA
173.23
175.88
175.53
174.85
176.23
NA
175.31
174.47
175.47
175.78
NA
NA
NA
NA
NA
NA
NA
174.47
175.23
175.18
175.28
177.23
176.1
NA
NA
NA
175.1
175.09
NA
174.54
176.83
173.1
174.89
174.63
175.52
174.89
174.64
176.04
176.24
176.04
NA
NA
NA
NA
NA
NA
NA
NA
NA
NA
NA
NA
NA
NA
NA
NA
NA
NA
NA
NA
NA
NA
NA
NA
NA
NA
NA
NA
NA
NA
NA
NA
NA
NA
NA
NA
NA
NA
NA
NA
NA
NA
NA
174.01
172.51
174.41
175.78
173.01
175.13
174.41
174.99
173.5
NA
175.26
173.77
NA
NA
NA
NA
NA
NA
NA
NA
NA
NA
NA
NA
173.12
177.34
176.26
174.56
174.78
176.68
177.33
175.94
174.5
174.65
176.44
176.78
175.44
NA
NA
NA
NA
NA
NA
NA
NA
NA
NA
NA
NA
NA
NA
NA
NA
NA
NA
NA
NA
NA
NA
172.22
175.99
NA
173.73
174.79
177.4
NA
NA
NA
NA
NA
NA
NA
NA
NA
NA
NA
NA
NA
NA
176.93
176.53
176.07
175.26
176.77
174.07
176.98
NA
174.5
NA
NA
NA
NA
NA
NA
NA
NA
NA
NA
NA
NA
NA
176.2
175.22
176.99
174.24
176.76
NA
NA
NA
NA
NA
NA
174.62
NA
174.92
NA
NA
NA
NA
176.47
174.06
175.26
NA
174.77
175.54
NA
NA
NA
NA
172.33
173.21
175.36
173.48
174.89
176.47
174.66
175.3
NA
NA
NA
174.01
175.18
173.71
175.56
NA
NA
NA
NA
NA
NA
NA
NA
NA
178.48
175.0
178.73
175.08
179.69
NA
NA
175.88
NA
176.81
172.19
174.21
NA
NA
NA
NA
176.88
177.88
174.18
176.28
176.59
174.77
176.42
176.33
174.65
176.05
NA
NA
173.87
173.13
174.54
175.23
175.0
174.14
173.84
177.04
175.17
174.23
NA
NA
NA
NA
NA
NA
175.85
175.89
176.21
174.43
NA
NA
NA
NA
NA
NA
175.44
176.24
175.04
175.44
174.44
176.14
NA
NA
179.14
NA
173.64
177.14
174.84
176.14
176.04
174.34
177.14
175.18
176.28
177.18
NA
NA
175.84
174.64
175.54
173.74
175.64
174.54
174.57
175.17
175.07
175.27
177.17
176.07
174.53
175.23
175.03
175.33
177.23
176.03
NA
NA
175.93
176.53
175.83
172.83
NA
176.3
174.1
NA
174.7
NA
176.3
174.1
NA
174.7
NA
176.26
174.78
173.75
176.82
174.61
173.97
176.56
174.13
175.14
174.94
173.25
174.8
173.5
174.27
175.41
173.39
176.18
173.38
174.35
174.35
176.25
172.55
NA
NA
NA
NA
NA
NA
NA
175.39
176.59
175.09
177.39
174.29
173.35
NA
NA
NA
NA
NA
NA
NA
NA
175.74
177.64
176.94
176.05
173.95
173.85
174.25
174.25
176.05
175.73
176.21
NA
NA
NA
172.6
NA
175.97
173.28
175.97
173.28
NA
NA
NA
NA
NA
174.65
NA
NA
176.83
175.63
175.14
176.44
172.05
174.65
177.15
173.65
174.05
NA
NA
NA
NA
NA
NA
NA
NA
NA
NA
NA
NA
NA
NA
NA
NA
174.82
173.22
174.42
177.62
175.42
175.72
173.42
175.32
177.52
174.74
174.26
175.63
174.01
173.88
175.58
NA
174.42
174.32
174.22
176.02
176.52
NA
173.99
174.5
175.06
175.69
NA
NA
NA
NA
NA
NA
176.04
175.85
173.65
174.7
NA
NA
173.75
NA
NA
NA
175.98
177.02
174.73
175.57
177.96
172.2
175.45
175.45
174.26
NA
NA
NA
NA
NA
NA
NA
NA
NA
176.85
173.05
173.05
173.75
175.88
176.18
176.98
NA
NA
NA
175.35
174.05
172.45
172.95
NA
NA
NA
NA
173.46
178.08
NA
175.08
175.93
174.99
174.46
175.89
175.4
172.88
174.52
174.93
175.29
175.61
176.01
NA
NA
NA
NA
NA
175.12
176.22
173.92
175.25
174.15
177.65
174.05
175.95
174.07
NA
NA
174.95
173.25
175.25
173.64
175.74
177.63
177.37
173.78
174.67
NA
175.94
174.28
NA
173.84
176.67
174.95
175.43
175.37
173.83
175.34
175.96
174.58
177.33
175.28
176.33
NA
NA
NA
NA
174.34
176.45
175.76
175.68
178.13
174.21
176.11
174.56
174.3
174.88
175.51
175.04
NA
174.16
173.29
176.08
176.15
178.23
174.71
175.32
175.07
175.61
176.58
174.6
176.64
176.4
176.69
174.65
175.02
NA
NA
NA
NA
NA
NA
NA
NA
NA
NA
175.58
176.68
NA
NA
NA
NA
NA
173.79
NA
NA
NA
NA
NA
NA
NA
174.14
173.64
174.94
175.24
173.24
174.84
NA
NA
NA
NA
NA
175.35
175.56
175.34
174.65
176.85
173.75
175.45
NA
NA
NA
NA
175.45
174.27
175.39
173.88
176.49
176.01
175.83
NA
173.61
174.91
172.71
174.7
NA
173.6
NA
NA
NA
NA
NA
175.19
174.17
173.72
NA
NA
NA
NA
NA
NA
NA
NA
175.02
174.09
177.51
173.74
NA
174.85
175.45
NA
175.75
172.35
174.55
176.25
175.01
175.19
174.17
173.72
NA
NA
NA
NA
NA
NA
176.06
173.16
174.56
NA
176.16
176.76
177.56
NA
NA
NA
NA
NA
NA
NA
NA
NA
174.95
177.2
176.28
174.34
175.95
176.38
174.57
176.46
176.4
174.1
174.74
175.47
175.64
173.81
174.12
175.68
176.14
175.78
176.76
NA
NA
NA
NA
NA
NA
NA
NA
NA
NA
NA
NA
NA
174.56
172.74
175.47
173.18
176.28
176.28
175.98
175.68
NA
NA
NA
NA
NA
171.75
176.39
179.02
NA
NA
NA
173.93
175.43
NA
NA
174.52
175.49
NA
NA
174.98
173.78
176.78
174.68
173.98
176.58
174.18
175.28
175.08
173.88
176.28
176.28
178.89
174.7
172.27
172.67
174.37
177.77
177.46
175.26
174.86
173.86
175.06
174.36
174.96
173.06
175.14
174.98
171.95
174.45
173.85
172.85
NA
178.25
173.95
NA
173.59
177.52
175.68
174.35
174.49
175.82
175.61
NA
175.62
174.85
174.43
174.05
174.63
NA
175.63
174.84
174.38
174.07
174.62
NA
NA
175.85
176.81
175.86
176.57
177.22
176.8
175.85
176.47
177.16
NA
NA
NA
174.45
174.13
NA
NA
NA
NA
176.3
175.4
174.6
176.0
NA
NA
176.02
174.54
176.23
174.78
175.88
175.9
176.08
176.86
177.64
177.8
175.46
176.58
176.55
NA
NA
NA
NA
NA
175.62
174.98
176.18
175.74
175.31
NA
NA
NA
NA
NA
NA
NA
NA
NA
NA
NA
NA
173.66
175.57
NA
NA
NA
175.37
175.27
174.47
174.77
172.97
NA
175.07
174.59
172.01
173.89
175.76
176.84
175.86
174.46
176.36
175.0
175.46
NA
NA
NA
NA
NA
NA
NA
NA
NA
NA
175.51
NA
174.53
175.14
179.04
175.05
176.2
NA
174.78
175.78
172.88
178.28
173.67
175.77
177.67
173.77
174.67
NA
173.67
175.77
177.67
177.47
173.77
174.67
NA
NA
NA
NA
NA
175.84
176.75
177.65
177.65
NA
174.55
174.45
173.45
173.95
174.39
175.85
175.07
175.05
173.88
176.14
175.28
NA
NA
NA
NA
NA
NA
NA
173.87
NA
175.17
NA
174.57
175.17
NA
175.57
NA
175.64
174.0
NA
174.16
174.89
NA
173.04
NA
NA
175.19
NA
NA
NA
NA
NA
NA
173.33
174.59
173.36
175.99
175.04
172.7
174.16
176.16
NA
173.6
176.0
174.4
176.03
175.41
172.97
NA
174.98
171.83
174.13
NA
174.93
173.63
174.13
NA
NA
NA
NA
176.84
174.43
NA
175.59
174.03
NA
NA
176.95
175.74
173.94
175.94
175.24
174.84
175.94
176.14
NA
174.64
175.24
173.63
175.6
175.56
177.17
174.45
NA
NA
NA
173.25
176.85
175.85
177.15
177.21
177.58
176.36
175.44
NA
177.82
176.6
173.55
175.22
174.32
175.25
174.66
174.37
175.11
174.36
175.27
174.01
175.33
NA
174.26
174.6
175.77
177.15
175.11
174.69
175.06
175.09
175.15
174.41
177.79
176.25
173.92
175.03
176.73
176.03
173.53
175.63
NA
175.09
177.86
NA
NA
NA
NA
NA
NA
175.5
173.49
174.2
175.83
176.27
NA
NA
172.3
176.2
175.4
175.9
173.9
175.6
174.33
176.3
175.47
174.5
NA
NA
NA
175.26
174.56
173.42
176.59
NA
174.91
177.13
173.51
176.36
173.79
176.6
174.59
176.18
174.76
174.92
172.87
NA
NA
173.33
174.54
175.19
174.9
176.12
NA
NA
NA
NA
NA
176.45
176.54
174.37
NA
NA
NA
174.52
175.0
175.59
175.84
174.94
175.04
175.16
175.32
174.65
176.71
173.59
175.92
175.8
174.94
177.95
174.56
174.54
175.76
173.91
174.57
174.87
177.07
NA
176.55
175.98
177.08
175.35
NA
174.71
176.24
175.55
NA
NA
NA
175.68
173.53
173.53
178.63
177.93
174.42
174.37
177.98
174.28
NA
173.23
175.94
NA
176.4
174.1
174.74
175.47
175.64
173.81
174.12
175.68
176.14
NA
NA
175.53
174.43
173.83
NA
173.43
NA
NA
NA
NA
NA
NA
NA
NA
NA
NA
NA
NA
176.45
176.68
174.05
174.37
NA
174.67
174.07
175.07
NA
NA
174.46
174.35
176.39
173.93
175.45
174.65
180.61
172.56
174.06
175.71
175.51
176.26
175.86
173.26
176.16
174.6
176.81
174.09
174.91
NA
NA
NA
NA
173.76
175.75
175.55
177.38
173.58
174.08
177.58
174.68
176.68
175.08
175.88
176.48
175.68
174.97
175.1
175.94
174.58
174.19
174.94
172.09
174.19
176.24
176.49
175.5
175.88
175.78
176.66
176.27
178.06
178.43
176.86
176.68
175.31
175.67
NA
175.84
177.32
177.23
173.3
174.82
174.92
175.82
NA
174.96
174.18
173.18
174.48
176.01
NA
174.45
176.05
174.47
174.74
NA
175.95
174.25
175.95
176.35
175.05
175.1
176.35
175.65
176.35
175.65
176.21
175.51
175.5
175.5
176.05
176.35
176.37
175.67
174.53
NA
NA
NA
NA
NA
NA
NA
NA
NA
177.26
NA
NA
174.31
175.61
177.41
175.11
174.71
175.61
176.11
176.11
NA
NA
NA
NA
175.27
175.47
174.07
NA
173.19
176.21
173.41
171.52
175.37
178.12
174.94
173.45
NA
NA
NA
175.25
178.17
175.02
176.83
175.97
174.11
175.7
NA
178.3
NA
NA
NA
NA
176.52
175.75
174.91
175.59
177.4
174.43
176.39
NA
NA
174.5
NA
175.12
175.32
175.87
174.29
175.09
175.69
NA
NA
NA
174.27
175.22
175.28
176.14
176.46
175.14
175.86
173.39
NA
NA
NA
NA
172.15
175.75
NA
NA
176.1
174.59
175.92
176.09
175.97
176.16
NA
NA
NA
177.16
177.45
174.91
177.77
NA
NA
172.46
176.93
174.67
175.81
174.01
175.13
174.48
174.25
175.88
175.32
173.82
176.11
174.9
174.33
175.55
173.66
175.62
174.5
175.67
173.77
175.11
177.61
177.21
176.11
175.01
175.61
176.11
176.28
176.18
174.28
NA
176.13
174.57
NA
174.0
172.3
175.2
173.9
173.6
NA
173.66
176.12
177.21
175.37
174.93
NA
175.19
174.62
175.1
NA
177.29
175.39
174.94
NA
175.17
174.58
175.1
173.12
174.79
175.14
174.23
175.43
175.02
NA
NA
NA
NA
NA
NA
175.39
NA
NA
NA
NA
NA
NA
NA
NA
NA
NA
NA
NA
NA
NA
NA
NA
NA
NA
NA
NA
NA
177.95
NA
NA
NA
NA
177.72
NA
NA
174.33
174.76
171.35
176.35
177.25
177.15
173.85
175.08
175.7
175.28
174.72
173.74
175.29
176.02
NA
171.68
173.39
177.77
174.94
174.33
174.29
174.52
175.24
NA
NA
NA
NA
NA
176.21
174.7
175.11
NA
173.86
175.59
NA
NA
176.39
175.4
176.1
NA
174.6
173.59
173.63
176.23
176.43
176.1
NA
177.1
NA
NA
175.09
175.69
172.69
175.29
176.59
179.03
172.03
175.93
175.23
NA
NA
NA
173.96
173.96
176.66
174.06
173.16
176.3
173.97
175.59
174.63
177.1
174.86
NA
NA
NA
NA
NA
NA
NA
NA
NA
NA
NA
NA
NA
NA
NA
173.88
176.08
177.08
176.58
175.72
171.91
174.69
174.36
176.27
175.67
171.67
172.81
172.81
174.31
NA
NA
NA
NA
NA
175.18
175.08
175.2
175.7
174.25
175.39
174.99
175.49
173.99
176.49
175.99
172.12
173.72
174.22
172.42
174.42
174.22
172.22
172.92
171.92
172.62
175.09
NA
176.15
176.54
174.75
175.42
177.3
NA
NA
NA
NA
NA
NA
174.7
175.96
175.06
178.01
177.03
176.66
173.2
170.98
176.06
NA
NA
NA
NA
NA
NA
NA
NA
NA
NA
NA
NA
NA
177.74
176.26
176.58
173.77
176.27
174.57
NA
175.28
NA
NA
176.46
174.36
175.26
177.56
174.96
174.86
176.06
176.16
176.06
177.11
NA
NA
NA
NA
NA
NA
NA
174.54
175.94
177.05
NA
174.45
176.05
176.27
175.47
176.47
175.45
175.71
173.27
175.61
174.61
177.01
175.42
174.92
173.62
175.22
175.32
177.07
173.3
176.0
NA
NA
175.58
NA
174.66
172.93
176.02
NA
175.51
174.94
175.9
172.87
176.74
175.08
174.86
NA
NA
NA
NA
NA
NA
NA
173.95
176.48
174.0
NA
NA
175.85
173.29
175.07
NA
NA
NA
176.9
175.5
NA
174.76
177.23
175.92
NA
175.9
174.91
174.15
NA
174.23
174.27
175.22
175.65
NA
176.65
173.25
176.95
NA
178.13
176.51
172.63
176.47
174.28
174.85
175.77
175.05
174.96
174.67
176.67
175.07
NA
NA
NA
NA
NA
NA
NA
NA
NA
NA
NA
NA
174.69
174.99
NA
NA
175.86
176.06
174.99
NA
175.91
175.37
174.69
174.69
NA
173.89
174.77
176.42
174.91
175.4
176.02
175.14
175.35
174.42
NA
177.65
174.78
NA
175.77
NA
173.53
173.61
NA
174.2
173.9
179.24
176.24
175.14
NA
NA
172.3
174.6
174.1
173.0
174.8
NA
173.7
173.7
174.95
173.56
176.4
176.18
NA
175.06
NA
NA
NA
NA
NA
NA
NA
NA
NA
NA
NA
NA
175.78
NA
NA
NA
NA
NA
NA
NA
NA
NA
NA
NA
NA
NA
175.17
174.12
173.89
NA
174.83
175.69
174.48
NA
NA
178.66
175.07
172.92
174.78
176.04
175.78
175.88
173.82
176.71
177.11
177.09
NA
180.75
172.41
174.54
172.98
173.7
179.97
174.26
176.61
176.89
175.96
174.78
176.44
175.36
176.49
176.61
173.1
177.12
177.63
174.23
NA
NA
175.2
172.9
174.6
177.1
175.19
173.09
172.29
NA
NA
NA
NA
NA
NA
NA
175.27
NA
176.87
175.67
176.42
NA
173.91
174.31
175.61
173.69
176.9
175.5
174.85
174.68
175.71
175.63
175.03
176.13
175.57
174.07
177.24
173.95
171.93
173.58
NA
174.36
173.65
175.2
176.27
176.55
NA
NA
NA
NA
175.53
177.55
176.68
174.35
177.02
175.21
175.09
173.15
175.45
175.72
177.21
174.23
NA
NA
174.25
177.56
NA
173.89
174.65
NA
173.49
174.65
175.81
176.74
173.6
NA
NA
NA
NA
NA
NA
NA
174.13
174.11
176.81
174.92
173.95
174.01
175.41
175.1
174.7
NA
NA
NA
176.05
175.12
175.53
175.76
175.66
174.24
175.41
175.88
175.74
NA
172.54
173.77
175.29
177.39
NA
174.12
173.29
176.62
178.35
177.44
176.97
170.91
176.38
NA
NA
NA
NA
NA
NA
NA
NA
NA
175.42
175.13
174.53
176.75
175.65
174.07
175.62
NA
173.73
176.27
NA
174.76
NA
175.44
175.52
NA
NA
175.08
176.56
177.92
178.15
175.07
172.77
171.27
173.64
174.28
176.64
177.21
176.86
177.87
175.74
176.68
173.48
175.59
176.17
176.19
177.01
173.89
NA
NA
NA
NA
NA
NA
NA
NA
NA
NA
NA
174.24
174.3
175.76
174.35
173.31
173.45
174.99
173.21
176.05
176.94
175.0
172.21
176.01
177.76
175.75
175.63
174.77
174.88
174.84
NA
NA
NA
NA
NA
NA
NA
NA
NA
NA
NA
NA
NA
NA
NA
176.86
174.36
NA
176.82
NA
173.56
175.84
174.84
175.26
174.09
173.83
172.02
173.71
171.9
175.79
178.17
175.38
175.74
NA
NA
NA
NA
178.46
174.99
NA
177.06
NA
174.56
175.16
176.02
178.43
NA
NA
NA
NA
NA
NA
175.23
174.23
176.63
176.53
173.73
NA
176.03
174.73
NA
175.53
NA
172.23
176.83
174.22
174.82
174.72
174.62
175.71
175.26
175.45
173.04
174.48
174.54
175.29
174.95
175.65
176.57
176.19
173.69
NA
172.54
NA
NA
NA
173.01
NA
NA
174.63
NA
175.91
173.28
NA
NA
NA
NA
175.07
173.33
175.18
NA
174.9
175.03
174.59
177.65
175.62
174.61
171.18
173.37
NA
NA
NA
NA
NA
175.35
175.86
174.57
177.16
NA
NA
175.52
NA
NA
NA
NA
NA
NA
NA
NA
NA
NA
173.34
173.14
172.44
176.21
174.19
174.27
175.86
175.79
NA
174.49
173.63
176.26
176.0
NA
176.8
175.39
172.56
175.5
174.61
175.38
176.27
174.97
NA
176.04
NA
177.64
176.42
174.33
173.65
175.77
176.83
174.93
175.1
176.34
174.05
173.32
175.35
177.64
NA
175.58
172.41
175.93
174.37
NA
177.13
178.66
175.26
177.06
174.76
173.61
174.41
175.31
176.53
173.99
176.08
175.28
175.46
174.74
174.65
174.9
176.72
175.32
NA
173.81
177.28
176.2
174.84
175.1
174.08
175.9
176.42
176.84
175.66
NA
176.52
175.02
NA
176.02
175.29
174.02
NA
NA
NA
NA
175.06
176.25
175.66
173.94
173.98
174.98
176.3
176.06
NA
177.96
173.86
175.92
174.74
177.01
175.47
174.93
176.01
172.9
175.16
NA
174.5
NA
176.9
NA
175.4
NA
175.41
176.51
NA
NA
NA
NA
NA
175.05
NA
175.74
NA
NA
NA
NA
NA
174.07
174.27
175.57
176.77
NA
173.47
NA
175.59
174.23
175.0
176.27
175.58
174.25
175.07
176.26
177.42
NA
176.0
174.18
NA
NA
NA
NA
NA
NA
NA
NA
NA
NA
NA
NA
NA
NA
174.99
175.99
175.81
175.13
175.97
175.27
177.67
NA
173.88
177.78
176.59
172.35
173.75
175.4
175.61
176.09
173.72
177.12
175.81
177.21
174.84
176.41
173.01
174.62
175.7
NA
NA
NA
NA
NA
NA
NA
NA
175.68
172.18
171.87
175.3
178.04
NA
NA
NA
NA
NA
NA
NA
176.19
178.37
NA
NA
NA
NA
NA
NA
NA
174.08
176.08
176.54
NA
NA
177.09
175.83
172.66
175.19
173.19
NA
174.75
174.76
177.15
174.92
174.86
NA
NA
NA
NA
NA
175.62
175.13
175.28
174.67
176.54
175.9
NA
NA
NA
NA
NA
NA
NA
NA
NA
NA
NA
NA
NA
NA
NA
NA
NA
NA
NA
NA
NA
NA
NA
NA
NA
NA
NA
NA
NA
NA
NA
NA
NA
NA
NA
NA
NA
NA
NA
NA
NA
NA
172.5
NA
171.98
173.99