56.04
56.02
56.51
55.0
53.97
56.65
58.1
56.79
54.24
53.73
57.46
56.28
54.03
55.25
56.17
55.24
54.95
57.38
NA
55.12
53.37
54.76
55.5
54.21
54.5
54.99
55.59
54.23
55.78
54.31
53.8
56.17
54.96
55.97
55.25
55.51
56.09
57.5
55.23
56.61
54.59
55.2
55.29
55.54
54.87
57.87
56.06
53.8
NA
NA
59.23
55.54
54.45
57.35
52.99
56.1
55.44
54.05
56.65
54.72
56.24
55.78
55.12
54.03
NA
53.73
55.27
56.78
55.14
54.03
55.36
56.81
55.73
54.61
53.88
55.09
55.31
53.92
51.63
54.85
53.88
56.69
NA
55.83
54.44
55.97
54.63
56.22
55.11
60.33
58.69
53.48
54.68
56.66
55.94
56.27
56.04
54.18
53.9
57.9
58.01
58.61
57.36
55.33
NA
55.19
55.0
56.4
55.19
56.5
57.96
52.49
54.29
54.94
54.48
53.32
NA
55.64
54.46
54.72
NA
NA
NA
54.22
54.83
54.7
57.12
54.83
53.88
54.81
57.24
54.2
53.91
55.09
55.2
55.16
55.68
57.34
55.42
57.93
54.54
54.7
55.24
54.34
55.31
55.29
56.36
55.51
57.51
56.96
54.92
53.44
57.51
55.61
56.07
55.44
56.39
53.96
54.02
NA
NA
NA
NA
NA
NA
NA
60.07
55.17
55.0
57.07
54.59
56.41
53.83
54.18
53.99
54.72
57.58
56.94
54.0
55.74
55.68
55.17
57.36
53.94
56.05
56.59
56.34
54.46
54.79
55.22
54.85
56.96
57.77
54.55
55.98
55.0
55.07
54.31
56.55
57.75
55.38
58.16
55.36
56.45
58.59
54.18
57.53
58.26
56.99
54.38
53.99
55.56
56.12
54.75
55.31
54.75
56.71
54.29
54.33
53.29
53.06
54.79
57.18
55.16
55.15
54.73
55.99
54.68
57.74
54.57
54.79
54.8
53.87
56.37
56.01
58.91
54.47
55.15
54.62
53.67
53.03
54.83
54.42
53.63
55.09
54.01
56.38
55.65
55.32
54.86
53.92
56.19
54.41
54.24
54.5
55.18
54.3
53.52
56.35
55.47
54.57
54.61
52.93
56.26
53.92
56.98
53.04
56.11
54.68
55.12
56.7
54.99
53.92
56.77
56.8
56.82
54.99
52.59
56.81
54.55
57.42
54.64
56.32
55.26
56.2
54.44
54.65
55.53
55.4
55.03
53.78
57.24
53.85
57.09
53.34
54.58
58.4
56.04
54.68
56.12
54.09
55.95
56.21
53.44
54.64
54.58
57.11
55.43
54.76
55.31
55.01
55.66
52.88
55.79
54.35
54.42
54.15
56.22
55.55
54.84
54.15
55.17
54.11
55.02
54.2
54.51
54.16
55.12
54.38
53.28
52.64
57.31
54.01
57.19
53.9
52.48
54.75
55.67
54.69
53.74
55.3
54.68
55.85
55.94
54.82
54.59
54.27
55.44
55.28
54.15
55.82
55.68
56.77
54.45
56.69
53.79
55.4
57.74
55.28
53.93
54.24
54.83
54.58
57.38
54.41
52.91
55.82
55.15
56.35
55.27
54.88
55.77
54.79
55.82
53.06
55.17
53.87
53.7
53.37
56.09
55.43
53.65
54.7
55.12
57.43
54.8
54.22
54.95
56.18
54.18
54.51
54.21
55.29
54.15
57.24
55.26
53.63
54.65
56.28
54.6
55.81
55.87
55.19
53.91
54.82
55.37
56.2
53.21
54.66
54.31
58.15
53.83
55.37
56.53
54.14
55.46
56.29
54.36
54.82
54.72
54.93
56.31
53.77
55.53
56.42
55.16
54.96
54.06
53.76
55.76
54.76
54.46
53.43
55.38
54.19
58.63
55.81
61.0
53.71
53.17
54.67
54.96
54.01
NA
54.11
53.62
55.33
57.22
52.68
55.13
57.15
54.8
54.08
57.34
54.89
55.62
54.22
57.27
NA
56.4
55.92
54.01
55.94
53.61
55.93
53.6
54.73
54.53
55.34
55.51
55.59
55.02
54.74
56.94
54.35
54.84
56.9
52.59
55.75
54.21
55.76
54.42
54.6
54.78
54.94
53.72
55.81
55.39
56.08
56.08
56.84
56.35
55.0
55.58
54.47
56.39
54.82
55.42
54.62
54.47
54.05
57.36
58.58
54.68
59.84
54.15
57.75
57.65
54.99
55.04
53.5
54.56
56.12
54.52
55.42
55.72
55.02
55.52
55.82
54.32
NA
56.79
NA
55.02
NA
NA
54.18
54.22
54.72
54.76
54.84
54.24
53.54
54.14
55.14
54.54
54.12
55.15
54.01
56.58
55.73
54.59
54.73
54.44
54.84
55.14
55.84
54.74
58.81
55.39
53.81
54.61
57.06
51.9
54.44
54.79
55.18
57.73
53.11
53.02
54.24
60.26
54.24
53.59
55.19
55.48
56.93
55.43
54.03
55.53
55.53
54.54
55.2
54.29
54.44
54.38
55.48
54.89
55.21
57.88
54.97
55.3
54.44
56.23
53.82
54.46
56.32
53.11
56.0
56.28
55.16
57.18
55.08
54.28
NA
55.28
54.58
54.98
57.18
55.08
54.28
54.88
55.28
54.68
55.08
57.19
55.09
54.29
54.89
55.19
54.79
55.09
57.22
55.22
54.32
54.92
55.32
54.72
55.02
57.16
55.06
54.26
54.86
55.16
54.76
55.16
54.65
54.64
55.87
55.23
55.18
55.18
NA
NA
NA
NA
54.97
54.23
54.73
57.89
54.66
57.89
54.34
54.55
55.08
53.07
56.2
54.84
54.81
55.24
NA
58.62
54.25
54.35
54.09
54.69
54.42
55.49
53.99
54.2
56.21
55.03
55.75
53.71
54.97
58.76
54.73
56.61
55.36
55.75
55.71
57.48
56.78
56.12
54.24
53.46
55.1
56.49
57.36
53.79
56.06
53.87
55.25
55.45
54.98
NA
54.78
53.17
54.91
54.64
54.6
53.58
53.32
54.26
55.15
54.95
54.04
56.53
54.16
54.12
53.38
58.41
55.91
55.02
54.24
54.66
55.29
52.98
56.51
54.14
55.92
54.74
54.16
54.73
55.32
53.57
56.83
NA
NA
56.74
54.82
55.39
NA
56.74
55.16
54.96
54.05
56.54
54.17
54.13
56.4
54.87
55.4
54.4
56.64
57.33
55.08
52.44
54.74
56.48
56.45
54.83
55.6
53.85
57.13
56.86
57.23
56.88
56.66
56.88
54.62
NA
54.56
54.62
55.34
55.41
54.85
57.31
54.33
NA
54.2
54.49
55.3
55.9
54.78
57.24
54.51
NA
54.48
54.51
55.26
55.5
54.88
57.34
54.48
NA
54.37
54.48
55.15
55.48
54.88
57.37
54.48
NA
54.37
54.48
55.15
55.48
54.88
57.37
54.14
56.24
54.14
56.72
55.81
54.63
54.76
56.4
54.87
59.26
56.41
54.87
59.26
56.38
56.43
56.64
56.26
53.63
52.19
57.05
59.57
55.42
NA
58.73
57.47
53.9
55.93
53.72
54.42
55.19
53.81
55.85
53.79
54.34
54.84
54.67
56.37
53.07
54.39
60.94
54.63
52.65
55.74
NA
55.63
54.47
54.53
54.8
54.96
53.51
52.79
56.23
54.13
55.22
NA
54.51
54.97
55.36
53.72
52.83
54.19
NA
54.79
57.09
54.33
54.61
52.99
55.78
55.96
56.03
56.34
54.59
55.99
NA
56.43
54.96
55.14
54.33
55.86
53.31
58.08
55.01
56.21
55.41
55.4
56.4
NA
56.05
56.09
NA
NA
53.32
58.06
54.98
56.19
55.41
55.42
56.41
NA
NA
NA
55.0
56.22
55.23
55.44
56.21
NA
53.76
53.76
53.8
NA
53.92
55.26
54.24
55.67
NA
54.89
57.29
54.49
56.14
56.44
55.9
NA
55.42
53.91
NA
NA
NA
NA
54.69
52.95
55.49
55.9
56.05
56.31
54.63
55.91
53.87
57.53
55.33
56.03
56.82
55.17
57.02
53.93
54.61
55.31
54.0
54.78
55.33
54.18
54.66
55.42
60.69
58.12
54.5
55.94
53.82
NA
55.31
54.07
57.76
53.65
54.19
54.76
NA
NA
NA
NA
54.77
53.47
54.37
55.83
54.14
54.92
56.57
54.07
54.96
56.27
54.66
58.28
54.77
54.67
55.11
54.21
55.45
55.82
54.55
55.02
57.2
55.26
54.6
54.35
55.54
54.53
56.11
NA
55.02
55.71
55.69
56.04
55.75
NA
55.75
NA
55.35
53.95
53.97
57.77
54.97
56.87
54.77
56.67
54.92
NA
54.23
54.03
53.63
57.73
54.63
55.93
54.03
56.63
57.83
57.02
55.12
54.52
56.15
54.3
56.27
54.37
55.57
54.27
56.87
54.67
55.18
54.95
54.08
56.57
54.22
54.18
55.13
54.98
53.96
56.58
54.21
54.09
57.51
54.41
54.96
55.56
55.76
51.36
53.18
55.78
56.38
55.78
55.38
53.98
55.98
56.38
55.98
55.38
53.68
55.77
58.85
53.65
54.95
55.45
55.15
56.35
55.65
55.05
54.75
55.35
55.95
55.25
55.85
54.45
54.65
56.85
55.85
54.85
53.74
54.54
55.24
58.07
55.37
54.97
57.37
55.4
54.7
55.0
53.51
57.71
57.01
53.61
53.81
54.74
55.25
54.95
55.37
54.89
54.39
54.54
54.11
54.63
55.48
57.61
56.77
55.18
53.48
55.18
54.68
53.28
56.58
56.15
56.81
57.74
56.84
56.44
55.17
55.51
54.51
55.56
54.51
55.56
54.8
57.6
56.6
55.0
53.8
56.72
55.63
54.73
53.78
56.28
54.52
56.32
55.67
54.84
56.35
54.36
54.78
55.07
55.02
54.05
56.5
54.13
54.07
55.11
55.04
54.07
56.52
54.18
54.09
52.69
53.79
54.81
54.71
53.78
56.08
54.18
53.58
54.18
53.88
56.38
54.38
56.28
55.98
53.48
55.15
55.1
55.71
54.91
55.16
54.54
54.64
54.14
55.54
57.04
55.93
55.83
56.56
54.59
54.98
54.86
56.76
54.86
54.86
53.26
55.66
56.16
56.39
56.11
56.1
54.09
NA
53.41
53.93
49.83
55.21
55.21
57.29
54.53
54.3
57.29
57.29
55.31
55.21
55.42
54.62
54.78
54.98
56.67
56.0
55.63
54.91
53.91
58.81
59.73
53.53
55.23
53.43
56.59
58.49
56.29
56.4
56.37
54.54
55.97
52.97
54.77
54.47
55.87
56.28
NA
55.58
54.4
56.98
52.94
54.73
54.56
53.46
53.5
54.83
53.57
55.43
56.89
54.24
55.17
NA
54.47
53.32
54.42
54.12
54.92
52.42
55.22
55.52
56.82
55.36
54.96
57.36
56.06
56.76
54.97
57.07
55.57
55.02
54.32
56.32
55.12
56.66
58.77
56.63
53.4
57.11
53.11
54.91
53.87
52.95
55.28
55.96
57.34
54.72
55.36
53.81
55.41
54.94
52.15
55.53
53.25
56.23
55.67
53.5
55.78
52.94
55.41
56.09
55.11
57.85
57.75
55.41
54.23
55.56
55.11
54.09
55.04
56.42
52.69
54.6
55.34
56.09
56.61
56.57
53.7
55.08
55.45
55.59
57.02
56.35
54.85
55.87
57.45
55.19
56.53
53.78
57.85
54.11
56.25
56.07
54.15
54.85
NA
NA
NA
54.24
54.74
54.24
NA
NA
NA
NA
54.59
56.11
55.87
56.14
55.93
NA
48.9
50.2
56.28
54.08
54.68
54.98
55.28
54.88
55.15
53.75
56.65
56.25
54.85
53.23
54.53
56.24
54.92
57.02
52.92
54.12
55.79
54.07
56.12
54.02
54.18
54.48
54.98
54.57
54.54
58.45
55.05
54.05
54.54
54.74
55.44
55.88
55.58
55.18
58.17
53.98
56.25
54.43
56.11
54.91
57.42
54.51
57.75
56.85
56.45
54.84
56.04
53.14
52.84
54.16
56.64
56.01
53.67
55.45
NA
56.66
54.87
54.67
56.37
54.37
55.57
58.01
55.49
54.91
57.42
54.51
55.95
54.16
56.86
54.17
54.4
56.1
57.33
55.01
55.27
NA
55.24
54.62
57.66
NA
54.6
NA
55.54
54.03
52.87
54.03
55.26
55.32
55.16
54.31
54.3
55.38
55.4
55.31
55.12
53.96
57.1
54.11
54.82
55.31
53.8
55.62
55.19
55.19
55.99
57.31
54.38
54.9
54.66
55.5
54.5
55.05
54.75
53.85
54.85
58.65
54.82
53.58
54.92
58.48
54.21
56.98
53.6
54.49
54.99
55.79
55.39
57.09
54.67
52.27
53.97
55.75
55.04
NA
55.52
54.24
56.95
58.17
55.97
54.89
55.34
54.54
56.2
54.82
55.37
52.76
52.69
54.98
53.58
54.88
55.38
54.98
56.38
55.78
54.88
54.58
54.88
55.98
56.28
55.52
55.62
53.44
55.14
53.24
57.74
54.98
58.08
55.08
54.28
54.38
52.28
55.98
53.58
56.93
52.57
55.28
55.28
54.18
53.18
54.98
55.98
54.88
NA
54.98
57.21
55.02
55.97
54.88
55.02
55.9
52.99
55.25
55.61
55.42
54.88
54.15
52.96
55.23
55.58
55.38
54.91
54.15
55.09
54.03
55.19
55.3
55.11
56.57
54.84
NA
55.15
55.3
NA
57.13
54.63
54.08
54.75
54.95
54.86
56.84
55.41
53.47
59.26
56.16
55.56
54.76
55.93
54.36
54.81
54.66
53.63
54.96
55.25
55.77
54.2
58.96
57.37
57.83
54.36
56.14
56.14
NA
55.99
57.82
58.44
NA
55.44
53.61
54.78
55.14
57.1
55.95
54.52
53.1
55.0
56.43
55.95
55.79
55.79
53.8
55.87
56.28
53.98
56.45
55.6
55.79
55.79
53.8
56.54
56.45
55.75
56.65
55.95
55.05
56.35
56.47
55.46
55.46
53.94
55.53
53.26
53.96
58.06
55.35
54.15
54.1
55.06
53.78
55.21
56.13
53.76
55.28
54.55
53.23
55.03
55.02
54.79
57.6
55.64
55.09
54.94
55.85
55.12
56.12
55.23
54.92
57.12
55.21
56.71
58.81
53.41
57.11
53.31
55.19
56.79
58.69
56.69
53.49
57.09
53.49
54.13
55.13
54.79
55.47
55.26
57.26
59.56
57.96
56.86
54.66
54.76
54.96
55.56
54.17
56.58
54.62
55.41
54.56
54.85
55.6
55.95
57.65
55.45
54.5
55.14
55.18
54.51
55.88
56.47
54.4
55.0
54.89
55.96
52.81
56.67
NA
54.65
53.54
56.05
56.76
55.15
NA
54.87
NA
NA
56.89
NA
53.88
55.14
54.77
53.95
NA
56.42
55.09
54.95
54.11
59.03
55.68
54.1
54.55
55.56
54.31
56.01
54.86
55.02
53.98
55.63
56.98
54.26
54.72
54.12
57.04
53.9
53.64
54.16
56.07
56.61
54.99
56.73
57.44
56.75
NA
NA
NA
55.41
55.92
57.51
54.19
55.49
54.09
54.19
53.99
57.69
55.29
52.99
54.79
54.89
55.02
54.61
53.96
57.11
53.48
57.04
55.72
56.52
55.34
57.04
56.94
54.74
54.83
57.44
55.3
54.56
55.0
55.55
54.81
55.3
53.89
52.76
56.16
53.38
52.54
56.09
54.88
56.05
55.05
54.15
52.35
55.03
55.01
56.57
56.95
54.67
54.48
55.02
53.53
55.04
52.12
55.33
55.05
55.03
55.62
55.02
58.02
56.62
55.92
56.22
55.2
54.8
54.18
55.56
54.52
57.15
56.32
57.71
56.36
55.9
54.5
55.9
57.34
NA
NA
54.75
53.65
54.75
54.55
55.25
54.05
54.31
55.35
54.59
53.83
53.34
53.06
57.19
55.21
55.51
54.93
55.51
NA
54.2
56.65
54.96
54.96
54.12
54.53
55.71
54.8
55.01
54.44
54.32
56.58
54.38
55.64
58.01
56.36
54.99
57.28
54.1
54.3
58.1
56.6
54.89
56.97
55.82
54.56
55.16
53.86
54.66
55.5
55.25
55.03
55.65
55.65
53.85
54.66
55.72
54.55
57.19
53.98
54.23
55.3
55.18
55.25
54.81
55.25
53.36
53.87
55.78
54.88
55.88
54.66
57.33
54.62
58.9
56.96
53.84
55.1
53.92
55.07
53.96
54.26
55.26
55.56
53.95
55.95
56.95
57.45
55.03
54.88
55.12
55.08
NA
54.39
52.81
56.18
57.08
54.09
54.8
55.29
53.78
55.6
55.17
55.17
55.97
55.44
55.24
55.36
54.31
55.81
52.64
54.87
55.24
57.09
53.86
53.52
54.58
57.12
53.88
53.72
54.42
57.34
53.83
53.62
NA
51.98
58.59
52.53
55.03
55.23
55.03
56.53
NA
NA
NA
NA
56.83
56.45
55.56
55.42
57.49
52.63
53.37
55.85
56.75
57.83
55.03
55.93
57.23
56.14
57.24
53.85
54.61
NA
54.44
53.2
58.87
55.14
55.67
56.77
54.21
54.31
52.81
54.81
54.81
56.71
53.21
54.21
57.91
56.39
54.7
55.91
55.53
54.62
54.33
54.89
54.08
54.63
54.77
57.95
55.39
54.96
58.26
54.47
54.49
56.39
55.51
54.36
62.85
57.76
57.95
54.99
56.21
54.82
55.15
54.42
55.17
53.87
53.97
53.42
54.56
54.35
56.25
54.35
55.62
54.29
54.75
56.85
55.1
54.34
60.08
56.18
55.08
55.18
57.68
55.18
54.88
NA
NA
NA
NA
NA
NA
NA
NA
NA
NA
NA
NA
55.6
54.06
56.15
56.03
53.99
56.1
56.17
NA
53.43
54.05
57.92
NA
55.77
54.77
56.17
56.97
56.07
54.87
55.07
56.37
56.67
55.12
54.35
54.18
54.55
54.59
55.39
54.79
53.83
56.28
56.24
56.52
55.57
NA
54.8
55.83
54.67
54.05
55.2
55.02
54.12
54.92
56.19
57.4
57.42
53.89
56.7
54.24
55.46
NA
NA
58.72
NA
53.97
54.28
NA
NA
57.41
55.11
56.7
56.0
54.31
52.71
56.21
55.71
57.03
52.85
54.72
55.12
52.92
56.32
55.98
54.98
54.17
55.82
55.6
53.61
60.59
55.38
54.82
52.61
56.38
57.48
54.65
55.02
53.07
57.69
NA
NA
55.88
54.07
58.79
55.99
54.58
58.08
54.75
54.35
54.75
53.95
53.85
55.37
55.02
55.15
50.23
53.87
57.29
55.25
54.12
54.82
54.12
54.59
55.38
54.74
57.19
55.17
53.32
56.22
NA
NA
NA
NA
NA
NA
NA
61.06
59.86
54.51
54.81
53.61
54.51
55.61
55.28
54.48
53.08
NA
57.96
57.33
56.03
55.25
55.85
57.65
54.35
54.95
NA
53.31
54.12
54.88
58.28
55.13
NA
54.6
52.45
56.11
53.5
55.05
58.12
55.05
NA
54.52
52.46
56.05
53.44
53.09
55.17
54.59
54.64
56.15
54.88
53.92
53.84
55.57
56.43
57.22
54.66
54.14
56.03
56.89
55.67
54.73
55.49
54.49
55.49
56.69
54.29
58.99
56.59
56.89
56.92
55.32
56.62
53.12
56.82
54.82
NA
NA
55.46
55.47
NA
NA
NA
55.26
NA
NA
55.02
56.3
54.11
55.51
55.41
54.91
55.11
55.49
55.42
55.07
54.89
55.36
55.47
54.39
55.13
60.07
56.11
54.01
55.21
56.28
55.57
55.59
54.22
54.57
56.05
57.37
56.03
NA
56.5
55.6
52.85
NA
55.33
56.5
NA
57.0
55.6
57.68
56.08
54.78
55.08
54.79
56.74
54.84
56.84
54.72
56.62
55.02
NA
54.22
54.71
58.81
55.41
55.21
57.71
55.29
58.59
54.49
54.29
57.53
55.96
NA
54.51
53.11
56.71
54.51
55.31
56.89
54.52
56.67
55.04
56.6
56.19
57.7
56.42
NA
57.39
56.42
NA
56.54
54.98
54.6
52.4
NA
NA
NA
NA
NA
55.04
56.54
58.54
57.94
56.96
53.37
55.23
53.72
56.86
55.26
52.36
53.76
54.36
54.56
54.04
55.33
53.59
56.73
55.96
54.02
55.43
53.57
56.81
55.85
54.79
54.99
55.99
55.19
54.89
55.69
55.98
54.98
55.38
54.98
55.48
54.98
54.48
54.88
54.88
56.98
54.72
NA
55.83
54.83
54.68
55.52
58.16
57.2
53.4
55.9
54.2
55.1
53.4
55.09
54.3
54.7
53.55
53.67
53.72
55.86
55.09
53.52
55.11
54.62
58.86
56.82
54.72
55.73
54.78
54.84
54.3
55.91
54.22
54.35
54.41
57.95
55.93
57.11
53.99
54.79
54.3
NA
54.79
56.84
56.11
55.71
54.51
56.21
56.91
55.91
54.91
55.01
56.21
56.61
52.91
52.9
55.53
55.39
54.33
54.02
55.26
61.12
55.19
57.09
57.25
54.19
54.68
56.78
54.1
56.65
55.15
53.6
54.81
55.75
55.62
56.17
54.24
57.19
56.89
54.49
55.29
54.89
53.28
55.24
55.13
57.3
53.5
53.92
55.16
55.66
54.68
55.74
NA
57.19
55.56
57.99
55.95
55.09
53.89
54.53
56.13
56.8
56.4
55.6
56.3
55.4
NA
54.65
54.76
55.11
52.7
52.76
57.11
54.51
54.29
55.39
52.29
53.01
56.95
55.71
54.84
56.57
55.24
55.58
52.5
54.95
54.95
55.41
55.74
53.34
57.11
55.75
54.89
52.69
58.1
53.7
54.3
NA
54.56
54.76
54.71
54.74
55.15
54.52
54.25
54.04
54.69
54.8
57.9
56.0
56.69
55.33
54.57
57.26
54.19
55.78
55.2
54.84
57.35
54.6
55.07
56.34
55.72
55.92
NA
NA
53.95
56.85
55.04
53.01
56.07
54.92
55.66
55.56
53.06
54.96
55.38
60.03
56.61
56.65
55.29
56.14
55.3
55.95
55.17
56.78
54.77
55.03
54.27
53.54
57.51
54.83
54.93
54.62
55.44
56.58
57.03
54.43
NA
NA
55.31
54.81
54.31
54.81
56.15
55.15
50.11
56.41
55.15
58.21
55.65
56.34
55.43
55.73
54.59
54.57
54.24
55.14
54.34
54.64
55.14
55.64
54.74
55.54
54.94
54.94
55.65
54.08
56.98
53.98
56.98
55.38
54.88
55.28
53.78
54.49
53.09
56.59
54.99
55.39
54.54
57.81
56.63
56.02
55.06
55.42
53.54
56.35
53.85
55.56
54.63
57.23
53.95
56.25
55.1
55.1
54.31
55.29
55.03
55.21
55.59
61.35
55.05
55.36
55.25
54.76
57.36
54.38
54.3
57.82
58.57
54.99
58.31
58.91
54.71
57.18
56.06
56.2
55.32
54.13
55.81
57.58
55.42
55.15
55.15
53.51
57.03
54.03
56.53
NA
NA
NA
54.96
54.97
54.2
56.4
55.78
55.99
54.51
56.27
54.7
53.53
NA
56.03
55.13
55.58
54.54
56.34
54.07
55.58
53.98
54.1
54.05
58.85
56.25
54.88
55.8
54.7
55.13
54.45
51.29
53.75
55.11
54.0
58.33
59.44
56.45
54.25
57.55
54.22
57.75
54.34
53.68
55.24
55.61
54.69
54.66
55.57
54.62
54.63
55.18
54.44
54.63
54.68
55.2
56.29
55.24
NA
54.42
52.93
54.76
54.19
55.32
60.62
52.76
54.43
54.54
55.57
57.07
53.97
56.17
57.97
55.07
55.33
53.84
51.45
54.74
52.44
55.54
56.43
56.93
54.72
52.99
55.27
56.38
54.06
57.52
56.84
55.7
54.53
55.47
53.74
56.04
55.29
53.83
54.49
57.03
54.24
55.8
54.12
54.63
57.49
55.69
55.02
54.36
54.62
52.98
56.01
54.07
56.17
55.87
53.43
54.08
NA
56.18
52.98
54.05
54.57
55.19
56.08
57.13
52.52
55.99
53.98
55.31
54.62
55.43
54.78
55.08
53.64
54.68
53.14
55.19
54.71
57.06
55.4
61.73
55.51
54.16
52.9
58.47
54.62
54.57
55.12
54.57
54.53
54.26
54.0
53.78
54.02
57.68
56.19
56.0
55.9
55.23
55.09
54.64
54.39
55.11
56.25
55.62
55.4
54.27
54.51
53.89
55.26
54.67
55.3
55.64
54.88
54.26
54.62
54.89
55.63
54.95
53.96
54.24
55.45
55.57
53.94
58.91
54.25
54.88
55.77
56.36
54.31
56.92
56.73
NA
NA
54.73
56.5
54.45
56.87
58.73
NA
55.13
54.74
NA
55.23
56.16
56.38
57.64
54.6
54.68
56.42
54.43
55.54
54.58
55.08
55.98
60.52
54.78
56.22
55.4
55.28
55.36
NA
NA
NA
55.07
52.27
55.82
NA
54.94
51.84
55.94
54.98
55.26
56.86
54.83
56.79
58.89
53.32
57.11
53.04
54.85
55.34
56.67
56.46
55.3
53.2
55.61
58.73
NA
55.09
NA
56.33
53.88
54.96
54.06
54.36
55.02
NA
NA
54.58
55.82
NA
54.77
54.85
54.9
54.52
55.05
56.8
54.1
55.33
53.87
56.19
57.72
52.81
57.09
54.79
NA
56.45
53.5
53.4
NA
55.76
55.81
55.5
55.48
53.94
56.06
53.98
54.17
55.19
53.73
54.42
54.72
54.2
53.53
54.87
56.04
55.22
55.28
55.65
56.05
NA
54.18
56.78
54.18
57.28
56.66
NA
54.59
56.3
NA
NA
NA
NA
56.49
53.69
54.99
55.19
56.29
53.58
57.38
55.18
53.79
54.78
56.25
55.13
54.93
NA
53.79
55.69
57.8
NA
53.66
57.45
55.39
56.93
60.29
53.28
58.29
57.71
55.4
NA
59.3
53.46
55.44
54.33
56.93
56.99
56.91
57.65
55.0
57.12
55.63
54.82
55.49
54.36
55.57
56.35
53.52
55.77
56.61
55.34
55.39
58.72
60.1
54.1
58.4
55.8
54.04
NA
58.84
56.72
55.73
53.8
54.67
55.17
55.33
54.04
53.44
55.14
53.44
53.34
52.93
55.37
54.59
53.65
55.98
54.41
56.22
56.6
54.43
54.58
55.64
58.13
55.22
53.27
56.35
55.09
55.07
57.22
58.33
56.73
63.58
54.88
54.12
54.71
53.08
56.31
55.43
54.77
54.3
52.04
56.61
55.3
54.59
55.02
57.02
55.56
56.48
55.42
54.97
56.59
57.31
56.67
55.87
55.17
54.47
56.47
55.87
54.24
55.44
54.15
55.05
51.91
54.2
55.54
55.2
54.9
53.86
56.61
57.13
54.62
55.47
NA
58.1
53.92
57.05
54.29
54.18
54.89
57.44
55.88
55.09
54.95
54.73
55.97
55.13
54.95
54.83
54.3
NA
57.17
54.1
54.79
57.09
57.59
53.19
54.99
53.36
53.98
57.8
55.96
55.4
58.08
55.78
55.0
55.97
52.3
56.8
56.08
55.92
54.84
54.14
56.14
53.83
54.81
58.21
58.08
56.33
54.97
55.46
55.87
56.26
55.05
56.81
56.28
54.85
54.22
54.49
55.12
53.69
55.39
55.13
55.09
55.84
55.74
55.34
57.94
58.34
55.34
56.93
55.56
54.13
57.02
NA
55.9
55.48
56.5
56.1
53.39
54.02
NA
NA
NA
54.64
55.95
55.21
54.22
53.73
56.57
56.93
56.86
55.33
55.24
55.31
55.23
55.45
55.57
54.98
54.26
55.86
NA
56.05
56.26
54.73
54.78
54.58
55.69
54.21
55.3
53.91
56.17
54.83
54.24
53.46
55.1
56.49
57.36
54.53
54.72
55.32
55.26
55.35
55.0
54.61
56.67
54.8
54.71
56.76
54.55
54.59
55.45
55.45
55.6
54.98
54.58
56.83
54.31
54.81
56.62
54.67
54.45
55.31
55.47
55.44
55.13
54.61
56.94
54.21
54.74
56.68
54.9
54.93
54.8
54.95
52.96
57.59
NA
NA
NA
54.27
54.19
54.48
54.5