NA
32.36
32.98
32.1
31.67
36.41
34.06
32.57
35.6
36.21
35.28
34.19
35.72
36.17
32.9
35.71
36.17
32.82
37.01
36.58
33.46
32.16
32.46
35.7
38.18
NA
34.12
33.96
34.34
34.01
32.48
32.63
35.4
33.79
36.36
NA
33.91
35.79
31.71
32.96
36.34
34.18
32.28
35.31
33.42
35.68
37.33
35.73
NA
NA
32.23
37.02
32.24
33.33
36.89
31.87
32.14
35.05
NA
36.73
32.72
NA
34.71
36.27
NA
37.3
36.36
32.78
37.82
31.28
35.39
32.88
36.15
35.62
34.51
37.04
34.66
33.24
NA
37.82
36.89
32.15
NA
NA
35.19
32.1
36.44
NA
34.22
32.24
28.28
35.33
35.5
33.36
34.87
36.96
32.9
35.35
32.06
36.83
34.58
32.33
32.11
34.6
33.71
NA
NA
33.56
33.19
32.69
31.91
34.02
36.35
34.39
36.87
36.89
NA
NA
36.56
33.85
NA
NA
NA
35.01
34.24
35.61
32.84
35.96
37.26
34.86
36.32
35.9
33.77
35.31
34.2
35.31
33.49
32.96
35.18
32.1
36.85
32.33
36.16
33.73
34.15
34.66
33.07
33.15
32.72
33.68
35.51
36.25
NA
34.96
33.87
34.19
33.3
33.79
37.12
NA
NA
NA
NA
NA
NA
NA
33.01
31.22
33.1
32.59
NA
34.55
35.72
36.3
34.88
36.6
NA
32.91
36.36
36.14
34.46
33.49
33.61
36.36
33.44
33.72
33.18
33.02
35.08
33.86
32.97
35.69
32.53
34.32
33.12
NA
35.06
36.06
33.26
34.08
35.34
33.44
33.41
34.01
32.67
35.9
33.58
33.77
36.15
36.73
36.19
33.77
35.08
35.12
36.16
NA
36.54
36.04
36.04
37.21
36.57
37.41
35.62
36.7
34.41
36.59
36.03
36.56
32.62
36.93
32.4
36.6
35.35
34.1
32.58
32.92
36.48
37.12
35.2
35.2
34.87
NA
34.67
34.9
36.03
35.74
35.87
33.82
NA
33.98
36.54
33.29
35.54
35.55
32.92
35.84
36.07
35.22
33.66
32.99
36.02
36.01
35.22
34.99
NA
32.36
NA
35.89
37.97
36.9
37.09
35.06
36.53
32.56
32.51
35.02
34.93
35.08
36.13
35.84
32.99
36.39
35.15
36.88
33.31
36.11
35.21
NA
33.64
36.33
35.79
29.31
34.8
32.69
37.76
NA
33.77
33.55
33.63
35.2
35.48
32.03
30.67
33.35
35.39
36.0
33.0
32.77
36.87
36.42
34.44
32.96
34.41
33.82
36.01
36.09
36.81
32.63
31.98
31.85
37.38
NA
34.86
33.64
34.44
35.89
37.39
35.81
38.51
31.35
33.81
32.94
36.95
33.42
36.93
33.83
35.37
32.78
36.78
36.34
33.04
36.1
33.0
33.83
36.48
34.92
38.26
36.16
34.81
35.99
33.17
36.05
33.48
38.63
33.77
34.58
34.44
34.7
36.3
35.46
35.46
36.08
34.52
32.01
34.64
35.95
35.2
35.06
33.05
33.27
32.34
NA
NA
29.83
37.63
34.49
36.58
37.73
34.09
32.82
32.26
35.18
36.71
NA
32.61
36.24
37.59
33.43
37.36
35.51
36.65
29.31
34.53
NA
37.41
32.71
36.0
36.99
33.8
35.16
33.45
37.45
34.55
36.68
37.52
34.85
32.4
36.15
36.6
38.36
34.33
35.46
33.61
NA
35.02
33.4
NA
34.4
33.94
35.14
34.75
NA
35.41
33.61
32.32
NA
35.39
35.66
35.46
36.16
33.76
35.36
34.46
34.64
36.99
33.24
33.65
31.75
35.45
30.71
36.5
33.52
36.41
NA
32.61
32.01
34.29
31.89
38.23
37.06
32.6
34.29
36.01
36.42
35.24
34.33
35.54
32.59
32.58
32.21
NA
NA
32.78
NA
32.77
NA
35.29
36.2
34.33
32.76
34.94
32.75
35.83
34.1
37.41
35.86
33.16
32.32
36.06
34.76
33.61
33.36
34.56
34.66
36.05
36.06
32.44
34.0
34.15
33.46
32.28
34.43
34.6
33.74
33.07
33.12
34.02
33.42
35.15
32.07
32.62
32.96
32.18
NA
NA
34.65
28.55
33.95
36.41
36.41
38.99
34.36
38.32
36.52
NA
34.42
37.52
34.22
36.42
35.22
NA
35.18
NA
36.06
NA
34.06
35.77
35.47
35.11
32.15
35.84
37.04
34.14
35.34
37.84
36.35
39.3
34.4
37.08
33.09
35.1
34.96
36.6
36.64
37.24
36.84
35.64
35.58
32.69
36.22
36.01
36.51
36.41
37.17
36.08
33.1
35.57
33.52
33.15
34.15
36.79
35.28
34.71
32.18
36.03
33.75
34.93
34.03
36.23
33.33
35.73
38.34
34.66
35.7
33.09
37.68
33.28
35.14
34.0
33.79
34.78
35.06
33.09
31.56
36.04
34.57
33.3
NA
34.7
32.07
34.44
NA
NA
NA
NA
NA
NA
NA
NA
NA
NA
NA
NA
NA
NA
NA
NA
NA
NA
NA
NA
NA
NA
NA
NA
NA
NA
NA
NA
NA
NA
NA
NA
NA
NA
NA
35.33
31.05
NA
NA
NA
NA
NA
NA
NA
NA
31.83
37.44
35.89
33.37
36.5
32.9
34.8
36.3
38.08
32.37
34.09
34.59
34.29
34.42
NA
31.94
36.29
34.56
36.57
NA
38.59
33.96
36.39
35.7
33.26
34.64
34.72
35.31
34.08
NA
36.24
NA
34.4
38.52
NA
33.38
33.64
34.09
36.48
35.26
34.81
34.37
34.7
30.66
36.15
35.46
37.24
34.0
33.71
NA
36.27
35.57
34.62
34.84
35.69
37.08
36.95
33.12
37.01
36.44
41.94
30.92
34.16
35.3
33.78
34.69
37.27
34.6
35.75
34.46
32.11
33.03
33.28
34.8
33.03
34.2
33.03
34.8
35.38
35.97
33.35
NA
NA
33.05
37.15
31.98
NA
NA
37.02
36.45
41.95
30.93
34.17
35.31
32.31
34.83
33.21
34.68
32.72
34.43
34.53
31.86
37.25
36.48
33.13
35.53
34.84
37.11
33.41
NA
33.26
33.87
33.93
33.71
35.74
NA
34.3
33.24
34.25
35.03
34.25
32.46
35.56
NA
34.51
33.17
34.18
34.96
34.39
32.52
35.44
NA
34.26
33.13
34.26
35.12
34.36
32.54
35.6
NA
34.2
33.24
34.05
35.03
34.32
32.53
35.6
NA
34.2
33.24
34.05
35.03
34.32
32.53
36.14
37.44
38.64
33.02
35.09
34.92
36.45
34.94
36.28
33.37
34.95
36.28
33.37
36.08
NA
33.82
33.19
33.91
31.91
33.99
33.22
39.47
NA
31.23
35.3
34.64
32.35
32.89
NA
33.02
34.15
32.6
32.69
NA
34.48
33.93
33.11
34.16
36.61
35.3
32.29
32.42
35.94
34.33
33.39
33.04
36.21
34.21
35.45
36.0
32.32
35.6
34.74
32.51
NA
34.97
34.07
35.94
36.09
36.96
36.59
NA
34.17
37.41
32.32
35.02
32.74
32.4
38.71
36.56
36.32
36.06
35.55
NA
35.33
26.87
35.89
34.71
33.93
33.18
35.53
32.99
32.16
34.28
36.26
33.47
NA
37.36
37.0
NA
NA
33.19
35.58
33.06
32.15
34.35
36.16
33.51
NA
NA
NA
33.12
32.15
34.48
36.23
33.45
NA
33.45
33.45
33.41
33.4
33.27
32.61
32.52
31.1
NA
NA
NA
NA
34.53
35.58
34.53
NA
35.48
35.58
NA
NA
NA
NA
36.06
32.76
32.36
38.8
36.59
36.38
36.1
35.67
35.18
36.86
36.21
36.58
36.3
34.67
35.65
35.4
34.28
35.13
35.63
34.28
35.1
35.69
34.34
35.1
32.54
33.19
34.12
36.1
33.54
NA
35.71
34.07
32.94
34.32
32.28
35.73
NA
NA
NA
NA
34.17
34.27
33.77
32.69
34.18
35.29
33.52
34.05
34.16
33.67
32.48
31.73
36.91
34.21
NA
NA
31.15
35.92
34.0
31.72
35.52
35.45
36.37
36.04
NA
34.19
33.32
NA
33.58
31.42
32.68
NA
NA
NA
NA
NA
NA
NA
NA
NA
NA
NA
NA
NA
NA
NA
31.73
34.63
31.83
37.03
36.63
33.53
36.53
33.23
33.03
33.22
34.32
39.32
NA
35.58
NA
NA
NA
NA
NA
NA
37.13
36.51
34.95
30.9
34.22
35.36
37.08
36.54
34.96
30.88
34.19
35.37
32.21
35.71
34.76
33.56
34.56
33.86
35.08
34.68
35.88
34.68
35.68
35.58
34.68
35.98
34.68
35.58
35.38
33.47
36.05
35.85
NA
34.95
37.65
33.65
37.35
36.25
34.85
36.75
33.45
36.55
34.45
35.75
34.55
33.75
36.55
35.05
35.44
34.44
35.14
32.37
33.87
37.27
34.17
35.9
33.5
36.7
37.61
33.91
32.21
36.01
35.21
32.44
39.05
33.05
34.36
32.65
33.19
36.6
36.13
34.85
37.09
36.56
NA
37.48
33.18
36.08
35.18
34.98
32.48
33.89
33.71
34.24
33.54
NA
NA
NA
NA
34.09
NA
34.09
34.4
NA
32.7
33.7
NA
33.52
34.23
33.83
34.88
31.88
35.22
32.92
37.11
33.96
32.6
37.23
35.29
NA
NA
NA
NA
NA
NA
NA
NA
NA
NA
NA
NA
NA
NA
34.21
33.51
35.78
34.98
34.58
35.08
33.98
36.58
36.88
34.68
32.28
32.81
36.49
34.69
36.37
33.51
34.51
34.04
35.74
35.64
35.14
34.64
32.44
32.07
31.48
35.72
31.45
34.48
NA
32.86
NA
36.16
36.76
NA
33.37
33.48
34.3
34.68
38.06
NA
32.43
NA
NA
34.49
35.52
36.04
35.86
31.96
35.01
36.56
33.81
NA
46.61
NA
36.28
36.0
33.52
33.81
32.25
34.11
36.61
32.11
32.73
34.63
34.33
36.33
33.39
33.79
32.89
28.69
28.66
36.94
32.87
36.37
36.77
38.47
32.9
32.52
NA
NA
37.22
33.92
36.5
35.34
34.22
37.07
36.04
34.57
34.21
36.12
36.89
35.73
NA
NA
NA
35.82
36.12
34.22
35.82
33.02
36.62
34.52
33.72
33.56
34.26
33.06
36.76
34.66
33.07
33.37
38.77
37.42
36.22
36.02
35.1
32.81
32.62
33.22
35.18
32.48
33.35
35.81
37.13
34.8
36.99
33.25
33.5
37.99
35.26
33.64
35.46
36.38
31.73
33.46
34.76
32.7
NA
NA
36.68
38.89
35.55
32.93
34.31
33.62
32.47
36.16
34.08
36.16
32.7
36.45
35.71
32.44
33.06
37.09
35.64
33.27
34.05
34.19
35.67
34.32
33.92
33.28
32.22
37.15
35.38
32.07
33.0
32.8
32.76
36.45
34.76
37.18
33.77
36.69
NA
NA
NA
NA
NA
36.64
35.34
35.94
NA
NA
NA
NA
35.81
32.65
34.32
32.68
34.31
NA
NA
31.1
38.28
36.18
36.18
33.98
34.88
35.28
31.35
34.55
33.95
34.05
34.35
35.69
34.28
33.56
35.02
33.32
31.12
35.12
32.76
35.59
34.27
35.54
33.13
34.33
34.58
37.03
35.21
33.34
35.44
37.21
35.34
35.18
31.73
32.78
34.68
37.68
33.15
35.73
34.45
33.67
33.34
35.43
32.2
35.3
34.25
33.55
31.95
37.94
33.84
33.04
34.04
34.5
32.19
36.89
NA
33.39
NA
33.59
35.07
NA
NA
NA
NA
33.54
33.71
35.43
32.2
35.3
36.26
33.56
32.06
36.06
34.2
33.3
33.88
38.39
34.73
NA
35.35
36.32
34.33
NA
39.14
NA
37.3
35.97
35.11
35.11
37.49
36.2
33.24
36.33
37.17
37.34
32.62
33.82
33.55
36.45
34.01
36.42
35.97
36.49
35.98
33.48
36.3
33.15
33.0
32.65
32.7
32.6
34.79
34.15
35.5
34.63
38.65
33.45
32.95
32.45
38.82
33.74
33.33
32.4
38.32
33.19
38.28
35.69
33.59
32.99
33.99
32.59
36.57
33.77
36.52
32.97
35.24
NA
34.45
35.52
NA
NA
NA
36.6
31.83
34.3
33.41
34.94
35.33
35.82
34.2
36.08
35.88
37.28
34.88
37.68
33.68
37.38
36.08
34.68
36.08
33.18
33.08
35.52
32.67
32.94
36.64
32.34
34.54
29.68
32.38
35.98
36.08
35.28
31.98
33.78
34.38
37.26
32.55
33.68
35.68
35.78
33.68
32.68
32.68
36.78
NA
36.41
32.94
36.48
36.0
36.48
35.66
34.3
34.82
40.03
33.39
34.1
34.86
36.4
34.77
40.03
33.24
34.05
34.8
36.41
31.93
34.83
34.69
33.37
32.26
32.53
31.24
33.76
32.5
32.37
31.66
32.83
34.63
35.78
NA
NA
NA
33.34
34.87
35.97
33.46
33.76
32.96
36.26
35.53
37.49
36.57
32.58
33.91
35.61
35.47
34.05
36.71
34.45
33.63
32.83
35.59
33.32
35.98
NA
33.06
28.62
33.69
NA
32.31
35.18
36.7
34.93
32.62
31.7
33.12
33.12
36.45
35.98
36.45
32.93
31.93
36.78
32.9
32.52
35.61
32.89
35.78
32.93
31.93
36.78
33.44
32.65
37.05
NA
34.55
NA
32.85
34.71
33.7
33.19
34.71
NA
32.76
38.06
33.06
33.37
33.21
NA
NA
NA
NA
NA
NA
34.83
35.2
33.45
35.17
33.89
34.87
35.1
35.89
31.67
36.28
34.88
32.21
35.14
32.77
35.82
34.32
35.21
32.81
32.71
35.21
32.51
33.21
35.19
32.79
32.69
33.29
35.29
32.59
33.79
33.56
31.87
34.85
32.89
34.66
32.76
33.06
32.36
32.86
35.86
35.26
35.66
34.46
37.08
33.48
36.65
NA
35.97
36.58
34.26
34.55
34.95
33.75
34.98
34.4
33.89
33.74
36.12
33.12
34.74
31.22
35.34
34.02
32.68
35.22
NA
36.72
36.99
32.79
34.76
34.22
NA
36.47
NA
NA
33.89
NA
36.42
32.96
31.44
35.06
NA
32.42
32.94
36.43
36.34
33.6
33.25
35.28
35.48
33.85
36.01
33.9
34.26
34.69
NA
35.93
NA
35.44
34.12
37.32
32.74
34.84
33.11
35.59
32.7
34.68
34.23
NA
34.14
33.78
NA
NA
NA
NA
35.25
NA
34.69
34.89
35.19
36.69
36.69
33.89
34.39
34.59
35.39
36.39
36.02
34.58
34.67
32.25
36.49
32.74
36.42
33.62
35.04
33.74
33.24
36.24
36.93
33.78
33.55
35.46
30.78
32.81
33.18
33.51
36.21
34.24
37.41
NA
NA
37.19
33.06
32.81
NA
NA
NA
35.55
37.8
35.1
32.94
36.02
37.18
35.41
37.86
36.53
31.72
33.65
33.57
39.05
33.22
32.92
35.02
35.52
33.82
33.12
38.89
33.06
37.17
34.73
35.73
33.08
34.1
33.0
33.99
36.28
37.11
34.19
33.77
NA
NA
37.55
33.95
34.45
35.15
NA
37.15
36.1
NA
37.18
37.62
NA
NA
NA
NA
NA
37.15
33.87
NA
37.15
32.93
35.57
34.7
36.05
36.3
37.9
36.07
32.94
37.54
35.68
NA
NA
34.25
34.69
32.83
36.43
33.12
33.5
35.7
33.2
36.3
34.26
33.35
35.88
34.38
32.76
35.26
35.36
34.71
36.08
34.03
35.05
34.75
36.25
NA
NA
34.47
39.4
36.62
34.49
34.12
36.06
31.89
34.6
36.44
31.51
36.49
34.78
35.98
33.1
NA
33.25
33.61
35.22
32.57
32.49
35.88
35.18
35.36
32.2
35.96
33.26
33.06
35.65
31.05
NA
NA
33.83
33.71
32.69
33.22
NA
NA
NA
35.21
33.99
36.4
35.95
36.47
35.96
33.46
36.28
33.13
32.98
NA
NA
32.7
35.3
33.81
33.63
35.49
NA
NA
NA
NA
NA
NA
NA
NA
NA
NA
NA
NA
NA
NA
NA
37.03
34.03
34.23
36.03
33.23
NA
NA
NA
NA
33.83
36.03
34.77
35.39
34.0
34.05
31.47
36.05
31.85
32.43
32.93
34.13
33.23
34.14
NA
NA
NA
NA
35.45
34.71
33.48
35.74
36.07
31.87
35.11
32.61
35.21
34.71
35.01
32.31
34.91
36.51
32.71
32.89
32.76
33.62
NA
38.16
35.08
35.42
32.29
35.76
34.87
33.36
32.7
34.86
33.06
33.88
33.13
36.3
36.59
36.0
NA
32.01
33.28
35.59
32.93
34.81
33.0
36.26
33.87
35.97
35.17
32.77
36.9
36.45
37.55
37.85
35.62
36.84
34.45
33.55
34.43
36.35
33.99
34.08
34.08
36.08
NA
36.98
35.88
NA
NA
NA
NA
NA
NA
NA
NA
NA
NA
NA
NA
34.2
33.95
32.45
36.87
33.9
32.32
37.05
33.43
33.11
37.49
34.86
NA
34.07
34.27
32.57
32.37
34.57
34.67
34.77
32.77
NA
37.66
35.91
34.52
38.42
35.69
34.49
35.89
35.73
34.26
33.29
35.83
36.06
NA
35.55
34.93
35.85
36.17
35.46
37.11
34.44
37.82
33.96
32.64
33.25
35.32
32.48
35.94
35.36
NA
NA
32.27
NA
35.49
35.49
36.12
34.55
NA
34.87
NA
NA
35.81
39.61
35.21
34.39
35.66
34.65
35.02
35.42
35.02
34.0
33.8
33.55
34.68
NA
NA
34.68
NA
37.11
34.01
33.02
33.58
34.08
NA
34.48
34.27
33.68
NA
NA
32.78
35.21
32.84
33.8
33.77
33.23
34.95
35.05
38.35
NA
37.37
39.07
32.74
37.44
NA
34.85
32.52
35.69
NA
NA
NA
NA
35.1
35.27
33.53
35.06
34.36
32.58
NA
NA
NA
NA
NA
NA
NA
33.36
32.56
NA
NA
NA
NA
NA
NA
NA
NA
NA
34.66
33.96
31.86
32.95
33.65
29.45
36.25
34.95
NA
35.57
35.31
29.4
32.01
35.58
NA
34.23
32.11
32.88
NA
29.24
31.53
35.56
NA
34.54
31.99
32.88
34.24
NA
NA
38.39
34.83
35.3
35.38
37.67
NA
36.77
32.91
33.76
34.82
35.26
32.57
33.33
33.56
35.55
34.89
34.89
33.59
NA
38.19
32.49
34.69
33.09
32.52
34.72
33.62
30.62
32.92
36.42
NA
NA
40.4
33.43
NA
NA
NA
40.36
NA
NA
35.32
33.53
34.91
37.61
31.31
33.21
36.41
33.8
32.6
34.0
36.67
33.57
33.54
32.88
34.2
33.92
33.72
37.69
35.08
NA
34.84
34.21
36.35
37.16
33.55
33.89
33.8
NA
33.09
33.93
37.75
NA
33.98
37.0
31.6
33.0
33.1
31.48
32.28
35.28
33.88
36.74
35.04
35.54
33.24
36.12
33.92
34.82
NA
41.38
32.71
29.61
35.21
33.61
32.31
36.99
32.79
39.29
36.09
34.12
33.51
NA
35.51
37.01
32.91
37.81
36.91
35.26
33.5
33.39
36.2
36.98
36.49
NA
NA
NA
34.22
33.33
NA
32.66
34.48
33.8
NA
NA
NA
NA
NA
NA
37.24
34.54
33.14
34.04
32.53
33.74
35.81
35.79
33.26
33.86
34.16
36.26
35.96
34.06
34.34
33.17
35.13
33.32
34.73
34.32
33.2
35.2
33.3
34.77
34.39
37.19
31.99
33.99
32.39
33.09
38.08
37.08
34.08
33.58
35.18
32.98
35.98
35.68
35.08
33.08
34.87
NA
30.29
NA
33.44
33.28
32.21
32.2
31.8
33.9
35.3
35.5
31.6
35.91
37.13
34.3
34.43
33.87
34.1
36.4
33.71
36.0
38.36
36.7
32.5
32.73
35.92
36.12
30.89
35.16
NA
37.16
33.18
37.22
37.31
NA
37.26
32.61
38.19
34.59
39.99
NA
34.02
33.37
34.51
34.01
34.81
32.61
32.51
34.41
34.51
34.71
NA
NA
34.71
NA
33.33
NA
NA
NA
33.58
32.74
34.79
33.59
NA
NA
34.38
33.48
32.37
34.95
35.23
33.72
37.11
37.68
33.6
33.6
34.15
34.19
33.69
34.89
37.99
NA
34.33
33.36
32.87
30.0
36.2
36.05
36.16
35.79
36.41
33.32
NA
31.93
31.12
32.4
36.51
31.87
34.28
34.53
33.07
33.7
36.1
34.9
33.3
35.5
NA
34.95
35.57
35.89
33.39
32.97
33.9
36.91
35.26
NA
NA
NA
32.75
34.83
33.33
35.41
31.02
33.6
35.11
32.89
NA
33.82
33.44
36.6
32.89
37.65
34.06
NA
33.5
33.5
36.6
NA
34.72
35.93
37.18
NA
38.91
36.42
33.65
35.16
35.49
36.4
37.0
37.0
32.31
34.16
36.34
33.68
36.48
33.9
34.91
36.56
33.61
36.56
35.4
33.66
33.92
34.52
NA
NA
36.43
31.28
37.95
32.36
34.04
34.3
34.06
34.56
34.26
34.36
33.27
34.32
34.83
32.56
36.74
34.28
33.05
NA
36.13
33.7
NA
32.95
32.95
NA
36.6
36.66
33.19
35.87
36.83
32.78
NA
34.53
NA
NA
33.81
36.31
37.51
37.11
33.55
36.85
34.31
34.61
33.33
28.23
32.96
33.39
NA
34.23
32.41
NA
NA
35.34
36.44
36.24
33.74
32.74
35.44
36.04
36.44
35.34
34.25
35.08
36.38
36.08
33.08
34.78
35.18
34.88
37.08
35.29
34.39
37.09
36.59
33.49
36.14
32.32
34.72
34.9
34.85
34.38
37.13
36.2
34.09
33.85
36.42
33.75
35.93
32.46
36.7
36.9
35.04
33.25
35.11
35.33
36.1
31.34
34.06
35.41
35.44
37.41
37.64
35.61
36.05
33.79
32.73
36.39
32.67
31.26
33.19
34.49
36.39
32.5
31.93
38.38
36.84
32.33
33.82
36.56
37.65
36.28
33.43
36.43
36.53
NA
NA
NA
34.84
33.17
37.4
32.5
33.46
34.09
35.04
33.19
34.97
37.03
NA
36.43
34.13
35.85
34.34
33.44
38.02
36.7
35.7
36.59
36.72
32.44
32.23
36.78
32.67
34.02
34.25
36.06
34.03
35.63
36.72
35.16
33.81
32.44
36.55
34.85
30.65
35.79
32.68
35.0
34.81
33.92
32.92
NA
33.55
33.74
36.79
33.91
33.05
34.34
34.8
33.17
36.27
33.57
32.56
NA
35.68
33.16
38.3
36.05
33.73
32.45
31.72
35.17
35.73
34.93
35.97
38.27
34.27
NA
33.55
33.48
35.05
30.61
34.34
33.94
32.74
34.13
33.63
38.65
33.15
33.15
33.11
37.65
34.2
32.61
36.42
NA
33.47
36.47
33.11
32.71
35.12
36.22
31.82
34.99
32.7
35.65
37.25
32.24
35.03
36.83
36.29
33.29
34.55
34.34
30.76
35.1
36.25
34.28
34.95
NA
NA
NA
35.27
33.12
35.57
34.54
33.32
NA
NA
NA
NA
NA
NA
NA
NA
NA
33.14
34.22
34.15
32.89
34.99
29.06
32.25
33.26
35.32
33.54
30.9
37.22
36.11
33.72
33.87
33.06
36.5
36.21
35.26
34.1
34.66
33.38
33.0
35.91
35.96
35.95
34.06
34.62
33.97
33.17
34.65
35.23
34.76
36.18
36.94
34.41
36.06
32.94
36.82
37.44
36.5
35.14
36.74
34.98
31.9
NA
35.66
32.93
33.13
36.67
32.88
36.46
36.19
34.11
33.36
NA
29.42
36.23
NA
NA
NA
33.5
36.5
36.37
33.5
NA
34.5
35.3
NA
35.82
33.07
33.15
32.92
34.93
34.06
32.23
37.31
32.02
NA
35.87
36.72
38.18
35.57
NA
33.48
33.67
34.97
NA
NA
NA
30.52
34.33
33.17
NA
32.64
32.74
32.94
34.35
33.53
32.01
35.15
32.9
32.6
35.15
32.62
33.48
35.05
36.14
32.51
30.04
36.19
31.1
32.0
31.57
NA
37.8
NA
NA
34.17
31.26
36.66
33.56
36.69
36.85
34.21
35.3
33.12
34.96
33.36
36.11
34.83
37.43
35.02
33.6
30.6
32.45
35.2
35.72
33.15
35.33
33.79
37.26
NA
34.25
NA
NA
NA
33.22
37.25
33.22
33.38
36.13
33.74
34.95
NA
NA
NA
NA
NA
NA
NA
38.4
34.46
32.77
35.08
32.77
33.65
NA
36.08
32.48
37.08
32.48
33.1
NA
33.09
NA
NA
NA
NA
NA
33.99
35.89
34.09
35.89
35.29
35.48
36.58
35.48
33.3
35.37
NA
34.63
33.85
NA
37.63
36.17
31.73
NA
39.24
34.06
33.29
33.8
36.09
34.98
33.19
31.97
34.85
NA
33.86
34.81
35.19
33.7
29.61
35.15
34.18
34.01
33.48
33.48
32.6
36.08
35.2
33.09
34.84
35.67
36.38
37.33
33.37
36.38
35.92
33.61
32.57
36.8
33.5
34.9
35.74
NA
33.04
33.04
34.65
34.64
34.71
34.37
33.33
36.2
34.34
35.04
36.64
32.74
NA
33.02
34.94
36.38
32.82
34.64
32.92
28.91
37.1
36.46
37.17
33.14
37.83
32.23
33.74
34.16
34.76
33.51
NA
34.22
36.42
35.18
34.58
36.18
34.77
NA
35.03
33.54
35.76
33.56
32.55
37.27
33.57
36.29
33.66
38.15
35.37
35.81
36.86
32.65
34.39
34.67
34.87
NA
NA
33.77
NA
35.34
33.38
NA
NA
32.44
32.92
32.72
42.25
42.25
36.45
32.36
33.01
35.56
35.47
NA
34.9
35.8
32.8
32.12
36.3
34.0
32.6
33.25
34.82
35.09
35.61
33.27
34.91
35.27
35.76
35.5
NA
34.89
34.43
32.99
32.49
31.19
33.99
29.49
32.89
38.26
33.05
33.98
34.94
32.89
32.12
NA
33.97
34.9
33.1
31.08
32.56
NA
36.04
34.64
34.33
36.11
34.21
34.03
35.82
36.81
33.32
33.29
33.7
36.56
30.61
35.8
33.89
37.05
32.99
35.48
36.71
27.75
36.53
32.89
35.54
33.34
NA
35.14
32.94
34.34
34.49
36.14
33.1
33.42
NA
34.33
29.32
35.4
36.34
34.3
35.31
NA
NA
NA
37.2
33.51
34.5
34.01
30.41
33.77
33.6
34.53
36.32
31.35
36.3
31.36
33.25
32.68
39.3
37.36
34.76
NA
32.93
32.56
34.04
NA
32.7
33.89
33.66
33.84
33.62
36.07
35.13
36.48
35.26
34.81
34.37
34.7
35.32
36.08
34.32
32.55
35.1
32.85
35.7
33.92
31.09
35.93
33.17
35.27
36.23
34.26
31.95
34.65
33.05
35.32
33.93
38.06
35.83
33.12
35.36
36.25
34.23
NA
35.08
32.65
35.86
34.17
37.45
36.01
33.24
34.91
NA
34.96
35.24
32.86
32.39
NA
NA
NA
35.93
35.48
35.51
35.08