177.9
178.12
175.62
177.02
176.9
177.02
176.2
178.95
175.79
177.3
177.3
176.54
177.34
176.54
175.81
174.2
176.44
NA
179.48
177.53
NA
176.22
NA
176.07
175.96
175.91
176.12
176.13
173.72
175.22
176.12
174.68
179.45
177.41
176.42
179.44
175.29
175.56
179.0
176.11
NA
174.45
176.09
NA
175.7
174.24
176.86
177.78
174.87
175.77
174.57
176.26
177.6
NA
176.12
173.63
174.05
176.09
179.1
175.72
174.59
174.77
177.61
177.58
176.25
176.08
175.54
176.31
175.74
175.84
173.44
176.75
175.82
177.36
175.76
175.02
176.13
175.51
175.71
174.55
175.8
174.34
175.81
176.41
175.45
176.68
176.01
NA
NA
175.9
NA
NA
NA
175.61
NA
175.9
176.09
176.94
177.32
175.95
177.29
NA
NA
175.92
174.98
NA
175.86
174.91
175.84
NA
176.46
176.64
176.59
176.32
NA
175.07
176.24
178.34
176.41
175.75
175.85
NA
175.15
176.81
NA
177.66
176.9
176.62
172.76
179.27
177.37
174.8
177.27
175.14
175.02
178.12
172.28
174.75
177.45
174.99
175.65
176.16
175.94
177.27
177.46
176.76
175.66
175.72
176.36
NA
176.83
174.61
176.9
175.26
177.28
176.84
NA
NA
NA
175.07
175.19
NA
175.09
177.96
175.82
174.78
177.12
176.71
NA
174.96
176.26
178.12
178.4
179.92
176.32
176.17
177.68
174.56
175.47
175.96
177.3
176.11
177.05
NA
175.98
176.98
177.51
173.93
173.59
173.42
176.99
175.38
179.58
176.77
176.38
176.71
174.25
174.96
176.23
175.93
177.31
177.5
175.26
174.48
176.56
176.86
176.21
175.38
NA
176.42
175.42
174.75
176.18
174.63
175.65
176.1
175.85
177.58
174.79
176.33
NA
176.77
176.18
NA
176.04
178.09
175.74
175.27
175.44
NA
176.15
174.84
176.03
175.69
176.95
176.4
175.65
177.95
171.07
176.89
177.51
174.11
176.01
175.88
176.45
173.75
176.01
177.87
NA
179.05
176.71
NA
178.65
174.89
176.49
178.35
174.84
176.02
174.23
176.43
176.26
174.42
173.71
NA
174.03
176.7
176.46
175.18
174.7
176.72
NA
178.47
176.96
174.94
NA
174.31
175.91
177.36
177.02
176.72
177.3
174.71
177.49
176.66
175.74
175.61
175.34
NA
175.76
NA
NA
176.3
175.41
177.26
174.71
175.64
176.49
177.83
176.82
177.15
178.63
176.21
175.55
176.03
178.49
177.01
175.93
177.07
175.72
176.56
174.28
174.25
178.88
178.14
178.71
177.9
176.24
175.93
NA
176.43
176.39
174.26
NA
NA
176.06
NA
176.86
176.38
175.94
175.39
176.08
175.72
176.79
NA
176.21
176.75
174.71
178.45
175.13
175.67
177.29
176.77
174.9
176.89
175.63
NA
177.08
175.54
176.8
NA
NA
NA
NA
NA
NA
177.17
176.72
176.02
177.8
174.74
177.0
176.12
176.93
176.29
176.59
174.7
177.6
173.91
176.52
177.65
177.7
175.58
177.28
176.95
175.58
175.96
176.43
176.31
173.75
175.92
176.32
175.39
NA
175.6
178.83
178.92
176.56
175.07
175.73
177.73
172.99
176.03
176.59
175.75
176.13
175.54
174.64
174.79
NA
177.16
176.36
178.28
176.75
176.27
178.68
176.51
177.0
176.09
175.36
176.65
NA
174.61
178.06
173.55
173.69
NA
175.69
NA
NA
NA
175.41
175.14
173.68
NA
NA
NA
176.71
176.83
175.33
176.39
176.36
NA
176.47
176.75
176.27
175.99
NA
175.38
175.68
176.54
176.2
NA
NA
NA
NA
175.71
175.37
174.08
NA
175.84
175.98
175.07
175.83
NA
176.48
175.21
176.34
175.42
176.62
176.1
175.69
175.7
173.84
NA
NA
NA
NA
176.78
176.95
175.94
177.9
NA
175.57
175.69
175.14
172.6
176.32
NA
174.18
177.21
175.13
176.36
174.41
175.6
176.94
176.25
177.9
NA
176.57
178.16
NA
175.77
175.52
175.96
176.3
176.32
174.16
175.85
176.34
NA
NA
NA
NA
NA
NA
NA
NA
176.63
175.33
175.7
175.82
176.99
175.45
176.19
176.17
178.35
NA
NA
176.71
174.14
176.57
176.45
175.94
177.54
177.59
177.9
178.37
177.71
177.53
175.45
176.12
176.83
175.81
177.3
174.16
175.31
174.88
175.06
175.11
173.34
174.76
177.17
176.31
176.03
176.48
NA
176.26
176.87
175.49
175.56
176.58
175.34
176.59
175.84
177.57
NA
173.68
177.42
176.44
175.44
174.88
174.81
174.64
175.94
173.42
178.1
173.77
175.92
174.31
175.05
175.1
176.85
176.07
177.26
177.16
179.38
175.67
173.84
176.32
176.87
174.06
176.94
176.0
176.29
174.23
175.31
175.24
175.07
176.51
176.21
174.81
176.42
175.97
175.41
174.91
176.43
175.73
176.7
177.17
176.71
178.22
176.94
174.56
176.56
173.98
176.77
176.72
176.33
176.32
174.83
178.5
173.32
177.39
176.1
176.06
NA
NA
NA
174.9
173.6
177.56
175.97
176.08
NA
176.14
176.56
177.47
174.12
174.28
178.6
178.59
176.13
174.6
NA
177.36
175.87
175.56
173.75
176.76
177.31
175.9
172.13
175.52
177.02
174.75
175.84
177.08
179.88
176.82
176.85
176.75
176.49
175.06
176.56
175.56
177.65
176.73
176.21
175.8
174.94
174.68
176.1
175.77
176.74
176.33
177.29
177.38
176.86
176.87
177.33
178.26
174.69
176.3
NA
174.63
172.79
174.98
176.67
176.79
NA
176.96
176.99
177.78
NA
177.41
NA
175.45
176.24
176.26
176.06
176.37
176.34
175.98
176.27
175.8
NA
176.54
175.34
176.24
175.79
NA
176.52
175.33
176.35
175.83
NA
176.58
175.37
176.24
175.75
173.49
176.41
176.19
NA
176.87
175.77
175.42
177.5
176.48
NA
176.07
NA
177.04
176.24
175.4
NA
175.88
176.56
NA
178.6
178.83
NA
176.89
NA
NA
176.41
NA
177.59
NA
176.59
174.72
177.77
176.57
176.37
175.83
178.65
NA
177.36
179.46
174.47
175.47
176.32
NA
174.82
178.55
176.21
172.98
175.78
175.1
NA
174.26
175.3
176.27
NA
174.65
178.87
176.14
NA
172.58
NA
NA
NA
NA
NA
NA
NA
NA
174.05
NA
NA
NA
NA
NA
NA
176.77
NA
176.0
175.6
176.7
175.95
174.38
175.78
NA
NA
NA
175.43
NA
NA
NA
NA
NA
174.71
173.91
177.67
176.47
176.93
NA
175.91
NA
175.27
175.26
NA
NA
NA
177.59
177.12
176.24
NA
179.14
174.93
174.63
174.23
176.91
173.59
176.55
NA
NA
NA
NA
NA
NA
179.2
176.4
175.5
NA
NA
NA
NA
178.73
175.03
NA
175.77
176.37
176.17
177.07
176.17
NA
NA
NA
NA
NA
NA
NA
NA
NA
NA
NA
NA
NA
NA
175.76
NA
175.18
175.03
176.26
175.36
175.76
NA
176.08
177.39
177.71
173.78
177.96
176.43
175.58
175.75
175.65
176.35
176.75
176.45
176.95
NA
176.84
NA
NA
NA
NA
NA
NA
NA
176.81
174.07
174.15
176.39
175.46
NA
NA
175.85
NA
177.48
176.91
175.83
179.68
176.83
NA
NA
NA
177.56
179.06
176.36
175.05
NA
178.93
175.61
175.08
176.47
176.47
174.57
177.27
175.07
179.32
176.66
176.43
176.14
175.32
176.19
176.64
177.51
173.76
NA
176.85
NA
176.26
176.03
175.22
177.84
177.8
176.47
176.17
175.72
176.5
176.02
176.9
176.82
175.7
176.67
175.97
175.94
177.73
175.1
176.18
177.88
176.68
176.33
176.42
NA
NA
NA
175.23
176.6
176.31
181.33
176.31
175.17
177.63
174.95
176.08
176.3
180.85
176.23
178.64
NA
NA
178.28
175.75
176.3
174.24
175.38
NA
173.8
NA
177.39
175.61
NA
177.3
177.62
NA
NA
176.43
177.43
175.63
174.83
175.73
176.93
176.93
175.63
175.13
NA
178.93
176.73
176.43
177.43
175.63
174.83
175.73
176.93
176.93
175.53
175.13
NA
178.93
176.73
176.42
177.42
175.62
174.82
175.72
176.92
176.92
175.62
175.22
NA
178.92
176.72
176.42
177.42
175.62
174.82
175.72
176.92
176.82
175.62
175.22
NA
178.92
176.72
176.42
177.42
175.12
174.82
175.72
176.92
176.92
175.52
175.22
NA
179.02
176.52
177.91
177.61
176.75
NA
175.35
176.95
NA
178.71
177.27
179.34
178.32
179.06
176.91
173.86
176.85
177.78
174.01
177.19
176.17
172.09
178.21
172.48
175.78
175.23
NA
NA
NA
NA
176.37
NA
177.5
NA
177.35
NA
NA
177.76
176.17
176.75
176.65
176.35
178.15
176.75
178.55
175.05
175.25
173.86
175.37
NA
175.39
NA
NA
NA
NA
172.71
173.49
175.31
174.75
174.99
177.4
NA
176.72
177.29
175.05
173.78
NA
178.12
178.12
175.22
NA
174.87
180.26
175.94
178.81
174.39
175.86
175.05
174.68
176.32
177.28
177.18
177.6
NA
NA
NA
178.46
NA
179.19
176.75
175.62
178.66
176.75
174.96
176.57
176.68
175.74
176.75
176.46
177.33
174.13
178.13
175.79
176.31
NA
178.15
178.15
175.25
NA
176.02
NA
176.63
176.67
NA
NA
NA
NA
NA
173.99
NA
177.47
NA
NA
NA
176.75
176.46
177.33
174.13
178.13
175.79
176.31
NA
NA
175.67
175.96
176.61
175.0
NA
177.43
176.63
177.16
172.14
176.14
NA
176.04
175.24
NA
NA
NA
NA
NA
NA
NA
NA
NA
NA
NA
NA
NA
NA
NA
NA
NA
NA
NA
NA
177.61
173.41
174.2
179.17
175.33
175.07
175.69
175.43
177.61
178.9
177.88
NA
NA
NA
NA
NA
NA
NA
NA
NA
175.71
176.24
176.61
177.9
176.22
176.74
176.77
178.29
178.03
175.69
176.29
176.51
177.93
176.18
176.63
176.85
177.8
177.94
174.31
175.39
NA
NA
NA
NA
177.58
NA
177.57
178.22
176.8
176.78
176.59
NA
NA
NA
NA
NA
NA
NA
NA
175.23
NA
179.11
175.43
172.38
NA
177.1
179.07
NA
NA
76.0
NA
179.01
177.32
178.32
178.32
175.32
NA
NA
NA
NA
NA
NA
NA
NA
NA
NA
NA
NA
NA
NA
177.3
177.92
175.65
176.6
175.67
NA
NA
177.61
173.95
177.25
177.14
176.34
177.3
176.93
175.85
176.5
176.33
171.78
NA
NA
177.0
NA
NA
NA
NA
NA
NA
NA
177.83
173.91
NA
NA
177.7
176.71
176.81
175.83
176.34
176.38
176.79
178.2
NA
177.76
178.39
177.79
178.43
178.66
177.77
177.66
178.62
175.18
175.79
178.05
NA
NA
NA
NA
NA
NA
NA
NA
NA
NA
NA
NA
NA
NA
NA
NA
177.12
177.62
175.32
175.42
176.52
NA
NA
NA
NA
NA
NA
176.73
NA
NA
NA
NA
NA
NA
NA
177.05
174.61
176.96
178.4
177.88
177.16
176.54
176.04
175.13
175.64
NA
NA
NA
175.64
174.91
NA
NA
NA
NA
NA
NA
NA
NA
174.31
173.27
175.66
177.57
177.68
177.21
176.41
178.01
NA
178.07
175.11
177.37
NA
NA
NA
NA
NA
177.92
177.56
177.47
177.52
NA
NA
NA
NA
NA
NA
NA
NA
NA
NA
NA
NA
NA
NA
NA
NA
176.28
175.37
176.45
177.26
NA
177.76
177.7
NA
172.78
173.45
171.53
175.05
173.77
175.22
175.41
176.02
NA
176.83
175.94
174.58
176.87
175.64
177.38
176.13
NA
NA
NA
NA
NA
NA
NA
NA
NA
NA
NA
173.88
177.08
174.68
182.28
175.41
174.7
176.74
177.01
175.18
174.28
175.99
176.7
177.43
177.52
174.83
175.48
178.37
NA
174.59
175.27
173.01
177.21
177.65
175.45
175.56
176.62
NA
174.26
174.2
NA
174.94
174.24
176.04
176.03
176.75
177.7
177.87
177.65
175.57
175.98
176.64
NA
NA
NA
NA
NA
NA
NA
176.97
175.27
175.91
NA
NA
NA
NA
NA
NA
NA
NA
NA
NA
NA
NA
176.84
176.54
177.44
172.44
NA
175.04
178.64
NA
NA
NA
NA
NA
NA
NA
177.18
NA
NA
NA
177.2
NA
NA
177.31
NA
NA
NA
177.04
177.34
177.84
175.24
177.74
177.04
172.08
178.18
177.48
176.68
174.18
NA
NA
NA
NA
NA
NA
NA
177.14
177.14
177.24
177.34
173.14
176.77
176.47
177.37
174.17
178.27
175.77
176.27
NA
178.68
178.28
NA
176.83
176.53
177.43
174.23
178.33
175.33
176.03
NA
NA
NA
NA
NA
NA
NA
NA
NA
NA
177.43
176.83
177.63
181.13
NA
NA
NA
NA
NA
NA
NA
176.9
175.9
176.6
NA
NA
177.7
177.1
176.4
176.0
NA
175.1
176.9
176.0
177.0
NA
NA
177.8
177.1
176.1
176.1
NA
175.1
NA
177.26
176.58
176.81
174.87
175.95
178.68
175.57
175.72
175.67
176.19
176.81
179.52
176.25
177.11
176.19
174.83
176.62
176.82
176.34
NA
176.25
176.35
175.65
NA
175.65
174.4
175.5
178.4
177.5
178.0
175.0
179.1
176.4
175.6
NA
NA
NA
NA
NA
NA
NA
NA
NA
NA
NA
NA
NA
NA
NA
NA
NA
NA
NA
NA
NA
NA
NA
NA
175.99
176.19
176.09
176.09
177.99
176.89
177.59
176.6
176.7
176.4
175.0
175.9
177.75
176.95
175.05
NA
NA
NA
NA
NA
NA
NA
NA
NA
NA
NA
NA
NA
NA
176.94
NA
175.84
NA
NA
NA
NA
NA
NA
NA
NA
NA
NA
NA
NA
NA
NA
NA
NA
NA
176.15
NA
NA
NA
NA
173.97
NA
NA
173.5
174.7
174.1
174.5
175.6
176.62
177.32
174.95
176.98
175.97
176.64
174.5
176.62
177.32
174.95
176.98
175.97
176.64
174.5
NA
NA
NA
176.25
NA
NA
NA
NA
NA
NA
NA
176.93
176.93
173.43
178.24
174.34
175.34
176.14
175.84
176.04
177.14
176.35
NA
NA
NA
NA
NA
NA
NA
NA
NA
NA
NA
NA
NA
NA
NA
NA
NA
NA
NA
NA
NA
NA
NA
NA
175.37
175.5
175.91
NA
175.12
177.0
174.95
176.48
175.58
178.38
177.38
175.38
177.58
NA
176.55
179.8
177.86
NA
176.51
175.57
176.32
NA
NA
NA
NA
NA
177.02
NA
175.82
177.82
176.22
175.02
178.02
176.22
NA
NA
NA
NA
NA
176.93
NA
NA
NA
NA
NA
NA
NA
175.89
176.89
179.09
175.67
176.67
178.87
178.38
176.38
NA
NA
NA
177.84
178.24
176.34
174.83
176.0
NA
NA
NA
NA
NA
NA
NA
NA
NA
176.77
175.98
178.92
177.66
NA
NA
NA
NA
NA
NA
NA
NA
NA
175.25
176.01
175.94
174.78
176.62
180.77
176.45
NA
179.59
NA
NA
NA
NA
NA
NA
NA
NA
NA
NA
175.45
175.05
174.85
175.65
175.85
177.18
174.98
173.88
NA
NA
177.71
NA
NA
NA
NA
NA
NA
NA
NA
177.05
177.55
176.35
175.45
NA
NA
NA
NA
NA
178.0
173.93
NA
176.16
NA
174.12
174.9
174.24
174.48
174.15
176.02
175.61
174.82
175.08
177.8
172.24
NA
NA
NA
175.85
175.25
180.45
174.95
176.25
NA
176.69
176.42
178.39
175.54
178.64
NA
NA
NA
175.76
177.82
178.83
176.65
175.47
177.17
NA
NA
NA
180.12
176.22
175.42
176.52
178.05
175.85
177.05
175.65
176.57
NA
172.77
176.57
170.67
NA
176.15
173.45
175.05
NA
NA
NA
NA
NA
176.75
176.25
176.15
176.35
177.1
177.57
178.49
175.26
176.71
174.69
176.46
175.76
NA
177.65
NA
178.08
NA
NA
NA
NA
178.23
176.65
174.1
178.03
176.67
174.74
178.29
176.55
174.64
NA
NA
NA
NA
NA
NA
NA
NA
NA
NA
NA
NA
NA
176.8
176.75
176.11
175.29
174.42
NA
176.15
175.71
176.04
177.27
NA
176.18
175.35
177.22
175.56
176.81
176.27
176.93
173.63
175.71
NA
176.61
176.51
176.61
NA
NA
NA
176.38
176.58
176.88
174.58
177.88
NA
NA
NA
NA
NA
NA
NA
NA
NA
NA
177.01
NA
NA
NA
NA
NA
NA
NA
NA
NA
NA
NA
NA
NA
NA
NA
NA
NA
NA
NA
NA
NA
NA
NA
NA
NA
NA
NA
NA
NA
NA
176.44
177.79
174.65
174.35
176.25
NA
NA
NA
NA
NA
176.71
176.08
176.3
NA
176.79
NA
176.29
175.61
175.01
177.21
178.51
176.14
175.6
NA
175.99
176.6
NA
NA
NA
NA
NA
NA
NA
177.1
175.58
178.33
NA
NA
174.06
177.66
176.57
176.04
173.77
178.08
177.18
178.33
177.9
179.23
176.7
176.43
NA
NA
NA
NA
NA
NA
NA
NA
NA
NA
NA
NA
175.58
175.15
176.72
175.6
176.6
NA
NA
NA
178.46
NA
175.31
176.85
178.1
177.33
175.11
172.15
NA
176.41
176.11
NA
NA
NA
NA
NA
NA
NA
NA
NA
176.57
176.04
173.77
178.08
177.18
178.33
177.9
179.23
176.7
176.43
NA
NA
NA
NA
176.67
175.87
NA
NA
NA
NA
NA
NA
176.82
NA
NA
NA
NA
NA
NA
178.61
175.66
NA
NA
NA
NA
NA
175.76
NA
NA
NA
NA
177.93
177.71
177.95
176.49
177.26
NA
NA
NA
NA
NA
176.84
176.49
176.27
176.65
NA
NA
NA
175.79
173.71
177.87
175.35
176.01
177.01
NA
NA
NA
NA
NA
NA
NA
NA
NA
NA
NA
NA
NA
NA
NA
NA
NA
176.02
179.25
177.08
174.02
175.99
176.27
NA
177.85
NA
NA
NA
NA
NA
NA
NA
NA
NA
NA
176.61
175.78
NA
175.99
176.78
178.08
175.78
178.68
171.68
176.48
NA
NA
NA
NA
NA
NA
NA
NA
NA
NA
NA
NA
NA
NA
NA
177.38
NA
173.4
NA
NA
175.09
174.84
NA
177.28
176.68
176.78
174.88
176.08
178.78
175.58
175.78
175.78
176.28
176.88
177.98
NA
177.35
175.01
175.45
174.83
176.12
174.32
177.47
174.97
174.97
175.76
176.26
175.64
NA
NA
177.34
177.01
174.72
NA
175.57
NA
NA
176.11
175.92
176.04
178.55
175.85
NA
NA
NA
NA
NA
177.31
NA
176.41
178.01
177.04
175.58
173.95
175.28
175.27
175.72
176.69
175.13
175.72
176.69
NA
NA
NA
NA
NA
171.21
176.71
NA
NA
NA
NA
176.1
177.1
175.98
176.28
NA
NA
NA
NA
NA
NA
NA
NA
NA
NA
NA
NA
NA
NA
NA
NA
NA
NA
NA
NA
NA
NA
NA
NA
NA
NA
177.32
175.94
NA
NA
NA
NA
NA
NA
NA
NA
NA
NA
NA
NA
NA
NA
NA
173.76
NA
NA
NA
NA
NA
NA
NA
NA
NA
NA
176.47
170.42
178.58
173.9
174.99
175.77
175.77
176.06
NA
177.44
176.74
NA
NA
NA
NA
NA
NA
NA
NA
NA
NA
NA
NA
175.15
175.07
177.0
NA
NA
NA
NA
NA
NA
NA
NA
NA
176.72
176.86
176.5
174.77
176.54
175.63
176.63
NA
176.17
175.17
177.97
174.87
NA
NA
NA
175.67
177.97
176.77
176.17
176.57
176.37
176.17
176.07
175.27
180.97
175.3
178.34
172.44
NA
177.34
176.19
174.76
NA
173.56
178.06
177.26
NA
175.07
175.52
175.83
176.71
173.72
175.79
176.21
NA
NA
NA
NA
NA
NA
NA
NA
NA
NA
NA
NA
NA
NA
NA
NA
NA
175.42
175.36
171.8
177.1
176.35
176.21
NA
176.07
178.04
174.38
178.88
NA
176.11
176.48
176.99
176.05
177.45
177.93
175.24
173.69
178.42
NA
176.27
175.58
176.18
NA
175.68
174.98
175.58
174.28
175.18
176.28
176.38
174.58
175.58
177.08
175.18
177.68
178.17
178.47
175.47
177.37
174.67
176.47
175.77
NA
177.67
NA
NA
179.17
178.77
175.07
176.67
174.57
176.47
175.77
176.17
177.67
NA
176.97
NA
NA
NA
176.14
177.14
175.93
174.13
176.33
174.42
176.58
176.15
175.45
177.45
174.45
175.35
176.35
175.65
175.8
NA
NA
175.7
176.55
176.35
177.15
176.34
NA
NA
NA
NA
NA
NA
NA
NA
NA
NA
NA
NA
177.57
NA
NA
NA
NA
NA
NA
NA
176.83
176.37
175.11
176.45
175.06
NA
NA
NA
175.64
173.34
178.54
NA
NA
177.06
NA
NA
NA
NA
NA
NA
NA
176.43
NA
175.43
NA
NA
NA
NA
175.34
NA
NA
NA
NA
NA
NA
NA
NA
NA
NA
NA
176.73
176.33
NA
175.53
NA
NA
NA
174.7
NA
175.4
173.8
173.8
NA
176.0
176.72
181.23
174.43
177.13
NA
174.92
NA
NA
NA
NA
NA
NA
NA
NA
NA
NA
NA
NA
176.07
176.69
176.86
176.39
171.12
175.71
NA
NA
178.06
178.02
177.62
NA
NA
176.54
176.9
177.59
NA
NA
NA
NA
176.09
174.27
175.86
176.53
176.41
NA
NA
NA
176.75
176.15
174.75
172.25
176.85
175.85
176.05
NA
176.3
177.4
175.42
174.72
175.66
176.84
176.83
175.56
175.06
176.32
178.89
176.7
177.93
176.31
177.99
176.25
175.94
177.86
180.72
176.37
174.91
176.23
NA
176.23
175.85
176.04
175.66
NA
NA
NA
176.03
174.43
175.63
175.03
177.33
NA
177.83
175.63
175.13
176.73
NA
NA
NA
NA
NA
NA
NA
NA
NA
NA
NA
176.17
178.84
176.76
NA
NA
NA
NA
NA
NA
177.13
177.29
173.27
NA
174.41
176.21
176.9
175.8
175.0
176.6
178.4
175.02
174.73
176.09
178.27
175.62
NA
NA
NA
177.02
176.46
175.45
174.83
178.9
176.64
176.51
175.16
177.26
NA
177.06
178.68
175.82
174.23
177.22
177.68
176.43
176.58
174.12
173.89
178.07
178.08
175.36
174.67
176.68
NA
NA
NA
NA
NA
NA
NA
NA
175.03
176.93
174.53
NA
NA
NA
NA
NA
NA
174.29
175.74
174.86
176.38
176.39
177.0
177.1
176.0
176.49
175.49
177.19
177.39
176.39
174.69
178.59
NA
175.74
178.75
NA
177.54
180.9
177.39
176.37
174.94
175.69
175.74
177.97
178.26
177.35
NA
173.81
NA
178.39
178.03
177.53
176.63
175.93
177.48
177.68
176.68
175.98
175.06
NA
176.63
176.34
173.1
NA
176.81
NA
NA
176.67
176.97
176.77
176.07
176.67
176.11
176.95
177.71
177.23
180.67
175.05
173.75
176.59
174.94
175.86
175.81
176.36
173.99
175.89
178.5
175.85
176.45
176.45
175.35
NA
176.38
177.93
177.53
175.83
175.63
175.73
174.83
176.63
176.63
176.54
178.65
176.74
178.09
178.19
175.49
176.57
177.75
177.22
177.63
177.01
NA
NA
NA
NA
177.86
176.33
173.74
177.94
NA
177.95
176.49
177.26
NA
NA
NA
174.39
176.23
NA
175.14
NA
NA
NA
173.27
178.27
177.17
NA
NA
NA
NA
176.84
175.97
176.38
176.74
175.74
177.79
176.96
176.38
176.03
176.61
176.29
NA
NA
175.44
176.71
NA
176.43
174.26
170.63
173.63
175.12
174.46
177.56
NA
NA
177.86
174.2
179.1
176.2
176.4
176.53
176.01
174.61
174.34
176.38
177.38
175.52
175.96
178.02
178.46
175.83
NA
NA
NA
NA
NA
NA
NA
NA
NA
NA
NA
NA
176.46
174.36
176.86
176.96
NA
176.06
178.36
175.68
176.48
NA
NA
174.36
175.0
177.99
176.04
175.74
176.01
175.96
NA
176.34
176.55
173.94
175.94
175.34
174.14
176.33
175.79
NA
176.79
175.89
174.49
176.79
175.59
177.39
176.09
175.04
176.64
175.94
NA
176.13
176.68
175.55
174.29
176.52
175.07
175.3
175.52
175.41
177.07
175.32
NA
NA
NA
NA
NA
175.86
176.7
NA
NA
NA
NA
176.87
175.05
173.75
177.56
NA
174.52
176.96
177.96
177.06
177.86
NA
177.82
177.11
179.89
179.43
177.28
NA
176.59
176.35
NA
NA
NA
178.46
176.76
175.06
176.6
175.88
176.28
176.56
177.46
NA
176.75
175.95
176.85
178.85
178.95
175.95
176.65
NA
175.65
NA
176.45
178.45
176.45
175.05
NA
178.35
176.45
174.95
NA
178.41
176.31
174.91
NA
178.4
176.4
175.0
NA
178.45
176.05
174.95
NA
178.37
176.17
175.07
175.73
175.23
175.06
NA
NA
NA
NA
NA
NA
NA
NA
NA
NA
NA
NA
NA
NA
NA
175.29
175.71
176.15
178.02
175.6
174.2
174.01
NA
173.81
175.51
174.41
174.61
176.51
175.51
NA
NA
NA
175.17
176.47
NA
NA
NA
175.77
NA
NA
175.93
175.12
NA
NA
177.11
NA
NA
NA
NA
NA
NA
NA
NA
NA
NA
NA
177.47
176.17
177.19
NA
NA
NA
NA
NA
NA
NA
NA
NA
NA
NA
NA
176.83
176.7
NA
NA
NA
NA
NA
NA
NA
173.01
175.91
NA
NA
NA
177.3
177.0
NA
175.8
NA
176.9
174.54
174.53
176.13
176.83
NA
NA
NA
NA
NA
NA
176.42
175.58
176.46
175.76
178.47
177.43
176.42
176.97
NA
NA
174.57
NA
NA
172.56
173.32
172.98
172.96
175.15
176.05
176.48
175.95
176.42
174.82
177.23
177.83
175.0
NA
176.46
176.43
177.33
175.49
176.14
174.53
176.65
175.8
176.34
177.14
175.14
176.94
176.34
177.64
178.94
177.94
NA
175.3
175.53
177.64
176.39
173.31
177.0
176.82
NA
175.73
176.06
175.7
175.56
174.37
176.68
NA
NA
NA
NA
178.15
175.94
175.73
174.53
176.87
175.17
175.04
176.7
177.23
176.79
176.61
NA
178.23
175.85
173.99
177.29
176.82
178.53
177.41
176.45
176.88
175.67
175.69
177.59
176.39
176.59
177.59
180.91
174.21
176.11
175.61
176.21
176.51
176.61
176.61
174.41
179.11
178.51
176.81
177.71
178.91
176.79
177.89
174.48
NA
NA
NA
NA
179.08
176.5
175.19
174.25
176.44
173.94
178.2
176.2
171.9
176.59
NA
174.0
175.87
173.39
172.81
172.99
174.55
173.32
176.71
NA
176.38
175.69
176.74
176.01
176.28
176.0
176.27
177.36
176.47
NA
174.2
174.98
NA
NA
175.13
174.67
NA
177.0
174.2
177.9
177.2
177.06
178.33
176.22
177.45
175.62
176.25
NA
NA
180.48
NA
NA
NA
NA
NA
NA
NA
NA
NA
NA
NA
NA
NA
NA
NA
NA
174.66
NA
NA
NA
NA
NA
NA
NA
NA
NA
NA
NA
NA
NA
176.65
NA
NA
176.73
174.72
177.78
NA
175.2
178.85
175.75
176.35
176.11
178.04
176.29
172.99
175.6
176.9
174.48
172.07
176.48
NA
172.38
176.42
174.16
177.16
NA
173.63
175.58
NA
175.4
NA
NA
179.63
172.57
175.51
NA
NA
NA
NA
175.89
NA
175.99
NA
177.79
174.29
NA
175.9
175.1
176.6
174.5
174.2
173.2
NA
NA
NA
NA
NA
176.8
177.43
175.22
NA
174.53
NA
176.93
177.03
177.0
175.4
NA
176.56
NA
NA
NA
NA
NA
NA
NA
177.19
174.59
173.39
176.29
176.19
NA
175.23
174.93
NA
NA
NA
NA
176.12
178.99
NA
176.87
176.85
NA
177.23
174.81
176.28
NA
NA
NA
NA
NA
NA
NA
NA
NA
NA
NA
NA
NA
NA
175.78
NA
175.92
NA
177.38
NA
178.06
NA
NA
NA
NA
178.2
176.3
NA
NA
NA
NA
NA
176.78
177.22
173.08
176.18
175.83
177.32
176.27
175.27
173.47
176.17
177.23
177.58
176.37
NA
NA
175.91
176.61
176.71
174.31
174.41
176.31
175.91
NA
176.49
174.29
172.52
178.28
176.99
NA
177.76
176.97
NA
177.49
176.76
175.48
NA
NA
176.32
174.77
175.25
NA
NA
173.95
175.45
176.06
176.56
175.63
176.33
179.86
176.22
NA
NA
NA
NA
NA
NA
NA
NA
177.08
176.63
175.76
NA
NA
176.77
174.87
175.93
NA
NA
175.41
NA
176.15
NA
176.54
NA
NA
NA
173.76
175.56
174.26
NA
176.56
175.36
NA
NA
NA
NA
176.37
NA
NA
NA
NA
NA
NA
NA
NA
NA
NA
NA
NA
NA
NA
NA
NA
NA
175.27
175.07
177.77
173.77
175.83
177.63
175.92
173.73
NA
176.66
175.65
NA
NA
177.42
175.72
NA
NA
NA
NA
NA
175.19
NA
NA
NA
NA
NA
177.6
175.61
NA
NA
NA
NA
NA
NA
NA
177.42
176.81
178.11
176.51
179.11
173.71
175.64
177.47
176.2
176.21
177.16
175.0
NA
NA
175.19
180.35
175.53
175.74
175.72
NA
NA
NA
NA
NA
NA
NA
NA
NA
NA
NA
NA
NA
NA
176.07
176.76
176.21
176.11
176.58
176.52
175.71
NA
176.79
176.67
175.24
174.89
176.69
175.59
NA
NA
174.7
NA
NA
NA
NA
NA
NA
NA
NA
NA
178.54
172.27
176.57
176.98
178.44
176.94
NA
177.31
NA
177.47
NA
176.11
178.0
NA
NA
NA
176.47
174.01
NA
NA
NA
NA
NA
176.75
174.45
177.45
175.61
175.61
176.28
175.54
175.27
176.47
NA
176.87
176.97
NA
178.04
176.14
178.24
175.22
176.01
174.87
175.57
175.57
177.77
NA
NA
NA
NA
NA
NA
NA
NA
NA
NA
176.79
176.49
174.62
175.15
179.27
177.71
178.76
177.26
176.61
177.68
178.56
NA
176.57
NA
177.47
174.27
176.79
176.49
176.35
174.42
175.81
175.26
176.6
NA
NA
NA
174.61
176.17
177.88
NA
175.3
176.49
176.7
NA
NA
NA
177.44
176.14
176.6
178.2
177.24
NA
180.28
176.41
177.52
179.51
176.33
175.04
NA
173.98
NA
175.1
177.0
176.0
176.0
176.0
176.6
175.7
173.56
176.19
179.64
NA
NA
176.46
176.2
175.88
NA
NA
NA
NA
NA
NA
NA
NA
NA
NA
NA
NA
NA
NA
NA
NA
NA
NA
NA
NA
NA
NA
NA
NA
NA
175.88
NA
NA
NA
NA
175.97
175.97
176.07
175.97
177.07
177.57
174.87
175.17
173.67
NA
179.98
NA
175.73
176.65
NA
177.38
175.74
NA
NA
174.49
177.8
176.82
173.56
176.06
175.8
NA
175.66
NA
176.06
175.89
NA
175.49
NA
177.99
178.7
176.39
176.59
173.84
175.04
178.07
NA
174.62
174.38
173.09
175.08
NA
175.54
176.61
NA
NA
NA
NA
178.78
173.9
175.95
175.12
175.9
178.89
178.71
176.79
175.24
174.44
175.48
175.42
171.96
175.97
177.92
177.28
NA
NA
NA
NA
NA
NA
NA
176.71
177.71
176.75
176.27
176.22
176.09
176.67
176.1
175.5
176.26
175.87
175.68
NA
NA
175.2
NA
NA
NA
NA
NA
NA
NA
NA
NA
175.89
178.29
NA
NA
NA
NA
NA
NA
NA
NA
NA
NA
NA
NA
174.12
176.7
NA
178.04
178.23
NA
NA
NA
NA
NA
NA
174.43
175.54
173.46
175.81
NA
177.65
174.14
NA
174.4
175.5
177.44
179.34
176.84
NA
175.94
176.07
176.66
176.47
176.48
176.32
176.14
NA
176.46
174.75
NA
172.52
177.05
175.54
176.44
175.14
175.84
NA
175.42
173.82
NA
175.15
173.15
177.22
176.94
176.7
NA
175.62
NA
NA
NA
NA
175.74
178.06
177.28
175.27
NA
174.82
176.21
176.16
179.17
178.03
176.83
NA
NA
NA
NA
NA
NA
NA
NA
NA
NA
NA
177.65
178.25
176.06
176.27
174.28
177.09
NA
NA
NA
NA
NA
NA
NA
NA
NA
NA
NA
172.47
174.42
174.05
172.79
174.52
171.7
NA
NA
NA
174.93
177.2
NA
NA
NA
NA
NA
NA
NA
NA
NA
NA
NA
NA
NA
174.95
175.08
178.89
176.32
174.46
176.91
176.59
176.38
176.33
178.05
178.18
175.55
178.8
NA
NA
NA
NA
NA
NA
NA
NA
NA
NA
NA
NA
NA
NA
NA
NA
NA
NA
NA
NA
NA
NA
NA
NA
NA
NA
NA
NA
NA
NA
NA
NA
NA
175.29
175.96
178.12
176.75
175.13
175.11
176.03
NA
NA
176.62
175.16
175.46
176.07
175.21
175.91
176.8
NA
NA
NA
177.03
177.88
176.45
177.43
178.59
177.03
178.03
176.83
177.83
173.04
176.14
175.79
176.59
175.16
176.59
177.23
175.0
177.38
175.56
173.52
175.45
173.52
173.86
175.27
175.54
175.76
175.38
178.24
177.28
176.22
NA
NA
NA
NA
NA
NA
NA
NA
NA
NA
175.05
NA
NA
174.49
176.31
NA
NA
178.22
174.73
NA
NA
NA
NA
176.94
NA
NA
176.59
NA
176.21
NA
176.86
174.96
175.88
NA
176.58
NA
NA
175.52
175.99
175.71
NA
NA
NA
NA
NA
NA
175.28
178.14
177.73
175.8
175.03
179.41
177.07
176.67
NA
176.56
176.1
177.87
176.59
174.83
176.93
177.74
175.52
176.94
173.15
178.03
173.3
176.96
175.15
174.14
177.65
177.12
175.59
177.18
176.82
177.16
177.1
178.06
175.7
177.75
175.71
176.82
178.41
175.66
177.45
NA
176.71
NA
177.11
176.39
177.27
175.66
NA
NA
NA
NA
NA
NA
NA
NA
177.57
176.65
NA
NA
NA
175.9
178.23
NA
176.75
176.32
176.32
176.23
NA
NA
NA
NA
175.13
180.3
175.48
NA
176.84
175.85
176.31
176.58
177.5
173.85
175.76
175.51
NA
176.41
173.84
NA
NA
NA
NA
NA
NA
NA
NA
NA
NA
NA
NA
NA
NA
NA
NA
NA
NA
176.44
176.57
177.8
176.34
174.0
177.29
174.0
NA
NA
NA
175.0
175.64
175.71
177.34
NA
176.49
NA
NA
NA
177.95
174.42
177.32
NA
NA
176.77
175.76
NA
NA
174.36
176.96
177.76
177.16
176.62
181.52
181.61
NA
NA
NA
NA
NA
NA
NA
NA
NA
NA
NA
NA
NA
NA
NA
176.93
NA
177.33
176.43
174.92
176.32
175.22
175.72
NA
NA
NA
NA
NA
177.3
176.32
176.69
177.17
177.45
172.47
175.78
176.64
175.95
176.34
174.55
NA
NA
NA
NA
NA
176.55
NA
176.84
178.61
176.18
177.28
174.49
176.99
176.49
175.79
175.54
175.76
NA
NA
NA
NA
NA
NA
NA
NA
NA
NA
NA
NA
NA
NA
NA
175.97
NA
176.12
176.98
NA
NA
NA
NA
174.98
180.43
NA
175.83
176.63
178.93
NA
179.2
177.1
175.61
NA
NA
NA
NA
NA
NA
172.04
172.31
175.86
173.02
NA
173.34
NA
NA
NA
NA
NA
NA
NA
NA
NA
177.67
NA
NA
177.11
NA
176.4
175.52
176.12
175.82
176.24
NA
NA
NA
NA
NA
NA
NA
NA
NA
NA
NA
NA
NA
NA
NA
174.74
173.94
179.24
171.94
176.49
176.18
175.96
177.19
NA
NA
NA
177.3
176.38
179.19
178.4
NA
NA
NA
NA
NA
177.25
176.53
175.68
175.02
NA
176.21
176.1
176.33
175.38
176.24
175.72
175.61
174.79
176.11
NA
175.17
175.95
175.03
176.33
176.6
178.24
NA
176.6
176.98
175.65
NA
NA
176.3
176.49
174.93
176.83
NA
NA
176.18
175.87
178.03
175.22
176.27
NA
NA
NA
177.74
176.41
NA
176.33
NA
NA
NA
NA
NA
177.0
NA
177.53
NA
174.3
176.58
NA
174.61
176.34
NA
175.57
177.29
176.21
175.94
NA
176.72
176.22
NA
175.95
175.7
176.46
176.76
176.16
177.4
175.98
NA
NA
175.51
NA
174.5
177.02
176.44
174.62
176.43
NA
NA
178.82
175.42
176.62
176.92
NA
176.33
175.18
176.3
173.84
NA
174.92
174.43
177.29
176.9
176.16
NA
176.56
NA
177.51
NA
NA
177.02
NA
176.04
NA
NA
NA
NA
178.65
178.95
175.29
175.41
NA
176.41
NA
177.71
177.4
NA
NA
178.65
177.09
NA
177.56
177.56
177.56
175.16
NA
175.94
172.85
177.02
177.99
177.85
178.4
178.4
NA
NA
NA
NA
NA
NA
175.07
174.81
176.05
174.84
176.68
175.06
NA
NA
NA
176.2
NA
174.01
NA
NA
NA
NA
NA
NA
175.66
NA
NA
NA
176.71
179.01
177.41
176.31
176.19
173.54
176.04
173.67
174.87
NA
174.52
NA
174.5
NA
NA
NA
NA
NA
NA
174.72
173.72
176.1
175.14
176.31
177.32
173.59
NA
NA
NA
176.09
174.02
NA
NA
NA
NA
NA
NA
NA
NA
NA
NA
178.38
NA
NA
178.32
177.72
174.82
175.49
177.19
175.39
175.45
176.02
177.97
178.53
177.27
176.27
173.57
176.47
NA
NA
NA
NA
NA
NA
175.49
174.16
176.16
NA
NA
178.69
176.65
NA
NA
NA
177.23
176.26
NA
174.04
173.88
175.67
NA
NA
NA
NA
174.78
NA
NA
177.48
NA
174.9
176.11
176.69
176.45
177.29
175.45
175.15
176.01
NA
176.02
NA
NA
177.09
177.12
176.88
NA
176.58
176.7
173.95
172.88
NA
NA
NA
NA
NA
NA
177.19
NA
176.06
175.75
175.35
NA
NA
NA
NA
NA
179.69
NA
NA
NA
NA
NA
NA
NA
NA
176.9
175.11
NA
NA
NA
174.45
175.93
NA
176.61
NA
179.5
176.46
176.31
177.7
176.36
NA
NA
NA
NA
NA
176.06
175.73
176.18
NA
174.89
176.59
176.78
175.48
176.49
176.15
178.69
175.88
175.7
176.21
176.12
NA
176.42
177.32
174.82
NA
176.46
177.16
174.66
NA
NA
NA
NA
NA
NA
NA
NA
NA
NA
NA
NA
NA
NA
175.48
NA
177.18
174.78
180.65
177.76
178.81
174.39
175.86
175.05
174.68
177.12
176.91
176.29
176.56
176.21
NA
NA
NA
NA
NA
NA
NA
NA
NA
NA
NA
NA
NA
NA
NA
NA
NA
NA
NA
NA
NA
NA
NA
NA
176.45
177.15
177.69
NA
177.22
178.12
174.92
178.0
178.1
175.1
NA
177.25
178.15
174.95