NA
NA
NA
NA
NA
NA
NA
NA
NA
NA
NA
NA
NA
NA
32.6
32.78
30.62
NA
NA
NA
NA
32.58
NA
NA
NA
NA
NA
32.63
33.34
NA
NA
NA
NA
NA
NA
NA
NA
NA
NA
NA
NA
NA
32.77
NA
NA
NA
31.9
NA
32.52
32.6
32.96
33.56
NA
NA
NA
NA
NA
NA
NA
NA
NA
NA
NA
NA
NA
32.39
32.36
32.55
32.77
32.91
NA
32.04
NA
NA
32.39
32.6
NA
32.46
NA
NA
NA
33.5
NA
NA
NA
NA
NA
NA
NA
NA
NA
33.52
NA
32.52
33.7
32.52
33.7
32.66
32.47
NA
32.79
NA
NA
NA
NA
NA
NA
NA
NA
NA
NA
NA
34.52
36.9
32.23
35.26
33.55
29.13
36.27
32.04
NA
36.29
NA
NA
32.47
33.1
33.82
NA
NA
NA
NA
32.6
32.54
32.47
32.65
NA
NA
NA
NA
NA
NA
NA
NA
NA
NA
32.57
32.55
NA
32.9
32.58
NA
NA
NA
NA
NA
NA
NA
NA
NA
NA
NA
NA
NA
NA
NA
33.74
NA
NA
NA
NA
33.57
33.52
33.58
NA
NA
NA
NA
33.05
36.33
31.72
32.45
31.65
33.14
38.3
32.33
32.7
32.05
28.97
33.03
33.3
33.34
33.01
33.01
32.31
32.61
32.96
NA
NA
NA
32.64
33.14
33.34
33.34
32.52
32.7
32.95
33.06
32.54
32.51
33.03
32.63
32.63
32.73
32.87
NA
32.48
32.57
32.84
32.89
NA
NA
NA
NA
32.92
32.87
35.81
37.13
34.8
36.83
33.25
32.92
NA
33.3
32.81
30.71
33.01
32.59
NA
NA
NA
33.15
32.95
33.05
32.55
32.55
32.75
33.05
32.85
33.32
32.54
32.54
32.94
33.04
NA
NA
33.03
32.74
32.96
30.08
32.58
31.97
32.32
32.79
32.13
32.0
31.73
33.67
32.64
32.94
32.94
32.34
33.44
33.44
32.38
32.57
32.76
32.74
32.84
32.79
33.02
NA
NA
32.56
32.69
33.68
NA
NA
33.49
34.08
NA
NA
33.22
32.91
32.89
NA
32.49
32.76
32.45
NA
NA
NA
NA
33.26
NA
33.02
NA
NA
NA
NA
NA
32.68
33.18
32.64
32.71
NA
33.23
NA
NA
NA
NA
NA
NA
NA
NA
NA
NA
NA
NA
NA
33.12
33.09
NA
33.06
33.07
32.58
33.19
35.59
33.09
32.49
NA
NA
NA
NA
NA
NA
NA
32.0
33.05
33.15
33.15
NA
32.48
36.6
NA
NA
33.08
32.76
NA
NA
32.02
32.11
32.32
32.04
32.01
32.13
NA
35.19
32.47
36.26
32.74
33.0
32.91
33.92
39.38
32.85
33.15
33.31
33.2
32.99
NA
32.98
33.13
31.12
32.4
32.58
32.77
32.82
31.64
33.86
NA
32.46
33.06
32.26
NA
33.49
33.39
33.19
33.69
33.29
34.19
33.71
33.26
32.86
33.1
32.9
32.91
33.11
33.42
33.21
32.45
32.62
33.04
32.39
33.22
31.82
NA
38.76
32.44
33.64
33.23
NA
33.74
NA
33.68
32.27
32.39
NA
NA
32.0
NA
32.59
33.05
NA
32.79
32.94
32.62
34.51
31.66
32.73
NA
32.0
33.38
NA
33.09
33.86
NA
32.91
33.05
NA
32.79
32.94
NA
NA
NA
NA
33.11
NA
32.37
32.34
32.53
32.75
32.44
NA
NA
NA
NA
NA
NA
NA
NA
NA
NA
NA
NA
NA
NA
NA
32.37
32.34
32.53
32.75
33.07
NA
NA
NA
NA
28.09
32.62
31.87
NA
32.88
NA
NA
NA
NA
NA
NA
NA
30.2
29.8
31.2
29.6
NA
29.0
24.8
32.7
32.66
32.87
32.31
NA
NA
NA
NA
NA