NA
NA
NA
NA
NA
NA
NA
NA
NA
NA
NA
NA
NA
NA
56.39
56.2
58.6
NA
NA
NA
NA
56.51
NA
NA
NA
NA
NA
55.93
56.33
NA
NA
NA
NA
NA
NA
NA
NA
NA
NA
NA
NA
NA
56.05
NA
NA
NA
58.5
NA
56.58
57.22
56.6
56.3
NA
NA
NA
NA
NA
NA
NA
NA
NA
NA
NA
NA
NA
53.87
53.9
56.12
55.96
55.92
NA
56.0
NA
NA
56.86
56.3
56.08
56.87
NA
NA
54.05
57.63
NA
NA
NA
NA
NA
NA
NA
NA
NA
57.64
NA
54.22
57.84
54.22
57.82
56.72
56.71
NA
56.07
NA
NA
NA
NA
NA
NA
NA
NA
NA
57.84
NA
54.87
56.99
53.93
54.46
55.82
57.56
54.44
58.56
56.38
55.61
NA
NA
58.3
56.37
55.9
NA
NA
NA
NA
NA
54.23
NA
55.83
NA
NA
NA
NA
NA
NA
NA
NA
NA
NA
54.13
54.16
56.33
56.5
56.43
NA
NA
NA
NA
NA
NA
NA
NA
NA
NA
NA
NA
NA
NA
NA
57.32
NA
NA
NA
NA
57.66
57.6
57.38
NA
NA
NA
NA
56.45
57.45
57.97
58.21
58.57
59.32
56.52
59.86
59.64
54.41
57.41
56.38
56.4
56.3
57.21
56.61
58.45
57.05
56.47
NA
57.6
57.61
56.94
56.54
55.74
56.24
57.24
56.57
56.13
56.02
56.86
57.03
56.43
56.13
56.23
56.13
55.97
NA
54.12
54.14
56.31
56.35
56.6
NA
NA
NA
56.22
56.44
54.91
53.87
53.03
55.74
55.96
56.83
56.66
56.09
56.41
56.61
56.21
54.12
NA
NA
NA
56.25
56.45
56.45
54.25
54.15
54.25
56.55
56.45
55.8
54.14
54.34
54.34
56.14
56.46
NA
56.73
56.34
55.98
60.41
59.76
59.18
55.41
55.82
53.31
57.87
59.73
55.83
56.14
56.24
56.14
56.34
56.34
57.24
54.0
54.01
56.16
56.2
56.28
56.29
55.73
NA
NA
54.26
56.59
55.38
NA
NA
56.21
57.43
NA
NA
55.91
56.51
56.49
56.43
57.32
56.42
57.36
NA
NA
NA
NA
56.23
NA
55.9
NA
NA
NA
NA
NA
56.68
55.82
56.33
56.28
57.54
55.98
55.35
56.14
55.71
56.09
55.63
56.02
56.09
55.4
NA
NA
NA
NA
NA
56.34
56.14
NA
56.75
56.69
54.3
56.41
54.59
56.24
56.3
NA
NA
NA
NA
NA
NA
NA
60.2
56.25
56.11
56.11
NA
56.38
54.66
NA
NA
56.51
56.74
NA
NA
54.05
56.51
56.05
53.99
56.86
56.93
NA
54.59
59.18
53.88
56.19
55.98
56.61
57.53
54.04
56.04
54.13
55.41
55.62
55.99
NA
56.54
56.35
56.68
56.44
55.9
56.22
56.01
57.38
57.98
NA
53.76
56.36
56.66
NA
56.09
56.29
56.39
55.99
56.69
57.99
57.61
56.86
54.26
56.3
56.45
56.74
56.44
55.95
55.61
56.66
56.67
56.24
53.95
56.61
55.62
56.47
60.94
54.02
57.65
NA
NA
55.34
NA
57.83
56.29
56.22
NA
NA
54.34
57.19
55.51
56.35
NA
56.64
56.59
55.76
55.33
56.96
60.11
54.65
59.44
56.82
53.85
56.38
57.68
56.4
56.26
56.35
NA
56.64
56.59
NA
NA
NA
56.35
56.29
NA
53.85
53.88
56.1
55.94
56.85
NA
NA
NA
NA
NA
55.68
56.07
56.0
NA
NA
NA
NA
NA
NA
NA
53.85
53.88
56.1
55.94
55.87
NA
NA
NA
NA
NA
57.36
59.75
NA
56.68
56.28
56.28
55.38
54.78
59.78
54.88
59.08
56.28
56.18
55.48
54.68
59.78
54.78
59.28
55.89
55.85
56.03
56.6
NA
NA
NA
NA
57.48