54.49
53.3
55.14
54.86
52.27
56.02
55.0
55.3
53.66
55.28
55.67
53.37
54.9
52.88
54.39
NA
55.59
53.83
53.29
54.97
52.91
56.19
53.26
53.75
54.77
53.12
56.21
55.5
54.11
53.86
52.69
54.43
53.97
56.26
53.06
52.24
54.48
52.43
53.82
52.75
53.07
53.42
54.24
54.17
56.81
53.45
52.89
53.46
52.74
52.95
53.81
54.44
53.63
56.47
53.05
55.7
56.4
53.45
53.62
54.81
52.66
56.07
54.31
53.78
53.18
56.46
55.37
53.36
54.38
53.57
53.93
56.39
56.05
53.48
55.28
54.46
53.68
55.16
55.39
55.13
53.65
53.71
52.3
54.29
54.86
52.76
54.11
53.96
NA
NA
54.23
53.5
56.14
58.32
55.21
55.27
52.88
NA
52.66
51.56
54.39
52.3
55.65
54.04
53.92
55.56
53.24
53.53
55.18
53.39
56.75
56.64
53.59
53.57
52.69
53.83
59.51
53.02
55.91
52.71
53.28
54.46
53.37
53.07
53.5
52.9
53.53
56.23
52.84
52.98
52.17
54.3
53.41
52.82
53.26
54.85
56.22
54.95
54.24
53.08
53.65
53.25
53.46
53.46
54.1
55.4
55.54
55.89
55.68
56.02
52.53
51.53
54.53
54.08
54.28
56.72
50.16
56.44
54.04
53.24
52.18
53.87
53.48
52.93
52.79
53.84
53.86
54.8
53.39
52.86
56.16
55.93
55.74
55.36
52.85
53.81
53.29
52.65
53.66
53.04
53.15
53.3
55.75
56.12
53.03
50.81
55.13
53.03
52.85
53.44
54.49
53.7
54.18
55.58
55.01
51.97
52.93
53.7
53.23
54.61
55.59
53.48
54.1
53.63
51.58
53.27
50.81
54.39
53.66
53.8
53.01
52.71
55.14
54.86
52.35
53.16
54.08
53.75
52.73
53.58
54.42
56.71
53.62
54.81
53.94
55.59
53.44
53.55
54.22
54.81
52.15
53.02
53.4
52.63
53.28
53.31
52.43
53.89
53.25
NA
53.32
55.47
53.4
54.7
52.84
55.85
53.41
52.82
55.37
55.74
54.91
54.7
52.75
53.14
54.47
53.21
52.69
53.85
51.39
55.82
54.55
53.05
54.13
53.67
53.31
54.12
53.02
53.98
53.49
55.08
53.98
54.29
52.66
56.83
54.76
NA
55.95
54.2
54.01
57.19
52.82
54.13
54.2
53.39
55.02
52.67
53.71
52.67
56.16
53.17
54.28
54.46
53.61
53.98
55.21
53.6
56.05
53.98
53.74
53.67
52.36
51.61
53.77
52.21
54.23
54.56
54.06
53.71
57.62
52.15
59.33
53.39
56.16
56.24
55.13
53.86
NA
53.16
56.58
52.7
52.66
52.95
52.35
52.87
52.96
53.88
53.75
53.04
55.6
52.8
53.74
53.59
52.9
52.66
53.91
53.95
54.14
53.54
53.68
54.16
53.84
53.07
55.92
53.12
57.01
53.15
54.0
NA
NA
NA
NA
NA
52.29
56.31
52.17
52.34
53.6
53.44
54.44
53.49
54.73
52.79
54.99
55.45
53.87
55.52
53.77
53.52
53.31
54.06
53.76
56.06
53.97
53.43
52.93
53.73
53.29
55.31
53.15
55.84
53.18
55.54
53.28
55.57
53.29
54.3
52.72
53.33
54.18
51.98
52.75
54.31
53.07
54.77
53.98
54.19
53.63
53.82
55.44
52.88
53.68
54.2
55.35
54.34
52.13
55.04
53.57
54.3
55.38
54.49
52.34
55.11
53.42
53.49
54.84
54.34
53.31
54.13
55.34
54.43
52.19
54.92
53.22
52.99
55.23
NA
52.27
55.83
51.73
53.32
55.92
54.1
NA
58.78
52.02
56.64
55.9
55.34
55.0
56.24
53.21
53.29
54.05
56.06
52.55
52.73
53.62
56.99
52.56
54.37
55.57
54.91
55.76
53.82
52.9
53.77
53.94
53.5
53.66
54.5
53.7
52.83
54.82
52.48
51.55
55.07
NA
54.27
53.9
52.68
54.09
54.27
54.25
53.21
53.83
53.82
53.48
53.2
53.82
53.7
55.07
55.93
53.8
55.61
56.57
57.38
54.25
53.83
53.6
53.0
53.41
53.81
53.9
53.44
53.99
55.61
NA
53.91
54.26
53.49
52.89
53.28
53.43
NA
53.03
56.26
52.96
54.64
52.68
53.67
52.98
55.11
52.55
54.74
54.02
53.49
52.71
55.9
52.73
53.73
57.48
53.78
53.31
53.79
53.28
53.86
53.97
54.12
53.91
54.19
52.8
53.2
55.22
53.61
55.88
53.49
55.05
53.74
55.65
NA
53.3
57.1
52.86
56.41
55.4
53.76
53.69
52.62
52.88
53.38
53.02
53.68
53.17
52.78
55.64
54.82
54.3
54.44
52.99
54.18
54.36
52.86
53.6
53.64
52.64
55.09
53.52
53.34
53.59
53.67
53.57
54.53
54.18
53.63
53.99
53.67
53.52
55.37
53.61
54.6
56.01
NA
53.5
52.74
53.6
53.41
54.72
53.52
53.87
53.03
53.34
53.33
55.1
54.27
53.31
53.75
54.91
55.15
52.94
54.55
53.67
53.25
54.24
54.1
53.9
52.49
54.52
54.09
53.1
55.96
52.52
55.52
54.59
53.52
52.6
55.31
54.57
53.55
55.43
52.28
53.96
55.75
54.66
55.45
53.74
51.54
54.15
52.64
52.89
52.7
54.09
53.86
50.48
53.05
56.42
54.5
57.12
53.42
53.31
55.15
53.7
53.37
53.51
54.36
53.97
55.82
53.21
53.49
54.36
54.09
52.99
53.27
53.36
53.54
54.58
54.0
54.2
52.86
51.16
52.68
53.69
54.35
53.8
56.44
54.11
54.4
53.33
50.54
57.11
54.16
54.64
53.42
54.74
57.51
54.03
53.29
53.8
53.5
55.46
54.43
53.97
54.28
53.62
54.89
53.34
54.38
54.75
53.64
54.24
54.79
52.48
52.99
55.5
54.25
57.53
54.2
53.42
54.16
51.01
57.38
54.12
53.37
54.92
53.81
56.07
53.96
53.32
55.19
53.65
53.19
52.8
54.81
53.72
53.82
53.27
55.64
54.07
52.08
54.58
53.46
53.56
53.57
54.85
53.02
53.46
54.35
54.8
54.34
52.95
53.14
53.21
53.5
53.84
54.97
53.31
53.0
53.53
54.0
55.1
53.26
54.64
53.37
54.13
53.12
53.41
55.4
53.35
53.03
53.85
53.11
54.0
51.25
54.02
53.03
53.19
52.89
54.66
54.92
54.33
53.06
53.05
54.07
52.75
53.49
54.59
53.66
54.76
54.56
59.56
56.16
53.16
54.17
54.65
55.36
54.04
53.39
52.74
55.71
53.68
53.92
53.21
NA
53.71
NA
53.81
53.81
53.51
53.01
52.61
53.21
53.21
55.51
54.51
54.59
55.37
53.33
54.04
53.94
53.67
53.49
54.52
54.84
54.21
52.75
54.12
53.65
54.4
53.73
53.75
52.82
53.68
53.07
53.83
NA
NA
NA
NA
53.54
52.87
53.59
53.91
53.03
53.76
53.9
52.98
53.75
55.21
54.25
56.86
52.37
53.38
53.75
54.63
54.07
53.77
53.71
54.01
53.16
53.71
55.39
53.28
52.05
51.8
51.8
56.55
54.32
52.32
52.88
54.87
54.76
53.85
49.95
53.52
53.33
53.22
54.44
55.06
54.53
53.55
53.31
51.8
53.32
53.92
52.42
54.22
53.22
55.52
55.42
55.13
54.09
NA
NA
NA
53.22
53.65
54.55
52.65
NA
NA
NA
NA
NA
53.88
54.33
53.26
53.88
54.41
56.8
52.66
53.22
53.59
52.79
53.66
53.03
54.73
57.74
54.78
52.48
52.88
52.78
52.88
52.98
52.58
53.75
54.15
54.25
57.55
52.75
54.1
54.09
53.13
54.82
54.66
53.36
NA
55.47
55.72
53.82
54.3
NA
NA
53.59
55.92
55.02
NA
56.16
55.81
55.11
54.02
54.1
51.04
51.54
53.76
53.5
55.79
54.83
53.44
55.62
54.06
53.21
54.44
52.64
57.54
52.94
53.74
54.35
54.02
52.31
51.88
53.09
52.6
53.44
NA
NA
56.25
52.47
52.66
53.66
54.66
52.79
52.54
56.38
55.78
55.49
53.35
53.05
53.34
52.78
56.57
52.17
53.6
52.82
55.61
53.08
55.77
52.99
54.43
55.43
52.43
55.63
54.33
52.57
54.88
54.88
53.46
53.64
53.87
54.58
53.56
53.16
54.78
53.37
52.49
53.11
53.01
53.67
53.45
53.47
54.86
54.69
53.8
53.77
53.96
52.38
52.7
54.3
52.99
53.28
52.88
52.48
53.18
52.9
53.99
53.37
52.88
53.01
53.01
52.7
55.64
53.63
54.86
54.7
53.8
53.77
53.96
52.38
52.69
NA
53.0
53.28
52.73
52.98
54.21
58.64
53.8
53.84
53.96
53.07
53.66
53.48
54.31
53.68
54.32
53.93
57.71
55.18
53.08
55.28
56.18
52.98
54.18
56.28
55.18
53.08
55.38
56.08
53.08
53.98
56.28
55.19
53.09
55.29
56.09
53.09
54.09
56.49
55.22
53.22
55.22
56.32
53.12
54.22
56.52
54.96
52.96
55.06
56.46
53.36
54.16
56.66
56.09
52.98
55.82
53.85
NA
NA
NA
NA
53.65
52.97
54.91
53.26
56.6
53.25
54.43
53.53
52.88
NA
53.77
53.96
55.98
55.02
53.72
55.81
54.1
54.57
53.57
51.94
53.6
50.25
53.81
53.54
NA
54.86
54.62
53.89
54.33
58.05
53.89
53.99
53.76
52.73
53.01
55.67
56.26
53.24
52.93
55.26
NA
54.92
54.57
54.21
56.43
51.31
53.68
54.92
54.28
53.74
53.7
53.46
55.25
53.24
52.9
54.55
53.49
53.71
53.35
53.08
55.76
54.18
54.18
53.78
54.78
56.08
54.08
55.1
55.27
53.02
52.4
55.73
56.58
53.47
55.2
55.39
53.77
53.93
53.37
54.77
53.35
53.82
51.01
51.66
54.1
53.73
54.22
54.04
52.72
53.27
54.33
55.34
56.53
55.66
53.41
54.32
53.07
53.41
56.65
56.53
52.78
54.14
53.85
54.14
53.56
NA
NA
52.69
52.77
52.98
54.63
53.29
54.12
53.74
54.23
54.05
52.73
53.28
54.34
55.35
53.79
53.41
53.41
54.44
53.97
54.64
54.02
56.61
52.55
55.58
56.85
53.55
56.01
56.2
53.66
56.3
53.26
53.84
53.02
55.86
56.03
53.39
53.85
53.32
55.79
56.26
53.16
53.84
53.38
55.86
56.26
53.29
53.9
53.52
55.89
56.26
53.29
53.9
53.52
55.89
54.54
54.07
53.23
54.58
53.9
56.48
54.25
54.58
53.9
54.25
53.95
53.36
55.54
NA
53.51
53.81
52.94
52.8
53.71
54.6
53.9
56.69
56.25
53.49
53.78
56.16
57.78
53.74
55.86
52.42
55.96
54.49
54.63
54.99
54.89
53.61
53.94
54.26
NA
54.61
54.17
53.62
53.9
52.86
53.15
54.32
58.77
53.82
53.85
54.07
53.61
56.7
52.3
54.0
53.23
53.22
53.38
54.25
53.14
53.68
53.64
54.91
53.19
55.51
53.63
53.57
53.69
53.28
55.74
52.63
NA
53.0
55.22
52.9
NA
NA
NA
NA
NA
54.27
54.15
NA
53.49
56.05
54.89
53.69
53.24
53.43
53.59
54.01
55.11
52.0
53.87
55.22
55.12
54.55
55.48
NA
55.14
55.06
53.23
53.36
NA
54.0
55.09
51.93
53.9
55.19
55.08
54.56
53.22
53.33
53.46
NA
55.09
NA
53.53
54.99
55.34
54.2
55.27
53.35
52.66
55.71
53.49
54.14
55.26
54.84
53.65
54.93
55.68
53.99
NA
NA
NA
NA
NA
NA
NA
NA
56.85
52.98
55.42
53.05
53.38
NA
NA
NA
53.9
NA
NA
53.53
55.3
53.11
52.92
53.99
53.56
54.71
53.91
55.38
52.98
54.95
52.19
54.55
53.43
52.41
57.05
53.06
52.73
53.98
57.09
52.98
53.36
52.68
54.2
57.0
52.96
56.32
53.44
52.82
54.23
57.24
50.04
52.94
54.71
54.01
54.51
55.32
52.75
55.02
52.1
54.11
53.31
54.2
54.88
52.52
55.73
53.44
53.37
NA
52.59
55.7
56.78
54.9
53.25
53.69
53.91
NA
53.47
53.27
53.67
55.37
52.97
53.87
53.11
53.48
52.74
56.55
55.61
53.8
53.24
53.45
52.62
54.02
53.38
53.23
53.96
53.17
53.69
53.1
53.42
53.92
52.67
53.17
53.19
54.28
55.76
53.36
53.82
54.6
54.78
53.76
54.2
55.76
53.88
NA
55.12
53.42
53.42
53.36
53.02
52.36
53.55
53.83
55.7
56.66
55.41
54.46
53.64
53.71
53.99
52.68
52.88
55.36
55.29
55.98
52.66
52.93
54.12
58.51
53.66
53.6
53.9
54.68
54.38
NA
53.2
53.99
58.65
50.86
56.11
54.34
56.65
52.95
NA
NA
53.35
55.67
51.87
53.47
NA
54.31
54.61
NA
NA
NA
55.13
53.43
56.23
53.83
53.43
55.33
55.03
55.53
53.93
53.56
52.65
55.13
53.7
53.07
53.07
52.57
53.77
57.17
52.67
54.2
53.85
54.19
54.07
52.81
53.27
54.41
55.42
54.13
53.81
54.1
54.03
52.82
53.11
54.35
55.38
55.31
52.81
52.26
52.68
53.48
56.68
52.98
55.28
56.08
53.08
53.38
56.58
53.08
56.18
56.08
52.68
53.48
53.47
55.07
51.65
53.45
53.55
53.45
54.75
52.85
53.45
53.65
52.55
52.55
53.95
53.45
53.85
53.95
53.05
53.85
55.05
56.54
53.44
52.94
54.24
57.14
52.94
54.17
55.17
55.47
53.97
53.2
53.0
53.55
55.45
54.95
55.95
53.6
53.5
54.01
56.51
53.21
54.71
56.11
52.51
54.21
55.11
53.31
55.51
53.91
51.21
54.93
53.24
51.74
52.45
54.44
53.4
53.62
54.78
54.38
51.01
52.48
53.18
53.67
52.46
52.62
53.84
53.28
53.28
53.78
53.28
53.78
55.47
53.85
52.84
56.04
53.84
53.24
53.44
53.84
54.47
52.87
53.47
55.57
54.11
55.61
55.04
54.38
54.38
54.3
53.3
53.3
53.22
53.22
53.13
52.93
53.33
54.33
51.73
52.93
50.28
54.28
53.92
55.72
53.52
53.9
54.11
54.32
53.1
54.02
53.75
54.22
53.96
52.74
53.13
54.39
55.27
54.08
53.78
54.26
54.0
52.8
53.09
54.39
55.31
52.99
51.89
53.09
53.69
53.19
52.39
53.69
53.29
53.19
52.95
53.36
54.58
55.68
52.48
53.08
52.98
58.29
52.96
53.0
53.9
53.41
55.06
53.32
53.71
53.21
52.81
52.81
54.61
51.61
53.11
53.51
54.58
55.63
53.45
54.48
53.42
52.84
55.24
54.54
53.74
54.84
53.84
54.24
53.27
52.3
51.91
52.13
53.67
54.06
54.35
52.47
52.7
53.88
54.48
54.08
53.26
53.06
53.26
51.86
53.19
53.66
54.35
53.76
52.57
53.92
56.93
52.62
53.04
53.66
58.02
52.27
53.14
53.66
58.06
53.66
53.66
57.31
53.14
53.96
53.66
57.29
53.71
53.61
53.49
54.23
56.07
54.09
53.51
52.91
52.91
53.83
52.93
55.13
54.53
55.13
53.03
53.63
NA
55.89
54.4
53.04
53.65
NA
53.96
53.31
55.86
54.37
53.01
53.62
NA
53.93
53.28
52.44
51.84
52.87
53.67
53.66
53.23
53.77
53.95
57.37
55.51
53.32
54.05
53.45
53.75
53.75
53.25
52.95
52.98
53.93
52.98
52.97
57.21
53.25
52.65
55.24
51.86
53.16
55.1
53.13
53.06
56.31
52.12
53.67
52.93
55.27
54.66
52.41
52.85
53.57
55.07
54.67
NA
52.77
52.67
52.38
53.65
53.95
52.75
53.32
51.12
53.92
55.62
53.72
55.62
56.32
53.46
52.86
56.06
53.06
NA
55.16
56.66
53.46
53.26
52.36
53.47
56.87
53.47
53.22
54.32
54.22
53.02
55.52
55.62
52.82
52.62
53.02
53.62
53.75
53.5
55.71
52.7
55.2
54.47
54.48
54.47
56.64
53.7
54.17
53.78
54.66
52.01
59.56
52.27
53.66
53.9
53.5
52.96
54.13
53.61
52.9
53.12
53.15
53.96
54.73
NA
57.49
NA
52.67
52.57
52.57
52.49
53.26
52.17
55.11
52.89
53.38
56.17
54.81
53.77
51.97
55.34
57.93
54.78
53.18
56.12
53.71
56.05
53.96
53.82
52.99
53.45
NA
53.64
53.04
53.24
54.54
54.56
53.29
53.26
53.35
53.28
55.08
53.08
55.0
56.73
56.18
54.99
56.75
56.21
53.33
NA
47.4
53.34
54.68
54.38
51.25
54.05
53.97
53.3
55.62
54.92
54.69
53.76
52.93
53.72
57.02
NA
53.02
55.42
55.62
55.92
55.79
57.69
55.19
56.03
55.78
55.0
53.68
52.63
55.38
53.63
52.73
54.28
52.88
53.01
54.31
54.42
53.47
51.96
52.67
52.74
53.74
53.44
53.08
56.58
NA
53.91
53.51
52.91
53.71
56.2
53.15
52.57
56.87
52.91
52.2
52.65
55.43
54.12
54.36
52.2
52.35
53.28
55.17
54.37
53.92
52.89
53.05
55.85
53.95
53.25
53.45
53.85
53.86
53.36
54.56
53.26
50.76
53.95
53.35
54.35
53.55
50.75
54.24
52.94
52.74
52.24
53.44
54.01
53.76
52.96
52.71
53.28
52.86
53.52
54.63
52.78
55.22
55.65
53.77
54.85
53.35
54.32
54.22
52.91
57.27
52.87
55.21
55.36
54.36
52.2
52.35
53.28
55.17
54.37
53.92
52.89
53.2
53.32
53.05
54.65
55.55
53.39
53.05
53.35
53.08
53.41
53.08
55.41
53.06
52.8
53.09
55.36
55.66
52.46
52.51
54.26
52.9
53.3
53.9
52.7
55.1
54.1
54.3
53.17
54.55
54.16
56.04
53.37
53.35
NA
56.23
55.84
52.76
57.07
56.06
53.79
54.79
53.97
53.62
53.01
53.24
55.88
55.63
53.85
54.07
53.97
NA
53.9
52.98
54.79
53.04
53.31
53.22
55.28
52.99
55.86
53.75
56.23
54.15
56.05
54.85
53.96
56.59
54.72
53.63
48.77
53.77
53.27
54.54
53.8
54.0
53.84
54.04
52.68
54.01
57.08
53.42
55.6
54.47
53.24
54.02
51.4
53.76
54.96
51.66
53.99
52.59
53.69
53.47
54.47
54.06
52.93
55.08
53.71
56.14
55.75
53.43
53.47
52.44
54.87
52.47
57.4
52.79
52.91
54.13
53.74
53.76
53.92
53.0
53.3
55.32
55.86
54.06
51.68
53.18
53.48
53.18
54.68
52.68
53.28
54.18
54.98
53.43
53.54
53.66
53.35
56.21
53.73
54.13
55.39
52.54
54.74
53.24
53.74
54.08
53.28
52.5
57.05
53.56
50.83
53.4
52.81
54.81
54.25
53.92
53.25
52.84
54.12
53.95
53.45
52.45
54.45
55.28
52.68
55.18
53.18
52.58
56.18
52.88
53.28
54.18
52.88
53.48
52.78
54.05
53.81
52.57
53.46
54.13
53.33
54.74
52.15
53.72
54.47
55.38
54.25
53.63
54.1
54.6
55.35
54.25
53.62
53.91
54.61
53.86
53.03
53.33
53.33
54.43
52.93
56.23
55.85
55.04
53.19
53.73
53.54
54.24
53.28
52.5
53.42
56.25
53.01
54.2
54.47
54.11
57.82
54.31
52.14
53.87
53.61
54.21
53.16
53.49
53.23
56.26
53.12
54.8
54.43
54.35
53.33
53.53
52.28
53.28
55.88
54.68
53.48
54.8
NA
NA
NA
54.38
52.86
53.86
53.66
52.16
53.36
53.26
55.36
55.46
52.56
53.18
52.95
52.37
53.63
54.22
52.09
53.09
52.55
53.21
NA
NA
55.34
56.16
53.47
57.2
55.34
53.47
54.09
53.59
51.2
50.72
53.1
52.62
53.1
52.62
53.1
55.48
54.52
52.62
54.05
53.79
53.35
53.8
53.66
53.23
53.77
53.68
52.79
53.64
53.79
53.35
53.8
53.85
54.25
53.05
53.95
53.44
54.45
55.97
55.23
53.63
52.79
53.36
54.54
52.61
51.16
55.56
52.8
50.97
NA
54.79
53.37
53.17
52.76
54.51
54.43
52.57
53.8
52.86
53.2
54.3
54.1
54.73
52.72
54.16
53.98
51.76
52.19
55.96
55.79
52.44
53.15
53.38
53.38
54.55
NA
54.12
53.59
55.45
55.76
53.72
53.43
54.2
54.6
53.72
54.42
52.92
55.22
56.82
53.42
53.51
55.81
52.71
55.41
54.51
54.51
54.61
56.71
53.59
55.59
52.79
54.89
54.29
54.59
54.49
57.49
54.17
55.19
53.54
53.54
53.26
52.1
NA
52.02
56.21
54.96
54.46
53.06
53.06
NA
53.96
52.76
52.96
52.26
53.66
53.36
NA
55.56
53.46
53.47
53.72
55.57
56.06
53.26
54.17
53.93
54.64
53.29
53.09
53.19
53.55
55.15
55.35
53.85
54.45
54.12
52.68
53.51
53.17
53.15
53.6
53.06
54.05
56.1
53.66
52.53
55.47
53.57
54.07
52.49
55.13
53.45
NA
52.76
52.16
54.26
53.66
NA
53.39
53.0
53.84
54.8
53.19
53.72
52.82
NA
NA
53.27
51.97
56.37
NA
NA
54.05
56.07
52.15
55.1
54.7
53.42
53.02
56.57
51.92
53.54
53.29
53.01
52.47
53.02
53.02
54.66
54.93
53.56
52.78
54.52
56.57
52.76
57.71
52.82
53.76
54.23
53.47
53.72
53.98
53.54
53.86
53.55
NA
52.58
53.95
53.18
55.59
52.62
52.92
52.92
53.69
53.0
53.58
57.34
53.61
53.75
54.8
53.18
54.76
52.35
58.92
52.87
55.74
53.31
NA
NA
NA
NA
54.78
54.25
52.66
53.16
53.35
53.31
53.54
54.32
53.61
53.25
53.61
56.01
55.09
52.89
53.69
54.59
53.49
53.09
52.79
54.09
53.69
53.49
55.39
52.69
54.25
53.79
53.43
53.38
52.06
55.32
54.54
54.24
53.44
53.84
54.84
53.53
53.43
53.93
55.63
55.4
53.23
55.17
56.03
53.49
54.27
56.38
53.02
52.52
53.18
54.92
52.98
52.42
53.09
54.98
54.39
53.04
NA
53.29
NA
52.97
53.57
58.16
54.94
53.47
53.41
56.23
55.17
55.68
57.72
55.52
53.02
53.42
54.82
53.52
55.52
53.02
55.82
52.53
52.98
55.14
53.73
56.28
55.56
54.35
55.73
54.05
53.54
55.67
57.34
52.02
52.78
53.26
56.13
53.41
52.81
54.86
52.85
55.14
55.95
54.25
56.95
54.47
52.47
53.28
53.66
52.93
54.62
55.53
NA
NA
54.11
53.08
54.72
52.25
54.21
54.42
53.61
52.36
54.02
53.78
52.77
53.1
53.86
55.55
52.94
54.59
55.82
53.64
53.59
55.26
53.39
52.98
54.48
53.88
52.98
56.78
53.08
53.08
52.79
55.53
54.03
53.27
53.01
52.95
54.95
52.8
54.5
53.74
53.19
54.49
53.14
NA
55.37
52.51
53.2
53.29
53.09
54.25
53.15
55.95
53.35
53.86
52.96
53.76
53.66
53.25
53.82
53.93
52.33
52.93
54.15
54.25
53.45
54.25
50.83
57.39
51.51
54.58
55.6
53.87
54.68
54.47
56.02
54.29
55.61
55.69
52.88
53.83
53.23
56.94
53.86
54.68
55.63
NA
53.44
53.72
52.72
55.79
54.44
53.7
52.36
53.5
53.28
53.88
59.91
53.86
54.43
54.28
55.18
54.69
53.22
55.74
56.1
55.12
53.02
54.12
52.69
54.56
53.56
53.26
55.36
53.66
53.56
53.96
52.96
55.56
52.56
52.66
54.39
52.06
54.05
53.75
52.35
NA
NA
55.19
55.05
55.05
54.94
54.13
54.1
54.19
NA
53.67
52.64
55.41
NA
NA
56.88
NA
53.61
53.81
53.51
53.11
55.18
54.83
55.86
55.61
53.83
54.05
54.01
53.57
51.89
54.69
55.62
55.25
53.38
52.82
53.69
54.01
53.93
53.95
55.47
53.83
53.77
53.99
54.04
55.71
53.75
53.89
54.03
54.03
55.42
53.35
NA
57.22
52.89
56.2
51.33
54.13
55.23
53.53
54.53
NA
NA
NA
NA
NA
NA
56.8
53.0
55.56
55.59
55.4
54.63
53.12
54.33
63.7
52.64
52.35
53.95
52.35
52.65
54.65
54.25
54.23
54.03
53.93
56.43
55.23
53.83
52.53
57.34
52.64
53.64
54.54
57.23
54.37
54.86
52.98
54.62
53.68
52.51
55.42
54.68
55.42
52.03
53.45
53.74
53.04
52.64
52.94
52.04
53.84
53.54
54.24
52.67
53.87
52.47
52.77
55.17
54.27
55.21
53.71
56.51
53.51
53.81
53.21
54.59
53.99
53.89
53.49
51.95
52.61
53.65
56.23
54.02
53.02
53.32
53.17
56.01
53.76
54.27
55.29
52.55
55.46
56.61
54.62
53.26
55.47
55.97
53.37
52.77
54.27
54.57
54.66
54.22
55.05
52.69
53.36
55.29
55.77
53.18
53.36
53.96
53.01
52.9
55.2
53.94
53.79
52.88
59.91
60.66
54.87
54.1
55.24
54.13
54.15
56.55
52.72
53.96
53.25
52.95
53.05
54.85
54.65
54.05
52.95
53.55
53.62
54.95
53.09
53.0
55.05
54.03
54.35
52.98
53.78
55.18
55.88
54.88
54.48
54.68
54.38
53.42
54.18
52.38
56.58
54.28
54.18
53.18
56.08
55.68
NA
NA
NA
NA
NA
NA
55.3
54.3
55.8
54.3
52.52
52.92
53.88
53.32
52.83
52.48
55.82
53.82
53.77
54.03
53.64
53.0
52.82
53.36
53.65
53.43
53.51
52.9
52.91
53.47
51.86
53.11
53.43
56.24
53.35
51.82
52.28
55.37
52.67
56.17
55.41
53.63
54.07
52.93
NA
53.97
55.13
53.95
53.82
52.85
52.92
NA
NA
53.19
52.99
53.99
54.99
54.69
54.79
52.39
53.89
53.13
55.42
54.82
52.36
54.05
54.22
54.7
53.96
55.14
53.08
55.67
53.65
52.63
52.78
55.6
55.46
53.58
52.85
52.72
53.67
53.76
54.38
53.44
51.01
54.72
53.42
55.12
54.28
55.51
54.0
53.41
55.54
57.21
54.59
53.51
53.63
53.94
56.14
54.64
NA
53.09
NA
53.33
52.73
NA
54.2
NA
55.53
54.19
56.93
53.34
52.95
52.99
53.75
52.81
53.17
52.82
50.96
53.79
53.43
56.71
54.27
53.43
52.89
54.17
56.89
54.14
53.95
56.31
53.53
54.64
54.82
55.74
53.82
53.5
52.18
53.19
53.1
54.28
54.12
52.11
55.86
55.66
53.76
52.46
55.14
53.89
51.98
52.55
53.15
53.85
52.55
54.15
54.93
53.22
54.49
53.27
54.49
53.36
52.6
52.56
54.23
53.8
53.56
57.56
53.66
53.76
53.48
57.18
53.41
NA
55.77
53.44
53.24
53.03
NA
NA
NA
NA
NA
52.56
NA
NA
NA
NA
53.76
52.76
52.56
54.16
53.41
53.31
54.01
54.41
52.68
52.48
53.78
54.38
53.18
56.8
53.55
53.62
54.26
53.15
55.65
55.35
57.35
53.35
53.58
52.71
53.33
53.14
54.63
54.18
53.92
53.22
53.29
53.56
54.14
53.26
54.44
NA
55.37
54.32
52.45
55.44
52.9
53.37
54.18
53.37
52.85
53.12
53.81
53.04
52.39
52.89
54.39
53.79
54.09
54.71
56.17
54.17
54.03
52.4
54.08
54.29
53.33
54.14
52.82
53.43
53.18
51.59
55.19
52.69
53.49
52.89
52.49
53.23
54.29
54.56
52.7
50.33
54.29
54.82
53.9
54.15
53.9
50.2
54.69
56.29
55.39
56.39
54.89
54.69
54.42
54.12
55.72
53.42
53.32
54.62
54.12
NA
NA
56.65
52.43
53.21
54.38
NA
NA
NA
56.61
52.21
53.35
54.49
NA
54.0
53.74
53.49
52.46
53.51
53.51
54.51
53.51
53.16
53.93
53.74
52.9
54.57
57.08
51.98
56.8
57.7
54.58
55.86
54.81
53.44
53.73
53.3
53.14
NA
53.99
55.95
55.42
55.23
54.12
53.12
55.19
56.53
53.79
NA
54.89
54.12
NA
54.14
53.75
52.57
NA
54.19
53.3
53.17
58.64
55.75
53.16
52.99
55.09
53.35
NA
NA
55.02
54.08
54.85
56.2
55.6
53.5
53.9
53.6
52.6
53.7
54.1
53.2
53.0
51.0
53.7
53.1
53.8
53.6
NA
53.3
52.0
55.14
54.02
53.82
52.32
55.62
54.52
54.42
53.01
55.81
53.01
NA
54.22
54.41
53.91
53.81
53.01
53.51
53.99
52.79
53.59
53.79
52.96
52.74
52.91
55.7
53.16
NA
NA
54.91
53.71
53.21
NA
53.11
53.28
54.56
53.75
53.04
54.53
54.49
55.1
52.6
53.57
53.16
55.84
NA
NA
NA
53.07
55.82
53.3
NA
NA
53.73
53.48
53.58
NA
54.2
53.84
53.57
55.67
51.34
57.04
57.04
56.74
55.55
53.07
56.06
53.26
53.96
54.56
52.96
55.26
54.06
54.36
52.46
55.86
52.98
52.96
53.09
53.19
55.19
53.59
53.09
54.29
53.39
53.59
53.49
52.79
53.89
54.48
53.38
55.98
53.38
53.38
53.38
54.98
53.98
55.36
52.66
54.14
53.16
53.61
53.39
NA
55.22
54.35
54.7
55.2
54.8
53.3
55.5
56.0
55.1
53.2
54.3
56.3
53.3
53.92
52.75
54.31
55.88
54.12
53.62
53.72
52.51
51.39
53.77
53.82
54.22
56.1
52.49
52.7
54.16
56.12
55.47
56.47
53.49
53.19
52.58
56.2
52.9
53.9
NA
NA
54.33
54.02
53.41
54.56
53.07
52.82
55.41
55.81
53.23
53.57
53.57
54.24
55.11
52.41
56.11
54.75
NA
53.26
53.81
53.24
53.7
53.89
52.44
55.2
53.77
54.95
53.95
56.11
53.88
52.26
53.34
51.26
53.22
54.28
55.6
53.67
51.99
53.79
50.49
52.89
53.89
55.89
55.69
52.99
55.39
54.2
54.27
52.87
52.8
53.15
52.71
53.96
54.26
53.92
56.92
54.02
53.02
53.76
53.19
53.35
54.76
52.2
53.54
52.76
53.55
56.61
52.39
55.82
53.11
55.4
53.42
52.99
54.19
54.45
53.32
56.8
53.0
NA
55.7
NA
53.47
53.41
54.03
53.23
54.23
53.73
53.7
NA
54.65
55.86
52.41
53.68
54.93
53.43
54.69
53.27
54.08
53.05
52.56
54.42
53.74
53.85
53.61
56.46
53.13
53.83
54.07
55.28
53.89
55.09
53.74
53.41
54.61
52.67
53.6
53.43
52.68
53.7
53.89
53.38
53.35
52.89
54.2
54.18
53.75
54.95
53.05
55.55
54.85
54.75
53.25
56.2
51.2
52.81
52.31
53.68
52.87
53.51
53.44
54.74
53.74
53.44
52.64
53.14
53.28
53.63
55.58
56.24
56.1
53.7
52.1
53.5
54.9
52.6
55.66
55.39
52.94
55.59
55.74
54.37
53.66
53.12
NA
55.02
52.72
53.72
53.42
53.02
53.52
54.02
54.32
54.12
53.72
53.92
53.4
54.27
52.96
58.12
53.05
54.35
53.24
56.46
53.24
54.24
54.23
54.76
52.56
53.66
53.16
52.96
53.56
54.66
54.66
54.16
53.76
54.65
53.87
53.09
52.98
54.28
56.1
53.42
53.05
53.35
53.43
53.97
52.14
55.21
54.86
53.71
54.23
54.29
54.36
54.94
54.0
53.07
52.81
57.28
54.58
53.63
53.73
53.33
52.83
54.13
NA
NA
NA
53.71
52.71
55.11
55.51
53.51
52.97
53.91
53.6
53.71
53.41
55.32
53.02
53.7
54.88
53.87
55.63
53.66
53.62
53.02
58.47
55.58
53.01
52.91
NA
53.33
53.73
53.33
53.43
54.31
53.04
52.84
54.54
55.94
54.14
55.34
52.04
55.05
53.98
53.68
52.68
52.69
52.69
55.39
55.79
53.34
54.14
53.64
53.24
53.34
52.57
52.47
53.36
52.82
55.87
52.54
52.79
56.85
52.81
55.42
56.35
53.78
53.07
52.64
52.85
53.08
54.9
53.06
52.82
53.08
53.08
53.06
54.92
53.58
53.15
53.26
54.2
55.29
54.65
54.46
53.7
52.98
53.27
53.31
54.8
53.7
54.5
54.8
54.5
53.1
58.1
54.0
52.2
53.7
53.4
53.4
54.2
54.62
53.48
55.61
55.0
56.89
54.97
56.9
53.9
54.16
54.79
52.53
53.43
54.57
54.76
56.93
55.75
53.19
54.84
52.9
55.11
53.42
58.25
58.5
58.15
54.48
53.17
53.08
55.57
54.81
55.13
54.03
53.31
53.68
52.21
53.81
54.11
55.06
52.34
53.57
56.24
53.22
54.32
53.78
54.06
54.06
53.53
53.73
53.63
54.83
53.13
NA
53.06
55.32
53.4
53.1
53.0
53.0
52.7
55.6
52.2
52.9
54.3
56.13
54.99
53.19
54.65
53.77
55.0
NA
NA
53.8
53.59
54.72
NA
52.75
54.09
54.99
54.59
54.09
53.59
52.82
52.97
54.23
53.89
53.88
53.93
55.44
54.42
51.93
58.61
52.23
NA
NA
54.03
53.63
52.45
53.39
56.34
52.74
53.04
54.24
53.74
53.74
53.94
54.0
55.41
54.47
54.53
53.77
52.42
52.19
53.6
54.72
54.47
51.78
55.27
52.97
53.22
52.8
54.15
52.48
52.21
53.61
55.68
56.28
52.72
54.22
53.12
52.59
54.39
52.69
53.55
52.88
53.78
53.79
54.65
53.65
56.35
53.75
53.45
55.65
53.05
53.05
55.05
54.38
53.46
55.82
54.49
53.47
54.24
53.14
53.14
52.54
53.34
56.04
53.14
52.84
53.08
52.99
53.18
53.74
51.52
55.74
53.45
52.78
56.37
53.27
53.95
54.43
52.82
52.83
53.11
55.18
NA
54.39
52.84
54.08
52.74
53.68
52.68
53.52
54.02
53.96
54.48
51.93
56.1
57.33
53.06
54.86
53.02
53.94
51.05
55.08
53.12
56.07
54.37
56.66
53.44
53.37
53.17
54.24
53.94
52.74
53.94
55.63
53.83
55.43
57.33
52.85
52.66
54.94
54.94
54.29
54.94
52.8
53.58
53.06
55.52
53.16
56.25
52.84
53.73
52.87
54.45
53.3
53.57
53.66
56.75
54.19
53.32
55.97
52.5
53.5
NA
NA
53.75
NA
54.37
52.14
54.18
53.29
53.16
NA
54.85
54.08
53.93
56.22
53.55
53.47
55.55
55.88
55.09
NA
54.88
52.86
54.64
53.42
53.02
53.72
53.02
52.72
52.84
52.78
53.41
54.18
54.83
53.15
53.55
53.64
53.06
53.97
54.35
53.26
53.83
53.35
53.68
52.53
54.1
53.8
52.84
52.87
53.34
51.64
53.52
52.88
54.46
55.06
54.05
54.63
53.94
53.69
53.44
56.23
54.16
52.76
56.04
54.94
53.07
NA
56.19
56.68
54.39
53.23
53.69
53.58
53.13
53.25
53.11
54.22
53.57
55.21
51.79
53.12
53.14
55.53
56.71
52.28
55.52
55.18
55.0
55.18
55.32
57.4
53.59
56.22
54.36
52.98
50.33
55.68
54.36
53.38
55.95
53.38
54.02
53.67
54.39
53.3
57.22
53.74
51.44
53.48
53.42
53.49
55.26
52.88
53.54
56.64
52.5
55.71
55.79
52.82
54.74
53.86
54.38
52.97
55.37
54.53
52.9
53.15
54.23
54.17
53.14
55.31
54.49
55.24
53.83
53.56
53.75
54.28
53.0
56.76
52.64
53.15
NA
53.03
52.82
54.59
55.1
53.61
53.43
53.61
54.17
53.05
55.66
52.87
52.87
52.78
52.95
55.04
53.34
53.45
54.33
55.38
55.52
58.23
52.92
55.14
52.4
54.77
52.59
54.37
53.14
55.78
54.04
53.86
53.48
52.74
52.3
52.3
54.81
52.82
54.0
54.12
53.29
54.51
52.69
54.63
53.8
56.11
52.9
52.75
54.98
53.83
53.41
52.87
53.48
53.43
55.32
54.16
NA
58.17
53.95
54.71
53.39
53.06
53.71
53.06
52.77
53.39
53.13
54.09
53.74
52.74
53.16
53.32
55.57
52.46
55.26
54.44
54.37
NA
56.61
52.95
55.13
55.56
55.97
53.96
53.36
52.76
53.36
54.66
53.06
54.23
NA
54.0
NA
56.76
54.01
53.45
52.96
53.15
54.08
52.91
53.6
52.26
52.76
54.1
54.8
53.34
57.52
53.2
52.52
53.86
54.0
55.2
56.0
56.7
55.2
55.8
58.0
54.5
54.5
53.33
53.45
53.69
56.7
53.38
52.43
56.94
55.85
53.52
52.74
57.86
53.1
52.93
54.64
52.86
53.45
57.03
55.45
NA
53.08
53.14
55.4
55.28
51.29
53.57
52.72
55.0
54.02
52.59
55.39
54.4
53.59
52.52
52.77
54.37
52.28
52.75
53.85
53.85
NA
NA
56.99
53.4
55.36
55.26
53.65
53.95
NA
54.55
53.2
53.78
50.81
NA
53.39
54.67
50.91
53.26
52.38
55.96
53.13
51.81
52.93
54.19
55.69
56.36
55.11
53.28
53.59
54.76
56.18
54.02
54.09
53.41
54.18
54.68
53.18
53.18
53.18
52.88
56.86
53.73
54.74
53.3
50.4
53.17
53.69
54.19
53.19
NA
NA
NA
NA
NA
54.4
52.79
54.89
52.09
53.69
52.29
55.89
55.48
55.38
52.48
53.28
54.48
53.96
55.64
55.76
54.74
53.23
54.43
53.93
53.43
53.68
53.62
56.96
54.39
52.99
53.08
55.13
53.33
53.33
54.1
52.9
55.44
55.95
52.51
52.95
NA
NA
54.01
56.53
54.63
53.69
53.16
52.46
55.38
52.75
53.14
52.87
55.26
55.0
54.67
53.04
55.02
56.67
53.13
54.9
53.26
53.84
53.89
54.75
53.64
53.73
55.89
54.57
52.77
52.47
52.47
53.47
53.47
53.78
53.17
54.81
54.89
54.04
53.26
55.68
53.69
52.2
53.44
51.74
54.64
53.84
52.84
53.74
52.96
52.84
55.74
55.34
53.35
50.57
NA
53.14
53.71
51.4
51.78
53.26
54.56
53.51
53.08
53.61
51.88
NA
54.25
53.21
53.98
54.25
53.72
53.01
55.3
53.19
54.02
53.99
54.07
53.44
56.55
53.4
54.6
53.53
53.55
53.36
52.89
51.81
53.25
55.83
54.86
55.24
55.77
53.48
54.38
53.28
52.18
52.08
53.78
52.58
53.78
52.77
53.95
53.36
52.94
52.94
53.59
55.04
53.93
54.3
54.9
53.74
54.4
53.81
52.75
55.68
53.55
54.03
52.9
55.22
51.46
57.18
53.97
56.55
52.48
55.52
53.67
54.57
54.57
53.47
54.87
53.48
NA
55.7
52.86
56.34
52.58
53.45
54.08
54.56
53.54
53.54
52.61
52.92
53.34
54.21
52.49
56.97
54.22
55.31
53.91
53.61
54.01
53.31
55.11
53.51
57.42
53.83
53.66
53.51
54.19
52.7
53.63
52.84
52.51
54.28
52.7
53.7
52.9
52.46
54.38
52.8
52.7
54.5
53.9
54.0
53.45
53.85
55.57
52.92
55.52
52.15
54.49
53.29
54.09
53.79
53.99
52.11
55.78
55.12
54.42
51.78
56.2
56.02
52.8
53.34
55.14
54.44
51.78
56.16
56.02
53.26
58.9
58.0
55.1
53.2
52.8
55.4
54.6
53.9
52.6
55.6
53.34
54.68
53.91
53.75
55.74
53.94
52.34
54.74
52.93
54.63
52.03
55.33
54.43
53.03
53.43
52.83
54.73
53.53
53.83
53.57
54.47
53.27
53.57
53.37
53.63
58.6
51.69
NA
NA
54.71
53.31
52.77
52.45
56.3
54.23
53.84
53.3
54.23
54.19
53.33
54.23
53.61
54.61
56.51
54.94
58.45
54.31
52.79
53.58
55.47
54.76
54.67
53.24
54.42
53.34
56.92
52.59
54.49
53.13
52.69
55.19
53.99
56.04
55.04
53.44
53.94
55.1
53.53
55.75
54.34
55.2
53.4
NA
NA
NA
NA
NA
NA
52.99
52.99
53.48
53.24
53.24
54.22
53.48
54.34
54.22
52.5
54.71
54.71
NA
NA
54.55
53.16
55.53
53.68
53.68
53.99
53.16
53.7
52.45
56.36
55.32
53.62
54.16
54.82
53.36
58.91
54.43
53.11
NA
54.2
54.79
53.29
59.05
54.46
52.9
56.14
61.18
53.22
52.69
55.42
52.96
53.24
56.25
52.98
51.18
53.19
51.14
51.47
53.23
54.12
54.98
53.65
54.92
54.28
53.74
53.7
53.46
57.01
52.64
53.29
53.75
54.93
53.78
56.95
52.41
53.33
53.73
53.98
53.87
57.08
52.22
53.22
53.59
54.9
53.71
53.62
54.18
53.72
54.25
54.76
55.79
55.77
55.8
56.81
56.33