42.36
44.72
42.46
41.81
42.07
42.67
41.66
45.33
44.47
41.63
42.55
44.87
43.83
48.66
42.62
NA
42.84
40.43
NA
47.2
45.83
42.13
NA
46.74
47.2
45.89
42.23
41.72
44.01
42.93
43.97
44.62
45.57
43.05
43.21
NA
45.05
NA
44.14
46.46
43.04
44.55
47.06
42.21
41.59
47.46
43.02
43.67
46.67
45.36
42.9
42.11
49.3
43.93
42.64
43.34
41.04
48.38
44.07
43.03
42.14
42.82
47.23
46.25
45.1
43.74
43.45
45.96
NA
45.77
46.93
41.62
43.14
44.1
42.53
44.64
45.22
41.82
43.15
NA
44.9
43.44
43.25
44.44
40.89
41.75
43.92
46.37
NA
NA
41.96
47.69
46.21
41.1
46.64
40.73
42.31
NA
41.69
42.18
39.83
43.62
40.43
44.68
44.29
43.14
40.17
43.01
45.2
46.19
45.76
43.42
45.44
44.01
46.4
40.6
42.28
45.15
40.86
45.52
44.67
44.22
46.61
44.7
45.0
46.0
46.8
42.18
42.76
43.84
44.64
43.52
45.25
43.47
45.5
42.73
43.48
42.73
44.37
46.97
45.08
NA
46.12
43.0
43.42
43.45
43.67
42.19
44.29
40.53
44.22
45.44
44.73
46.5
42.17
40.26
43.13
43.93
43.87
43.94
42.66
46.43
46.39
44.38
44.86
41.56
44.87
43.38
NA
45.25
NA
NA
42.51
41.7
47.09
44.16
44.94
45.79
48.97
47.98
44.6
44.98
43.48
42.94
44.49
44.19
44.42
45.13
44.03
44.14
45.93
44.96
NA
42.43
44.72
44.1
41.8
47.39
45.78
43.74
42.63
46.14
44.4
44.96
43.58
42.92
42.87
NA
46.19
47.68
45.32
45.19
42.79
42.34
46.33
47.4
45.46
43.37
42.2
45.94
42.67
42.67
45.43
45.46
46.22
43.94
47.79
42.14
44.65
45.8
43.71
44.36
41.27
41.79
47.64
43.57
47.05
NA
44.14
NA
45.05
NA
44.96
43.39
45.46
42.34
44.89
43.66
41.86
45.74
43.18
43.96
42.72
45.89
42.42
43.61
44.65
44.65
43.75
44.32
43.4
46.71
42.87
NA
41.21
44.17
44.9
45.8
43.71
44.97
45.54
45.95
43.82
42.16
44.15
NA
43.04
43.52
45.16
43.23
47.15
45.15
47.0
45.18
44.78
46.41
45.85
45.99
NA
45.31
44.1
45.29
42.25
44.77
42.59
43.86
44.0
44.36
44.84
44.36
44.33
40.15
45.9
47.26
44.05
43.06
42.6
46.23
41.05
44.99
43.45
46.48
41.41
43.02
41.31
46.7
NA
43.29
40.7
46.92
45.88
44.99
45.15
44.67
45.94
43.64
44.46
45.81
45.4
45.05
NA
44.21
44.52
44.69
43.31
45.82
43.62
44.97
46.37
45.84
44.97
45.75
44.95
39.67
41.27
45.34
47.83
NA
NA
NA
NA
NA
43.47
43.18
43.93
43.67
43.0
NA
44.96
43.9
43.0
45.31
43.55
42.64
45.04
44.13
41.93
47.26
45.47
43.23
45.49
42.4
44.36
46.17
45.1
42.8
41.21
42.25
40.43
41.61
45.26
41.28
45.94
44.59
44.24
47.16
42.25
44.5
43.69
46.38
46.75
47.15
43.61
42.53
45.07
46.93
46.21
43.96
43.46
46.61
43.77
47.07
45.4
44.51
44.32
41.92
43.23
NA
45.54
44.47
44.05
42.08
41.36
NA
NA
NA
NA
NA
NA
NA
NA
NA
NA
NA
NA
NA
45.31
42.82
44.76
45.55
43.04
NA
NA
41.68
NA
42.72
41.91
43.01
46.13
42.5
40.92
47.87
43.96
NA
43.75
43.94
45.4
42.39
42.0
44.22
42.46
44.12
47.37
46.25
44.43
43.52
44.8
41.8
47.01
43.76
44.99
46.06
44.25
44.21
45.86
42.4
48.41
42.6
43.64
42.94
47.06
44.91
41.66
40.51
45.94
45.99
45.25
45.41
45.25
43.36
45.37
42.84
46.66
42.7
41.98
42.56
44.86
48.79
47.66
45.21
NA
44.31
46.13
43.63
47.58
41.88
44.25
46.37
40.31
44.92
45.12
46.16
45.74
NA
46.75
42.51
40.84
41.94
47.08
45.7
NA
42.28
44.58
42.57
41.78
45.31
45.99
42.24
NA
44.86
41.81
40.23
46.24
45.19
42.58
42.91
NA
42.32
43.03
NA
46.22
47.92
43.71
42.43
44.46
43.96
43.22
NA
43.43
NA
44.85
NA
46.76
44.09
46.13
42.36
44.13
45.53
47.86
46.48
45.99
43.03
NA
43.15
43.69
45.17
43.27
42.41
45.91
47.64
43.56
47.1
45.13
45.56
44.61
39.55
44.93
44.55
NA
45.16
44.12
NA
NA
45.91
44.57
46.36
44.7
43.13
NA
44.85
42.01
NA
44.37
44.53
46.56
44.03
42.16
47.93
NA
44.59
44.14
45.11
47.15
44.14
44.5
44.58
45.01
46.08
45.9
48.18
43.7
44.07
43.0
44.29
46.01
45.17
41.62
47.31
45.21
43.39
45.69
44.32
42.29
44.27
43.41
42.01
42.01
43.39
42.78
44.77
47.8
42.39
44.73
40.58
44.2
NA
46.06
46.62
42.03
46.18
44.76
45.68
42.5
44.8
41.92
43.81
42.42
44.8
44.76
42.78
41.6
42.98
45.38
45.89
43.19
42.94
45.02
44.4
45.19
43.98
NA
44.27
43.32
46.25
43.04
42.82
43.26
44.56
43.7
42.35
42.33
47.2
44.31
42.09
44.5
44.66
46.57
42.98
42.81
44.23
45.53
44.18
42.99
41.75
42.88
47.67
42.9
46.92
43.86
45.57
44.56
NA
44.09
42.83
44.9
49.95
45.03
42.94
45.51
41.22
43.8
43.28
NA
42.49
40.76
43.28
43.88
41.54
40.92
42.76
43.2
42.44
NA
45.55
42.79
45.58
40.37
41.86
44.89
44.3
45.08
42.12
NA
45.49
45.16
43.38
44.96
43.77
44.63
45.9
44.7
45.33
43.24
43.74
43.73
45.14
NA
43.91
NA
46.07
45.96
41.66
46.95
42.44
42.89
41.68
47.0
45.48
42.43
46.01
45.97
47.02
47.28
44.8
44.71
42.43
43.75
42.83
44.16
43.64
42.35
43.98
42.63
44.83
NA
40.98
43.13
45.47
39.9
41.3
NA
45.42
43.31
42.95
43.14
42.55
NA
NA
NA
43.1
43.96
44.37
43.37
43.16
43.68
46.18
46.75
43.03
45.08
41.82
45.51
NA
44.41
NA
44.11
44.71
44.21
NA
45.11
44.71
44.81
42.01
45.21
46.04
43.52
45.07
43.83
44.14
46.73
46.45
43.36
40.43
43.96
46.71
43.97
45.93
42.78
44.33
43.71
47.2
42.43
44.47
NA
47.25
42.55
NA
NA
NA
NA
NA
NA
NA
NA
NA
45.56
NA
41.7
44.55
42.11
45.41
46.51
44.16
46.25
43.35
45.71
44.53
42.23
44.61
46.4
42.61
42.83
46.01
41.41
42.71
42.57
42.9
44.86
45.24
41.46
45.69
45.48
41.29
46.23
43.22
43.35
45.85
41.75
44.39
46.05
47.51
NA
44.42
43.42
43.82
43.12
42.22
42.02
41.42
41.63
44.13
NA
NA
NA
41.19
NA
42.25
45.15
NA
NA
NA
NA
NA
43.65
43.6
42.07
39.8
40.76
42.36
39.68
44.75
48.45
44.72
44.75
41.02
NA
NA
42.58
45.68
40.58
48.38
44.78
46.88
39.58
43.55
43.65
44.45
39.55
48.85
46.79
44.62
42.7
43.06
41.79
45.2
NA
40.97
43.02
44.52
42.19
NA
NA
43.94
42.09
NA
42.29
42.55
41.64
42.06
44.13
NA
42.54
43.53
41.02
43.05
42.29
44.84
40.63
46.01
44.86
46.26
38.84
NA
42.44
44.84
43.54
44.96
46.26
44.8
43.41
45.67
45.01
45.41
NA
NA
42.95
44.61
41.75
45.79
46.94
46.99
37.8
40.94
42.73
43.74
43.73
47.14
46.24
46.58
41.42
42.6
45.19
46.61
44.07
41.71
42.12
42.75
46.73
46.03
45.03
42.03
41.63
42.73
NA
44.26
44.86
45.77
45.77
43.14
45.77
44.97
40.31
43.25
42.26
43.06
46.39
42.9
43.57
46.06
42.6
42.12
41.84
44.0
43.64
42.18
45.8
45.49
47.17
43.88
44.58
43.98
42.58
44.29
43.04
46.24
45.41
44.96
44.38
47.86
41.52
46.77
42.61
42.12
41.85
44.01
43.64
42.19
45.92
NA
43.31
43.4
46.86
45.65
41.29
40.21
44.27
44.23
42.76
43.61
47.22
44.32
44.16
41.29
43.94
44.29
39.86
NA
NA
NA
NA
NA
NA
NA
NA
NA
NA
NA
NA
NA
NA
NA
NA
NA
NA
NA
NA
NA
NA
NA
NA
NA
NA
NA
NA
NA
NA
NA
NA
NA
NA
NA
39.96
45.39
NA
NA
NA
NA
NA
NA
44.86
42.69
43.75
40.83
42.86
47.13
42.24
45.63
42.88
NA
40.8
42.03
41.89
44.4
40.2
44.94
41.8
43.21
45.05
46.43
43.08
47.0
41.28
45.19
43.47
44.32
44.7
45.4
40.76
39.36
42.12
44.32
42.3
43.07
44.59
39.44
42.85
41.62
46.47
44.7
NA
43.2
NA
45.81
44.08
43.69
45.1
46.75
47.26
46.47
NA
43.52
42.35
46.66
42.53
42.41
44.04
40.29
46.11
45.67
43.18
42.68
43.98
45.88
45.88
42.88
41.58
42.78
42.64
44.9
43.61
NA
43.44
44.3
NA
42.6
42.61
44.26
40.65
42.44
45.72
41.76
NA
NA
48.29
47.29
44.9
42.3
43.57
41.35
44.17
42.11
43.83
43.77
45.07
45.71
46.61
42.79
46.02
42.55
40.29
44.77
44.19
41.84
44.11
NA
NA
42.89
44.63
44.4
43.23
47.05
48.3
47.3
44.91
42.31
43.59
41.37
44.18
42.12
NA
44.36
46.51
43.9
44.53
42.79
46.67
40.64
46.27
44.86
44.34
45.64
42.77
43.65
41.47
42.64
42.87
43.43
44.03
41.41
42.98
43.3
43.43
43.96
41.72
42.74
43.5
43.47
43.94
41.3
42.67
43.32
43.48
43.9
41.52
42.67
43.32
43.48
43.9
41.52
47.14
44.88
46.24
45.52
43.41
42.39
41.42
45.52
43.41
41.42
45.76
44.96
NA
NA
43.18
NA
44.05
43.16
44.61
44.01
43.12
42.74
46.46
40.55
43.39
44.8
42.87
44.82
40.55
43.97
44.94
NA
43.53
42.43
44.43
NA
46.74
NA
NA
42.56
43.46
NA
46.74
46.46
45.29
40.95
39.87
44.03
43.85
42.43
43.16
41.12
42.98
45.21
46.63
45.3
43.94
43.53
44.1
44.41
44.24
44.63
44.15
41.72
44.89
44.92
NA
46.36
41.48
NA
40.39
43.31
NA
43.2
NA
NA
NA
NA
NA
42.23
41.42
NA
44.23
41.95
43.85
42.52
44.64
46.71
44.62
42.26
46.16
45.88
44.8
44.35
44.97
41.74
46.81
46.13
46.58
45.41
44.77
46.78
NA
42.31
46.26
45.87
44.96
42.89
44.9
41.73
45.09
46.9
44.77
NA
46.13
NA
45.03
42.96
44.58
41.66
42.27
41.83
45.71
43.43
46.92
44.99
NA
42.77
45.7
42.13
42.79
43.3
NA
NA
NA
NA
NA
NA
NA
NA
42.96
45.68
41.77
42.48
43.55
NA
NA
NA
NA
NA
NA
43.68
40.57
43.76
44.95
43.52
46.02
41.32
44.45
43.87
47.03
45.65
45.24
46.07
43.93
44.17
41.65
43.65
46.31
41.27
42.82
44.2
43.34
46.31
41.35
42.78
44.04
42.72
43.44
46.19
41.29
42.95
44.02
42.67
46.66
43.41
40.93
41.04
42.42
42.35
42.15
46.17
43.09
40.78
40.48
43.95
42.24
43.07
44.01
NA
46.98
46.39
41.77
43.3
47.1
45.86
44.37
NA
41.87
46.57
41.97
42.17
45.67
44.17
41.55
43.67
45.48
42.51
46.69
46.64
41.62
43.15
45.39
41.9
46.5
44.48
42.68
46.56
43.46
42.74
44.17
44.42
42.0
NA
41.86
45.71
43.34
46.81
44.63
40.82
42.76
45.21
41.97
42.97
43.35
NA
41.72
45.22
45.22
44.2
46.05
45.88
47.74
44.74
45.82
41.64
43.13
48.95
42.06
44.52
43.11
44.9
43.66
NA
41.47
43.47
46.8
45.66
41.29
40.08
44.35
44.11
42.63
44.23
43.47
NA
42.69
44.16
NA
NA
42.78
45.83
NA
NA
NA
NA
NA
NA
NA
NA
NA
42.6
NA
NA
NA
NA
42.03
45.73
41.93
43.93
46.03
41.13
43.73
42.83
41.43
NA
43.29
45.49
47.5
NA
NA
NA
NA
NA
NA
48.32
47.32
44.98
42.4
43.7
41.42
44.2
42.15
48.28
47.34
44.91
42.41
43.63
41.45
44.19
42.03
42.81
42.31
41.76
42.68
46.28
NA
45.58
41.78
NA
42.68
43.48
NA
45.58
42.18
NA
42.78
43.68
45.87
43.47
43.95
42.65
46.15
44.25
46.35
45.95
44.65
45.15
40.55
45.25
45.05
42.15
44.85
46.85
45.65
44.45
42.55
41.94
43.84
46.64
41.44
42.54
44.04
46.97
44.17
44.17
48.87
45.0
41.8
43.95
41.05
43.25
41.55
45.2
45.1
43.21
43.31
44.31
42.11
43.01
43.21
44.71
42.41
44.91
42.81
42.41
44.61
41.13
44.24
45.14
43.75
43.74
43.18
41.38
44.3
43.48
44.85
45.4
43.84
46.09
41.21
46.22
42.18
45.18
44.08
45.18
42.88
43.98
42.58
44.47
45.74
42.34
40.64
44.84
45.04
45.74
NA
46.37
NA
42.77
NA
NA
NA
43.43
43.43
43.8
45.8
NA
45.72
41.32
44.73
NA
44.43
43.43
NA
43.13
41.78
45.88
41.62
42.82
40.72
43.87
45.19
42.41
42.75
NA
NA
NA
NA
NA
NA
NA
NA
NA
NA
NA
NA
NA
NA
NA
NA
NA
NA
NA
NA
NA
NA
NA
NA
NA
45.54
42.91
44.88
41.68
43.58
42.98
44.98
41.86
45.95
44.94
43.37
42.78
NA
45.42
45.88
41.91
46.21
44.41
41.71
43.01
42.81
41.89
42.43
42.6
45.88
44.08
47.61
45.34
45.14
45.64
41.54
42.94
43.34
NA
43.99
39.03
43.28
41.7
41.81
43.6
43.22
NA
41.54
44.18
44.08
45.18
44.66
48.06
43.46
44.26
43.28
44.21
41.45
46.33
40.87
42.05
NA
40.71
44.12
44.85
42.68
45.37
NA
44.33
42.13
45.37
44.85
42.26
49.0
46.92
45.37
43.3
44.31
43.61
42.48
NA
NA
43.64
43.21
43.51
44.01
43.43
44.73
41.53
45.43
45.43
46.13
47.53
NA
NA
43.77
47.14
NA
NA
NA
NA
NA
43.74
47.11
NA
NA
NA
NA
46.64
47.34
43.47
42.77
43.05
45.93
46.31
NA
NA
NA
43.62
NA
NA
NA
NA
NA
NA
46.37
43.1
44.28
46.15
42.31
44.91
44.9
45.67
44.07
46.34
40.68
45.59
46.36
38.92
43.36
43.49
42.49
41.68
NA
NA
NA
NA
NA
NA
NA
NA
NA
42.17
43.85
45.25
40.55
42.62
43.62
43.02
43.52
44.72
45.12
41.82
47.06
44.96
42.66
45.16
NA
45.46
44.96
46.36
46.76
42.26
44.47
43.67
48.07
43.72
42.42
41.92
43.92
41.82
42.42
45.02
44.12
45.42
43.72
42.71
46.23
42.63
43.56
43.44
43.73
45.54
40.4
41.05
43.75
42.88
46.0
NA
44.91
42.7
41.57
NA
41.0
46.26
46.58
45.48
42.48
40.8
45.06
44.69
42.26
41.49
NA
41.64
NA
48.18
47.74
45.87
46.33
45.63
45.17
44.52
43.09
43.48
44.17
43.9
43.82
45.59
NA
43.03
46.03
45.0
42.85
44.04
43.72
45.15
43.56
44.86
44.15
NA
45.14
45.64
43.54
42.14
44.63
44.75
44.21
43.65
43.08
45.88
42.68
44.94
42.25
45.37
44.8
42.25
45.42
45.4
NA
NA
43.54
42.38
44.68
43.65
45.65
44.21
45.18
46.32
41.96
42.25
45.46
45.99
43.92
42.42
NA
NA
40.32
43.62
40.28
42.59
42.51
42.06
41.06
42.48
41.89
46.88
46.28
40.88
45.98
46.18
43.88
44.98
43.91
43.61
45.08
46.33
44.55
43.85
44.46
42.94
42.84
42.58
42.78
NA
45.01
47.11
45.31
45.21
42.3
46.15
46.9
NA
41.62
45.57
44.86
41.06
43.79
42.54
48.32
47.42
43.12
41.25
43.68
44.56
43.41
45.75
42.35
40.65
44.85
45.05
45.75
42.76
46.76
44.66
43.86
45.26
42.85
46.85
44.35
43.65
NA
44.54
45.34
47.74
44.64
43.62
45.86
42.89
44.45
45.11
45.65
42.36
44.44
42.11
45.1
42.13
46.36
44.35
41.16
43.65
46.46
46.71
NA
NA
42.87
42.31
42.26
42.54
48.32
47.42
43.12
41.25
43.68
44.56
43.41
NA
43.42
45.35
43.44
43.75
44.53
44.45
47.57
45.52
45.91
43.56
48.36
47.58
44.11
43.56
43.46
42.86
43.53
45.27
42.66
45.1
43.8
46.7
44.2
41.0
43.7
42.8
49.13
42.96
NA
43.2
NA
42.99
42.06
42.56
45.83
46.46
41.89
44.72
42.98
44.07
41.01
43.06
44.9
46.23
42.56
43.41
44.27
43.25
49.43
NA
43.61
44.09
42.23
41.35
44.68
44.86
43.74
44.23
43.67
43.33
43.99
40.65
NA
42.55
40.67
NA
42.42
46.67
37.95
45.57
45.09
44.92
45.55
47.65
44.82
44.98
44.87
43.34
43.37
44.94
41.7
42.91
41.76
41.84
45.44
42.26
46.56
46.66
39.49
46.19
44.39
47.67
43.15
42.58
43.99
43.2
45.03
NA
41.93
43.73
46.3
46.5
42.03
46.55
41.55
46.69
45.74
41.4
44.29
44.2
NA
44.81
45.87
42.3
42.56
46.14
43.98
42.68
46.08
44.28
46.38
45.88
44.58
44.18
42.08
44.5
43.96
41.99
44.25
42.68
43.47
43.01
42.24
46.44
42.24
36.34
44.84
44.38
46.98
47.74
42.66
45.42
40.87
46.14
47.02
40.82
41.36
NA
NA
NA
NA
40.75
43.35
48.85
47.25
NA
43.74
41.88
42.28
43.98
46.58
45.58
44.08
42.98
45.78
46.98
47.08
45.39
45.85
45.83
44.35
40.01
45.55
42.07
44.52
43.64
43.57
43.23
45.77
44.67
44.08
42.7
43.17
45.78
44.59
43.97
42.73
50.63
44.93
43.33
NA
45.73
42.83
43.73
42.39
42.1
41.6
43.27
45.92
46.12
43.1
41.86
43.95
43.07
46.15
41.7
42.62
41.6
42.49
42.44
41.05
43.59
46.66
46.45
42.87
42.1
44.04
43.36
46.31
42.1
43.09
42.33
45.53
43.83
44.88
44.28
43.28
NA
45.98
NA
NA
NA
NA
45.89
43.46
43.76
48.06
44.96
41.96
45.96
44.66
38.06
45.86
42.97
NA
43.66
45.5
43.59
43.82
44.73
43.79
45.48
NA
NA
42.29
46.02
42.91
41.05
49.12
42.91
NA
45.11
44.54
40.73
45.49
NA
44.06
44.54
45.01
45.01
43.11
NA
45.01
44.38
45.35
46.35
43.05
45.93
46.31
44.12
43.44
42.68
44.38
45.35
46.35
46.95
43.85
46.95
44.65
42.81
45.34
44.33
43.03
44.53
42.13
44.46
42.07
45.14
42.56
43.06
46.95
45.46
NA
45.75
46.11
42.65
43.28
41.93
42.42
43.64
46.41
45.07
NA
43.6
43.06
47.05
46.8
41.47
42.28
45.44
42.15
42.84
41.43
38.38
NA
42.37
46.35
45.41
NA
44.27
46.43
44.46
NA
45.01
45.38
43.0
44.04
44.32
45.62
47.12
44.62
44.62
47.02
46.21
42.71
43.41
44.31
43.91
45.41
40.41
41.11
46.19
42.59
43.69
44.29
43.79
45.59
40.39
40.09
46.64
NA
46.93
44.18
41.97
39.59
NA
39.82
42.67
44.36
41.86
43.16
45.26
NA
45.16
45.46
NA
45.66
42.76
46.76
NA
42.66
44.79
43.56
NA
41.24
43.64
40.92
43.56
42.85
43.54
46.12
46.05
44.5
NA
46.45
42.95
45.45
42.15
42.46
42.46
44.6
42.25
45.35
42.03
45.7
46.23
42.91
41.06
46.12
44.35
45.14
44.83
43.58
43.45
42.92
NA
44.76
49.36
46.06
41.06
NA
43.97
43.16
42.29
44.6
46.03
NA
46.02
NA
NA
44.97
45.07
42.27
NA
NA
39.8
45.48
44.28
NA
NA
44.92
45.09
43.17
40.44
43.71
40.98
43.6
46.18
45.36
43.06
45.63
NA
44.31
47.88
43.56
40.55
42.14
41.89
46.64
42.83
47.0
44.59
45.71
49.41
43.11
44.46
46.1
NA
NA
43.18
NA
NA
44.22
45.92
42.22
47.55
44.09
46.17
41.73
43.01
42.29
44.43
45.98
48.39
44.63
40.21
NA
42.33
44.98
NA
NA
NA
NA
43.07
43.55
45.91
44.83
44.07
46.15
NA
43.45
46.48
43.54
38.73
40.51
42.49
45.69
NA
44.49
45.49
46.69
47.49
41.89
43.19
44.29
41.49
45.29
44.71
45.32
45.17
44.63
44.19
43.21
45.14
44.14
42.24
46.54
44.14
40.03
45.83
42.33
40.23
42.15
44.36
41.24
42.03
40.69
41.52
41.12
39.59
47.02
44.36
43.95
39.69
46.99
45.39
43.99
39.78
NA
NA
NA
NA
46.83
46.05
41.52
42.77
42.15
44.05
43.11
44.83
42.96
40.72
41.82
42.72
43.72
41.92
NA
41.92
43.72
40.52
43.41
43.85
43.2
45.15
39.82
42.28
43.92
43.38
44.69
46.02
43.1
41.15
45.77
45.24
44.29
42.28
NA
44.97
42.8
45.44
43.18
42.65
NA
42.45
44.63
47.71
44.32
43.25
45.02
41.8
41.33
NA
NA
NA
44.04
46.0
43.74
44.12
43.64
43.09
41.18
45.0
43.23
47.36
NA
46.86
42.38
44.58
43.91
43.66
45.83
44.01
44.21
45.36
NA
NA
44.78
NA
44.68
34.28
43.88
45.29
43.64
42.74
45.9
46.3
44.65
46.95
NA
42.6
42.61
46.59
44.48
43.71
NA
43.0
45.38
44.72
47.03
44.92
43.85
44.25
41.35
45.15
43.46
43.86
45.66
43.56
45.2
44.09
44.53
44.33
46.73
41.25
45.75
46.95
44.75
NA
NA
NA
39.96
47.2
42.6
42.26
45.53
41.29
42.72
42.34
41.31
44.05
40.18
46.1
41.37
42.35
42.15
42.26
NA
NA
45.52
NA
41.36
45.58
45.58
46.04
43.4
45.18
44.08
40.58
41.72
44.82
42.65
47.03
44.98
43.8
42.99
42.52
42.42
43.67
46.51
46.89
44.66
41.96
42.96
41.46
41.26
45.76
41.76
43.66
42.86
46.26
44.06
41.16
39.67
46.25
NA
NA
NA
NA
45.38
42.98
44.87
42.85
41.99
41.87
43.71
NA
NA
NA
42.6
NA
NA
40.53
NA
NA
46.11
NA
NA
46.02
44.43
42.54
43.39
44.25
43.23
43.41
43.69
44.81
43.69
40.79
42.76
45.55
46.49
NA
NA
NA
NA
NA
NA
NA
NA
NA
NA
NA
NA
NA
NA
NA
NA
NA
NA
NA
NA
41.03
42.83
43.53
NA
47.53
NA
NA
NA
NA
NA
NA
42.99
45.82
41.21
43.05
42.18
42.76
45.32
47.5
47.79
42.39
42.75
45.95
44.55
NA
42.95
39.45
43.93
42.43
43.53
41.93
44.43
37.73
44.23
40.94
46.74
42.74
42.64
NA
NA
41.44
44.3
41.44
42.34
43.37
41.86
44.08
43.1
38.91
43.84
43.64
45.34
45.34
43.64
40.04
44.84
45.14
43.84
42.67
46.17
44.57
NA
41.97
39.47
44.71
44.01
39.41
45.01
43.91
46.11
43.69
43.69
45.39
43.79
46.8
43.93
44.03
43.53
46.85
46.93
45.07
46.59
43.36
47.65
42.55
43.57
46.74
46.33
41.65
43.27
46.91
42.47
43.97
45.27
44.97
42.37
42.87
47.26
44.21
41.45
NA
42.33
41.28
42.08
46.86
44.79
43.72
45.95
43.81
38.65
42.94
44.74
43.99
40.58
37.9
41.44
44.91
41.26
45.25
47.35
44.2
44.42
42.57
45.13
43.15
45.55
42.55
42.55
44.35
46.65
45.15
43.04
42.97
45.9
44.71
41.89
46.33
43.23
42.38
44.48
43.68
40.68
41.68
43.98
46.28
43.08
43.62
41.78
44.98
40.48
46.28
42.88
NA
40.98
NA
NA
NA
NA
NA
NA
NA
43.1
45.3
43.1
46.0
43.73
45.61
44.05
48.32
44.12
44.63
45.82
44.94
43.8
45.46
43.1
44.5
44.63
45.52
43.6
45.37
43.04
44.61
44.72
45.62
46.24
43.11
45.93
44.99
46.36
44.02
44.4
41.37
45.17
42.97
NA
43.06
42.58
45.05
NA
44.26
NA
42.41
44.12
43.32
44.18
NA
NA
43.19
46.69
46.09
43.69
40.89
43.39
44.89
45.49
46.51
42.28
41.6
44.37
44.3
43.52
42.92
47.76
45.15
44.53
42.84
46.01
43.42
43.9
43.72
41.82
45.35
44.17
43.67
42.14
44.76
44.13
47.71
41.0
43.72
48.72
31.52
43.68
43.24
44.56
45.91
43.1
41.01
45.57
45.39
43.7
44.64
38.64
42.74
NA
45.62
NA
45.98
45.14
NA
46.82
43.32
42.38
43.45
43.71
46.18
47.94
47.27
45.23
46.21
45.11
44.02
43.81
40.82
43.92
41.65
45.32
45.41
45.05
42.69
42.45
45.68
36.98
40.08
46.18
45.68
37.88
43.68
43.75
41.92
46.78
46.42
44.45
43.28
44.88
44.6
42.18
44.15
43.67
45.01
42.0
45.5
42.18
47.85
45.25
46.05
45.15
42.95
42.88
44.98
41.17
44.98
42.44
45.04
43.47
44.85
46.67
42.37
47.47
42.99
41.4
47.64
45.84
NA
NA
NA
NA
44.01
42.36
43.73
NA
NA
NA
NA
NA
41.41
NA
NA
NA
NA
45.06
44.96
44.76
46.66
NA
NA
NA
NA
NA
NA
NA
NA
45.9
42.25
45.06
45.44
46.06
46.95
43.05
46.25
43.35
46.75
47.02
44.4
45.71
43.52
48.99
41.78
43.24
46.66
45.4
46.8
NA
43.87
45.33
NA
41.94
43.76
42.98
45.03
42.8
46.16
43.64
46.23
NA
NA
NA
NA
45.79
NA
46.49
44.69
43.79
45.52
43.44
42.6
43.47
44.63
43.71
42.64
44.35
40.47
41.56
44.41
44.26
40.29
43.19
45.49
44.39
46.99
40.59
45.52
42.55
42.41
43.35
44.7
42.28
42.21
44.7
42.7
41.96
45.19
38.59
41.69
41.39
42.69
41.09
43.99
45.22
43.92
42.82
NA
46.12
43.92
46.32
NA
NA
43.38
45.89
47.07
44.48
NA
NA
NA
43.09
46.42
47.25
44.37
NA
43.51
43.51
40.44
43.76
45.01
45.31
47.21
42.58
46.42
44.34
45.04
45.86
42.79
41.98
41.66
42.24
39.47
45.86
43.89
44.93
43.38
43.9
41.84
44.93
NA
47.86
41.81
42.08
NA
41.4
NA
43.36
44.79
46.66
NA
43.68
42.33
NA
43.26
42.35
42.74
NA
40.42
42.11
46.38
42.5
41.63
45.26
43.07
NA
NA
NA
NA
42.51
42.92
42.09
44.2
43.5
47.3
48.1
NA
44.7
42.5
44.8
43.7
44.4
44.1
43.4
40.5
45.8
46.9
NA
45.9
45.4
46.44
NA
44.62
47.12
41.52
44.02
46.02
43.91
43.81
46.81
NA
41.38
41.51
46.31
45.31
42.31
46.11
44.49
45.49
42.59
44.89
43.9
45.16
NA
42.61
44.98
NA
NA
45.11
43.81
43.04
NA
45.14
41.71
43.64
48.99
47.36
41.34
44.18
43.17
45.61
46.43
NA
NA
NA
NA
NA
NA
42.5
45.17
NA
NA
43.42
44.97
46.78
NA
43.62
46.48
43.47
43.97
46.34
44.44
43.94
43.94
41.0
44.14
40.97
41.96
42.26
42.66
43.56
42.66
NA
41.06
46.26
41.46
46.13
46.11
42.99
46.29
40.39
NA
42.99
44.89
41.19
45.09
NA
45.29
44.79
43.78
46.18
NA
42.58
46.38
44.18
46.18
43.68
43.03
NA
42.41
47.11
42.84
40.1
NA
41.87
42.83
42.3
47.5
45.1
44.0
42.6
42.3
42.3
43.5
47.0
41.84
44.99
45.68
47.12
43.12
43.05
43.57
NA
41.92
NA
42.43
45.8
42.6
44.53
42.83
41.86
44.26
44.58
42.86
42.6
41.33
46.19
46.29
45.24
43.69
45.5
46.84
NA
NA
45.28
45.21
40.92
44.86
47.11
46.1
42.87
43.62
44.36
44.87
43.12
43.02
41.81
45.21
43.01
47.83
NA
42.8
42.59
NA
44.01
42.5
43.01
41.11
44.48
42.54
44.85
41.08
43.19
44.78
42.45
43.92
48.05
41.1
42.44
46.26
42.39
42.19
46.09
42.59
43.19
NA
42.69
45.89
40.99
46.2
46.48
42.57
44.3
43.41
42.1
46.86
43.96
45.32
41.62
43.02
NA
45.62
45.06
46.88
42.63
47.31
43.1
43.62
43.46
41.85
41.37
42.65
46.23
43.01
44.41
41.68
43.24
42.64
43.76
43.0
45.9
NA
42.2
NA
45.69
46.7
42.99
44.53
41.43
48.03
NA
47.0
42.08
43.29
46.85
43.74
45.43
45.41
41.15
43.04
45.67
43.86
43.32
45.77
43.64
46.44
46.89
39.63
NA
42.7
45.91
44.97
44.08
NA
42.76
44.97
40.92
45.65
45.6
45.01
NA
42.56
42.93
45.07
42.95
46.44
44.73
43.36
43.15
43.95
46.45
42.15
43.25
45.35
44.35
41.1
NA
43.16
42.73
42.13
NA
42.86
43.54
44.94
44.54
NA
46.34
NA
43.77
43.13
43.37
41.35
42.0
43.8
45.9
47.2
43.2
46.26
42.91
43.66
46.48
43.2
43.17
44.05
42.96
40.4
NA
42.42
45.32
41.82
46.62
43.62
46.42
43.52
45.32
42.92
47.42
44.31
44.37
41.56
NA
NA
46.04
44.01
40.75
42.92
47.1
42.26
43.56
43.16
45.36
41.96
46.76
43.46
46.46
44.86
45.46
42.96
47.46
44.99
42.91
44.58
45.11
41.24
41.37
44.63
41.52
44.97
46.2
43.53
42.05
41.69
42.79
44.07
49.4
45.03
44.55
41.51
43.87
48.54
44.24
40.8
47.08
44.63
46.73
45.23
45.23
44.53
NA
NA
NA
47.01
46.81
42.61
41.91
47.61
45.02
45.18
NA
47.01
41.31
42.23
46.01
44.17
42.72
46.09
41.99
48.49
40.41
46.87
42.9
41.9
45.67
NA
NA
44.03
45.93
46.03
45.18
42.86
45.64
45.34
43.04
43.14
47.04
44.54
44.64
41.85
44.98
44.58
45.18
40.99
44.69
46.79
44.59
43.74
41.44
44.24
44.74
46.74
46.47
47.75
41.83
46.16
44.45
41.11
42.47
41.67
47.39
43.46
42.53
43.46
45.77
45.3
45.07
45.83
44.1
44.28
46.36
44.16
45.48
44.81
42.97
46.35
43.25
43.46
45.11
44.11
47.09
NA
45.11
43.18
43.37
43.51
42.5
44.3
45.2
45.5
45.4
46.6
42.8
42.0
45.8
44.0
44.3
43.7
44.9
42.99
43.43
42.04
43.7
42.83
43.79
42.77
46.98
43.42
43.67
43.79
43.33
45.91
42.34
41.4
45.73
44.76
45.71
42.36
43.63
45.76
42.17
42.74
40.99
41.84
47.54
45.48
40.09
45.44
45.22
45.47
42.14
41.65
42.08
37.84
43.46
41.16
43.75
44.74
43.4
42.62
43.42
45.58
46.95
42.03
45.43
40.93
46.13
NA
44.63
NA
43.33
NA
42.2
41.3
45.9
47.4
44.6
43.6
45.2
44.8
43.8
41.45
40.65
45.88
42.86
42.32
42.92
NA
NA
43.42
46.18
42.49
43.33
45.34
45.79
45.79
47.59
NA
45.79
47.06
45.78
41.56
44.25
44.37
42.84
42.25
46.69
43.17
42.34
43.53
NA
NA
40.13
45.43
44.25
45.67
40.33
46.84
45.54
41.34
44.34
44.24
42.74
42.16
40.89
45.14
44.49
44.74
43.71
43.72
45.51
42.17
NA
45.99
43.16
43.77
43.96
46.74
45.1
44.01
42.02
44.08
41.78
43.08
44.02
NA
46.12
NA
NA
NA
44.24
45.61
45.59
41.73
NA
44.55
44.75
46.55
46.45
40.45
43.05
44.05
41.75
45.66
44.95
42.88
38.46
46.55
45.24
42.74
46.04
42.04
44.24
41.64
45.04
43.64
45.91
43.69
45.19
44.26
41.69
42.04
45.27
43.6
41.52
45.22
46.99
44.04
43.3
42.35
46.68
42.2
NA
NA
39.49
44.85
42.64
46.7
41.11
44.43
44.78
NA
43.72
48.63
42.67
42.76
45.0
40.93
46.64
46.07
43.07
42.6
42.44
41.37
48.27
43.7
43.83
46.81
41.07
44.94
44.74
43.24
41.84
43.13
44.73
43.13
41.03
43.0
NA
42.26
42.26
42.91
42.26
47.6
45.12
43.73
41.39
46.49
43.93
44.93
44.24
44.34
42.26
43.87
45.07
47.72
40.82
45.87
45.08
42.73
42.0
48.2
NA
41.39
50.53
NA
43.93
NA
46.57
43.45
46.57
NA
43.37
NA
NA
42.47
42.47
NA
NA
41.6
46.64
NA
NA
NA
43.01
44.82
44.22
42.92
45.12
45.42
43.69
44.55
43.69
44.1
43.25
NA
NA
NA
NA
42.96
42.94
44.69
44.68
45.5
41.72
45.79
41.94
42.16
41.59
NA
44.34
43.84
42.52
42.89
41.64
43.65
42.86
42.55
42.96
43.26
42.43
41.99
NA
44.26
42.96
46.43
43.74
NA
41.88
43.22
42.11
41.69
45.11
45.59
44.46
44.07
41.73
42.43
44.2
43.92
44.06
45.08
45.71
45.19
43.89
46.79
41.84
44.27
45.03
42.01
NA
41.94
43.11
40.76
44.43
46.75
43.17
42.41
43.08
42.68
41.75
44.57
44.38
41.15
45.25
44.43
42.08
44.8
44.72
43.71
40.94
47.08
43.52
43.62
43.52
41.89
41.28
42.89
43.0
44.63
43.0
46.27
41.42
42.65
40.46
43.29
46.6
45.17
43.04
42.24
44.53
42.61
43.31
NA
NA
44.24
44.8
NA
NA
NA
45.86
44.62
NA
NA
47.19
43.49
46.72
48.01
44.19
44.8
45.41
46.05
42.44
46.16
47.09
46.0
46.44
42.52
44.76
47.6
42.67
44.15
42.23
38.51
45.06
41.17
46.06
47.38
42.46
45.99
45.32
40.92
45.19
45.65
44.65
46.65
43.76
42.35
42.5
46.58
43.76
42.81
46.42
43.02
44.46
NA
NA
44.02
46.86
NA
43.79
43.03
NA
40.13
44.63
44.34
42.69
41.06
NA
41.2
43.07
43.84
44.83
44.15
42.93
45.15
45.19
44.07
44.4
47.68
43.94
43.14
46.05
46.64
42.59
43.78
43.56
43.82
45.66
NA
41.14
45.85
43.27
45.98
41.9
44.46
41.36
45.36
44.96
39.06
44.46
42.23
43.98
40.09
43.8
42.96
42.68
43.42
44.93
45.03
45.37
44.22
33.35
43.67
44.43
44.8
42.18
45.6
40.86
45.92
43.99
45.59
43.5
44.2
42.2
43.2
43.5
40.7
43.2
45.3
43.1
43.95
45.2
47.95
40.95
46.33
NA
42.57
45.23
46.36
43.22
42.4
46.18
NA
42.02
47.1
NA
42.88
44.25
NA
46.35
45.96
43.33
42.52
41.63
47.73
42.05
44.4
44.36
43.97
42.46
45.08
43.88
45.94
45.42
46.91
NA
42.35
46.95
46.05
NA
NA
NA
NA
NA
NA
NA
NA
NA
NA
NA
NA
NA
NA
44.06
43.93
44.42
47.97
42.06
43.25
43.75
45.43
43.97
42.01
42.11
NA
43.92
46.81
43.91
NA
NA
44.43
47.35
43.05
42.28
42.78
44.88
44.38
45.38
43.88
43.48
43.27
42.83
44.41
45.83
44.65
42.99
42.89
NA
NA
NA
NA
NA
NA
NA
47.19
45.39
45.49
46.79
42.39
41.59
40.98
46.48
43.18
46.48
42.08
43.19
42.59
45.67
44.03
44.93
41.73
46.63
45.33
42.31
44.82
41.58
43.16
43.55
44.34
NA
44.34
41.25
44.86
NA
41.37
43.41
44.68
46.06
NA
NA
42.84
42.04
43.65
41.63
44.09
45.64
45.43
47.24
43.84
46.76
42.51
NA
43.48
45.85
45.19
43.16
NA
42.57
43.38
43.51
44.31
41.25
42.66
42.89
42.69
49.57
44.27
41.67
44.77
44.07
44.87
46.85
44.26
46.08
44.04
44.34
41.14
42.27
44.34
45.6
43.04
44.44
43.14
NA
45.94
44.19
46.03
45.34
45.04
40.64
44.8
43.12
NA
41.97
45.59
43.81
43.24
47.12
43.89
43.51
43.56
44.8
45.42
NA
44.17
48.51
47.16
46.63
47.7
44.89
44.58
45.64
43.35
44.97
42.94
40.61
42.66
46.83
42.05
47.56
44.49
44.64
46.34
44.53
45.47
44.53
44.19
44.39
42.92
NA
42.38
47.88
42.98
45.48
44.38
44.48
45.44
NA
42.24
45.61
44.43
NA
43.04
43.37
45.21
42.53
40.86
43.59
45.33
43.37
45.68
41.58
42.53
42.6
45.37
42.06
42.63
42.69
46.6
40.76
46.21
44.71
45.57
NA
44.17
43.87
43.17
43.54
NA
NA
NA
NA
44.89
44.02
43.87
42.9
NA
45.48
41.92
NA
45.38
NA
NA
43.34
43.38
43.07
47.01
42.81
42.81
45.11
41.21
44.31
42.0
46.49
44.1
43.0
42.1
45.17
46.19
42.93
44.81
44.56
45.29
46.23
43.04
44.85
44.5
47.3
45.8
40.7
42.9
43.9
46.08
46.61
43.98
43.12
43.99
NA
41.79
44.29
NA
43.79
44.99
42.31
42.78
42.78
45.98
44.82
42.45
45.32
45.62
NA
42.76
46.02
44.81
42.46
45.35
43.38
41.3
41.7
42.8
43.6
44.7
42.8
42.6
45.2
44.2
41.7
45.41
44.18
42.92
45.13
43.34
42.84
45.24
42.14
43.63
41.83
44.93
NA
41.13
44.53
45.03
45.63
45.43
NA
45.53
45.67
45.87
44.77
44.27
45.87
47.47
41.37
45.53
NA
NA
42.71
43.31
47.16
44.71
43.09
42.07
44.46
48.58
44.98
46.19
45.65
45.95
43.88
42.26
41.35
42.17
45.18
45.28
47.79
48.29
42.45
46.71
42.69
42.95
44.24
43.84
40.22
44.11
42.3
42.63
43.19
43.99
45.69
44.94
44.04
44.14
44.44
44.69
45.58
NA
42.07
46.79
42.64
NA
NA
NA
NA
NA
NA
38.53
45.1
42.71
38.69
42.41
44.61
45.1
45.84
48.8
41.81
42.88
41.71
NA
NA
43.45
42.97
42.58
42.36
43.04
42.22
46.15
41.71
40.42
42.26
43.02
45.42
44.02
43.39
43.39
41.0
40.85
44.42
NA
43.76
43.38
43.2
41.02
40.89
44.24
41.82
42.7
NA
41.65
45.29
47.86
46.09
43.91
45.76
44.4
45.72
44.35
44.37
42.92
42.89
43.34
44.51
46.75
47.26
46.47
NA
43.52
42.25
46.17
46.31
44.19
46.19
43.24
42.11
45.65
46.28
44.23
46.27
43.29
42.27
45.5
46.48
44.26
46.14
43.32
42.72
44.25
42.88
44.24
41.26
41.59
NA
41.28
41.25
41.93