177.15
177.86
177.66
176.93
177.75
177.09
174.58
177.97
175.2
176.05
175.65
176.1
176.87
176.77
177.0
NA
178.02
NA
NA
NA
NA
175.29
176.33
175.9
NA
176.71
175.43
176.57
175.67
177.06
176.96
NA
177.62
173.98
175.37
178.49
176.91
176.15
176.35
177.01
175.37
177.38
177.66
177.7
176.81
175.85
178.34
178.56
175.24
177.24
175.48
NA
173.43
177.25
177.16
177.58
177.21
177.51
NA
177.44
176.47
179.17
177.12
175.05
175.09
176.98
176.48
177.0
179.09
178.46
178.22
174.98
178.3
175.18
176.67
173.46
176.55
177.34
177.1
176.14
175.75
175.08
175.86
178.3
175.93
179.32
177.97
NA
173.8
177.9
176.71
182.55
176.66
176.87
176.54
176.13
178.09
174.41
176.64
174.46
176.68
172.67
176.98
175.76
175.36
177.12
176.38
NA
NA
178.64
176.66
176.52
178.15
178.23
177.8
175.66
177.44
177.66
173.85
177.72
177.53
176.52
176.47
174.72
176.56
175.6
175.43
175.52
176.27
177.58
176.56
177.59
178.8
177.41
174.4
178.09
175.13
178.53
178.72
176.83
174.84
175.27
175.89
177.12
177.02
176.01
176.06
175.13
176.22
177.97
177.69
176.35
175.74
176.12
174.35
174.43
178.86
176.98
175.59
178.62
175.41
175.34
176.7
176.12
175.24
174.92
176.01
177.93
175.37
176.05
175.42
NA
177.09
175.7
177.87
176.87
175.94
179.02
178.5
176.85
175.97
NA
178.76
176.38
178.94
175.01
177.0
177.53
174.8
175.51
177.29
177.39
174.65
NA
NA
NA
NA
175.9
172.84
176.08
179.7
178.1
174.17
175.16
177.44
NA
NA
175.92
177.54
179.55
176.21
176.56
173.71
NA
176.87
176.34
177.67
177.68
174.98
176.37
176.55
177.18
177.46
177.89
174.73
178.07
NA
174.15
176.4
176.71
174.47
176.51
175.39
NA
NA
177.44
NA
NA
NA
NA
NA
178.25
174.95
177.66
178.09
176.69
177.17
177.58
174.24
176.85
177.77
178.74
177.8
177.1
175.21
174.47
176.11
177.82
174.92
174.95
178.46
176.84
178.57
176.27
180.69
177.83
176.62
NA
175.31
176.56
177.51
177.59
NA
177.33
175.44
173.18
178.44
177.08
177.41
178.92
177.68
178.49
177.87
176.81
176.76
NA
NA
NA
NA
178.21
NA
174.85
176.06
174.45
175.7
174.36
177.87
177.12
NA
177.2
176.87
175.0
176.26
175.58
174.96
175.85
178.62
177.8
176.39
NA
176.97
177.86
176.25
176.17
NA
176.55
177.98
176.11
176.12
NA
177.4
177.03
NA
176.23
NA
NA
NA
NA
NA
NA
NA
NA
NA
177.02
177.24
177.04
177.01
176.62
176.49
176.19
177.56
179.42
175.68
176.69
177.12
NA
177.69
176.53
NA
177.59
176.54
176.86
176.51
177.01
176.98
177.12
177.05
178.71
174.09
177.05
175.96
176.76
176.85
176.39
NA
176.51
175.37
176.33
176.57
177.15
176.57
177.7
177.26
NA
176.45
179.43
NA
174.62
NA
175.92
178.75
178.07
176.96
177.41
178.32
177.03
177.87
174.73
177.01
179.36
176.79
176.04
173.99
174.78
172.82
176.49
176.62
178.94
177.32
176.76
179.08
178.45
176.6
176.26
178.88
178.28
177.35
173.36
177.36
177.42
NA
174.11
173.53
176.89
175.31
177.55
178.23
172.27
177.97
175.47
177.99
173.46
176.36
176.45
NA
176.39
175.8
177.86
176.07
NA
176.88
175.53
176.35
178.05
177.49
173.71
NA
NA
176.86
176.58
175.86
177.15
NA
175.62
175.25
176.88
176.84
178.66
176.21
179.4
178.11
177.8
178.13
176.27
176.46
177.24
178.64
173.56
176.89
NA
177.85
177.2
176.35
176.65
175.8
NA
NA
176.33
176.6
175.39
177.27
173.94
NA
178.33
178.41
176.57
176.23
173.67
175.86
175.74
176.52
177.42
176.21
176.65
175.96
175.27
NA
175.87
179.68
176.38
176.94
176.49
177.25
176.88
177.9
NA
NA
NA
176.86
176.83
174.41
174.87
177.41
174.92
176.29
175.7
178.08
176.79
177.63
176.11
175.0
178.64
176.78
178.9
179.47
178.27
NA
NA
175.9
174.33
NA
175.74
177.4
177.03
176.72
NA
178.03
173.38
177.17
176.31
177.07
175.34
182.32
NA
175.96
175.15
177.0
173.85
176.93
176.67
176.73
178.25
177.41
175.18
174.5
176.66
NA
NA
176.81
174.45
NA
178.24
176.57
178.12
176.56
178.08
176.43
NA
176.57
178.07
176.46
176.86
NA
177.43
176.07
180.45
177.34
175.18
177.4
177.82
178.34
176.77
NA
NA
179.39
NA
NA
177.09
180.41
178.19
175.06
NA
175.02
177.65
177.25
177.58
177.14
173.56
178.86
NA
176.96
179.16
176.56
177.56
NA
178.79
176.79
176.89
179.19
176.49
NA
173.59
178.89
176.89
176.79
NA
176.69
177.69
NA
176.05
176.37
NA
176.66
NA
NA
174.1
178.3
176.89
NA
NA
NA
NA
NA
NA
NA
NA
NA
NA
NA
NA
NA
NA
176.3
176.29
NA
NA
NA
NA
NA
NA
NA
NA
177.95
179.42
174.76
175.67
176.98
176.77
NA
NA
NA
NA
NA
NA
NA
176.4
179.3
NA
176.4
NA
173.41
NA
177.66
175.58
177.48
177.7
176.77
NA
NA
NA
NA
NA
NA
NA
NA
NA
NA
NA
NA
NA
175.06
NA
176.34
178.96
177.38
178.07
NA
NA
NA
NA
175.17
NA
NA
NA
NA
NA
NA
NA
NA
174.79
176.31
176.65
176.37
176.48
177.03
177.03
NA
NA
NA
177.4
175.61
174.45
177.41
172.89
176.11
178.05
177.93
NA
NA
NA
NA
177.96
176.56
173.97
176.87
177.87
173.97
177.07
174.57
175.87
174.93
NA
177.14
179.1
175.64
176.96
175.5
177.1
177.64
175.62
NA
NA
177.36
176.6
176.8
175.02
176.02
NA
176.88
176.48
176.78
177.39
NA
NA
175.43
174.83
177.32
176.38
NA
NA
175.56
177.06
176.94
174.92
177.67
179.04
176.71
177.15
176.05
176.19
NA
NA
NA
175.63
176.78
176.66
176.81
178.46
177.07
178.9
NA
178.32
177.92
NA
NA
NA
NA
NA
NA
NA
NA
NA
NA
NA
175.03
175.03
174.93
175.03
174.92
175.02
175.02
175.02
176.32
175.02
178.96
175.52
NA
NA
175.27
177.31
178.37
180.5
174.59
177.04
178.75
NA
176.31
NA
NA
175.45
175.15
177.35
178.25
NA
NA
176.52
177.78
177.44
176.72
178.55
174.67
176.2
NA
NA
177.32
177.72
176.89
177.56
176.02
176.15
174.54
179.26
176.09
176.14
174.63
174.97
176.37
NA
177.09
NA
179.1
176.18
176.02
177.36
NA
176.76
174.07
177.31
174.0
174.51
177.56
175.84
NA
NA
NA
177.35
178.15
174.68
178.34
176.16
177.88
NA
NA
NA
NA
NA
177.8
NA
174.0
174.51
177.56
175.84
NA
NA
NA
177.44
NA
NA
NA
NA
NA
NA
171.21
176.92
NA
178.96
177.35
176.21
179.23
NA
NA
NA
NA
176.33
176.65
178.04
177.51
179.63
176.3
178.54
177.8
179.32
176.37
178.67
177.35
178.52
177.1
NA
NA
NA
NA
NA
177.79
179.12
178.23
177.36
178.24
177.22
NA
NA
NA
NA
176.62
175.78
178.66
NA
177.71
NA
174.17
NA
NA
NA
177.25
179.24
NA
NA
177.72
177.12
NA
NA
NA
NA
NA
NA
NA
NA
NA
NA
NA
NA
NA
NA
176.68
176.6
NA
177.86
177.19
NA
176.57
176.21
176.89
176.45
176.38
178.73
177.61
176.49
175.58
176.61
NA
NA
NA
NA
NA
NA
NA
NA
176.11
176.25
176.94
176.76
175.08
178.62
177.55
NA
176.58
178.56
178.93
178.64
178.98
177.95
NA
NA
NA
NA
NA
NA
NA
NA
NA
NA
176.72
176.82
179.02
NA
171.13
NA
NA
NA
176.85
177.4
175.3
176.95
NA
NA
NA
NA
NA
NA
178.88
174.02
NA
178.66
NA
NA
NA
NA
174.29
176.66
178.45
176.31
177.75
NA
NA
NA
NA
NA
NA
NA
NA
NA
NA
NA
NA
NA
NA
177.63
179.03
178.15
NA
NA
NA
NA
173.47
175.3
176.59
176.12
174.63
171.18
174.59
173.32
177.23
177.94
175.91
177.61
177.65
176.96
NA
NA
NA
NA
NA
NA
NA
NA
NA
NA
NA
NA
NA
NA
178.78
178.38
174.68
NA
177.48
176.47
176.37
NA
175.64
176.86
176.8
179.06
174.8
NA
176.34
176.84
177.64
176.22
178.05
174.68
177.54
178.47
NA
NA
NA
NA
NA
NA
NA
NA
NA
178.15
174.6
176.63
177.22
NA
NA
NA
NA
176.24
177.14
NA
NA
NA
NA
NA
NA
NA
NA
NA
177.99
176.34
175.74
174.94
176.94
173.24
179.44
176.68
NA
NA
NA
NA
NA
NA
NA
176.84
175.54
174.07
174.47
177.57
175.87
176.68
178.08
174.23
174.63
176.93
176.03
NA
NA
NA
NA
NA
176.43
NA
NA
NA
176.7
NA
178.5
176.7
175.0
178.5
173.06
175.46
177.66
181.16
177.46
176.14
174.78
176.08
176.14
179.25
179.4
NA
NA
NA
NA
NA
NA
NA
NA
NA
NA
NA
NA
NA
NA
NA
NA
NA
NA
NA
NA
178.8
176.4
176.2
178.25
179.15
177.15
175.75
180.85
179.65
176.85
177.15
NA
NA
NA
NA
NA
NA
NA
NA
NA
NA
NA
NA
NA
NA
NA
NA
NA
NA
NA
NA
NA
NA
NA
NA
176.25
NA
NA
NA
173.7
173.42
NA
176.9
176.7
NA
NA
173.8
172.0
NA
175.3
172.61
176.64
NA
175.3
172.61
176.64
NA
NA
NA
NA
NA
176.95
174.75
NA
NA
NA
177.73
176.24
NA
NA
NA
NA
NA
NA
NA
NA
NA
NA
NA
NA
NA
NA
NA
176.27
177.22
NA
178.68
176.78
176.73
NA
177.74
177.13
176.87
NA
NA
177.92
177.54
NA
NA
174.88
175.98
178.79
176.33
NA
NA
NA
NA
NA
NA
NA
175.69
175.57
177.77
179.77
NA
176.19
NA
NA
179.34
175.07
175.86
176.03
177.41
177.8
NA
NA
NA
177.01
176.76
174.84
175.37
NA
NA
NA
181.65
NA
NA
176.12
177.3
NA
176.53
176.35
176.65
NA
NA
NA
NA
NA
NA
NA
176.75
173.98
NA
NA
NA
NA
NA
NA
NA
NA
NA
NA
NA
NA
NA
NA
NA
176.34
175.34
174.54
NA
NA
176.7
175.7
183.2
177.99
180.34
178.02
177.23
177.33
176.0
176.5
175.1
177.31
175.97
176.88
174.75
NA
177.45
NA
177.7
177.59
NA
176.91
NA
NA
178.41
175.92
175.18
177.64
175.97
NA
NA
NA
175.72
178.82
175.52
176.25
175.55
178.95
177.45
NA
178.77
175.87
175.27
173.87
NA
176.05
176.95
178.25
176.55
NA
176.4
NA
NA
176.47
178.48
176.68
NA
177.96
176.91
174.93
177.45
175.46
176.29
NA
NA
NA
177.25
NA
NA
NA
NA
NA
NA
NA
NA
NA
NA
174.77
175.59
175.85
174.9
176.67
177.16
179.27
NA
176.08
NA
177.48
176.72
176.02
174.19
NA
177.89
176.47
171.34
176.02
176.33
179.62
176.47
NA
177.01
177.31
176.41
NA
NA
NA
175.67
NA
177.26
NA
NA
NA
NA
NA
NA
NA
NA
NA
NA
NA
NA
NA
177.24
178.54
NA
NA
NA
NA
NA
NA
NA
NA
NA
177.29
178.33
NA
NA
NA
NA
176.74
178.51
NA
NA
NA
174.11
173.2
NA
NA
NA
NA
NA
NA
178.41
176.73
NA
NA
NA
NA
NA
NA
NA
173.86
178.26
176.76
174.86
174.46
176.93
176.55
176.43
176.1
176.21
177.18
NA
NA
NA
NA
NA
NA
NA
NA
NA
NA
NA
NA
173.95
NA
177.42
NA
177.57
NA
177.7
177.4
NA
NA
NA
NA
NA
NA
NA
NA
178.42
175.79
175.34
178.05
175.25
NA
NA
NA
176.93
176.55
176.43
176.1
176.21
177.18
176.07
174.17
175.27
176.67
174.77
NA
NA
NA
NA
NA
NA
NA
NA
NA
NA
177.79
NA
NA
NA
NA
NA
NA
178.26
178.17
178.61
NA
NA
NA
NA
NA
179.46
NA
176.46
178.3
177.75
177.46
NA
NA
NA
NA
NA
176.01
177.52
175.61
181.53
174.43
NA
NA
NA
NA
NA
NA
NA
NA
NA
NA
NA
NA
NA
NA
NA
NA
NA
NA
NA
NA
177.65
175.76
175.48
NA
NA
NA
NA
NA
NA
NA
NA
NA
177.07
177.36
176.28
NA
176.88
NA
NA
175.15
176.36
177.4
NA
NA
176.87
177.57
NA
NA
NA
NA
174.78
176.08
176.28
177.22
174.77
175.15
175.76
176.07
175.37
176.06
176.56
179.66
176.56
177.27
178.77
177.46
178.96
NA
178.66
176.04
173.95
177.93
174.13
175.0
175.5
174.99
173.95
NA
178.85
NA
178.34
177.52
176.86
NA
NA
NA
177.28
178.64
178.15
175.33
175.95
176.68
173.39
175.19
NA
174.49
175.18
NA
174.51
177.31
174.11
180.11
176.21
NA
NA
NA
NA
NA
177.95
176.2
176.89
173.0
176.39
177.1
176.89
178.46
176.58
174.08
177.08
177.08
NA
NA
176.82
176.22
176.93
176.65
178.46
NA
175.64
176.21
NA
NA
NA
NA
NA
NA
NA
176.99
174.28
NA
NA
174.28
NA
NA
NA
NA
NA
NA
178.25
177.3
NA
NA
NA
NA
NA
NA
174.8
182.3
175.3
178.4
176.4
176.5
182.0
NA
NA
NA
NA
175.71
176.18
177.4
172.78
174.21
177.78
176.75
NA
NA
NA
179.54
NA
NA
NA
NA
NA
176.2
175.44
NA
173.67
176.37
175.98
177.2
174.43
175.7
181.99
173.42
174.24
178.24
177.82
173.78
177.52
NA
NA
NA
176.75
178.58
175.94
177.53
NA
NA
NA
NA
NA
NA
NA
NA
NA
NA
NA
NA
171.66
177.11
176.29
174.38
173.12
NA
176.92
174.95
174.24
177.9
174.1
178.46
176.35
NA
NA
178.1
177.36
174.38
174.68
176.38
175.88
173.78
175.98
176.68
176.57
178.37
176.67
NA
178.27
176.97
174.87
177.27
175.57
176.87
178.37
176.67
NA
178.17
176.87
174.87
177.67
175.47
NA
NA
NA
NA
NA
NA
NA
NA
178.34
176.14
176.94
177.43
179.13
177.03
177.33
NA
NA
177.74
179.36
177.18
177.55
175.26
175.29
175.55
178.75
NA
177.65
NA
176.66
NA
NA
178.28
176.29
175.26
178.47
178.55
174.85
176.25
177.38
177.04
175.85
177.89
NA
NA
NA
NA
NA
NA
177.17
177.47
NA
NA
NA
NA
NA
NA
NA
NA
NA
NA
NA
NA
176.89
177.19
178.17
NA
NA
NA
177.04
176.54
NA
NA
NA
NA
NA
NA
177.13
177.43
175.03
176.73
178.63
175.43
176.68
176.86
177.42
NA
NA
175.03
177.03
174.8
177.1
176.9
174.7
171.75
176.32
177.11
178.69
174.64
177.7
174.6
177.4
176.7
177.5
177.63
177.55
173.13
NA
NA
177.73
175.33
NA
NA
NA
NA
NA
NA
NA
NA
NA
NA
NA
NA
NA
176.81
176.22
NA
NA
NA
176.57
174.89
177.69
NA
NA
NA
177.8
178.49
175.44
171.94
177.95
175.85
173.25
NA
NA
NA
176.1
176.02
NA
NA
NA
NA
NA
NA
NA
176.85
178.55
176.15
NA
176.21
179.11
175.31
174.74
174.9
173.97
177.31
176.87
177.37
177.21
176.99
178.01
174.81
177.61
175.66
177.6
174.94
NA
175.21
177.03
175.54
176.0
NA
178.73
178.73
174.83
178.03
176.23
NA
NA
175.89
176.21
NA
174.9
NA
NA
NA
NA
NA
177.51
175.6
174.09
NA
NA
180.61
NA
NA
179.21
177.21
174.8
175.3
171.9
175.9
177.7
175.5
177.52
177.65
175.32
176.03
NA
177.52
180.28
178.62
177.38
NA
NA
176.16
NA
175.16
175.76
177.48
176.51
NA
NA
177.62
NA
NA
NA
175.39
176.79
NA
177.36
175.56
177.32
178.07
NA
NA
NA
NA
NA
NA
NA
NA
NA
177.32
176.86
NA
NA
NA
175.54
176.16
176.93
173.73
178.83
176.63
NA
179.87
176.87
NA
NA
NA
NA
NA
177.47
176.64
176.69
176.6
176.7
176.76
NA
178.69
177.19
177.68
177.88
174.39
176.29
176.69
NA
NA
178.16
178.13
178.66
178.32
174.89
NA
176.31
177.5
176.82
175.98
NA
178.19
176.72
176.51
177.14
NA
176.7
178.25
179.92
177.01
177.26
178.23
NA
NA
176.04
NA
NA
176.72
177.34
174.74
NA
175.17
NA
176.76
175.55
179.75
NA
180.15
177.67
NA
NA
177.11
178.86
174.26
177.37
176.7
176.66
NA
NA
175.41
176.42
178.33
179.75
NA
175.11
178.3
176.54
175.48
176.97
175.95
NA
177.05
NA
176.38
177.08
177.58
176.28
177.98
175.58
177.88
178.38
174.65
177.13
178.2
174.83
178.73
178.23
NA
177.53
176.33
NA
176.86
177.08
177.49
177.79
NA
177.08
174.38
NA
176.52
174.32
178.17
176.81
NA
176.83
180.46
175.34
176.04
178.24
NA
177.04
176.24
NA
NA
177.75
177.46
NA
NA
NA
NA
175.89
175.69
177.33
176.43
NA
NA
NA
175.91
NA
171.64
175.14
176.45
173.17
176.47
178.07
177.87
179.27
NA
176.99
174.25
NA
176.85
174.22
176.22
176.29
175.38
179.69
176.24
176.71
NA
NA
NA
NA
176.84
177.95
181.29
NA
NA
NA
NA
NA
NA
NA
NA
NA
NA
NA
NA
NA
NA
177.06
176.75
176.78
176.18
176.28
173.78
NA
NA
NA
178.53
NA
177.84
177.78
NA
176.01
175.52
NA
175.85
NA
177.45
NA
NA
NA
NA
NA
177.44
175.09
178.64
NA
177.19
179.79
177.69
177.79
177.09
NA
176.77
177.75
175.78
NA
NA
175.48
177.38
NA
176.34
174.34
174.58
175.82
NA
177.38
177.29
NA
NA
176.43
NA
NA
NA
NA
NA
NA
NA
175.27
173.08
175.55
179.75
NA
176.66
176.92
175.58
174.73
175.47
176.69
176.56
176.27
171.68
NA
175.66
176.39
174.12
177.67
176.97
177.61
NA
NA
178.15
NA
NA
177.0
NA
NA
NA
NA
176.2
177.3
NA
NA
177.3
176.15
178.15
176.05
178.13
175.91
178.11
176.0
178.1
175.95
178.25
176.07
178.11
175.96
175.87
NA
NA
NA
NA
NA
NA
NA
NA
NA
NA
NA
NA
NA
176.83
176.65
177.58
176.01
NA
NA
173.07
NA
NA
177.53
178.94
176.36
176.45
NA
NA
174.31
NA
175.8
175.59
175.77
NA
NA
NA
NA
NA
NA
176.7
178.51
173.79
NA
176.62
175.97
177.44
175.93
177.41
176.58
NA
NA
NA
175.7
175.3
175.6
174.1
NA
NA
NA
NA
NA
NA
176.73
178.52
177.17
NA
NA
177.92
176.48
NA
175.78
NA
176.95
176.45
NA
NA
NA
NA
174.51
172.81
175.21
NA
176.0
176.4
NA
177.63
175.79
177.29
177.39
176.89
177.69
176.23
177.13
177.73
175.23
177.23
176.93
NA
NA
NA
NA
176.49
177.07
181.69
176.74
174.66
NA
NA
NA
177.0
177.54
176.68
NA
NA
176.81
175.38
177.41
176.34
NA
NA
NA
176.77
176.71
177.54
175.57
NA
NA
177.69
175.74
175.98
NA
178.56
175.21
175.83
176.78
177.01
176.25
177.96
176.86
NA
175.83
178.14
179.17
177.94
NA
175.56
178.99
177.31
178.31
181.21
174.61
178.91
174.61
NA
NA
175.49
NA
176.75
175.82
176.13
NA
177.5
NA
NA
175.92
178.12
175.99
176.86
175.35
173.12
175.83
176.68
175.86
176.67
174.47
176.53
178.72
177.03
176.33
178.93
NA
NA
176.6
172.1
171.1
180.5
179.5
176.6
170.4
NA
176.03
174.45
NA
174.18
177.83
174.89
176.48
176.69
NA
178.48
178.48
NA
NA
NA
NA
NA
NA
NA
NA
NA
NA
NA
NA
NA
NA
174.68
NA
NA
NA
NA
NA
NA
NA
177.4
176.39
NA
177.42
NA
176.11
175.04
NA
NA
174.87
173.58
174.41
177.55
177.72
NA
NA
175.71
178.16
177.28
NA
177.45
178.08
179.22
177.5
177.71
176.47
178.7
177.31
176.81
176.69
176.73
176.15
175.39
175.89
179.49
175.0
174.1
177.3
NA
NA
176.43
175.73
NA
174.53
177.53
178.53
NA
177.53
177.4
177.0
NA
NA
NA
NA
NA
NA
NA
176.06
NA
NA
NA
NA
NA
178.49
178.79
175.79
176.29
179.69
NA
NA
173.73
NA
NA
173.53
174.03
173.83
NA
NA
NA
NA
NA
NA
NA
174.31
177.85
177.82
177.43
175.73
177.48
NA
176.06
177.93
NA
NA
NA
NA
NA
NA
NA
NA
176.72
178.41
177.01
NA
NA
177.14
NA
NA
NA
NA
NA
NA
NA
NA
177.47
177.57
177.6
177.6
179.3
NA
NA
173.38
176.75
177.2
179.25
173.01
177.42
178.77
175.07
174.07
176.01
176.75
NA
177.01
NA
NA
NA
177.35
179.31
175.36
175.89
174.39
NA
177.14
177.14
176.92
177.8
182.73
176.54
180.63
176.67
177.52
177.82
NA
NA
NA
NA
NA
176.97
177.08
177.26
NA
176.97
177.02
NA
NA
NA
NA
NA
NA
NA
177.41
176.89
176.52
NA
NA
NA
NA
177.6
177.07
175.97
179.07
176.08
176.84
NA
NA
175.32
175.96
176.37
NA
NA
NA
NA
NA
175.96
178.65
178.43
NA
177.5
NA
NA
NA
NA
NA
NA
177.06
176.72
178.79
171.67
173.87
178.38
176.89
175.29
177.72
NA
177.52
NA
NA
NA
NA
NA
176.72
177.27
175.69
178.19
177.59
NA
NA
NA
NA
NA
NA
NA
NA
175.75
179.31
176.11
176.3
176.81
178.43
178.94
173.07
180.15
178.82
177.42
175.59
NA
176.43
176.35
176.73
175.84
177.34
177.51
NA
NA
175.7
173.29
NA
NA
NA
NA
173.51
177.65
176.36
176.04
176.9
177.13
NA
NA
NA
176.88
NA
NA
NA
177.16
174.16
176.46
NA
NA
176.47
176.97
176.85
173.13
177.28
175.4
NA
NA
178.83
174.17
177.29
NA
NA
176.57
176.27
176.37
175.07
175.37
177.07
176.67
176.14
177.91
176.65
177.94
177.65
NA
176.77
NA
NA
175.21
178.96
176.75
175.05
176.55
173.59
176.4
176.87
178.37
176.17
179.27
178.07
175.07
NA
NA
176.07
177.37
176.27
175.07
177.59
174.12
175.88
178.42
174.38
177.04
177.14
177.24
176.14
176.39
175.72
175.63
176.24
175.32
NA
173.87
NA
NA
NA
NA
NA
NA
NA
178.09
177.09
NA
176.51
175.99
176.07
174.59
173.62
176.22
176.07
176.07
177.76
NA
174.58
NA
177.99
177.09
NA
NA
176.15
176.17
175.37
174.95
175.75
177.16
177.78
NA
NA
NA
178.05
NA
179.05
175.85
174.82
NA
177.8
176.93
177.65
NA
175.24
176.54
179.4
181.1
175.5
177.51
NA
176.28
176.6
176.8
178.2
175.5
177.04
NA
177.31
176.08
177.6
177.41
178.09
179.2
176.92
177.46
177.64
176.44
178.59
174.86
NA
178.26
176.83
NA
176.07
NA
NA
NA
NA
NA
NA
NA
NA
NA
NA
NA
NA
NA
NA
NA
NA
177.38
176.58
NA
NA
NA
NA
NA
NA
NA
178.87
176.06
177.94
177.33
177.48
NA
NA
NA
NA
178.77
175.57
177.22
175.42
NA
177.26
NA
NA
NA
NA
NA
NA
175.08
179.48
175.68
175.98
175.98
177.51
177.34
177.76
177.56
177.67
175.86
176.95
174.6
175.22
177.25
177.56
177.82
NA
NA
NA
178.54
179.11
NA
175.42
173.83
NA
176.91
176.75
177.36
NA
NA
177.47
173.96
177.97
177.64
178.31
175.86
175.67
177.27
175.85
NA
NA
174.91
180.91
178.31
176.46
177.16
177.09
NA
NA
NA
NA
173.49
NA
NA
NA
NA
NA
NA
NA
NA
177.2
176.62
177.0
174.84
NA
178.44
175.57
NA
NA
NA
NA
NA
NA
NA
NA
NA
NA
178.53
180.54
175.48
174.22
175.75
175.01
176.3
178.6
180.5
177.25
177.63
177.58
177.21
176.49
177.6
178.34
178.74
177.04
175.54
178.37
176.77
175.22
176.82
177.22
177.72
NA
174.95
177.25
177.55
177.05
NA
175.77
178.1
175.92
177.31
NA
NA
178.95
177.18
NA
174.75
176.6
NA
176.56
175.89
175.89
176.09
177.39
NA
NA
NA
NA
177.06
176.5
177.63
176.95
NA
177.27
NA
179.63
174.83
177.03
177.13
NA
NA
NA
NA
NA
NA
NA
NA
175.45
178.5
NA
178.03
176.15
176.17
NA
NA
NA
NA
NA
NA
174.4
NA
NA
NA
180.08
NA
NA
NA
NA
179.07
177.26
173.15
176.59
176.58
177.42
177.85
NA
NA
NA
NA
NA
NA
NA
NA
NA
NA
NA
NA
NA
NA
NA
NA
NA
NA
NA
NA
NA
NA
NA
NA
NA
NA
NA
NA
NA
176.95
177.48
NA
NA
NA
177.6
177.08
NA
NA
179.76
176.24
177.31
178.77
176.92
177.27
176.71
NA
NA
174.11
176.41
177.6
176.9
177.94
176.67
177.54
177.78
178.81
178.3
178.59
177.42
178.33
178.79
178.16
178.47
177.88
178.13
176.83
177.63
177.93
179.03
178.33
178.43
177.73
178.53
NA
NA
NA
NA
177.69
177.74
173.2
177.68
175.12
177.2
178.92
176.86
177.66
NA
NA
NA
NA
NA
NA
NA
176.48
NA
NA
NA
176.79
174.87
NA
NA
NA
176.37
NA
172.41
176.41
NA
177.71
175.91
NA
NA
NA
NA
NA
NA
NA
175.91
176.18
174.28
NA
NA
175.83
NA
NA
NA
176.43
NA
174.24
176.14
178.54
174.27
176.27
175.27
174.97
NA
NA
NA
177.95
177.01
NA
177.22
175.19
174.16
178.7
175.61
178.19
178.33
175.06
175.53
175.83
NA
176.61
177.22
173.86
174.66
175.58
NA
176.7
177.58
178.68
178.04
177.49
176.8
175.53
173.73
178.43
176.99
173.28
177.38
176.12
NA
176.9
177.36
NA
NA
NA
176.6
176.96
NA
174.63
177.0
176.49
NA
NA
175.83
177.96
178.52
177.42
NA
NA
NA
NA
176.27
176.35
176.64
175.55
177.26
177.44
174.34
177.74
177.21
177.08
174.94
176.07
175.12
NA
179.48
NA
NA
NA
NA
NA
NA
NA
NA
NA
NA
NA
NA
NA
NA
NA
NA
NA
NA
NA
NA
NA
NA
NA
NA
NA
NA
177.0
178.1
177.55
173.83
178.54
177.84
NA
176.4
177.26
173.79
NA
NA
NA
173.43
178.33
176.48
176.55
177.63
175.29
175.88
179.68
NA
NA
NA
NA
NA
177.23
176.86
176.44
176.91
NA
NA
NA
NA
NA
NA
176.86
175.84
176.42
176.82
176.71
177.01
NA
NA
NA
NA
NA
NA
NA
NA
NA
NA
NA
173.63
177.03
NA
175.82
173.82
176.42
175.02
178.62
174.92
NA
NA
NA
178.08
177.03
175.63
176.45
177.13
176.82
173.13
172.98
177.07
175.96
NA
179.59
175.46
174.52
177.87
NA
NA
177.24
181.34
177.69
177.73
178.15
175.95
177.25
177.29
178.39
177.59
177.68
175.12
177.2
NA
NA
NA
NA
NA
NA
NA
NA
NA
NA
NA
176.78
175.02
174.92
NA
NA
NA
NA
NA
176.23
174.99
176.79
NA
177.53
NA
176.23
NA
NA
NA
NA
172.96
175.46
178.47
175.71
172.85
NA
NA
NA
NA
NA
NA
177.93
177.16
NA
NA
NA
176.6
175.89
NA
178.31
176.97
176.74
NA
NA
NA
175.74
176.16
171.66
178.96
175.96
177.26
176.66
174.86
175.56
175.66
175.29
NA
178.87
178.08
NA
175.89
176.28
NA
176.05
177.37
175.43
177.7
177.83
176.46
176.42
174.74
NA
176.99
175.65
177.44
177.17
173.95
178.14
175.72
NA
NA
178.93
177.69
175.97
176.65
176.75
177.48
NA
177.07
NA
176.89
NA
177.64
175.63
174.52
174.01
174.02
NA
177.2
178.43
179.23
NA
177.09
177.44
177.44
177.75
177.21
177.02
NA
NA
NA
177.57
NA
177.86
177.46
178.96
178.26
176.77
178.02
177.48
NA
177.21
NA
177.11
175.81
178.21
172.54
175.25
177.07
177.21
177.71
177.32
175.92
175.92
176.67
176.68
173.96
177.69
175.6
NA
174.79
177.42
177.51
176.74
178.37
176.26
178.41
NA
NA
176.94
178.72
176.1
180.37
174.61
177.24
176.95
174.38
NA
NA
NA
175.76
179.86
175.96
NA
177.41
174.89
175.14
177.31
179.01
NA
175.21
176.56
176.01
178.27
175.83
177.14
NA
NA
NA
NA
NA
NA
177.6
174.2
179.29
179.66
179.46
NA
175.36
178.6
178.93
NA
NA
NA
NA
175.94
NA
NA
NA
NA
NA
NA
NA
NA
180.19
177.57
NA
NA
NA
NA
177.61
177.71
172.91
176.01
175.94
177.93
176.47
177.97
NA
NA
NA
NA
180.32
176.87
175.65
175.74
177.95
176.99
176.22
177.04
175.02
177.44
172.76
176.23
NA
176.03
177.32
176.15
NA
NA
NA
NA
NA
NA
NA
NA
NA
NA
NA
NA
NA
NA
NA
NA
NA
NA
NA
NA
177.65
175.64
NA
NA
NA
NA
NA
173.62
175.72
176.32
NA
NA
178.29
176.99
178.39
NA
177.89
NA
174.91
179.97
174.29
176.13
174.72
NA
176.77
176.87
NA
NA
NA
NA
NA
NA
NA
NA
NA
NA
NA
NA
175.72
NA
177.76
177.55
177.1
173.16
174.32
175.63
176.88
177.68
NA
NA
174.31
176.68
NA
175.59
177.29
178.31
177.67
176.73
176.82
179.35
179.39
176.0
177.1
174.12
179.76
174.73
176.25
NA
NA
NA
NA
NA
NA
175.26
NA
177.43
177.56
179.24
177.45
NA
176.41
178.59
NA
NA
NA
NA
179.12
NA
NA
NA
NA
NA
NA
177.22
NA
176.16
176.88
NA
NA
174.03
NA
NA
NA
176.27
NA
175.61
175.53
177.1
NA
NA
NA
NA
NA
175.64
178.98
176.66
176.65
176.29
174.99
175.89
NA
NA
NA
177.43
175.86
178.06
176.79
175.72
176.93
176.09
176.3
176.52
176.56
NA
NA
NA
NA
NA
NA
NA
NA
177.09
175.01
NA
NA
NA
NA
176.01
178.36
175.92
176.37
NA
176.09
NA
NA
NA
NA
NA
NA
NA
NA
NA
NA
NA
NA
NA
NA
NA
NA
NA
NA
NA
NA
NA
NA
NA
176.51
NA
NA
176.12
176.29
177.79
176.32
176.4
178.84
177.71
176.32
177.72
177.42
177.0
178.0
176.35
177.05
177.85