55.27
56.24
54.61
54.97
55.7
55.02
52.54
53.88
54.32
56.02
53.14
52.92
55.33
54.96
54.88
50.87
55.73
53.92
55.72
58.04
57.69
52.5
54.19
55.31
NA
55.16
53.15
54.75
53.57
53.54
54.85
53.65
55.75
52.4
54.15
55.15
52.19
53.64
53.52
56.96
52.97
55.3
56.08
55.68
55.18
54.26
57.0
56.8
55.95
55.53
54.33
53.87
56.38
56.05
55.46
56.2
55.51
56.87
54.16
56.96
55.27
57.17
55.07
53.64
54.87
55.8
55.52
55.57
53.74
51.71
56.55
55.83
53.27
52.27
55.34
51.94
52.68
57.39
56.17
55.02
55.91
52.7
55.78
57.21
53.72
56.48
57.16
NA
55.96
54.24
53.69
55.2
56.16
54.59
54.94
53.38
57.83
54.31
55.26
52.05
53.79
55.59
55.29
54.34
53.26
57.76
53.94
52.89
58.03
56.38
55.37
54.82
56.55
56.56
56.25
53.35
55.41
53.17
55.18
55.91
54.91
54.94
55.24
53.27
55.16
54.64
54.41
53.44
53.51
53.76
53.73
55.82
53.94
55.81
54.54
55.5
53.17
58.31
53.39
53.98
52.84
53.7
55.55
55.56
55.22
52.67
54.86
53.69
52.44
57.02
54.84
55.81
53.54
58.88
60.28
54.09
55.63
55.3
53.24
55.32
53.59
55.35
54.96
55.04
53.48
52.9
52.75
55.11
54.77
54.95
55.02
54.74
54.22
54.12
57.58
55.21
54.14
57.51
54.49
54.71
54.86
54.31
54.12
57.57
58.31
54.71
55.8
54.39
59.33
57.39
55.54
55.83
53.33
55.62
54.94
56.47
55.8
54.37
51.37
53.11
58.91
56.46
54.63
56.18
55.39
58.34
NA
52.44
54.52
58.64
55.02
55.54
51.18
NA
54.91
53.06
53.5
55.35
52.3
53.36
53.17
53.66
NA
53.42
55.27
55.19
50.59
54.82
54.68
55.18
54.6
55.62
54.65
NA
NA
55.47
53.27
51.91
53.54
55.04
NA
56.72
53.92
56.43
56.21
54.26
55.28
58.19
54.79
54.58
57.09
55.2
55.75
57.87
54.36
53.0
54.44
55.14
53.62
52.8
56.67
56.06
57.82
52.6
58.17
55.46
55.9
NA
53.39
55.63
55.72
53.54
51.85
54.49
57.27
51.97
55.71
55.24
55.34
57.0
56.09
56.88
55.61
54.53
53.4
NA
NA
NA
NA
58.01
52.52
54.31
53.88
51.97
53.95
52.51
55.69
55.62
NA
53.75
54.84
53.81
55.56
53.89
54.2
53.12
57.71
57.45
54.77
NA
55.17
56.02
53.98
53.99
53.08
55.27
56.19
53.95
54.18
NA
53.42
55.15
NA
56.88
56.14
53.82
54.09
NA
52.88
54.51
57.54
57.65
52.79
54.91
56.84
55.25
55.83
53.28
55.19
54.79
55.27
58.26
61.1
55.14
56.29
52.95
53.98
54.75
NA
56.9
55.24
55.01
55.03
55.84
55.66
56.71
56.07
57.86
53.27
55.19
55.08
54.29
54.88
54.65
56.81
57.5
55.24
52.82
53.78
55.32
53.24
54.15
54.92
NA
54.61
58.2
55.6
52.89
58.51
54.54
58.27
55.8
55.09
54.87
57.63
55.21
56.58
52.8
56.37
54.44
54.92
53.11
52.52
53.4
52.67
55.14
54.4
54.62
54.92
55.1
55.55
57.94
55.8
55.35
57.05
57.69
55.13
51.25
54.64
56.72
NA
52.13
51.05
54.95
52.07
55.56
54.58
51.75
53.55
55.8
55.94
51.21
53.11
52.55
52.89
53.12
53.63
56.05
53.13
52.14
53.33
52.43
52.78
56.51
56.32
51.42
NA
55.24
54.24
54.95
53.99
56.11
52.9
54.93
53.73
54.8
55.54
57.84
54.47
58.02
56.36
57.38
58.08
54.99
54.38
55.61
54.36
56.31
54.94
58.22
54.66
55.54
55.63
55.24
56.06
58.0
NA
55.8
56.13
53.94
53.22
55.64
NA
56.22
57.53
57.64
52.55
51.44
55.43
54.81
55.55
56.44
56.21
54.41
55.64
53.33
NA
54.13
54.24
55.35
55.04
56.4
54.44
54.24
53.69
NA
56.88
53.62
55.12
54.82
52.88
53.58
55.41
53.4
55.06
54.47
54.97
54.5
54.55
52.97
52.99
57.76
52.39
56.91
56.86
55.97
55.18
57.31
53.8
52.9
NA
55.48
55.07
55.5
55.78
55.29
55.72
50.09
55.02
55.04
54.0
53.43
56.73
NA
54.72
53.17
53.86
53.35
54.57
53.85
55.13
55.7
55.52
55.25
51.23
53.91
NA
NA
55.29
52.99
NA
52.9
54.67
53.05
54.67
53.03
54.79
52.99
54.72
52.99
54.68
54.64
52.39
57.66
54.86
56.06
55.11
56.17
55.81
52.48
57.21
54.51
NA
NA
57.51
55.11
56.51
55.61
55.26
55.89
56.08
55.15
55.35
53.39
55.77
NA
NA
52.13
56.8
52.58
55.14
53.43
55.5
52.97
52.13
56.41
52.31
55.09
53.19
55.46
52.3
51.99
56.57
52.51
55.17
NA
55.5
52.74
54.59
53.16
NA
51.78
55.19
56.17
53.98
53.45
56.18
60.98
54.01
53.86
52.68
53.17
55.83
NA
NA
NA
NA
NA
54.27
53.78
54.03
54.5
54.27
53.59
NA
NA
NA
NA
NA
NA
NA
NA
54.46
56.59
55.37
55.33
58.08
57.36
54.38
56.08
56.78
52.88
52.98
55.98
53.75
53.05
59.95
56.15
56.15
55.53
54.59
54.15
53.82
55.77
55.62
55.39
53.02
54.52
NA
NA
NA
55.65
55.83
54.03
54.96
53.32
54.5
55.98
NA
52.33
53.94
55.24
56.5
54.05
55.86
56.19
NA
55.94
55.53
52.08
54.74
57.51
54.81
56.11
55.11
55.26
NA
NA
NA
53.04
55.69
55.38
54.68
55.2
53.08
54.36
55.55
55.56
54.7
55.92
54.2
52.52
58.54
54.96
54.35
57.54
57.54
54.63
53.34
52.43
59.55
56.3
54.5
54.39
54.53
55.03
55.33
54.43
56.9
55.4
54.31
54.24
55.28
56.7
53.26
53.87
54.98
53.77
55.41
52.93
52.95
53.95
55.3
54.63
54.79
54.22
56.55
54.49
53.78
55.48
54.98
55.73
54.38
56.03
55.06
55.17
55.16
55.88
NA
55.86
54.37
52.79
55.1
54.22
52.86
57.29
54.57
57.98
53.0
55.36
54.61
53.99
54.74
54.12
55.28
55.58
55.13
57.53
54.79
54.31
58.13
55.5
57.6
57.67
55.49
55.59
56.58
54.61
56.51
57.66
53.53
50.95
55.6
58.33
54.98
53.28
54.88
53.38
54.69
53.39
54.72
53.32
55.06
53.36
57.97
56.37
50.82
55.31
53.04
54.31
57.06
52.75
53.79
55.13
54.78
NA
56.65
53.98
55.87
56.2
52.2
56.8
56.9
NA
55.15
54.24
55.74
56.91
56.32
55.74
53.9
54.82
55.52
NA
54.09
53.99
54.54
55.26
53.9
57.62
54.26
58.14
53.36
51.64
53.19
53.43
55.48
55.0
55.54
54.34
55.61
55.11
54.88
58.68
53.56
54.36
52.51
52.75
54.14
53.64
55.39
53.18
57.67
55.34
55.91
54.16
53.84
53.58
56.51
54.29
55.06
NA
NA
NA
NA
53.16
56.92
54.77
54.16
53.65
55.4
53.19
NA
NA
NA
56.27
55.79
56.41
56.34
56.39
56.43
56.43
54.34
56.18
NA
55.7
55.31
56.49
55.7
NA
54.19
53.71
54.52
54.47
55.43
58.22
51.88
57.96
54.7
57.76
56.1
58.34
54.72
57.97
55.93
57.56
54.9
54.72
53.61
52.93
59.57
54.94
55.83
56.26
55.83
56.43
55.89
55.3
53.42
56.08
53.37
56.59
53.01
54.36
55.93
51.14
55.49
NA
52.6
56.36
54.61
53.99
53.98
57.83
52.24
NA
54.54
54.04
NA
NA
NA
NA
53.38
55.27
56.88
55.66
55.74
55.06
53.38
54.49
55.95
54.12
54.87
54.66
59.83
56.64
54.22
54.07
55.85
53.55
56.32
56.77
54.22
57.81
54.01
53.47
54.9
58.18
55.89
53.53
56.31
57.19
54.75
57.51
54.0
53.56
56.45
53.68
56.29
57.29
55.0
57.42
54.03
NA
55.89
55.79
56.25
55.79
56.2
55.99
58.02
53.05
58.02
53.05
57.91
53.23
57.9
NA
57.95
53.34
56.79
53.51
56.79
NA
53.7
NA
NA
NA
54.83
55.91
57.24
55.24
NA
NA
NA
NA
55.03
54.28
55.99
56.71
52.93
55.02
53.82
50.97
54.93
55.63
53.55
55.01
53.66
53.62
54.81
52.84
58.44
54.63
53.13
NA
53.23
53.66
55.01
NA
NA
NA
NA
54.56
53.03
55.44
55.81
55.5
54.01
54.09
56.64
54.13
54.67
57.03
53.09
57.78
58.09
56.62
52.69
59.12
53.86
52.9
54.59
55.03
54.37
56.22
NA
53.69
NA
NA
55.33
53.49
53.59
54.9
54.59
NA
NA
NA
NA
NA
56.27
55.87
55.67
53.28
53.95
52.56
54.19
53.42
52.67
56.78
53.44
56.77
51.82
NA
54.52
53.62
55.82
57.18
57.12
56.79
54.05
53.85
NA
56.02
55.13
57.32
54.63
NA
NA
NA
NA
57.11
54.82
56.42
54.75
54.75
NA
57.15
NA
54.17
54.47
53.42
54.92
53.72
55.92
58.06
57.71
58.15
57.1
NA
NA
55.23
54.43
52.93
53.63
57.13
57.93
55.22
57.11
54.39
55.2
54.58
55.4
54.2
53.0
54.47
54.37
54.33
53.65
55.45
53.36
54.9
55.1
54.29
53.42
53.7
53.02
52.01
51.21
54.31
52.91
54.01
53.76
54.28
52.88
55.58
54.78
57.18
NA
54.78
56.28
54.88
51.37
55.97
54.87
57.87
55.07
54.75
53.95
56.35
56.05
53.94
58.39
NA
58.77
54.17
53.17
57.67
52.77
56.0
54.2
53.55
56.75
54.55
58.51
57.71
55.91
54.31
53.11
57.2
53.3
51.8
55.1
57.63
57.23
53.63
56.64
54.34
54.24
55.04
58.34
56.74
54.04
53.94
53.75
53.75
55.45
57.09
54.81
53.32
55.91
53.97
55.29
56.98
54.42
55.45
55.38
54.94
55.28
55.07
53.83
54.93
53.05
NA
54.76
51.18
54.15
54.18
NA
54.7
57.61
53.07
55.33
57.19
56.04
53.27
58.47
53.47
55.57
51.67
53.97
54.59
53.66
NA
58.92
56.82
53.66
NA
58.92
56.82
56.1
52.8
54.1
52.9
55.32
53.52
53.53
54.98
52.28
55.68
52.92
54.1
53.41
53.72
52.94
54.15
53.42
53.83
53.02
54.79
55.29
55.01
54.31
56.11
53.46
53.31
54.55
56.68
55.84
58.11
54.91
55.01
54.79
56.57
54.25
54.03
55.27
53.12
53.84
55.54
54.52
53.06
54.48
54.38
55.91
54.23
55.0
54.29
59.25
57.91
57.92
54.0
57.77
54.48
54.5
53.43
57.39
52.28
55.18
54.26
58.26
57.61
51.44
55.51
52.7
56.61
55.12
56.88
53.89
56.08
55.38
54.83
52.62
57.03
57.36
53.76
56.22
57.93
52.03
52.03
57.12
54.18
52.11
53.14
56.11
55.41
NA
54.42
58.6
53.5
53.67
53.91
54.51
53.03
52.69
NA
54.85
54.62
53.32
57.74
NA
54.82
54.59
53.29
57.71
54.04
54.48
54.9
52.25
57.35
53.95
57.35
52.75
NA
55.17
53.75
52.75
55.11
58.4
54.4
53.21
53.46
53.92
53.64
52.15
55.06
53.7
53.0
56.92
54.79
52.69
54.19
55.29
54.94
54.16
53.09
54.49
NA
NA
57.57
54.31
53.05
56.61
54.05
NA
NA
53.72
NA
56.42
55.02
53.26
52.56
54.36
54.16
56.27
54.27
53.67
56.27
54.77
56.52
53.92
53.02
54.92
54.52
NA
55.17
NA
56.67
53.57
55.26
55.5
51.79
54.52
58.21
54.5
55.72
54.37
53.83
51.77
57.45
57.79
54.59
53.02
53.72
53.32
57.22
53.32
NA
58.12
56.36
NA
NA
54.2
54.62
54.33
55.05
55.31
53.98
57.94
52.25
55.83
54.98
54.49
54.88
57.65
53.3
52.86
54.35
53.55
53.71
54.24
53.01
58.38
56.06
55.44
55.09
55.59
55.19
55.15
NA
54.9
53.51
54.85
54.59
55.11
52.78
NA
53.33
56.88
50.8
50.4
NA
50.2
NA
NA
NA
54.94
57.58
56.28
54.75
NA
NA
NA
58.62
56.38
58.5
55.46
57.26
54.73
57.08
51.08
53.28
51.61
NA
54.39
55.12
53.98
54.05
53.3
53.54
51.98
54.48
54.68
58.1
57.9
54.14
55.55
56.77
54.83
54.83
55.51
NA
57.65
58.85
54.52
54.74
55.31
58.41
55.91
52.71
55.51
55.05
54.91
54.44
56.06
53.35
52.6
56.35
52.6
57.7
55.9
54.3
53.1
55.44
55.64
54.74
54.64
54.24
51.66
57.05
53.22
54.79
NA
54.26
NA
55.66
54.99
54.92
53.13
58.32
53.21
55.28
54.95
54.65
54.36
54.04
54.75
56.01
53.57
54.27
57.63
NA
54.06
55.05
54.91
54.44
56.06
53.35
52.6
57.02
55.92
56.42
57.12
52.92
56.67
54.92
54.7
55.64
53.54
56.39
54.35
57.43
54.33
53.04
54.56
53.46
53.36
55.56
53.76
53.06
53.46
56.52
56.51
57.37
53.27
57.4
58.5
55.9
54.7
57.78
53.55
52.2
53.52
57.59
55.79
57.1
53.57
55.43
54.9
54.97
54.71
56.44
54.56
58.06
53.33
54.31
58.59
57.19
54.78
54.07
54.3
59.32
56.12
54.12
55.24
NA
56.24
53.94
53.44
54.45
54.34
55.18
55.47
51.87
56.06
58.62
54.31
55.27
51.92
55.34
55.34
55.84
55.54
58.64
54.44
52.84
55.74
58.16
55.86
53.09
56.69
55.09
56.37
56.17
54.73
56.35
54.15
57.91
54.83
55.74
55.46
56.65
56.34
59.09
NA
53.98
56.38
56.18
52.62
55.69
55.62
55.07
59.94
55.34
51.58
54.38
58.74
54.98
55.94
54.9
56.15
55.05
54.46
57.27
53.5
57.04
53.59
56.07
55.34
55.09
55.1
56.78
54.18
54.68
NA
58.92
57.78
54.27
NA
54.26
54.86
56.67
57.7
54.06
52.37
56.72
53.93
51.2
53.21
53.87
54.49
53.18
53.82
54.48
55.0
53.0
58.4
53.1
55.4
57.33
58.43
54.13
56.93
55.54
54.89
55.0
55.44
54.6
54.84
54.96
54.87
54.34
52.79
56.29
54.59
52.68
54.2
55.27
54.62
54.86
54.89
55.03
54.62
52.42
53.82
55.63
54.03
53.23
55.13
NA
53.58
NA
54.65
55.16
NA
55.15
55.4
53.82
53.89
54.49
55.11
54.12
54.72
58.82
55.49
57.46
55.33
53.04
53.61
52.66
56.41
51.86
57.96
54.26
55.86
57.36
53.46
56.26
NA
55.0
52.72
56.7
54.81
56.8
55.18
51.12
52.69
55.57
54.71
NA
NA
60.21
55.15
54.05
57.85
55.46
54.61
55.13
52.7
54.47
53.46
53.04
54.14
55.65
56.96
52.2
52.13
54.95
51.92
52.83
55.63
54.62
54.44
54.19
NA
53.16
50.86
54.59
57.86
54.62
58.05
54.49
59.1
56.32
57.26
55.71
57.55
52.38
55.77
56.73
54.74
55.0
55.77
54.92
54.3
54.22
53.85
54.55
53.38
56.66
55.39
52.21
54.09
54.32
58.31
53.15
55.64
53.27
54.01
55.44
55.56
54.81
53.5
54.45
54.88
53.52
53.42
53.71
55.41
55.51
51.81
54.61
58.11
54.61
56.11
54.51
53.29
55.19
55.59
51.79
54.89
58.49
54.69
55.69
54.29
56.41
NA
56.43
53.26
56.29
58.77
NA
55.19
55.56
54.96
55.06
53.86
54.54
53.5
56.19
NA
NA
53.71
54.51
53.7
56.23
54.08
55.43
54.36
54.76
NA
54.16
56.86
54.47
55.35
NA
57.21
55.76
53.24
54.89
55.99
52.59
52.79
57.19
55.19
56.01
57.97
54.35
53.75
51.25
54.15
55.05
54.83
59.7
55.07
52.82
53.96
53.06
NA
56.16
53.06
55.46
56.16
55.56
54.96
55.3
NA
54.08
55.51
54.62
NA
NA
56.12
54.47
55.17
54.02
55.97
54.3
53.4
55.0
NA
54.92
58.22
54.32
53.82
56.02
54.11
55.48
54.93
57.12
NA
56.11
55.18
54.98
52.79
56.4
58.16
55.23
56.93
54.54
57.58
53.24
52.75
54.66
57.06
56.86
53.56
55.46
55.13
54.35
53.72
55.14
54.58
55.16
53.12
54.01
55.56
54.39
NA
58.34
53.19
57.5
54.65
56.63
NA
53.87
54.17
53.33
55.47
53.59
54.99
54.92
54.52
53.87
54.24
53.35
54.41
53.43
56.01
55.91
57.11
56.19
55.09
57.44
53.44
52.25
55.18
53.7
55.14
54.99
54.15
57.81
57.45
56.09
53.65
53.89
54.52
52.54
57.04
57.54
55.04
56.54
55.13
58.43
54.33
55.18
53.58
53.28
55.91
55.06
55.46
57.41
53.2
58.74
54.14
55.79
53.27
54.85
53.65
57.01
52.52
55.91
56.03
52.71
NA
58.82
58.32
54.72
56.92
54.82
53.22
53.02
53.62
53.32
55.98
56.47
54.81
56.37
54.1
56.02
55.55
54.7
57.58
53.11
51.05
NA
57.75
NA
NA
56.93
55.0
56.05
53.75
52.35
52.35
55.45
57.35
56.27
54.89
55.08
54.08
57.82
52.68
55.98
55.69
54.64
57.87
55.47
54.71
52.21
55.11
55.61
55.59
54.46
54.68
56.0
54.96
57.66
NA
NA
54.33
53.01
NA
55.31
56.41
54.07
53.84
56.18
54.18
55.98
55.48
59.58
53.28
NA
55.58
NA
54.87
54.86
54.2
52.5
NA
54.02
55.38
55.15
53.85
57.15
53.45
NA
52.29
52.86
55.86
55.26
52.96
54.96
53.36
55.34
56.01
55.13
54.97
54.98
55.01
54.16
53.88
54.88
57.66
56.46
52.13
53.33
54.33
55.93
NA
56.48
56.54
48.95
56.82
53.43
NA
55.64
55.62
54.93
54.01
53.59
57.87
56.63
56.0
57.25
56.41
55.96
54.74
56.43
54.02
55.47
56.5
NA
NA
55.12
NA
53.38
53.27
56.95
54.87
54.9
56.18
52.94
56.11
53.32
57.4
51.83
57.37
56.32
55.13
NA
54.05
56.75
53.83
54.78
55.29
55.92
NA
58.05
52.98
55.64
56.82
51.7
54.73
54.04
55.59
53.63
54.09
55.41
55.09
55.29
55.19
55.56
53.86
57.06
54.06
58.46
56.46
52.86
54.46
54.86
56.28
56.08
55.19
52.95
53.55
53.55
NA
58.85
56.45
52.25
55.56
54.9
54.44
54.24
54.72
54.99
55.64
54.6
55.43
55.5
54.12
53.26
NA
53.88
55.49
54.91
54.41
54.51
51.61
55.01
53.21
56.23
56.02
57.57
55.77
54.04
53.84
55.84
51.11
54.11
55.31
56.18
55.62
57.0
57.03
57.02
59.73
NA
59.95
67.25
52.55
56.99
54.33
57.83
56.53
58.53
NA
NA
NA
NA
NA
NA
54.29
54.76
51.8
56.89
55.06
58.15
51.93
55.63
NA
55.03
55.14
56.9
56.43
NA
56.51
56.51
53.0
54.92
53.67
52.61
NA
NA
55.42
52.71
56.25
55.52
55.17
55.04
58.17
55.01
54.49
54.09
53.29
55.39
52.7
53.89
58.52
54.76
53.42
56.1
54.33
54.57
54.89
NA
54.09
NA
56.09
NA
NA
NA
NA
NA
54.27
52.23
57.33
51.72
54.82
53.72
55.04
54.16
56.08
NA
55.47
56.15
54.06
52.86
52.16
55.06
54.96
56.19
52.94
54.95
54.84
55.0
50.81
56.94
57.35
55.35
54.75
54.84
NA
55.27
57.7
57.41
56.15
53.7
53.89
54.12
52.64
53.32
57.4
52.47
58.35
54.55
53.77
52.27
54.62
56.09
54.87
54.46
54.45
55.45
56.15
55.16
53.36
54.92
53.47
54.28
55.13
54.07
55.78
52.98
54.82
53.48
55.78
NA
54.28
55.68
55.28
53.68
53.98
60.48
55.18
NA
NA
NA
NA
NA
NA
NA
NA
NA
NA
NA
NA
54.3
55.34
NA
51.29
57.05
52.01
50.76
56.98
52.09
56.86
NA
NA
56.48
55.62
54.91
55.29
55.2
56.1
55.07
52.66
57.45
54.99
53.89
52.31
53.87
54.9
54.17
58.1
NA
NA
52.89
NA
55.59
53.12
55.24
54.92
51.7
55.93
NA
NA
NA
55.33
57.56
53.61
51.1
56.74
52.72
55.27
54.22
54.46
54.75
53.54
53.94
53.94
53.05
53.46
57.65
54.11
55.26
59.02
55.44
51.96
56.59
NA
NA
57.73
53.65
51.99
58.59
56.07
55.17
51.08
55.1
54.02
58.2
55.23
56.97
56.96
NA
NA
52.7
56.5
56.2
NA
52.31
52.71
NA
55.59
54.22
56.02
54.12
54.32
55.52
53.71
55.01
54.44
54.94
53.34
55.4
58.05
52.39
55.82
56.45
54.02
52.5
53.61
59.04
53.28
58.25
55.68
57.41
54.73
56.5
58.35
52.95
54.75
52.39
55.1
53.68
54.12
52.85
52.33
54.77
54.99
55.12
52.94
54.49
NA
56.04
52.89
54.68
54.32
56.69
58.34
56.47
55.52
53.65
52.47
54.35
56.23
55.0
53.01
54.93
54.09
55.84
56.17
56.12
NA
55.58
53.16
55.86
58.16
51.96
57.61
56.01
NA
53.41
56.6
NA
56.22
53.69
53.74
54.89
55.24
51.81
52.3
54.32
55.87
55.13
55.14
54.69
54.47
51.86
54.39
51.78
54.49
52.99
54.55
54.25
53.89
51.69
57.36
55.32
51.83
54.82
54.72
53.12
58.52
53.12
54.22
52.62
NA
58.78
53.85
54.09
53.37
54.8
52.47
55.25
53.98
NA
55.35
52.63
56.57
54.68
53.9
54.9
55.4
52.66
59.13
55.65
55.4
54.29
53.59
55.29
57.59
57.29
53.57
52.22
58.82
52.22
54.82
NA
NA
NA
55.28
54.77
53.06
53.54
54.05
51.15
55.57
55.83
55.15
55.54
54.5
55.56
NA
54.09
53.54
NA
55.45
57.18
54.52
54.37
57.62
55.3
58.12
58.15
52.69
51.89
57.97
58.05
54.35
55.57
56.53
54.28
57.8
53.0
60.4
58.18
53.18
54.88
NA
60.85
56.37
56.68
53.28
55.34
55.04
59.34
50.84
55.64
55.72
55.72
54.62
NA
NA
53.01
NA
55.01
53.81
55.81
55.39
NA
57.72
56.56
53.01
56.71
55.51
56.61
55.41
57.51
NA
NA
54.39
NA
53.59
55.69
54.69
55.09
54.79
53.97
54.32
53.94
54.24
56.23
53.67
55.11
58.78
55.83
55.29
57.8
59.64
52.91
52.27
56.45
55.97
53.85
56.1
53.77
56.0
54.3
54.6
NA
55.13
59.16
55.95
NA
57.46
55.54
54.55
54.63
NA
NA
NA
NA
NA
NA
56.59
57.14
56.97
54.57
58.07
53.22
50.99
55.04
55.07
57.6
56.67
53.59
54.2
57.86
54.56
54.56
54.57
54.13
52.94
54.96
54.53
57.37
54.54
54.51
57.46
54.56
55.19
58.19
NA
55.24
55.21
55.12
55.12
57.15
53.19
56.14
53.52
53.45
55.25
52.5
56.2
56.9
52.1
55.1
55.86
54.73
55.24
52.87
55.23
54.9
53.84
58.12
NA
55.0
52.79
53.94
54.77
55.77
55.4
54.71
55.02
52.95
53.35
56.15
57.08
56.09
53.69
58.49
54.8
54.2
NA
NA
53.18
53.87
54.4
54.78
57.55
55.15
55.35
56.31
55.11
56.14
54.6
54.9
57.97
52.81
53.69
53.75
56.27
55.2
54.8
54.88
55.39
53.18
55.01
53.93
57.55
54.24
54.41
55.29
53.19
52.79
NA
51.89
NA
54.29
53.8
55.13
55.1
53.46
58.7
55.7
NA
55.16
53.96
55.66
55.46
NA
55.36
54.96
54.03
54.02
53.32
58.67
55.7
55.55
55.48
53.21
56.61
56.07
54.9
54.53
NA
59.2
55.58
55.67
53.82
55.14
53.46
52.85
56.08
53.86
55.3
54.45
54.2
NA
NA
54.48
55.77
56.07
55.14
55.07
55.98
51.06
56.03
55.7
55.05
56.74
55.71
56.27
53.24
53.43
53.46
54.28
55.24
55.45
53.73
53.94
54.57
55.19
53.82
54.84
53.96
56.89
53.78
54.65
54.98
NA
55.15
54.46
54.49
55.08
52.11
55.83
54.3
52.59
56.79
53.63
54.59
57.12
55.38
56.05
56.39
54.98
53.44
56.51
55.1
55.5
54.33
54.19
54.16
55.14
58.64
56.94
59.44
54.44
53.44
NA
NA
56.34
54.74
55.64
55.34
58.57
53.99
55.22
54.69
54.81
52.83
52.93
56.23
55.14
55.92
55.92
54.92
54.53
55.85
56.68
51.9
NA
55.22
57.78
55.16
57.53
55.04
54.65
55.32
56.02
NA
58.1
57.54
55.25
53.67
51.76
54.66
55.71
54.5
55.15
52.99
53.64
53.62
55.36
55.96
56.36
51.27
55.2
56.42
55.77
57.81
55.46
55.77
54.56
59.27
55.7
55.49
55.46
52.69
58.91
54.91
52.93
52.48
55.18
56.28
55.78
NA
52.63
53.53
56.11
55.51
55.21
55.52
54.63
56.18
55.41
55.81
57.71
56.71
56.67
53.04
56.26
53.3
56.3
57.48
55.11
57.93
56.99
57.95
52.49
51.68
57.8
55.03
51.43
56.63
55.48
55.6
53.66
55.62
53.65
54.24
52.54
54.34
56.84
54.54
53.04
54.44
51.64
54.22
56.52
52.92
54.32
54.22
55.52
55.25
54.75
57.18
53.28
54.28
58.38
54.18
55.78
58.59
58.44
56.94
57.21
57.21
55.97
54.55
54.15
54.86
54.26
58.35
52.16
57.14
55.29
NA
55.29
54.58
54.18
54.77
54.37
54.81
54.61
52.8
55.7
54.6
55.1
55.1
55.27
55.0
56.47
56.95
56.95
55.44
55.09
53.39
54.23
52.66
55.97
55.27
55.3
54.93
54.23
55.68
53.88
NA
55.2
52.28
NA
55.95
54.66
57.28
NA
NA
53.57
59.25
54.8
55.18
54.0
56.34
54.46
54.48
57.51
55.74
55.67
53.62
53.62
55.02
54.97
55.76
55.67
NA
NA
NA
NA
51.13
NA
NA
54.58
NA
NA
NA
55.0
NA
55.61
54.59
55.2
53.67
NA
54.97
55.54
55.31
55.76
53.74
57.99
51.99
56.89
54.99
54.59
54.99
60.22
57.57
58.7
53.77
54.33
56.36
56.43
54.44
57.54
58.64
55.33
54.78
53.09
54.8
53.97
55.72
54.41
58.7
56.47
53.1
55.27
53.78
53.52
53.72
56.12
55.52
57.02
53.39
53.79
55.89
54.19
56.69
53.55
56.12
58.78
57.17
54.85
54.95
54.11
54.18
60.21
53.3
57.92
53.54
56.42
55.74
56.44
54.34
56.14
NA
NA
NA
NA
55.23
54.14
52.6
55.43
NA
55.65
NA
58.14
53.54
54.64
54.64
52.44
52.93
53.9
56.18
54.41
56.51
56.51
NA
55.44
54.24
53.99
57.0
53.5
54.65
54.26
53.3
NA
54.84
54.93
NA
NA
NA
NA
NA
59.14
54.16
54.61
NA
NA
55.42
54.49
54.89
54.66
52.71
54.4
54.23
53.16
57.44
58.19
53.62
55.91
56.13
54.42
58.32
55.13
54.51
51.39
53.69
54.18
57.17
53.67
53.97
54.27
57.97
55.32
56.89
55.03
57.13
54.03
57.93
58.23
NA
NA
NA
NA
53.77
55.56
NA
NA
NA
55.55
55.42
55.81
NA
58.78
53.86
55.82
57.26
55.77
55.38
54.24
52.84
53.14
52.84
54.04
55.43
55.33
56.32
55.53
55.72
57.17
56.61
57.06
57.65
55.05
55.81
59.35
57.38
57.41
55.99
56.18
55.58
55.78
57.18
56.58
57.08
57.68
55.38
55.78
59.5
52.02
53.32
54.94
55.4
56.44
53.96
57.16
53.3
55.35
54.01
55.52
54.64
53.6
53.1
57.29
NA
57.65
56.29
NA
53.33
NA
NA
NA
57.22
54.39
NA
54.16
52.94
54.54
51.72
55.0
54.16
NA
55.31
53.41
55.21
NA
56.52
54.62
54.62
59.42
54.92
52.96
57.21
53.28
56.28
52.5
53.94
55.95
57.77
54.44
55.03
52.66
52.08
55.48
57.58
54.47
56.79
56.98
53.13
53.2
50.7
NA
55.57
54.51
NA
57.53
55.64
54.56
54.79
53.17
58.59
54.93
53.11
55.46
54.05
NA
52.79
55.49
54.25
52.48
53.89
53.58
55.54
58.09
57.59
54.34
55.12
54.86
55.73
53.19
53.12
54.14
52.84
54.0
54.31
55.01
55.0
57.4
NA
55.67
51.92
57.51
55.06
NA
53.46
56.43
53.61
NA
56.33
54.35
54.34
57.85
55.55
53.26
NA
53.28
NA
59.14
55.6
55.7
53.93
55.18
53.72
52.95
56.12
54.82
55.25
52.54
54.95
54.95
53.2
56.7
NA
54.87
52.63
56.24
57.07
55.61
52.81
54.9
53.56
55.24
55.61
53.06
55.88
55.91
55.69
55.68
55.43
54.73
56.9
53.7
54.73
55.2
53.75
53.11
55.15
NA
56.95
54.41
55.68
54.58
59.29
54.32
NA
55.99
55.06
50.47
NA
52.09
NA
53.02
55.36
54.42
54.31
57.26
53.07
54.17
55.8
NA
56.27
54.67
54.39
59.43
56.74
54.81
52.41
56.94
55.06
55.08
52.94
54.09
52.37
56.63
55.54
52.58
52.51
54.21
52.56
54.26
59.69
53.46
55.17
55.28
51.71
54.47
58.21
54.51
55.65
54.33
55.52
54.56
53.76
58.69
54.76
53.26
55.76
52.76
54.96
55.86
55.39
54.67
NA
54.64
53.3
55.4
53.92
55.12
56.17
54.97
55.27
54.17
54.55
53.05
54.81
54.5
55.43
56.7
NA
56.09
54.54
58.13
55.58
56.57
55.26
51.92
51.73
55.5
57.0
53.8
57.19
53.2
55.39
53.09
55.36
54.99
58.41
57.24
55.55
54.3
55.18
55.82
58.46
52.49
56.24
53.7
53.7
52.83
55.29
55.43
52.66
53.86
54.24
55.71
54.73
NA
54.95
52.15
54.15
53.84
54.3
54.67
56.39
56.52
55.49
55.73
54.03
55.2
55.24
55.86
55.09
NA
54.7
55.5
53.18
54.18
58.96
55.68
NA
55.59
54.46
54.32
56.63
54.52
52.34
54.7
NA
61.99
52.08
53.53
52.33
58.33
53.03
55.53
55.83
53.13
54.83
56.33
56.69
55.11
54.68
54.64
54.31
55.65
54.89
53.75
53.78
54.35
56.12
57.27
54.2
55.21
57.0
52.82
56.16
55.39
52.82
55.65
55.13
54.09
56.18
56.26
NA
52.63
57.64
55.72
59.21
56.06
53.14
54.46
55.31
55.75
NA
55.49
53.61
54.72
54.1
54.81
54.67
52.84
60.84
55.27
56.05
57.6
53.07
55.14
55.62
55.51
56.37
57.45
53.9
NA
55.56
55.24
55.89
NA
56.8
54.1
58.8
57.5
54.96
55.4
55.1
55.94
57.04
NA
57.84
55.44
56.04
53.03
54.23
54.69
55.42
55.28
54.84
54.04
54.24
55.23
54.61
52.67
57.27
55.89
59.72
53.34
55.12
56.47
55.72
56.68
54.24
56.92
NA
NA
55.25
54.89
52.24
53.1
53.89
57.05
57.58
54.42
NA
NA
NA
53.58
56.98
55.88
NA
56.73
52.46
53.53
57.4
52.71
NA
53.56
55.2
54.65
55.1
54.19
56.7
NA
57.8
55.77
NA
57.43
55.76
57.05
52.65
53.92
57.77
56.05
56.27
54.47
56.84
57.33
56.72
57.15
56.8
56.95
53.11
NA
NA
NA
NA
54.17
55.1
54.28
55.01
54.45
54.27
52.93
55.28
57.86
55.64
55.31
54.71
57.91
55.81
52.89
56.82
55.61
57.1
NA
NA
60.73
NA
58.7
54.95
53.12
54.69
56.36
56.81
52.62
56.47
56.71
57.78
54.53
55.71
58.83
55.96
55.82
53.17
57.58
54.75
54.51
54.39
54.29
NA
54.79
56.79
53.36
51.18
55.38
55.11
53.93
52.86
54.25
54.14
55.35
53.91
52.87
55.19
54.72
54.1
52.78
NA
57.06
55.96
54.56
54.98
54.88
55.08
51.7
54.3
55.0
55.7
55.4
52.7
55.7
54.0
53.54
59.79
59.34
54.72
53.61
52.94
55.44
55.44
53.63
54.13
NA
NA
54.63
NA
NA
53.07
52.47
55.37
54.77
55.15
54.11
54.35
56.27
56.03
55.48
57.55
55.77
54.75
55.41
55.71
52.39
52.75
55.02
54.83
55.09
54.19
55.33
58.26
56.98
53.8
56.16
59.14
58.39
54.47
53.92
52.83
57.65
55.68
56.65
54.43
53.13
53.49
55.09
52.99
55.54
54.45
55.54
NA
NA
NA
NA
NA
NA
NA
54.58
52.99
57.75
51.76
57.53
52.3
58.14
57.02
56.22
57.61
52.95
54.9
NA
56.47
55.39
NA
NA
53.84
53.29
NA
NA
56.79
NA
54.24
57.29
54.64
56.77
NA
54.21
57.24
54.61
55.5
54.18
54.87
54.91
56.86
53.56
54.96
52.76
53.06
56.06
55.4
52.78
53.82
53.46
55.75
55.32
56.9
56.33
52.88
52.88
53.21
58.06
53.43
58.36
53.17
58.02
53.08
58.18
56.67
57.03
NA
57.57
57.67
55.07
53.19
58.79
55.67
55.48
55.0
55.03
56.33
54.45
56.21
54.21
56.16
54.3
53.05
55.54
54.36
55.08
53.13
55.57
54.4
55.16
53.16
53.96
54.56
55.06
55.46
52.52
NA
NA
NA
54.6
53.9
52.62
57.26
53.2
55.58
52.34
52.49
56.34
55.1
53.14
54.94
53.85
53.81
53.73
53.16
54.38
53.46