41.46
NA
43.27
41.73
43.92
44.39
41.84
41.44
44.4
43.45
41.63
44.81
NA
41.74
41.79
44.39
41.85
46.12
41.55
39.54
41.3
40.63
44.27
42.34
NA
42.23
40.85
43.94
44.98
43.15
43.34
42.99
42.23
42.59
40.28
43.41
41.06
40.65
41.76
42.28
42.71
42.23
NA
42.14
42.19
41.84
41.89
42.64
42.02
42.23
42.28
41.29
38.88
41.62
42.14
42.07
NA
42.72
41.74
40.81
42.49
41.48
NA
43.47
41.38
42.35
42.36
NA
43.77
44.48
41.76
43.08
43.73
42.73
42.05
42.38
42.14
41.87
42.12
42.75
42.39
45.06
43.87
41.25
41.95
41.99
40.72
NA
41.09
41.52
46.19
42.3
40.83
41.66
42.14
40.05
41.89
43.28
42.51
41.3
43.41
40.14
42.41
43.15
45.54
42.02
42.71
41.41
40.68
40.5
41.27
41.96
41.45
41.89
41.88
45.17
42.12
39.9
44.81
42.28
42.19
42.53
NA
46.72
42.36
43.14
44.46
44.28
42.14
40.69
39.27
41.23
44.06
42.49
43.1
42.74
41.92
43.58
44.09
42.52
44.12
40.82
43.04
42.21
42.21
44.27
45.52
45.32
44.31
41.12
42.22
40.33
43.08
40.91
39.28
NA
40.96
42.49
43.59
42.03
40.2
40.73
42.52
42.44
40.78
41.6
41.02
41.84
40.68
43.62
42.47
NA
43.52
44.32
42.75
42.46
43.98
41.89
44.17
38.75
42.39
42.02
42.06
NA
42.99
42.59
42.15
41.03
40.92
42.0
42.21
42.25
40.68
40.94
41.49
41.82
41.95
43.29
42.96
44.04
41.63
43.26
45.92
40.77
42.26
NA
NA
38.86
41.36
41.49
42.9
42.34
43.84
NA
41.79
45.95
45.83
42.41
42.76
NA
45.61
45.82
NA
41.04
41.45
NA
41.93
42.19
42.86
42.12
40.51
42.46
41.36
NA
NA
41.96
40.92
42.53
41.19
44.14
NA
41.23
43.28
42.68
42.34
40.74
42.95
NA
42.54
40.73
NA
41.47
42.24
42.16
43.51
44.73
41.39
41.4
42.53
45.51
41.7
40.99
42.8
44.94
41.34
41.91
42.13
42.14
44.39
42.6
NA
41.79
42.35
43.21
42.66
43.23
42.42
41.79
NA
39.66
41.76
39.42
40.86
40.49
41.4
41.73
NA
NA
NA
41.2
41.98
44.78
42.97
43.0
42.19
41.37
42.19
42.14
NA
41.78
41.99
40.46
43.11
42.35
41.64
NA
40.27
40.41
42.25
NA
42.17
43.58
43.59
41.58
41.23
42.43
43.97
43.4
41.92
NA
44.06
NA
NA
42.66
NA
NA
NA
NA
NA
NA
NA
NA
NA
42.38
41.21
42.29
42.13
45.25
42.33
41.95
42.44
41.86
38.68
42.35
NA
43.29
40.83
42.93
NA
41.23
42.37
42.45
42.08
42.2
42.22
43.53
41.77
39.9
42.5
43.47
42.87
42.57
42.44
42.36
41.9
43.35
38.21
45.82
40.68
42.08
41.55
42.7
42.96
NA
41.94
40.17
42.02
41.61
39.51
43.09
42.28
42.11
42.32
42.53
42.01
43.54
41.25
46.22
42.75
42.11
42.18
40.93
43.09
40.36
42.34
42.52
40.95
NA
41.96
42.46
42.68
41.38
42.14
42.11
39.37
42.62
41.14
47.33
43.21
42.23
NA
43.18
46.68
41.92
47.76
42.2
41.87
42.63
42.43
42.91
42.01
45.13
44.03
46.78
41.81
44.01
43.79
NA
43.92
46.6
43.96
47.4
47.84
41.93
42.87
45.86
NA
39.92
40.62
42.22
45.51
42.27
41.67
NA
41.67
42.3
43.13
41.73
41.83
40.03
42.42
40.79
41.97
42.35
NA
42.06
41.95
39.29
42.51
42.84
41.51
42.29
43.0
44.54
46.01
41.43
NA
NA
43.88
40.02
42.28
42.72
NA
41.5
41.7
42.36
41.45
43.38
41.47
42.09
42.56
40.15
42.23
42.8
41.88
41.26
42.17
40.81
42.15
42.93
43.21
43.04
42.33
41.34
40.73
NA
42.34
41.72
41.88
42.14
43.29
42.68
NA
40.83
42.93
42.8
42.79
42.55
43.47
42.15
44.32
41.52
44.89
41.07
41.14
42.78
42.16
42.95
40.08
41.58
NA
42.2
42.34
42.44
42.96
41.61
41.27
43.87
42.21
42.91
42.6
44.07
43.29
NA
41.29
40.4
43.86
40.55
42.79
44.98
40.75
41.0
42.27
41.05
45.11
43.23
NA
NA
42.35
41.22
NA
42.73
NA
42.89
NA
42.74
NA
42.71
NA
42.77
43.98
43.1
41.18
41.16
42.26
41.96
NA
37.83
43.84
42.98
41.46
43.34
NA
NA
41.21
46.81
42.11
42.21
41.91
42.03
38.06
42.19
38.26
41.56
42.75
41.66
42.83
39.91
42.8
36.89
40.42
42.22
41.88
45.57
39.95
NA
36.63
40.16
42.09
41.74
45.45
NA
NA
NA
NA
NA
42.01
NA
41.57
42.95
44.75
42.33
42.77
40.9
42.14
40.5
41.44
39.49
42.98
44.73
42.88
45.59
38.87
NA
NA
NA
NA
NA
41.94
41.2
41.39
42.83
44.95
42.09
46.95
NA
NA
NA
NA
NA
NA
NA
41.77
42.44
44.72
NA
42.62
NA
42.58
41.68
41.38
43.38
44.58
41.98
40.45
43.35
40.75
38.45
43.05
44.69
43.23
43.57
38.94
41.77
42.0
42.1
42.32
42.32
NA
NA
NA
41.45
41.24
41.95
41.11
NA
41.57
40.84
NA
47.97
44.14
42.14
40.96
43.58
42.31
41.22
NA
42.04
42.15
43.34
43.34
41.86
41.21
40.21
41.41
41.8
NA
NA
NA
41.79
42.46
41.71
45.44
41.91
43.46
43.2
42.18
42.14
43.05
42.01
42.06
42.49
39.7
42.87
43.09
41.96
40.79
43.25
41.57
39.76
42.47
41.1
44.0
42.53
43.03
41.53
42.13
42.63
41.5
42.5
43.76
41.94
42.64
40.82
42.84
41.73
43.14
42.64
42.32
44.04
40.15
41.85
41.72
41.95
41.93
43.56
37.99
43.61
42.98
41.98
41.88
42.33
NA
41.8
42.74
42.98
42.3
42.53
NA
41.4
42.7
44.17
42.02
43.56
46.15
40.76
42.11
42.27
40.69
42.44
42.12
39.93
42.19
39.89
41.95
42.43
42.15
41.87
42.42
43.93
40.42
41.68
43.36
42.43
43.42
NA
41.49
42.23
NA
NA
44.37
45.17
42.72
40.81
NA
NA
NA
NA
NA
NA
NA
NA
NA
NA
42.29
41.58
44.26
43.82
42.52
40.24
41.68
42.17
42.4
43.1
40.58
NA
40.5
44.08
41.51
45.27
45.0
43.1
41.9
NA
42.12
44.06
42.86
41.69
41.1
41.69
41.8
41.98
42.58
42.81
43.3
44.03
42.57
42.48
40.88
41.9
42.24
40.83
47.78
44.67
NA
NA
41.41
NA
42.08
40.37
41.03
42.39
43.59
42.88
NA
42.7
45.44
46.71
43.7
39.98
43.26
40.66
42.22
42.78
41.96
43.47
44.7
41.84
41.84
44.53
41.85
NA
NA
NA
NA
37.12
NA
42.17
43.71
40.0
43.27
40.67
NA
NA
NA
42.59
42.82
40.63
40.56
40.62
40.6
40.6
43.44
41.28
NA
41.66
42.57
42.39
41.66
41.88
42.63
43.99
NA
46.06
42.1
41.56
44.97
41.58
NA
40.74
NA
42.24
NA
40.73
NA
41.66
42.1
43.0
41.59
39.77
42.49
42.63
42.55
NA
42.5
41.81
41.87
41.97
40.39
41.08
41.5
41.53
46.79
39.34
43.4
44.64
43.88
NA
45.93
42.9
42.12
39.93
42.87
42.76
NA
NA
NA
NA
NA
NA
NA
NA
41.26
43.31
40.61
41.44
41.34
40.94
41.05
41.4
40.61
42.33
42.31
NA
73.13
41.96
43.22
41.72
44.83
41.24
42.25
41.27
45.11
41.5
44.36
NA
45.95
44.45
44.77
41.34
42.31
41.47
44.7
41.47
44.45
NA
NA
41.21
42.31
41.99
44.83
41.47
44.45
NA
42.11
43.53
43.49
43.45
43.41
43.74
42.7
39.14
42.7
39.14
42.83
39.22
42.71
39.25
42.65
39.4
41.23
42.78
41.02
NA
38.7
NA
NA
NA
41.41
44.22
40.1
43.41
NA
NA
NA
NA
42.39
40.11
43.82
40.72
42.16
43.67
41.69
46.06
40.72
40.58
40.79
41.34
42.9
44.04
42.49
42.84
39.58
43.38
44.1
NA
40.24
41.32
43.69
NA
NA
NA
NA
NA
NA
43.16
42.68
42.91
41.54
41.57
42.16
41.57
41.02
42.71
41.16
41.41
47.13
42.9
40.7
29.7
42.12
43.09
NA
41.4
42.86
40.75
NA
43.68
NA
NA
41.45
43.3
44.85
41.09
42.68
NA
NA
NA
NA
NA
43.27
43.17
40.07
42.65
42.26
45.06
NA
40.49
36.03
41.11
42.56
41.01
44.59
NA
44.82
40.72
42.22
42.42
41.59
41.52
44.43
41.17
NA
41.95
NA
41.75
42.29
NA
NA
NA
NA
40.58
40.49
41.13
42.24
NA
NA
NA
NA
NA
NA
NA
NA
NA
NA
40.94
NA
NA
NA
NA
NA
44.83
42.93
39.73
40.53
37.43
42.33
40.62
NA
NA
NA
43.84
42.8
41.7
45.1
NA
NA
43.81
40.05
42.84
40.66
43.8
42.6
43.26
40.34
41.23
40.42
41.21
42.61
42.31
40.61
44.21
44.36
43.48
40.38
42.48
41.58
40.18
44.08
41.48
40.58
44.08
47.67
43.97
42.47
41.67
41.87
42.35
44.05
NA
42.85
41.44
42.59
43.91
42.37
42.77
NA
43.67
40.57
42.4
42.9
40.85
41.95
44.75
41.21
42.21
NA
NA
NA
41.4
42.3
42.8
40.6
42.33
42.63
44.23
41.94
46.14
39.14
43.94
42.14
40.24
42.24
40.34
42.45
44.35
40.53
42.44
42.02
42.75
41.11
45.45
43.46
40.95
43.06
NA
41.98
42.13
42.44
NA
42.85
NA
NA
NA
NA
NA
40.91
40.94
NA
42.75
40.81
43.75
42.62
41.05
NA
NA
41.17
44.07
42.87
NA
NA
NA
44.2
43.35
42.09
NA
44.2
43.35
42.09
NA
41.8
45.4
45.9
41.1
42.42
42.12
42.53
43.28
42.18
42.38
41.92
NA
NA
NA
NA
NA
NA
NA
NA
NA
NA
43.61
40.61
43.31
41.51
41.69
43.1
42.18
42.67
41.21
41.11
42.38
42.49
42.03
NA
41.83
43.48
41.4
41.74
NA
35.75
42.15
43.2
42.03
40.54
41.67
41.84
NA
42.86
40.73
NA
41.97
42.08
42.88
42.9
43.09
41.15
41.18
42.18
41.46
44.16
40.58
44.59
39.13
44.85
42.64
42.36
40.67
42.2
41.03
42.17
42.17
41.51
43.6
41.14
NA
NA
NA
NA
NA
43.3
39.67
41.74
45.37
42.41
42.21
NA
NA
NA
42.02
44.2
NA
NA
42.33
44.89
NA
NA
42.65
NA
42.15
NA
NA
42.62
NA
42.12
39.54
NA
42.41
NA
NA
NA
NA
NA
NA
42.27
44.45
40.75
41.91
42.85
44.03
38.64
41.45
41.45
44.19
40.16
41.82
42.0
42.49
42.06
42.19
40.19
42.79
NA
43.3
42.0
NA
NA
NA
NA
NA
42.8
41.42
42.16
45.85
NA
NA
42.12
NA
40.02
42.02
42.96
49.06
42.46
42.66
43.87
40.87
45.47
41.07
40.87
40.32
44.52
40.52
41.62
NA
NA
NA
NA
41.97
42.64
42.27
44.08
44.07
41.92
41.11
38.48
43.84
44.07
NA
43.31
NA
NA
42.86
41.62
43.22
44.92
43.52
45.52
NA
40.03
NA
NA
42.28
43.65
42.63
43.79
43.6
42.17
42.67
42.69
41.86
42.78
42.48
40.92
42.62
42.99
NA
NA
43.54
NA
42.56
40.31
46.21
39.92
41.42
40.83
NA
NA
NA
46.25
42.6
42.85
45.05
42.55
42.83
40.65
45.12
NA
45.01
42.15
37.6
NA
NA
NA
NA
NA
NA
42.64
40.68
41.98
41.75
NA
NA
NA
42.02
42.85
41.95
42.47
42.19
42.63
41.53
44.13
41.68
42.61
NA
42.68
43.21
42.74
45.22
NA
43.54
43.18
42.48
41.18
41.8
40.9
NA
41.93
42.68
42.37
43.47
41.51
NA
41.81
39.0
42.96
42.47
42.81
40.11
41.51
42.41
42.51
42.0
41.72
41.67
43.31
44.17
44.49
42.95
NA
42.2
NA
42.0
NA
43.64
39.24
43.04
39.44
41.64
43.75
41.82
40.84
43.27
NA
42.2
NA
42.08
42.47
41.27
42.48
41.99
43.33
43.6
42.45
40.85
45.13
41.17
43.46
42.89
42.37
NA
42.55
42.35
40.26
42.0
41.72
41.67
43.31
44.17
44.49
40.52
43.72
42.52
42.22
45.72
41.91
42.42
42.5
37.73
43.92
41.23
43.87
42.49
42.67
44.84
42.43
40.96
42.06
41.06
42.36
44.06
44.11
46.12
40.75
40.93
NA
41.8
38.8
42.5
42.4
41.01
43.42
43.07
40.96
42.75
40.24
41.69
44.77
43.04
41.99
42.07
42.23
41.27
41.94
42.09
42.95
43.65
41.78
41.85
42.83
44.82
NA
42.15
34.42
41.12
44.04
NA
39.84
42.14
NA
43.25
43.08
42.44
43.47
40.98
44.36
43.09
44.36
42.11
44.17
NA
42.14
41.94
41.84
42.24
42.44
43.94
43.04
43.36
43.96
NA
NA
41.19
42.27
40.97
43.12
41.38
43.19
41.69
42.53
42.61
42.05
41.85
42.7
40.11
NA
44.18
38.98
42.88
41.44
42.07
41.99
42.46
43.54
43.34
42.68
39.38
40.41
42.8
NA
NA
40.45
39.05
40.96
41.85
42.8
42.56
45.21
42.11
42.1
42.33
42.07
40.38
NA
43.98
NA
41.26
42.37
42.96
NA
40.58
42.31
41.92
40.52
42.29
43.45
42.68
40.57
45.48
43.74
40.96
42.54
43.78
40.93
42.45
41.0
42.3
41.7
41.2
43.7
NA
41.43
42.33
42.13
42.6
39.64
41.68
43.02
42.87
40.92
39.91
42.28
43.58
42.39
42.89
42.99
43.16
44.44
43.43
43.27
41.29
40.07
42.84
42.56
44.15
41.56
41.83
41.03
45.13
41.43
NA
42.08
NA
NA
NA
NA
NA
NA
45.96
41.77
42.12
NA
42.72
41.92
42.62
42.56
NA
43.43
43.7
41.29
41.02
44.57
43.06
40.16
41.86
41.36
41.86
43.06
43.56
NA
42.12
42.41
41.48
42.99
42.55
40.63
45.58
45.77
44.24
NA
NA
NA
37.32
41.44
41.21
40.26
NA
NA
NA
44.42
43.69
47.36
42.54
42.34
NA
43.3
41.91
NA
39.77
41.28
43.03
42.53
43.48
46.39
42.23
NA
41.06
38.26
42.55
41.88
42.5
41.71
NA
NA
NA
NA
NA
42.37
43.35
42.72
42.74
42.28
41.99
41.77
33.12
42.46
41.22
46.12
40.96
NA
NA
42.02
41.66
42.6
41.43
41.43
43.31
NA
41.94
42.62
42.09
42.32
42.76
43.77
43.71
41.77
42.62
40.72
42.61
42.61
44.01
NA
41.91
40.91
38.31
44.31
43.91
42.29
41.79
43.99
43.99
41.99
40.99
38.49
44.79
44.19
41.13
44.29
41.76
42.8
43.63
40.87
NA
41.42
42.66
39.86
41.76
41.37
42.16
NA
NA
NA
NA
41.41
42.66
42.2
NA
44.22
41.11
43.66
41.96
NA
45.16
45.16
43.69
42.3
NA
41.74
41.71
41.11
43.59
42.19
45.89
45.09
42.49
42.39
44.52
39.95
41.55
42.75
44.45
42.15
42.45
43.22
41.35
42.37
41.67
43.86
40.16
NA
42.16
41.56
42.16
42.16
42.26
41.76
NA
NA
44.6
43.6
43.17
NA
NA
42.42
42.17
NA
41.87
42.41
NA
NA
NA
NA
43.22
42.32
43.02
40.82
40.32
42.08
42.35
41.41
42.08
NA
42.43
37.58
42.08
40.82
42.94
41.42
41.83
37.56
43.82
41.83
43.71
45.49
NA
38.76
42.66
44.46
41.96
42.12
NA
43.82
41.44
NA
41.75
44.44
44.6
43.52
43.11
NA
41.78
43.67
42.35
43.58
40.86
NA
47.04
40.62
42.9
43.03
40.73
41.91
42.59
40.86
47.12
40.69
42.84
42.02
41.93
39.08
NA
NA
38.29
42.19
41.86
42.07
45.75
42.18
42.44
41.44
42.5
43.94
40.68
42.05
41.25
41.11
42.2
41.92
38.44
41.24
42.84
45.94
42.84
42.53
39.63
44.13
39.39
43.85
43.89
43.75
NA
41.46
NA
NA
NA
NA
NA
NA
NA
NA
NA
NA
NA
NA
40.55
NA
40.72
NA
44.12
42.42
41.62
40.82
41.22
42.39
43.87
41.82
42.08
43.04
41.5
43.32
41.9
42.25
43.12
39.52
42.52
47.29
NA
41.69
NA
NA
41.95
43.08
41.45
46.75
40.75
41.05
43.45
40.75
41.87
40.06
42.48
41.82
42.17
44.65
41.28
43.7
NA
NA
NA
NA
NA
NA
42.5
42.31
43.02
42.2
42.69
37.83
NA
NA
NA
43.38
43.78
NA
43.01
42.91
43.53
44.21
42.08
NA
40.88
38.18
39.58
NA
NA
NA
NA
43.0
41.76
43.4
41.7
NA
44.58
42.08
42.15
38.45
41.75
48.25
NA
42.73
40.94
41.86
42.16
41.66
41.16
44.06
NA
42.06
42.42
41.86
42.47
42.35
41.5
42.78
42.28
41.96
42.66
NA
42.43
43.93
NA
NA
46.01
40.78
40.43
41.54
40.93
NA
41.65
41.7
42.26
44.65
NA
NA
42.08
44.17
42.5
42.6
41.92
38.84
38.52
41.71
NA
NA
NA
NA
42.77
NA
41.36
39.53
38.08
40.9
42.4
43.38
41.85
42.27
42.82
41.18
41.2
41.0
40.82
43.53
NA
43.32
41.28
42.27
42.54
42.22
NA
NA
44.42
42.22
43.25
42.78
44.78
42.06
NA
NA
NA
NA
NA
NA
46.19
42.49
NA
41.96
43.16
44.16
42.46
43.26
44.26
43.46
42.26
37.56
43.4
42.81
47.15
45.25
41.35
NA
41.45
43.55
41.57
42.28
42.13
NA
NA
NA
41.44
43.27
NA
40.97
43.16
40.63
41.97
NA
40.14
40.5
44.61
44.31
43.31
NA
NA
44.91
38.57
41.07
42.73
40.22
NA
NA
NA
42.01
43.31
42.31
42.2
42.2
NA
NA
NA
NA
NA
NA
NA
NA
NA
44.03
NA
44.03
40.53
NA
NA
NA
NA
NA
NA
42.95
42.47
42.0
42.22
42.57
42.25
40.33
42.43
NA
NA
NA
NA
NA
NA
NA
41.98
42.96
41.44
42.86
39.02
NA
NA
40.88
40.38
38.66
42.16
42.11
42.14
42.17
43.01
43.49
42.79
39.29
42.69
43.99
46.17
41.54
42.65
NA
42.43
41.68
41.96
43.53
NA
42.16
NA
NA
NA
NA
NA
NA
NA
42.04
44.08
41.44
43.06
42.62
43.22
41.37
42.82
40.7
NA
42.61
41.66
41.06
42.96
44.06
45.06
42.96
41.97
40.38
42.09
42.09
42.37
44.09
41.96
42.02
42.35
42.05
41.79
NA
NA
41.4
42.39
41.73
41.49
42.68
42.43
43.1
42.82
41.18
41.38
39.95
43.76
41.96
42.02
41.99
42.57
42.29
42.11
43.65
NA
43.15
42.39
40.46
42.86
42.09
45.42
NA
42.88
NA
40.18
42.52
39.98
41.38
NA
44.38
42.08
41.88
42.88
43.28
39.68
NA
NA
NA
NA
NA
NA
NA
NA
NA
NA
NA
NA
NA
42.91
39.58
NA
44.57
42.26
40.57
44.66
42.13
40.41
39.68
43.43
NA
42.23
42.23
42.43
42.07
42.34
43.01
42.97
42.86
NA
42.49
44.43
41.95
43.13
NA
43.24
42.55
NA
NA
41.76
NA
42.93
43.2
41.11
42.29
43.46
42.3
NA
NA
NA
42.5
41.8
45.63
45.38
42.89
42.72
42.08
44.75
42.53
38.7
46.44
42.74
42.94
44.66
43.26
40.58
42.02
42.26
42.28
42.24
42.55
NA
NA
NA
42.38
41.76
42.89
41.99
NA
44.39
43.66
43.4
NA
41.78
42.51
41.78
41.71
NA
NA
43.3
44.8
43.7
NA
44.51
41.01
NA
42.21
41.62
43.62
42.12
42.22
42.52
43.41
41.41
42.74
41.74
42.34
42.31
41.75
46.34
42.82
40.72
43.07
45.86
40.44
40.55
42.1
42.28
42.78
42.78
41.0
NA
41.55
40.95
42.15
46.05
43.03
42.23
44.1
43.35
42.58
42.4
NA
42.22
41.71
43.43
NA
42.8
41.83
43.35
43.1
NA
NA
NA
NA
NA
NA
NA
NA
42.43
41.8
43.53
40.39
41.83
42.31
NA
NA
43.38
41.56
42.16
41.56
37.46
NA
NA
NA
41.91
43.91
NA
43.31
43.76
41.25
41.78
39.59
41.97
43.89
42.56
44.67
42.81
43.77
45.23
43.33
41.9
38.71
41.92
38.96
NA
NA
NA
NA
45.59
41.82
42.24
NA
42.72
43.32
41.92
43.32
44.32
42.62
43.82
NA
41.49
NA
43.07
42.85
44.6
46.72
40.33
41.38
NA
NA
40.37
42.55
40.12
42.21
41.96
40.22
39.22
41.21
42.46
42.21
42.99
41.19
42.89
41.49
NA
41.74
37.72
41.52
NA
NA
NA
NA
NA
42.74
43.51
41.01
43.24
42.75
47.04
44.21
41.71
42.05
41.71
41.83
42.28
NA
41.42
39.96
NA
39.14
41.75
42.31
42.61
NA
41.25
41.34
42.09
43.64
39.24
41.49
42.65
41.45
42.34
40.21
42.59
42.4
40.4
42.1
42.38
41.08
43.28
NA
38.9
42.14
45.22
41.68
46.04
42.94
43.14
43.24
42.64
42.22
39.82
39.62
NA
NA
43.71
NA
42.21
41.61
41.91
44.88
43.71
41.96
41.96
46.11
41.51
43.01
42.31
41.31
41.11
NA
NA
NA
NA
41.39
41.79
42.49
42.29
41.79
40.1
43.07
41.58
43.37
42.64
40.66
41.07
42.64
41.81
NA
42.18
43.85
40.24
41.17
42.9
NA
NA
42.57
40.76
41.6
41.6
43.2
NA
42.81
38.76
42.4
NA
39.86
42.79
43.83
42.44
NA
NA
NA
NA
NA
NA
41.48
42.01
41.17
NA
41.07
40.61
43.02
43.44
42.36
41.49
44.44
38.9
41.48
NA
45.26
46.46
42.24
44.33
41.89
42.06
40.83
41.88
44.95
40.87
42.05
44.98
43.99
40.09
NA
41.99
41.99
42.3
41.99
42.77
42.15
41.39
NA
40.72
41.26
41.9
42.7
43.0
44.6
41.3
40.29
42.7
42.35
40.85
42.76
42.15
40.55
42.28
NA
40.25
45.2
40.53
41.52
41.33
42.11
42.14
40.28
45.27
40.3
39.64
40.99
41.59
42.09
39.99
41.09
43.69
NA
NA
41.76
46.66
42.14
41.79
42.62
42.87
42.69
41.87
42.91
40.29
41.49
41.5
41.67
42.53
42.31
41.7
42.03
42.26
42.45
NA
NA
42.82
NA
NA
41.01
41.85
42.95
43.49
40.99
41.79
NA
41.49
NA
45.08
40.89
41.33
42.55
45.23
42.5
44.3
NA
42.56
40.86
42.26
42.26
NA
44.56
42.96
42.95
39.92
44.92
40.68
42.82
42.63
42.63
42.08
42.08
42.22
42.18
42.01
NA
40.88
41.85
41.37
43.3
42.33
43.62
40.88
41.37
43.09
39.81
41.51
42.9
NA
NA
43.07
43.65
43.09
42.63
42.37
42.25
43.65
44.03
43.2
42.19
38.65
41.73
42.93
39.75
41.8
39.99
41.69
42.34
38.94
45.89
41.66
42.22
44.04
41.61
42.54
43.31
41.27
42.26
42.4
42.18
NA
42.41
42.77
42.79
44.98
44.93
41.9
42.94
46.28
40.82
42.89
37.68
42.43
NA
42.55
42.81
42.36
46.04
42.29
42.3
41.7
41.25
NA
42.19
42.54
42.34
40.54
NA
42.34
41.64
NA
NA
NA
42.24
42.64
40.34
41.73
40.0
41.14
44.02
40.7
42.53
43.73
42.23
42.19
41.87
41.87
41.76
43.33
39.04
43.55
42.2
NA
42.02
41.68
NA
41.95
NA
43.29
42.32
41.82
40.12
41.46
42.03
NA
42.26
45.42
44.15
41.24
41.2
NA
41.97
42.57
41.87
42.16
41.76
40.26
39.68
45.85
43.11
41.44
43.51
43.34
42.48
NA
39.86
42.08
42.09
41.78
43.03
42.7
48.56
43.75
42.88
43.48
41.68
42.88
NA
42.13
43.33
44.21
42.71
41.41
42.25
44.71
41.66
42.51
43.01
41.71
42.81
41.89
42.74
42.86
44.54
41.2
NA
41.57
41.73
40.35
42.45
44.01
39.57
41.95
42.73
43.13
42.23
42.74
43.05
42.88
41.33
43.02
42.32
46.44
44.94
47.84
42.74
40.34
NA
40.94
41.82
44.02
43.12
42.22
44.82
42.12
42.25
42.25
41.88
41.48
42.78
42.88
40.98
42.28
41.59
39.84
42.33
41.7
41.7
41.9
42.35
39.95
42.36
40.16
42.67
41.3
41.6
40.38
NA
41.3
42.18
40.58
42.47
40.17
42.41
40.81
41.3
42.8
43.1
42.2
42.2
42.91
42.91
43.68
42.35
42.28
45.03
NA
44.45
43.07
45.23
41.3
43.09
43.07
42.43
40.23
42.14
43.57
NA
37.92
45.25
NA
41.88
40.6
41.17
NA
NA
40.25
41.1
44.34
39.37
40.58
41.37
42.43
NA
35.2
42.55
42.56
40.22
42.72
42.32
42.21
42.04
42.15
NA
NA
NA
NA
NA
NA
NA
42.82
NA
NA
NA
41.1
NA
40.32
38.85
40.34
40.27
NA
42.47
42.16
42.86
43.19
42.76
43.29
41.69
41.89
40.99
41.39
41.89
39.42
41.96
40.36
44.0
43.08
42.62
40.63
41.09
41.94
40.24
42.47
43.39
43.25
42.39
42.23
42.41
42.5
41.17
42.19
40.3
42.58
41.08
43.22
40.42
42.62
41.62
42.92
NA
NA
NA
NA
NA
41.72
42.4
42.63
41.49
41.75
41.75
43.34
42.28
40.12
39.45
40.74
41.22
44.39
42.84
40.44
41.94
40.94
NA
NA
NA
NA
42.06
41.29
41.87
43.52
NA
42.15
NA
41.54
45.94
41.34
42.54
41.24
41.95
43.15
41.11
40.89
41.91
42.02
NA
44.89
43.56
44.22
41.68
39.95
41.49
42.8
41.6
NA
41.43
41.28
NA
44.28
NA
NA
NA
41.04
42.86
44.19
NA
NA
42.68
43.22
42.16
42.61
41.7
43.21
44.34
38.56
40.85
41.03
41.05
42.68
42.72
41.11
40.76
42.95
NA
42.63
NA
42.41
39.87
43.17
NA
41.77
42.27
42.1
42.01
42.43
42.33
41.03
42.13
41.83
NA
NA
NA
NA
43.49
42.0
NA
NA
NA
42.31
42.09
NA
NA
42.87
41.49
42.23
41.87
42.63
42.62
40.64
NA
NA
41.04
42.34
42.53
42.33
NA
NA
NA
NA
NA
NA
NA
NA
NA
NA
NA
NA
NA
NA
NA
NA
NA
NA
NA
NA
NA
NA
41.28
42.26
43.56
43.23
NA
NA
43.68
41.35
40.01
43.07
43.42
43.1
38.55
46.2
44.9
40.69
41.39
NA
40.79
NA
42.25
NA
NA
NA
42.47
44.51
NA
43.07
39.29
40.79
40.25
40.79
40.31
NA
NA
40.21
NA
43.52
42.92
42.32
42.92
43.52
42.32
39.22
43.37
NA
NA
41.54
42.16
41.38
38.93
40.91
42.64
41.64
42.38
42.18
41.38
NA
42.6
43.85
40.96
40.79
42.89
NA
44.29
42.31
NA
42.79
41.01
42.86
40.72
44.29
43.04
42.39
42.29
40.21
41.65
NA
42.9
42.12
40.65
43.43
40.73
41.93
42.7
NA
NA
42.86
42.23
42.59
43.01
41.69
44.48
42.72
43.89
42.95
43.52
43.83
43.67
42.03
NA
41.3
NA
43.58
43.08
NA
44.32
42.64
43.15
NA
NA
40.79
43.79
42.35
42.07
45.03
NA
44.62
NA
40.88
NA
41.43
NA
42.29
43.66
40.87
40.7
42.09
42.15
41.6
42.95
41.95
44.45
43.14
NA
42.18
42.75
NA
NA
42.38
46.3
42.19
42.94
42.19
42.38
42.06
42.35
42.23
42.32
42.24
42.5
41.5
43.27
NA
41.54
41.76
45.84
42.38
41.44
NA
41.92
41.89
41.98
43.43
40.73
43.12
NA
40.61
43.27
42.91
NA
41.41
NA
40.76
43.19
42.83
40.81
41.72
40.9
43.84
41.39
NA
42.98
42.14
42.74
43.55
42.21
42.2
41.99
41.79
43.45
NA
NA
43.49
46.21
44.14
42.74
46.66
39.81
43.01
39.66
42.66
41.0
42.74
42.46
44.24
44.18
42.03
41.17
38.64
43.93
44.18
41.57
NA
42.06
42.19
41.86
46.86
39.76
41.56
41.56
42.26
42.15
43.64
NA
43.91
43.88
40.0
41.61
37.99
41.38
42.56
42.36
NA
43.14
38.45
NA
NA
NA
41.85
NA
42.03
42.45
NA
42.01
41.44
42.9
46.92
40.72
42.5
42.9
46.0
41.38
39.95
43.1
41.67
43.3
42.26
42.19
42.21
41.28
40.15
43.87
42.1
NA
NA
41.9
43.7
45.86
43.27
42.56
45.38
41.81
43.97
40.03
42.97
41.99
NA
41.85
43.95
43.05
NA
NA
42.02
41.69
41.25
43.32
41.71
43.4
42.79
42.43
41.28
42.14
NA
42.86
42.4
40.78
42.28
42.33
42.42
39.29
41.94
41.74
43.66
42.45
44.02
48.62
NA
NA
41.39
40.98
44.13
43.33
41.43
42.13
42.23
42.43
41.83
42.03
41.43
43.6
NA
NA
43.91
43.45
44.29
42.56
42.92
43.93
42.37
42.21
41.23
43.46
42.03
42.51
46.39
NA
42.28
40.23
42.03
42.03
42.0
42.52
42.29
NA
41.79
42.03
41.86
42.63
NA
NA
41.61
41.8
41.91
NA
NA
41.02
42.17
39.87
47.54
44.25
41.19
37.79
42.27
41.95
41.85
42.2
42.38
42.01
41.98
42.06
41.86
43.49
NA
42.59
42.65
NA
NA
41.6
42.3
40.9
41.3
42.27
NA
42.09
NA
41.04
NA
40.84
45.74
41.54
40.38
40.28
41.92
42.04
42.09
43.34
41.94
42.34
42.17
42.74
45.71
42.82
41.53
37.85
43.65
42.44
42.92
42.78
40.32
41.73
41.41
NA
NA
42.61
42.52
45.65
41.9
42.3
42.18
42.99
37.93
NA
NA
NA
43.38
40.88
41.88
NA
44.01
NA
41.32
41.29
43.63
NA
41.05
NA
42.84
NA
41.92
42.43
NA
42.01
43.37
NA
41.67
43.25
43.68
45.15
43.18
41.37
41.11
42.77
41.1
NA
NA
NA
NA
NA
NA
44.91
NA
NA
NA
NA
NA
40.98
40.58
40.02
43.77
41.8
39.66
43.56
43.71
40.12
43.11
42.21
42.01
42.41
45.55
41.69
43.27
40.4
NA
NA
37.76
NA
40.5
43.3
42.92
42.01
42.25
41.61
40.81
42.25
42.25
39.98
42.8
43.57
37.11
41.93
40.36
41.45
41.86
42.13
43.03
42.29
44.39
NA
42.39
36.99
40.91
NA
42.35
42.31
41.13
42.2
43.35
NA
42.24
41.16
42.22
NA
42.17
39.87
45.8
NA
42.07
42.13
42.07
42.28
43.18
43.68
42.8
40.5
42.8
44.0
42.5
40.8
44.7
41.7
46.93
41.63
39.3
42.36
39.42
41.44
42.14
42.14
40.93
40.53
NA
42.03
NA
NA
NA
38.57
42.77
NA
42.67
42.38
41.45
43.17
42.14
42.0
42.19
41.78
42.37
42.21
42.11
42.01
46.87
41.54
42.6
42.49
42.72
45.08
43.33
42.42
42.63
43.98
41.67
40.64
43.95
41.91
41.21
41.05
41.75
42.56
37.8
43.13
42.43
43.69
41.89
41.49
NA
42.16
42.33
NA
NA
NA
NA
NA
NA
NA
41.49
42.39
42.08
41.61
42.07
43.82
41.3
41.28
42.21
41.38
NA
43.25
NA
32.98
42.24
NA
NA
46.5
NA
NA
NA
40.85
NA
43.84
42.36
41.71
40.75
NA
43.76
42.36
41.89
39.14
41.79
41.79
41.48
43.46
41.96
41.96
41.56
41.46
42.06
42.01
38.1
42.86
42.57
42.93
42.24
41.01
42.14
NA
40.5
44.81
41.48
42.89
41.12
44.76
41.44
42.85
41.76
41.04
40.68
NA
NA
42.17
39.97
43.56
42.71
41.8
41.41
NA
43.75
41.14
NA
41.03
NA
41.21
41.7
41.07
41.0
42.2
41.0
41.15
41.08
42.24
41.05
45.26
43.36
42.56
42.16
42.06
42.41
NA
NA
NA
42.48
39.48
39.94
43.41
44.96
42.04
47.93
47.25
42.37
43.2
41.99
NA
43.89
42.93
44.59
NA
NA
NA