57.27
57.36
57.56
54.36
57.54
57.9
57.7
56.73
57.75
58.29
57.81
57.09
57.91
58.31
57.77
57.73
55.28
NA
57.72
57.72
53.22
57.52
57.72
NA
NA
57.52
NA
57.52
57.61
57.44
57.9
57.74
57.84
58.66
58.72
54.71
58.61
58.04
58.3
59.56
59.67
57.66
58.99
57.38
58.37
58.76
57.21
57.28
58.36
55.23
58.64
57.87
59.1
55.82
58.33
57.81
57.34
58.61
57.11
58.98
59.67
57.78
56.21
57.11
57.3
57.81
55.35
57.23
56.35
58.19
57.28
57.45
58.32
57.65
57.85
58.11
56.9
59.61
56.39
57.45
57.99
57.33
57.92
NA
58.46
55.23
58.22
58.13
57.99
57.34
58.26
57.57
57.74
57.35
58.09
58.42
59.1
57.61
57.25
56.83
57.98
58.21
57.56
58.9
57.49
58.08
57.2
57.4
58.47
57.0
57.46
56.75
58.14
58.34
57.84
56.51
NA
56.54
57.71
57.89
57.62
58.04
57.87
NA
58.51
57.58
NA
58.32
58.44
58.36
57.26
58.19
57.87
56.42
57.67
57.66
56.55
55.85
58.35
57.46
56.39
53.97
57.39
57.58
57.74
56.92
57.83
58.04
57.64
57.69
58.51
57.07
57.69
59.85
58.03
59.16
58.66
58.88
59.75
57.78
56.76
55.8
57.97
55.68
58.21
57.91
57.58
58.03
56.89
58.44
58.16
58.65
57.39
58.32
57.42
58.0
54.56
57.88
55.29
58.73
58.31
57.81
58.77
57.92
57.21
57.11
57.71
58.33
57.66
58.05
57.86
57.6
58.01
58.23
58.35
58.1
57.99
58.05
58.3
57.24
57.75
56.36
56.93
57.58
57.95
59.36
57.17
57.61
58.46
57.42
58.01
57.88
57.19
57.39
56.61
57.71
59.25
57.85
55.42
58.32
57.41
57.49
54.52
58.75
58.62
57.5
57.45
57.86
58.63
58.48
58.22
57.99
57.92
52.35
57.35
56.65
56.25
58.45
58.18
58.57
55.92
57.87
57.96
58.87
57.81
54.42
58.02
55.89
59.5
58.13
57.23
57.19
57.94
57.62
57.77
57.66
56.77
58.43
57.65
52.88
59.07
57.2
57.93
57.44
58.53
58.17
57.84
58.37
58.87
59.13
57.88
57.8
58.13
57.65
56.39
58.65
57.77
55.3
57.82
57.13
57.8
57.37
56.47
55.67
57.14
57.81
57.79
54.24
57.58
57.58
57.16
57.37
56.03
57.56
56.81
58.02
NA
57.69
57.05
57.95
58.18
57.98
57.63
57.96
57.39
59.67
57.79
58.33
57.88
58.04
57.32
58.22
58.5
57.34
57.38
58.88
56.77
58.75
57.95
56.65
58.17
57.72
58.92
57.81
58.42
58.02
58.0
57.85
58.49
58.09
57.7
58.64
58.09
58.11
57.23
57.99
58.23
55.6
57.94
58.26
54.5
57.49
55.94
54.1
56.21
58.56
57.84
56.77
57.49
57.03
57.42
56.38
56.93
57.28
56.4
58.94
59.75
58.53
57.78
58.31
57.93
58.22
58.35
57.68
58.73
58.19
56.87
57.82
58.29
58.22
57.89
58.66
57.91
57.94
58.18
54.98
57.69
57.98
57.77
NA
57.24
58.56
57.87
57.76
58.09
57.47
58.84
57.45
57.67
57.13
57.26
58.36
57.32
57.92
58.01
58.52
58.36
58.22
57.96
57.13
58.53
58.3
57.26
58.15
58.68
57.77
58.13
57.48
57.83
57.68
57.6
58.06
58.16
57.79
56.17
58.46
58.41
57.69
NA
58.05
57.93
57.49
58.27
57.52
57.64
58.2
58.11
57.86
54.41
57.58
58.34
56.67
56.76
58.49
57.58
59.22
55.04
56.98
57.32
57.99
58.42
57.59
57.73
57.73
57.66
55.55
58.37
58.15
58.45
57.73
58.31
60.61
57.52
54.45
57.99
57.81
58.81
58.06
56.05
NA
58.06
56.8
58.63
57.69
56.52
57.3
57.98
57.7
58.3
55.97
55.28
57.78
58.63
57.95
57.52
58.11
57.99
58.24
57.57
54.34
57.8
58.0
58.5
58.05
58.36
56.79
58.13
58.14
58.14
58.15
58.53
56.38
57.95
56.27
58.38
57.19
57.64
57.47
57.8
57.96
58.5
57.98
57.61
58.47
57.27
56.94
56.06
57.63
57.1
56.4
54.65
58.19
57.17
55.5
57.69
57.38
54.79
56.89
56.32
57.59
56.77
53.63
57.56
58.36
56.84
57.87
58.02
55.12
57.61
57.56
58.12
57.71
58.89
58.04
58.15
57.93
55.84
55.7
58.42
57.87
57.57
58.02
57.86
57.73
55.98
56.59
57.64
58.13
55.69
55.76
53.56
57.27
57.59
56.95
56.39
57.89
56.07
58.42
54.26
59.84
57.74
56.15
57.35
57.55
57.2
57.85
57.31
58.27
56.22
56.71
55.56
57.83
58.85
57.98
57.61
58.12
57.66
57.62
57.53
52.22
58.91
55.16
57.99
58.83
58.32
55.37
56.06
54.51
57.61
55.25
58.05
58.79
57.44
58.22
58.13
57.36
57.65
58.34
54.6
57.59
57.18
57.9
56.55
57.89
58.99
57.26
58.59
57.81
57.41
58.01
58.01
58.24
55.46
58.68
57.61
57.94
57.36
54.51
58.63
54.03
57.61
54.56
57.42
58.1
57.82
57.7
57.26
57.09
57.91
58.25
59.46
57.53
56.91
59.45
57.92
58.19
58.67
54.32
NA
NA
NA
NA
NA
NA
NA
NA
NA
NA
NA
57.83
57.91
57.17
57.42
58.57
57.95
57.93
57.93
57.74
57.84
57.58
56.24
55.72
57.56
58.73
57.65
57.33
58.19
57.49
57.74
58.03
NA
57.33
NA
57.97
58.17
57.33
57.87
57.49
57.27
56.67
57.76
56.88
57.46
57.34
NA
58.11
57.64
57.98
58.46
NA
NA
NA
57.81
58.1
57.07
57.82
57.62
NA
56.06
NA
NA
NA
57.79
NA
NA
57.93
56.87
57.02
56.93
56.79
58.02
55.16
59.06
58.18
59.2
55.2
57.56
56.62
57.61
55.66
57.3
57.13
57.1
57.32
57.12
57.38
56.49
58.16
58.08
56.29
NA
NA
57.72
57.39
58.6
59.41
58.44
58.09
58.53
57.06
57.51
57.65
55.13
57.47
NA
NA
NA
NA
NA
58.61
55.3
56.47
57.51
58.65
57.14
57.88
58.26
58.48
59.1
56.78
59.14
56.63
57.24
58.1
57.06
58.0
54.89
57.7
58.1
57.18
59.16
57.38
57.5
58.2
57.19
56.1
58.17
NA
58.57
55.86
56.32
57.02
56.32
57.92
57.99
NA
NA
NA
NA
58.21
NA
57.96
54.57
59.18
55.69
53.73
58.39
58.14
57.69
58.11
57.17
57.53
57.79
55.24
57.44
58.5
54.27
57.87
NA
NA
NA
NA
NA
NA
NA
NA
NA
NA
NA
NA
NA
NA
NA
NA
NA
NA
NA
NA
NA
NA
NA
NA
NA
NA
NA
NA
NA
NA
NA
58.78
57.51
58.14
58.35
56.5
58.39
57.96
55.77
57.88
57.69
58.4
58.51
56.39
57.49
57.73
58.38
58.1
58.38
56.7
57.61
57.34
55.28
58.64
57.34
59.29
58.12
56.83
58.25
57.09
57.99
56.2
58.64
58.7
58.1
57.9
58.0
53.9
57.8
57.5
55.9
57.7
58.3
57.7
58.1
57.0
56.81
57.46
56.76
54.16
54.57
58.53
58.5
57.5
56.6
58.4
57.7
57.2
57.6
57.7
57.63
57.83
57.9
58.0
58.1
57.9
NA
NA
NA
NA
NA
NA
NA
NA
NA
NA
NA
57.82
59.7
57.59
59.66
57.93
53.37
55.01
57.36
57.12
58.64
55.64
58.24
55.84
57.94
58.24
58.54
57.44
55.74
57.21
58.22
54.24
57.1
57.1
56.57
58.01
57.84
56.37
57.75
58.05
58.05
58.35
58.25
NA
NA
59.15
58.95
57.65
57.45
58.15
57.35
58.45
56.95
58.77
59.27
57.76
55.85
56.95
57.69
58.44
56.55
NA
57.34
57.57
58.36
55.87
NA
57.89
57.24
58.0
58.76
54.78
57.37
57.93
57.69
58.44
58.23
56.84
54.57
58.61
57.67
57.99
57.33
57.06
58.18
54.33
56.99
59.16
57.51
57.47
57.75
57.62
57.35
57.19
59.47
57.74
61.8
57.05
58.01
57.94
54.42
58.84
58.16
55.14
58.34
57.55
57.78
56.78
57.98
57.38
55.98
57.78
58.28
57.78
57.18
58.28
57.88
57.78
56.78
57.98
57.38
55.98
57.78
58.28
57.78
57.28
58.28
57.68
57.79
56.79
57.99
57.39
55.99
57.79
58.29
57.79
57.29
58.19
57.79
57.82
56.82
57.92
57.42
55.92
57.82
58.32
57.82
57.32
58.12
57.82
57.66
56.76
57.96
57.26
55.96
57.76
58.36
57.76
57.26
58.16
57.76
57.38
57.37
56.5
57.88
58.44
58.07
56.79
58.03
57.87
54.31
57.72
55.6
58.2
57.6
57.4
54.79
54.57
58.62
57.55
58.08
56.99
59.31
58.08
56.91
58.67
57.04
56.32
56.32
58.24
57.46
55.69
58.01
55.21
57.84
58.1
57.55
57.23
57.18
58.35
58.19
57.05
57.57
57.49
57.7
58.48
58.22
56.55
58.45
58.36
57.57
57.31
NA
57.73
59.03
58.52
56.6
54.51
NA
NA
NA
56.27
56.4
58.1
58.3
58.1
55.1
57.7
57.5
55.7
NA
NA
NA
NA
NA
NA
56.2
57.37
58.3
54.22
57.82
57.85
57.82
55.67
57.73
57.26
58.19
57.91
57.9
58.24
58.19
56.74
56.12
56.93
57.77
56.74
57.43
57.92
57.0
58.9
NA
NA
57.77
58.88
58.55
58.3
57.71
58.25
58.64
59.15
57.9
58.01
58.34
55.38
57.72
57.25
58.38
53.83
NA
57.9
58.66
55.07
58.27
55.34
56.51
57.49
57.53
57.82
NA
58.52
55.83
55.22
57.57
57.58
52.98
58.3
56.76
58.15
59.6
57.94
58.07
58.29
58.19
58.13
57.22
57.73
57.02
57.21
57.78
57.81
57.73
57.06
57.74
55.38
57.09
55.82
55.52
55.35
55.41
55.38
55.38
58.5
54.31
57.54
55.51
57.54
55.52
57.71
58.29
57.62
57.58
57.61
57.58
58.19
58.71
59.11
57.63
58.38
57.54
57.92
57.15
58.05
58.56
59.05
57.56
58.4
57.56
57.79
57.1
58.51
56.91
57.78
58.96
55.62
58.69
57.36
59.54
58.14
57.17
58.43
56.91
58.01
54.13
58.79
57.34
58.19
56.04
58.0
40.37
54.99
56.88
57.81
54.97
56.77
57.58
57.4
57.52
57.72
56.79
58.31
57.93
58.27
56.92
57.67
56.83
57.68
54.45
57.9
57.52
56.43
57.64
57.12
58.87
58.42
57.05
58.45
58.55
56.24
56.84
58.04
54.14
57.74
57.54
58.14
55.94
NA
NA
NA
NA
58.03
59.85
55.66
57.55
NA
54.19
58.22
57.04
58.19
56.81
NA
NA
NA
NA
NA
59.71
58.73
55.87
58.4
57.29
55.43
56.55
55.46
58.6
57.55
58.08
55.42
57.64
58.51
57.82
55.64
57.39
58.05
57.61
58.75
56.61
59.63
58.72
55.86
58.32
57.28
55.41
56.55
55.44
58.53
57.52
58.06
55.52
57.74
58.5
NA
55.53
57.31
57.98
57.65
58.19
NA
58.74
55.97
58.41
57.21
55.34
56.52
55.55
58.06
57.72
58.09
55.12
58.32
57.09
57.74
55.64
57.3
57.95
57.63
58.43
56.09
57.86
58.13
57.11
56.51
56.51
56.27
56.36
56.51
56.07
56.4
55.83
56.91
56.4
56.39
56.06
56.25
56.44
56.03
56.62
56.25
55.85
55.99
56.12
56.03
59.42
57.89
58.39
55.13
57.86
57.57
57.82
57.24
58.41
57.11
57.39
57.85
58.28
57.14
57.27
57.71
55.97
58.24
58.05
54.31
57.53
58.24
58.05
54.31
57.53
58.24
58.05
54.51
57.78
58.23
57.93
54.51
57.64
58.21
58.05
54.43
57.53
58.15
57.39
58.79
54.66
54.83
60.1
56.88
57.65
59.01
58.8
NA
NA
54.9
NA
NA
NA
NA
NA
NA
NA
NA
NA
NA
NA
NA
NA
NA
57.9
58.27
58.96
NA
NA
NA
NA
NA
57.65
58.3
55.88
56.32
56.87
56.4
56.1
55.02
58.61
57.24
57.88
58.05
57.56
58.0
NA
NA
NA
NA
NA
57.92
57.32
58.18
57.69
60.66
56.46
55.89
56.1
57.42
NA
58.06
56.13
57.59
57.62
NA
NA
NA
NA
NA
58.03
57.12
57.2
56.69
57.52
55.98
NA
57.16
NA
58.22
58.31
NA
56.54
57.66
NA
55.73
58.38
58.71
58.73
54.43
57.86
58.58
57.73
54.43
58.81
58.53
58.17
58.19
58.29
55.74
59.8
57.93
57.83
58.58
56.32
59.34
57.61
57.97
58.07
55.34
NA
57.4
57.33
58.15
55.84
58.92
NA
62.35
57.9
57.87
59.1
58.7
NA
54.23
57.46
59.46
58.09
58.52
57.41
NA
57.55
57.6
56.85
57.65
57.41
57.63
56.11
57.82
57.73
57.31
59.75
58.58
58.63
57.0
NA
57.83
NA
57.94
54.82
57.83
57.31
57.57
52.51
57.54
58.35
58.53
57.97
NA
NA
57.25
56.35
55.37
56.37
55.25
57.46
57.6
57.7
57.78
58.78
54.59
54.7
60.32
56.87
57.67
59.05
58.89
57.97
NA
NA
58.3
59.03
58.43
57.91
57.79
57.96
58.08
58.28
55.96
57.82
58.12
58.82
57.72
55.02
54.32
58.02
57.72
57.92
57.62
57.72
57.22
55.68
56.99
57.66
55.75
58.18
57.24
NA
58.02
57.92
56.61
58.15
57.64
59.03
56.37
57.83
57.24
57.19
58.01
55.09
58.34
57.3
58.42
57.89
57.72
58.31
57.84
57.3
57.95
58.15
NA
57.37
58.52
58.52
57.62
57.62
56.41
57.85
NA
57.65
57.74
58.05
NA
NA
56.93
54.63
57.33
56.83
57.63
58.32
57.34
57.88
57.61
57.33
57.06
57.77
58.3
57.3
57.7
56.5
57.71
57.81
57.21
58.46
57.56
57.36
56.88
58.18
54.28
57.98
58.18
58.68
57.78
58.28
58.58
58.4
58.2
57.8
57.6
57.67
58.37
56.37
54.87
58.31
57.41
57.51
58.81
58.01
54.51
57.91
58.01
57.91
57.85
54.05
58.89
58.89
56.69
NA
NA
NA
NA
NA
NA
NA
NA
NA
57.77
57.87
58.97
58.2
58.35
52.61
57.61
57.81
58.21
58.41
58.01
58.01
58.91
58.31
57.21
NA
57.61
56.7
57.51
53.61
57.98
58.13
56.11
57.93
58.33
57.23
58.13
58.93
58.43
58.03
58.33
56.63
58.23
57.63
57.33
55.84
58.14
58.44
59.54
57.94
58.24
57.94
58.05
58.75
57.45
59.65
55.55
57.99
57.99
57.94
57.2
58.46
58.04
57.0
58.78
58.3
55.56
57.57
57.42
57.9
58.03
57.15
57.64
57.41
56.59
57.73
57.95
57.22
57.34
57.47
57.96
57.22
57.5
57.84
53.57
54.42
57.94
58.59
58.12
58.02
57.1
NA
NA
58.12
58.0
57.18
60.28
57.98
57.79
58.62
58.1
58.04
57.37
57.27
57.27
55.67
57.36
54.58
57.85
58.79
58.33
56.96
55.04
58.09
57.39
57.75
54.58
58.91
57.86
57.33
58.29
56.19
57.68
58.29
56.19
57.68
58.1
58.7
58.6
58.1
55.8
56.9
58.02
57.42
57.93
57.43
57.83
57.73
56.93
57.73
56.83
57.73
55.63
58.68
57.68
57.78
58.68
57.72
58.22
57.66
57.68
57.09
56.91
54.57
57.6
57.74
57.67
56.5
58.06
57.39
58.18
57.28
55.08
NA
57.71
57.11
57.31
55.81
57.71
56.51
58.11
55.91
57.04
58.04
58.09
56.83
57.21
55.61
57.78
57.57
57.01
57.27
57.27
58.24
57.34
56.87
57.4
55.86
56.62
56.81
NA
57.65
57.65
58.9
57.71
58.33
58.15
57.86
58.13
58.08
56.23
NA
57.48
56.28
57.5
56.3
57.51
58.01
57.79
58.03
60.53
59.78
58.58
58.78
58.65
57.63
57.71
56.77
58.13
58.72
57.41
58.33
57.66
56.93
58.55
58.81
57.39
58.43
56.63
57.89
53.02
54.18
54.44
54.18
53.66
55.09
58.32
57.91
57.71
57.31
57.61
57.91
58.21
57.49
57.9
58.38
58.15
57.02
57.82
59.51
57.07
59.06
56.88
56.42
56.29
56.61
56.35
56.5
56.95
56.35
57.79
56.81
55.53
56.13
58.24
56.74
56.34
57.84
59.14
57.94
57.94
58.04
57.84
57.54
59.3
58.21
57.31
NA
NA
NA
57.32
56.94
58.58
57.44
59.27
58.18
57.28
NA
NA
NA
57.29
56.91
58.55
57.41
57.94
57.04
58.04
55.37
58.07
58.77
57.67
57.24
56.89
54.83
57.78
58.72
58.24
57.26
55.03
58.1
56.86
56.99
53.28
59.46
57.8
57.12
57.55
58.45
57.35
57.15
55.35
58.35
57.8
58.35
57.8
58.35
57.8
57.8
56.7
57.97
57.97
57.17
58.17
58.17
57.87
57.67
56.77
57.75
58.05
58.75
58.25
55.15
57.05
58.38
57.45
57.81
55.11
57.45
60.29
58.16
57.7
57.45
58.4
56.74
54.39
57.21
57.68
57.92
57.45
54.38
57.5
57.68
57.5
57.74
57.95
58.0
58.23
58.18
58.18
58.47
58.85
55.82
57.76
57.93
57.88
54.85
57.57
57.87
58.09
57.75
57.89
57.89
56.89
58.84
58.12
58.34
57.76
57.64
57.49
57.89
NA
56.97
57.24
57.4
54.77
58.36
57.51
57.92
58.16
58.48
58.01
56.69
57.57
57.62
58.29
57.37
58.62
57.78
59.21
54.1
54.52
58.12
54.98
58.29
57.95
58.25
58.05
57.85
58.05
53.85
58.55
54.35
58.75
58.35
58.85
58.22
55.72
57.12
57.62
57.42
57.22
57.02
58.22
58.42
57.52
57.02
57.56
57.57
58.37
57.97
55.57
57.77
58.37
57.67
57.87
57.62
58.72
58.32
55.42
57.92
58.52
61.12
55.42
57.57
58.07
57.47
58.37
58.57
59.17
58.57
58.77
57.37
57.37
59.47
58.67
NA
57.75
59.62
57.47
58.04
56.03
57.29
58.72
58.56
57.4
58.33
57.34
57.2
57.5
55.42
58.0
58.0
57.58
58.28
57.95
57.74
56.61
57.68
58.52
58.12
57.5
57.57
58.03
58.43
57.85
54.53
53.55
57.83
56.82
58.95
58.21
56.99
58.41
58.46
55.18
57.14
57.65
57.51
58.23
57.66
57.68
58.14
56.95
56.17
58.66
57.8
55.47
57.95
57.75
58.08
57.01
58.11
58.11
57.51
58.61
57.61
58.21
56.21
57.51
55.61
57.68
58.02
57.92
56.52
58.44
56.9
58.84
58.47
58.03
58.07
58.47
57.92
58.49
57.69
58.19
57.09
58.29
57.69
58.49
58.39
57.99
57.79
58.39
58.09
60.39
57.59
55.99
58.65
58.25
57.55
57.95
53.45
56.14
NA
58.16
57.81
54.56
58.06
57.94
56.29
57.72
58.26
58.66
57.5
58.21
57.33
57.75
58.13
57.83
58.72
NA
NA
57.48
57.58
58.08
58.48
58.08
54.28
57.9
57.81
58.76
57.19
59.14
58.02
57.19
58.11
57.7
54.45
NA
NA
52.4
57.55
56.65
57.95
58.05
56.65
NA
54.35
60.61
56.94
57.92
58.42
56.92
58.32
55.42
57.72
55.14
57.93
58.48
57.41
58.51
56.81
57.91
57.92
58.2
54.39
57.91
57.7
59.48
57.91
57.91
54.41
59.16
58.26
58.12
57.69
58.71
57.96
55.74
57.49
55.21
57.33
57.59
58.09
56.5
57.58
57.55
58.09
58.74
58.06
57.51
58.57
57.6
58.36
56.74
58.8
57.81
57.71
58.31
58.81
58.61
57.81
59.11
57.71
58.41
58.01
53.31
58.05
58.5
NA
57.8
58.2
58.4
58.0
58.0
58.9
58.3
57.2
53.8
NA
58.06
57.96
58.16
55.66
56.86
58.36
58.56
58.06
58.26
57.95
58.05
58.25
55.55
57.35
NA
58.85
57.35
58.35
58.14
53.44
56.74
53.54
55.34
57.74
56.44
57.44
58.2
60.92
58.59
58.45
57.92
58.01
57.58
57.3
58.35
57.97
57.27
57.67
59.05
56.13
57.65
56.92
58.65
54.48
58.7
58.38
57.31
56.59
58.24
56.45
58.37
56.96
58.36
58.08
57.6
57.57
56.36
57.15
56.36
56.67
56.19
55.31
55.69
57.66
57.05
57.75
57.66
55.73
54.97
57.77
56.47
55.65
55.66
55.55
56.01
58.49
57.6
57.4
57.85
54.2
58.22
57.62
57.02
58.32
58.12
58.12
57.82
57.9
58.42
58.02
58.25
57.74
58.32
58.0
NA
58.75
58.33
58.35
57.87
57.35
57.15
57.91
53.85
58.75
56.65
57.0
57.35
56.83
56.06
58.34
58.24
55.25
57.26
57.86
57.36
58.59
59.96
56.66
58.01
57.36
58.3
57.44
58.06
57.51
57.83
58.97
58.24
57.85
57.78
57.87
59.5
58.18
58.25
54.21
57.97
57.57
57.77
57.77
57.27
57.77
57.67
56.77
56.77
54.77
58.6
57.68
56.57
57.51
57.28
58.04
58.17
57.84
58.34
56.66
56.93
57.41
57.89
57.9
57.53
58.13
57.89
58.02
58.48
57.37
58.21
55.13
58.2
57.79
55.09
56.49
57.75
58.56
58.22
57.72
57.22
58.72
57.22
57.72
57.72
57.72
58.22
57.22
56.72
57.72
58.72
57.22
58.72
55.12
58.14
NA
57.84
58.24
NA
58.04
57.84
58.04
58.64
58.14
57.14
57.64
58.24
58.54
57.94
57.44
58.04
57.36
58.16
58.36
57.96
57.36
57.66
58.66
58.19
58.49
58.59
58.39
57.49
57.79
57.99
57.39
57.79
55.09
58.29
58.39
58.19
55.37
58.27
58.17
57.77
58.57
58.47
58.29
57.35
57.97
58.37
57.07
57.86
57.47
55.84
56.79
57.26
57.53
57.64
58.44
54.32
53.39
58.49
58.04
57.23
57.39
57.88
NA
58.24
57.74
58.84
56.34
58.94
57.94
58.54
57.24
55.33
58.47
56.72
58.65
56.85
57.55
58.77
58.12
58.06
57.56
57.74
57.86
54.56
57.79
57.75
57.54
58.57
56.92
57.06
58.28
58.28
55.18
56.28
NA
NA
NA
NA
57.76
58.44
57.23
58.0
57.21
55.22
NA
NA
58.78
57.95
56.4
58.28
58.02
58.13
58.16
58.51
58.21
59.15
59.31
57.64
58.97
58.24
58.83
57.89
57.39
57.99
56.99
57.58
57.69
57.86
58.38
57.36
55.66
57.23
56.9
58.6
54.3
58.33
55.43
57.83
57.73
58.63
55.73
57.53
57.03
58.23
58.63
58.33
57.43
57.93
58.03
54.53
57.73
57.99
57.6
57.76
56.43
58.12
57.78
58.33
58.36
57.82
57.69
57.94
57.78
57.94
56.1
58.46
58.51
54.56
57.75
56.78
58.05
58.01
58.16
57.85
58.14
58.3
58.31
54.99
54.79
58.19
58.39
58.39
58.29
57.99
54.49
56.99
57.61
58.86
58.31
57.82
58.19
58.69
58.08
55.3
57.77
56.15
55.46
58.06
57.64
58.11
56.09
58.43
58.55
54.53
57.79
56.72
57.97
57.13
NA
NA
NA
58.47
59.09
56.21
58.12
58.42
57.39
58.07
57.38
59.11
58.62
53.37
57.61
57.9
58.59
58.73
58.03
58.53
56.73
55.73
57.58
58.78
NA
57.96
NA
58.36
58.36
NA
58.55
58.32
NA
NA
57.5
57.55
57.07
56.64
57.55
57.35
57.93
58.61
58.0
53.6
57.7
58.1
56.8
57.8
57.5
54.9
58.5
57.9
58.96
56.96
57.46
57.26
NA
56.94
58.34
57.41
59.28
58.81
58.34
NA
57.88
56.73
56.88
57.8
57.8
57.8
57.61
54.9
56.83
57.99
58.1
57.56
58.44
59.06
57.2
56.02
58.34
54.15
59.59
57.73
57.09
57.24
57.59
57.34
57.76
54.58
54.86
58.01
57.18
55.83
57.09
58.06
58.06
58.84
57.74
55.24
57.84
58.34
58.11
57.69
58.04
58.13
55.24
53.87
57.7
58.5
56.97
54.45
58.23
58.23
57.63
54.93
NA
55.63
57.3
57.03
56.59
57.29
57.07
56.07
57.55
57.42
56.33
55.46
58.71
58.4
57.89
58.03
57.53
57.27
58.38
57.86
57.22
57.63
58.36
55.26
59.16
56.76
57.58
56.53
57.56
54.2
56.67
54.79
58.14
57.03
55.25
57.62
57.92
57.82
57.82
57.32
58.52
55.52
57.32
57.81
59.51
57.51
58.11
56.21
57.31
58.71
58.61
57.41
58.41
57.41
57.31
57.51
57.79
59.09
57.49
58.09
56.29
57.29
58.49
58.59
57.49
58.39
57.49
57.39
57.59
57.87
55.09
57.29
54.66
57.08
57.68
57.98
57.48
57.08
58.22
58.77
58.5
58.5
58.5
57.76
57.96
57.56
57.76
56.46
58.06
57.66
58.36
58.36
57.76
57.86
54.98
58.02
54.74
54.86
57.99
54.84
58.36
57.26
58.66
55.26
59.06
56.96
57.06
58.36
55.26
58.45
55.48
57.4
56.84
58.18
57.43
57.96
58.14
57.84
58.39
52.81
58.39
58.1
55.78
54.29
58.69
57.99
59.08
52.51
57.77
58.11
58.85
60.26
59.1
57.2
54.05
58.45
57.55
58.45
56.25
57.75
57.85
57.86
58.86
57.86
57.26
52.66
57.8
57.7
55.9
NA
NA
57.3
58.37
57.66
NA
58.02
56.97
57.12
58.12
58.45
57.86
57.48
58.19
58.22
56.81
NA
57.46
55.96
57.65
59.12
57.62
57.44
56.83
58.36
57.86
57.76
57.66
57.96
58.9
57.22
57.52
57.82
58.54
58.08
58.28
57.78
57.78
58.08
57.58
57.58
55.68
58.36
57.81
56.93
58.13
57.56
57.84
54.46
58.45
59.01
57.65
57.75
57.23
57.07
59.64
57.87
59.57
56.34
57.62
57.76
54.42
58.12
58.95
58.15
58.59
59.11
58.71
58.71
58.41
57.81
58.01
57.21
57.51
57.11
56.31
56.51
59.51
NA
57.31
57.11
56.71
57.39
56.49
55.69
55.29
58.07
57.63
57.98
57.32
57.85
57.75
58.28
56.72
58.55
54.18
57.34
58.53
56.97
58.54
57.83
57.0
56.06
57.91
56.62
57.68
55.67
55.3
58.27
57.55
56.98
53.57
57.68
57.65
57.25
55.64
58.84
57.04
55.74
57.9
57.0
55.43
57.58
56.2
58.02
58.5
57.96
57.56
58.41
57.95
57.44
57.46
57.53
57.65
57.38
57.83
57.86
58.3
56.93
58.66
57.48
53.99
59.37
57.22
58.06
57.86
57.85
58.21
56.83
56.83
55.56
57.72
55.32
57.52
57.62
54.12
55.52
57.72
57.32
58.32
57.62
57.84
58.57
57.35
59.33
55.88
58.47
58.13
57.92
57.57
NA
NA
56.77
57.85
57.4
58.36
57.59
57.74
57.75
58.09
57.55
57.55
57.91
57.55
55.14
NA
57.85
58.25
54.65
57.55
57.55
56.16
57.23
57.62
57.46
NA
55.59
57.21
58.63
61.55
59.05
57.7
58.9
57.82
58.35
55.7
56.44
57.55
58.35
58.94
55.13
58.09
58.95
58.04
58.56
57.81
58.66
58.16
58.07
57.87
57.77
57.41
58.07
59.09
59.9
57.53
57.86
57.27
58.96
58.07
58.36
57.94
58.09
58.09
57.44
59.61
57.24
58.14
53.85
58.0
57.8
57.82
55.53
58.08
54.08
54.58
54.18
58.52
57.72
57.93
58.35
55.53
57.33
NA
58.15
57.49
58.06
57.63
57.13
58.28
57.92
56.85
58.92
56.87
57.73
56.73
57.19
58.04
57.76
53.96
57.66
58.36
58.36
58.06
57.86
57.39
55.48
58.67
58.15
57.86
56.73
58.58
57.48
55.98
58.58
57.98
58.16
58.16
57.86
58.16
57.96
58.26
57.96
57.96
57.86
57.96
58.03
57.63
54.23
58.13
58.13
58.83
58.53
59.05
57.95
57.87
58.01
NA
58.18
59.08
58.27
57.87
57.84
57.88
59.54
58.18
58.28
54.49
58.18
58.71
57.84
58.03
57.8
57.88
57.73
57.42
58.15
57.12
58.37
58.22
57.46
57.5
58.33
58.26
57.65
57.65
58.26
59.32
57.39
58.17
NA
57.59
58.11
56.98
54.48
57.27
55.88
NA
58.07
56.91
57.66
57.87
57.47
55.07
NA
57.67
58.15
57.52
57.42
56.94
58.02
57.59
57.98
54.34
54.62
NA
58.3
56.54
58.6
NA
55.08
58.14
57.71
58.65
56.78
57.38
55.08
58.58
58.28
57.98
56.78
58.59
57.95
58.11
57.62
57.92
57.61
57.28
58.29
57.84
58.67
57.52
57.23
59.04
55.61
56.33
58.04
57.46
57.36
57.39
58.34
58.3
57.57
57.73
57.44
57.38
57.4
58.01
58.01
58.18
58.07
57.94
56.83
56.61
58.14
58.4
58.19
57.64
57.75
57.42
57.84
57.98
57.81
57.44
58.15
55.59
57.88
57.13
57.68
57.99
57.02
57.95
57.72
56.63
57.79
58.79
59.89
57.99
59.09
58.09
58.49
55.29
59.09
57.69
58.96
59.06
57.06
57.26
56.96
58.66
58.16
59.46
57.86
56.26
57.86
58.06
57.26
58.36
57.16
59.66
58.36
57.76
57.46
57.76
57.66
54.16
57.96
55.96
55.63
58.55
57.95
56.65
59.15
58.45
57.11
NA
59.61
58.35
54.55
57.95
56.65
56.66
58.25
57.65
56.55
57.53
57.66
57.78
54.45
58.15
57.71
56.85
54.73
54.11
57.14
58.04
54.54
57.84
57.94
58.34
55.44
57.43
58.35
58.14
58.07
57.99
57.93
58.21
58.35
58.36
57.7
56.05
54.21
57.91
57.81
55.31
57.73
57.54
57.66
58.25
54.53
57.49
57.26
58.02
58.15
57.82
58.91
58.61
57.3
55.62
57.11
54.51
54.53
54.51
NA
NA
NA
52.43
55.17
57.91
NA
57.92
58.31
58.05
58.64
56.65
56.32
58.15
57.45
57.45
58.15
54.95
57.73
57.23
57.44
58.34
55.37
55.35
57.58
58.13
58.39
NA
57.64
57.84
57.97
57.37
57.37
58.27
54.87
57.11
53.81
56.51
54.81
58.29
58.29
57.69
58.49
56.99
57.09
58.29
56.51
57.24
57.82
58.49
57.83
55.25
56.79
58.13
55.06
58.09
58.32
57.2
58.23
57.94
57.62
58.23
58.04
59.16
57.92
57.76
57.79
57.79
58.39
57.95
58.56
58.01
58.59
58.21
57.42
58.47
57.59
58.19
58.79
57.56
57.52
58.05
57.57
57.59
NA
NA
NA
NA
58.34
57.9
58.38
58.16
58.02
56.48
57.52
57.02
58.02
57.62
53.82
54.92
58.32
58.12
57.12
59.01
58.74
56.02
54.32
58.82
57.88
57.84
57.47
56.51
57.81
56.09
57.0
58.53
56.99
57.0
58.06
58.56
58.06
56.06
58.56
57.76
58.26
57.76
57.06
54.76
57.56
54.56
57.86
57.96
NA
55.22
57.32
57.92
55.35
55.65
57.55
59.05
58.05
58.25
57.85
57.69
57.85
57.85
57.63
58.13
57.39
56.88
53.63
57.59
58.6
57.2
57.7
57.39
58.34
58.3
57.57
57.73
57.44
57.38
57.4
57.66
58.01
57.81
58.27
58.41
59.11
57.71
58.01
57.85
58.76
57.71
55.8
58.25
58.26
58.15
57.97
57.12
57.1
57.19
57.72
55.99
59.58
57.31
58.19
58.11
58.12
58.75
54.71
57.8
57.81
58.65
58.03
58.45
58.96
57.21
58.42
58.21
58.45
57.58
58.11
55.79
60.75
58.02
57.52
54.11
58.54
54.81
56.36
57.55
58.21
58.11
56.35
58.4
57.33
58.72
57.17
58.62
57.38
58.09
56.46
58.0
57.76
56.78
57.56
56.43
58.02
58.53
57.86
57.72
58.31
58.41
57.09
55.89
56.87
56.28
57.28
60.48
58.58
58.18
57.68
58.08
56.18
NA
57.68
57.58
56.78
58.38
57.78
58.38
58.48
58.48
NA
57.38
57.98
57.58
58.71
57.66
60.88
57.66
60.66
57.49
54.05
57.8
58.43
NA
57.18
57.84
58.93
56.92
57.48
57.87
57.49
57.06
NA
57.73
57.93
57.44
57.92
57.72
57.34
57.37
57.58
57.85
54.79
57.12
58.24
58.27
56.75
57.79
57.77
54.6
57.37
57.9
58.15
57.66
55.22
57.81
58.04
57.52
NA
57.82
56.12
57.62
58.12
57.23
55.65
56.82
58.88
57.64
57.64
59.64
58.59
56.06
57.49
58.1
57.17
56.9
57.55
NA
57.41
55.53
57.73
57.41
NA
58.38
56.55
58.35
58.45
56.36
57.87
57.62
57.14
58.12
58.13
57.4
58.64
57.13
57.58
55.87
55.61
57.74
57.41
57.88
57.05
58.06
58.09
57.3
58.48
57.07
57.55
NA
NA
57.74
57.34
57.83
57.9
58.5
58.0
58.7
56.7
59.2
58.3
54.9
58.9
54.6
NA
NA
57.91
58.31
53.81
57.21
56.95
60.1
57.82
57.62
58.12
58.81
56.31
57.91
58.41
55.81
57.81
58.31
57.41
54.61
58.81
56.84
58.14
57.94
59.09
57.6
54.99
57.15
57.65
54.61
58.65
57.79
57.63
56.81
58.54
58.15
54.99
54.37
59.0
58.54
56.86
58.71
57.53
55.15
60.29
58.17
58.15
57.11
57.64
56.83
57.38
56.38
58.18
57.58
57.58
58.99
58.0
58.14
58.82
58.5
58.11
54.84
57.44
57.36
56.49
57.35
56.75
57.05
57.46
58.1
57.46
57.46
54.29
57.46
58.1
57.46
54.29
58.29
58.29
58.29
54.49
57.87
58.5
57.43
59.39
55.46
57.95
58.55
58.75
57.65
56.95
58.25
57.45
57.85
55.55
57.95
57.55
58.25
57.35
57.45
58.45
59.35
58.75
57.65
57.45
57.55
57.45
58.65
56.95
57.45
57.45
57.25
57.9
57.1
58.28
57.69
58.77
57.53
54.95
56.57
58.25
58.23
57.84
57.16
57.12
57.79
57.18
57.17
58.33
57.96
58.03
57.52
57.3
57.4
54.36
57.63
58.09
54.35
58.57
57.86
57.41
58.33
57.87
57.16
54.33
57.75
57.32
58.28
57.19
58.08
58.49
58.48
58.44
57.91
57.84
57.69
57.55
58.1
58.98
59.47
57.65
57.95
57.59
59.05
57.97
NA
58.07
58.3
58.16
57.31
57.98
57.48
58.18
57.68
56.98
57.88
58.48
55.18
56.88
57.56
57.56
57.96
57.96
58.06
55.76
56.91
57.81
57.61
58.01
57.04
59.66
57.95
55.72
58.25
57.36
57.58
57.78
58.18
57.88
58.16
55.65
57.89
58.52
59.09
58.1
57.79
57.67
58.18
57.14
56.6
58.06
57.62
54.97
57.77
57.95
54.29
55.92
57.86
58.82
58.12
NA
56.97
58.03
57.67
57.92
53.56
58.08
57.62
58.43
57.61
58.97
57.46
56.41
57.88
57.24
57.56
58.77
59.36
58.43
58.72
56.79
56.0
58.8
57.0
56.87
58.05
57.58
58.52
58.52
58.05
58.05
57.58
58.29
58.52
55.45
58.39
57.73
58.71
58.74
59.57
58.47
58.75
58.09
58.88
57.97
57.62
58.32
NA
58.4
58.54
58.19
56.03
57.11
54.95
58.18
57.99
56.9
54.06
59.46
57.46
54.87
58.1
56.27
57.52
55.92
57.65
58.84
57.59
58.7
57.58
57.33
57.33
57.07
57.61
57.41
58.31
56.81
57.61
57.65
57.85
58.05
56.15
57.45
58.85
57.85
56.45
57.55
57.55
58.0
57.79
58.96
56.53
54.96
57.36
57.05
58.23
55.65
54.49
57.88
57.92
58.12
57.6
57.43
54.83
57.28
57.36
57.81
57.94
58.09
57.36
57.81
57.39
57.61
57.18
57.98
57.81
56.61
58.82
58.13
58.09
57.24
55.64
58.3
58.45
58.05
55.05
57.0
58.1
57.4
57.0
56.88
57.48
58.54
57.76
57.45
58.07
56.32
57.14
59.64
57.94
55.24
58.14
58.61
58.01
58.11
57.61
54.91
57.71
57.61
57.01
NA
NA
NA
54.81
56.56
58.31
57.14
58.39
57.29
58.39
58.69
57.49
58.79
56.89
55.25
58.22
58.11
58.01
57.41
53.51
57.11
57.78
58.17
58.17
57.34
57.44
57.74
57.7
57.69
56.54
57.3
58.48
58.31
58.73
55.4
57.91
60.19
57.81
58.36
58.17
57.47
58.6
NA
NA
58.13
58.24
57.41
58.23
57.82
57.81
57.98
57.98
NA
NA
59.42
56.27
57.07
58.07
57.27
57.53
58.17
57.77
58.17
54.47
57.34
57.84
57.84
56.44
56.84
58.74
56.94
57.27
57.6
57.16
57.46
58.46
58.18
58.71
57.01
56.1
57.96
56.89
55.69
58.39
54.89
57.69
57.77
57.77
57.77
57.15
57.46
54.18
52.13
58.24
58.24
57.62
55.12
55.29
58.36
57.19
54.72
57.96
58.67
58.45
56.05
58.03
58.48
57.74
57.4
58.65
58.1
58.3
56.3
54.61
59.13
57.04
57.52
57.32
58.62
54.76
58.08
56.47
58.02
56.27
57.94
57.17
56.08
57.55
54.27
56.55
57.37
58.89
57.5
58.02
58.28
57.51
57.89
58.69
55.59
56.99
55.49
59.52
57.52
57.1
56.55
57.78
58.05
58.3
57.55
57.61
56.59
55.64
57.65
58.78
57.96
57.12
57.53
57.51
57.97
54.05
57.79
58.11
57.59
57.93
58.03
58.16
58.95
57.51
57.76
57.39
55.75
57.03
57.93
61.12
61.84
59.2
58.38
57.77
57.27
NA
57.99
58.39
57.89
58.49
54.79
57.09
57.69
57.49
58.39
58.26
57.08
56.34
58.11
56.41
58.1
56.98
57.0
58.37
NA
NA
58.1
58.7
58.0
58.46
57.96
56.96
57.46
57.16
58.36
57.56
58.16
57.36
57.26
59.16
56.38
59.16
57.06
57.06
58.06
56.86
57.46
57.66
57.46
56.29
57.74
57.32
58.32
58.82
58.02
56.73
57.99
56.75
57.62
56.88
56.54
56.48
NA
58.05
57.36
58.26
58.13
58.3
55.68
57.71
57.51
57.78
55.81
56.25
59.15
57.26
57.33
57.26
56.84
58.49
56.12
58.77
57.82
57.26
58.38
58.38
57.82
58.38
57.82
58.38
57.26
NA
58.09
57.95
57.47
57.83
57.83
53.73
57.83
57.83
58.83
57.53
57.53
57.83
57.33
55.7
57.05
58.18
54.7
58.03
57.52
58.39
56.41
57.24
56.81
58.07
57.67
57.73
54.68
57.68
58.08
58.37
58.18
58.59
NA
57.82
57.8
58.91
59.77
55.96
55.64
58.37
56.69
57.45
57.81
58.06
57.8
58.39
58.38
56.42
58.6
56.93
56.04
56.71
56.21
57.71
58.81
57.61
58.41
58.01
58.01
57.31
58.11
58.01
58.01
58.03
58.11
58.41
58.3
57.68
57.78
57.54
58.74
58.54
57.54
56.24
57.84
57.04
58.98
57.69
57.83
57.37
57.49
57.75
58.18
57.86
55.98
56.95
57.32
57.36
57.83
57.64
57.92
57.73
58.55
58.13
55.24
58.37
58.26
55.34
57.59
57.85
58.27
56.96
58.43
57.64
58.45
58.14
58.64
55.84
55.04
58.16
54.34
56.22
57.39
54.75
58.38
58.8
58.73
57.73
59.33
57.43
54.33
58.33
58.03
54.93
58.11
57.37
59.63
57.75
57.27
57.29
54.81
58.52
57.53
57.52
54.13
60.24
57.9
57.4
51.9
59.1
57.69
57.32
NA
NA
57.32
57.82
59.32
56.02
58.02
57.02
58.0
57.87
58.1
57.56
57.25
58.48
57.45
57.95
55.25
58.05
57.75
57.25
58.38
57.25
57.55
55.65
56.15
57.97
57.95
54.23
57.77
57.88
57.26
57.86
59.36
56.66
57.96
56.96
56.85
54.86
58.73
59.13
55.9
54.36
58.27
58.65
54.73
57.52
57.86
55.72
57.22
53.98
57.28
NA
58.08
58.06
57.32
57.78
58.46
57.2
58.95
56.6
58.02
57.94
58.06
57.85
56.98
58.17
58.17
58.08
58.08
57.83
58.65
57.81
55.76
57.41
56.75
57.89
58.01
57.99
58.35
57.39
58.55
57.49
57.88
58.62
58.11
57.23
54.64
57.12
57.22
57.68
57.8
57.94
57.22
57.66
57.25
57.46
57.86
57.68
56.44
58.65
57.98
57.82
58.03
58.03
54.73
57.27
57.94
58.51
58.32
56.24
57.81
57.53
55.03
59.3
58.54
57.94
55.84
57.84
57.84
57.72
56.82
57.32
58.42
57.42
57.52
57.52
58.72
57.52
57.02
56.12
58.75
57.85
57.35
56.95
53.65
57.85
57.95
57.48
57.19
59.09
57.29
58.14
57.94
57.94
54.95
59.18
57.97
58.35
54.97
58.1
58.99
NA
59.31
58.6
58.88
58.61
56.05
59.09
57.86
54.98
58.34
58.25
55.56
58.85
57.25
57.64
58.18
57.91
58.3
58.09
58.55
55.48
54.55
58.21
57.62
58.55
58.07
57.56
59.1
57.69
57.72
57.78
58.23
57.23
58.83
58.1
57.69
57.82
58.2
57.36
58.83
58.11
57.55
57.57
58.24
58.12
58.5
57.59
58.44
58.85
57.21
60.02
57.65
57.61
57.46
58.58
NA
56.95
NA
59.03
58.35
59.72
58.04
58.35
58.12
NA
58.2
57.31
58.43
58.16
58.06
55.66
57.56
57.96
57.68
57.98
57.12
58.02
58.85
NA
58.22
58.82
58.02
58.32
58.02
57.72
58.22
55.82
57.42
58.62
58.12
57.92
58.12
NA
NA
NA
NA
58.32
NA
NA
NA
NA
57.32
56.62
57.61
57.88
58.93
57.93
58.43
58.52
57.73
NA
57.85
57.65
56.74
NA
58.37
58.67
58.17
58.27
NA
NA
58.27
56.07
57.67
58.97
58.17
NA
NA
NA
NA
NA
NA
NA
NA
NA
NA
NA
NA
56.97
57.17
57.66
57.34
58.03
58.53
57.95
56.57
58.99
57.79
57.99
54.79
57.79
58.69
58.29
59.19
58.49
NA
58.49
55.69
57.48
57.83
57.93
57.37
57.91
57.83
56.89
57.88
56.54
57.53
58.4
58.42
58.53
57.86
58.21
57.92
57.33
58.35
57.96
57.38
56.87
54.64
58.02
58.12
57.68
53.43
58.08
54.79
57.31
56.79
55.7
57.45
57.72
57.71
54.91
58.25
58.06
57.94
59.59
55.73
58.38
57.78
57.58
57.38
58.82
58.12
58.02
54.42
55.52
58.59
57.89
57.79
57.19
55.39
58.31
58.82
56.95
57.67
59.84
55.4
57.89
58.56
NA
NA
53.05
57.25
57.09
55.07
57.05
58.81
57.49
58.29
58.51
58.73
54.47
57.84
58.51
57.84
54.47
58.73
58.51
58.06
58.06
58.29
NA
NA
NA
NA
NA
NA
57.9
57.65
54.95
55.75
57.75
58.05
57.44
58.24
58.54
55.94
58.17
56.23
57.82
58.23
57.93
57.12
NA
NA
56.64
NA
57.8
57.31
57.7
55.44
56.81
56.87
55.33
58.97
57.25
57.41
58.19
58.52
59.11
57.46
55.04
57.94
57.01
58.02
NA
57.48
54.3
58.05
59.96
58.0
58.66
54.7
58.44
58.43
57.17
52.54
56.94
57.91
57.22
58.17
54.6
57.93
58.01
58.31
55.43
58.61
58.25
57.74
57.7
58.58
55.97
57.52
55.05
57.3
57.43
57.03
57.23
58.73
57.55
58.38
NA
56.67
57.57
58.87
57.97
57.57
58.47
54.57
57.87
57.47
57.68
57.5
57.59
57.67
57.59
56.92
NA
NA
58.38
56.54
57.86
57.91
57.13
57.76
57.73
59.73
57.63
58.03
56.63
57.93
58.03
58.23
58.23
57.39
57.58
57.54
57.81
57.87
58.45
57.68
55.47
57.81
57.63
57.74
58.26
57.2
57.68
57.24
57.32
58.89
58.38
58.97
59.15
58.01
58.3
57.7
56.21
59.85
56.28
57.61
58.01
58.01
58.01
58.02
58.01
56.14
58.14
57.44
57.94
57.74
55.24
57.74
58.34
58.01
59.88
57.65
59.65
58.47
53.55
55.19
57.54
60.07
57.2
57.48
57.66
55.72
56.51
56.92
57.46
56.93
57.67
NA
57.94
58.02
55.37
58.2
57.59
57.59
56.56
57.67
57.2
59.35
57.48
57.76
57.57
55.56
57.18
57.48
57.38
55.68
56.18
56.88
57.68
57.28
58.98
56.78
57.68
58.38
55.58
58.08
57.78
57.38
56.18
58.2
54.94
57.87
56.9
57.5
56.6
55.13
57.68
57.74
54.06
57.45
57.01
55.43
57.82
57.19
58.35
57.36
57.01
57.01
55.06
56.75
58.68
57.6
58.0
57.3
57.7
57.9
57.29
56.98
58.98
57.69
57.98
57.59
58.08
57.96
55.05
57.32
58.27
NA
57.68
57.81
58.01
59.51
58.31
57.91
57.31
56.11
56.91
54.91
57.91
58.11
57.71
57.51
58.12
60.05
57.64
54.98
56.76
NA
57.78
57.66
57.75
58.25
57.85
58.55
58.1
58.46
58.28
57.46
58.38
57.56
58.15
58.64
57.53
57.39
58.06
57.62
57.58
58.1
58.03
58.95
57.17
57.88
57.83
58.11
58.26
58.51
57.45
58.27
58.52
57.53
56.47
56.72
57.58
NA
NA
57.37
57.91
57.95
58.64
58.41
56.95
57.85
58.11
58.08
56.85
56.88
57.84
57.82
57.52
57.55
58.85
58.57
56.82
54.56
57.66
57.52
55.49
56.66
57.02
58.47
57.65
56.33
58.41
58.06
57.93
59.15
54.34
55.27
56.48
58.79
58.19
58.69
58.59
57.09
56.99
56.09
57.99
55.76
58.82
58.95
58.11
58.07
58.9
56.62
57.87
NA
55.42
59.46
59.0
57.24
56.73
57.24
56.42
58.48
57.4
57.87
56.95
57.67
57.93
56.86
57.88
57.86
57.59
53.63
53.02
57.9
56.0
NA
58.24
60.4
55.81
57.73
57.52
57.75
55.78
56.33
59.19
57.35
57.45
57.42
57.09
58.7
57.7
58.7
58.2
58.2
55.45
58.7
58.45
57.7
54.87
56.92
55.01
57.06
57.43
57.99
58.16
58.03
56.77
57.88
59.4
58.78
58.47
58.31
57.51
57.54
55.81
56.93
56.08
55.97
59.52
58.54
54.1
58.3
55.15
57.52
57.61
56.19
54.42
57.7
57.7
58.24
58.52
58.52
58.12
57.9
57.83
58.21
58.24
57.34
55.62
57.83
58.0
58.12
59.27
58.29
58.04
57.24
56.04
57.74
57.94
58.84
58.44
58.04
57.94
56.94
56.94
55.74
57.27
57.19
54.34
57.11
57.61
57.81
57.91
57.61
57.96
57.26
57.86
57.96
57.66
57.72
57.43
58.01
55.98
57.27
58.75
58.61
57.39
58.34
57.32
57.15
57.43
57.43
57.16
57.46
57.76
59.06
56.86
57.76
58.26
57.46
58.66
54.46
57.96
57.56
58.76
55.56
57.96
57.76
57.66
58.06
57.82
57.72
58.5
57.24
57.17
54.96
58.64
58.45
57.76
58.5
57.82
57.35
57.23
57.6
57.34
58.07
57.67
54.98
54.74
57.27
57.3
55.08
57.54
57.55
57.04
58.69
57.14
57.88
57.58
56.89
58.51
56.47
57.55
57.72
57.7
58.09
57.97
57.87
58.1
57.58
59.08
57.65
57.7
57.54
57.72
NA
NA
53.52
NA
NA
55.46
57.45
57.22
58.3
57.39
57.29
56.27
57.65
56.27
58.01
56.32
59.15
58.01
58.0
56.07
58.0
58.09
57.96
57.9
57.76
55.64
57.81
57.76
57.33
57.33
58.93
57.01
58.23
58.13
57.25
57.02
56.05
56.51
58.94
53.98
57.82
57.29
57.67
57.69
NA
57.15
57.65
54.95
57.95
56.45
58.75
58.05
57.95
58.75
57.35
57.53
58.38
54.56
55.9
55.85
55.74
57.43
58.2
57.81
57.77
57.32
56.97
57.69
56.56
58.87
57.99
57.05
56.49
57.69
56.62
58.51
57.77
59.74
58.48
58.49
57.26
56.27
58.48
57.04
54.68
58.36
57.56
57.3
58.42
58.09
58.19
58.99
57.19
59.32
56.92
58.17
57.94
54.52
NA
57.36
59.13
57.93
55.43
55.83
58.43
57.58
58.7
58.16
55.3
58.27
54.58
57.55
57.07
54.61
57.72
57.24
57.17
54.96
58.64
NA
57.77
57.78
56.39
56.51
57.34
57.62
54.05
57.5
58.29
58.48
57.68
58.27
57.82
57.51
57.96
57.23
57.64
57.64
56.5
56.97
NA
58.85
57.97
59.55
58.18
60.11
57.63
58.86
58.43
58.66
57.58
59.55
57.7
57.51
57.35
NA
NA
54.01
55.19
57.18
57.25
57.26
58.14
58.06
57.64
57.85
57.68
57.04
58.02
58.1
58.16
57.67
57.13
59.35
58.15
57.47
58.64
57.4
57.23
55.83
57.73
55.31
57.01
57.44
57.21
NA
58.63
57.73
58.15
56.73
57.73
55.55
53.47
57.17
57.17
58.15
57.65
56.7
57.45
56.49
57.48
57.6
55.26
58.36
56.99
58.09
59.35
58.05
57.98
58.38
55.02
58.16
58.34
58.39
57.39
55.24
57.57
56.7
58.02
58.54
57.48
58.52
58.1
57.2
56.7
56.2
57.37
58.01
57.73
57.96
58.29
57.64
57.52
57.92
57.86
58.34
57.6
57.96
57.69
58.24
57.43
57.77
56.54
59.04
57.94
57.84
53.64
56.94
57.84
57.57
58.43
56.36
57.98
58.27
57.35
57.66
53.79
58.53
54.94
NA
55.92
58.13
58.09
54.38
57.82
57.58
57.4
57.68
54.38
58.28
58.28
58.08
58.83
57.9
58.06
54.87
58.33
57.99
55.13
57.99
57.82
57.4
57.99
57.11
57.99
59.08
58.2
58.29
58.02
56.0
55.86
58.65
58.07
54.58
57.67
58.19
58.06
57.82
55.73
57.08
57.66
57.2
57.5
57.29
57.62
59.03
57.69
58.04
57.58
58.04
56.8
55.56
58.21
NA
57.7
57.4
57.45
57.63
57.2
57.49
56.92
57.96
57.45
57.43
57.12
57.23
57.41
57.01
57.57
57.22
57.07
56.99
56.92
59.51
52.68
58.34
57.31
54.41
57.57
58.67
NA
NA
NA
57.51
54.85
57.22
58.04
57.06
54.95
57.7
57.51
58.7
57.94
57.61
56.61
58.2
55.9
58.05
57.7
58.41
57.91
55.76
57.86
56.59
55.66
56.15
57.06
57.54
58.13
57.32
57.79
57.65
58.14
57.41
57.85
57.65
55.28
57.18
57.65
NA
54.57
58.6
57.7
58.12
56.7
57.7
NA
58.28
58.16
54.06
57.92
58.16
55.51
58.16
58.16
55.51
58.44
58.02
57.87
57.6
56.86
56.11
60.61
56.88
59.07
58.39
57.52
58.06
57.93
57.97
58.69
58.49
57.79
56.69
58.09
58.29
56.49
58.26
55.07
59.04
57.46
57.8
57.59
56.89
57.89
58.81
58.29
58.02
58.13
58.91
57.32
57.48
57.51
NA
57.6
56.91
58.43
58.25
57.62
57.65
58.68
58.08
58.48
57.98
57.78
57.9
57.6
57.5
57.2
53.9
54.2
60.0
57.8
58.2
58.2
57.6
57.9
57.66
58.64
58.09
58.17
57.18
57.6
57.03
57.23
56.83
59.03
57.23
56.73
58.57
57.27
55.07
57.64
58.92
57.55
56.19
56.5
58.27
57.55
56.48
58.62
57.88
58.52
56.81
56.65
57.73
57.93
57.66
56.71
54.11
57.61
55.41
57.51
58.53
58.83
58.03
57.48
58.09
57.96
59.02
58.71
57.83
56.08
58.32
57.86
58.55
57.82
54.91
56.43
57.7
58.14
59.23
58.13
57.33
58.19
56.99
58.84
57.74
57.54
58.15
57.87
54.88
NA
NA
NA
NA
NA
NA
NA
NA
NA
NA
NA
NA
NA
NA
NA
NA
NA
NA
59.4
57.11
58.91
57.43
57.43
57.43
58.41
56.91
57.92
59.13
57.38
58.17
58.17
59.43
56.69
59.4
58.17
55.21
56.45
57.66
58.09
57.88
58.32
58.89
57.85
57.6
58.66
57.78
58.95
57.96
58.63
55.83
57.86
58.84
58.15
57.69
57.95
57.55
59.05
57.05
58.25
58.05
59.15
58.05
57.55
56.55
58.46
55.04
57.53
57.33
57.06
58.12
58.06
57.84
57.19
57.93
57.57
57.36
54.13
57.84
58.57
58.49
55.5
57.95
57.32
NA
57.82
58.63
NA
55.53
57.92
58.26
56.56
58.08
58.28
57.76
58.76
58.06
58.06
55.46
57.56
54.96
56.86
57.06
57.96
58.07
57.83
57.81
58.78
57.82
57.79
58.47
56.0
57.56
57.81
57.78
57.38
57.61
57.24
56.99
57.38
58.38
57.68
57.38
58.38
57.58
57.06
57.54
56.78
57.5
57.91
57.82
58.36
58.14
58.24
56.77
57.64
57.57
58.26
58.03
58.03
58.35
58.32
57.79
57.92
57.0
58.9
NA
NA
57.81
57.75
57.52
58.12
57.77
58.08
57.49
58.02
57.35
55.59
57.82
58.45
57.85
57.91
57.94
57.51
58.05
NA
56.32
56.47
57.97
54.29
58.07
57.86
57.46
57.59
56.92
56.9
58.03
54.39
58.15
58.0
57.56
57.7
56.97
56.99
57.99
57.59
57.82
56.04
56.66
56.44
55.87
58.04
54.8
59.25
55.7
53.81
57.62
58.18
57.91
58.01
58.11
55.06
59.47
55.95
53.97
57.71
58.71
58.0
58.65
57.11
55.64
57.03
62.21
61.24
NA
57.86
55.95
57.59
60.27
54.19
NA
56.63
58.79
55.04
57.09
62.09
60.95
NA
58.47
55.03