40.72
40.24
38.69
42.68
41.05
41.18
39.89
41.69
41.7
42.11
42.77
41.49
41.83
40.79
41.67
41.62
42.02
NA
41.82
41.82
46.12
NA
41.82
41.82
NA
41.82
41.82
41.82
41.36
41.02
41.05
40.95
41.36
41.76
41.46
43.53
42.19
42.61
41.69
42.81
42.84
41.76
41.68
NA
42.09
40.26
42.17
40.95
41.07
42.27
41.53
41.38
40.74
40.23
42.34
42.41
42.15
42.16
42.56
42.53
41.08
40.93
43.6
41.34
41.68
41.67
42.7
41.81
42.26
NA
41.18
41.5
41.81
41.81
42.02
41.16
41.28
40.64
42.26
41.31
NA
40.77
41.5
NA
42.0
40.93
41.67
40.5
41.19
41.74
38.26
42.26
42.78
41.6
41.85
41.43
42.3
41.62
40.81
42.15
41.92
41.91
42.08
40.75
41.29
40.43
42.33
42.78
41.76
40.92
40.26
41.88
40.74
39.1
41.05
41.55
NA
42.04
40.3
40.46
42.63
41.98
41.01
NA
40.41
40.91
NA
41.91
41.66
42.38
40.8
42.07
41.19
41.85
41.49
42.42
42.08
43.02
39.29
41.99
42.32
41.86
42.39
41.2
41.86
39.93
42.36
42.26
40.05
40.61
41.6
42.15
NA
38.56
41.88
NA
42.13
NA
42.21
42.51
41.36
41.94
42.22
42.82
42.25
41.36
42.03
42.52
41.7
41.29
39.65
41.71
41.49
42.43
39.04
41.62
40.6
41.27
44.68
42.87
43.02
43.1
41.31
41.93
42.13
41.21
40.84
40.78
40.95
42.8
NA
40.87
41.32
41.98
41.53
41.34
41.2
42.07
42.47
40.82
41.28
41.39
41.11
41.08
42.44
42.38
41.2
40.37
42.01
41.56
42.13
42.07
40.6
42.16
42.03
41.79
39.67
41.56
43.7
42.02
41.35
43.27
42.3
41.62
41.62
41.63
41.13
41.83
42.05
40.43
41.67
42.57
40.97
40.82
42.29
43.19
41.92
41.11
42.74
40.45
41.63
41.57
42.45
NA
41.5
42.17
42.68
41.86
40.7
41.63
42.38
42.13
41.04
40.14
43.1
42.53
41.93
42.68
42.05
41.02
41.46
42.76
41.9
42.7
42.33
41.9
41.42
NA
41.45
41.54
40.42
40.73
41.6
41.08
42.91
40.51
41.97
41.36
42.46
41.98
41.63
41.49
42.4
43.83
41.44
41.32
40.73
42.29
41.16
41.38
NA
42.72
44.49
41.71
43.87
41.44
NA
42.03
41.78
42.18
41.23
41.43
41.81
41.96
41.91
42.09
42.62
41.82
42.16
40.86
38.64
40.82
42.35
41.77
42.14
41.62
42.91
40.9
45.5
40.92
NA
41.81
41.76
41.65
42.49
42.72
40.37
42.14
41.68
41.04
42.19
41.1
40.99
40.43
42.1
41.37
42.6
41.48
40.73
41.23
40.79
41.16
40.6
41.67
41.55
42.78
43.03
41.91
42.7
42.25
42.82
42.0
NA
NA
NA
41.86
42.16
43.56
41.88
42.39
41.15
42.34
40.2
40.61
41.33
41.55
41.54
39.93
41.42
41.74
41.52
41.74
40.88
40.22
40.35
42.8
NA
41.25
41.85
NA
42.97
40.99
NA
42.25
41.18
42.07
40.76
NA
41.87
NA
38.92
42.16
NA
43.39
42.56
42.15
41.09
43.25
41.5
41.31
40.62
41.21
41.41
41.13
NA
42.48
41.54
40.86
41.95
42.14
41.7
41.58
42.36
NA
43.48
42.47
37.57
42.33
NA
40.68
42.02
41.62
38.77
42.19
41.83
38.59
43.21
43.4
43.13
41.42
37.99
41.91
42.18
42.09
41.65
39.39
42.86
41.95
41.08
38.47
41.03
42.96
37.65
41.9
41.33
42.33
39.17
42.46
41.08
41.78
38.18
39.03
42.14
44.03
38.44
41.97
41.04
42.03
40.69
NA
37.76
41.86
41.35
42.75
41.66
41.93
42.07
42.91
43.01
NA
NA
41.62
38.44
40.79
42.38
42.14
41.5
38.2
42.45
43.8
41.67
41.79
38.26
40.49
41.29
41.95
41.0
41.91
38.87
42.27
41.68
41.47
42.84
42.09
41.75
42.23
41.22
41.44
40.83
41.21
42.03
40.59
41.19
42.09
41.89
41.27
42.28
41.36
40.54
41.81
40.52
42.41
42.19
42.34
42.03
40.15
43.6
41.34
41.55
43.54
43.41
43.32
38.09
NA
41.34
41.4
41.9
44.7
42.73
41.41
41.45
41.46
40.97
41.24
42.43
42.47
42.02
41.86
41.46
42.12
40.06
40.95
41.77
41.59
40.3
44.24
41.26
41.0
40.81
42.4
41.84
NA
40.66
42.78
40.93
42.44
42.72
40.93
40.96
41.8
41.78
42.4
41.26
42.57
41.31
42.42
42.05
NA
43.37
42.27
42.81
40.82
42.21
43.29
41.24
41.84
41.72
42.67
42.46
42.41
40.96
42.21
NA
42.18
42.29
NA
42.15
43.11
42.81
42.42
40.94
41.41
41.58
42.57
43.19
42.21
42.82
41.63
42.46
43.3
42.1
41.83
42.0
NA
40.93
43.03
39.56
41.71
41.41
41.81
41.81
40.03
NA
39.38
41.18
41.38
43.25
NA
NA
41.27
41.47
NA
41.58
41.98
40.7
41.14
41.5
39.96
41.62
NA
42.59
NA
41.18
41.21
NA
41.79
43.86
42.23
40.1
41.88
NA
42.57
NA
41.58
41.32
NA
NA
43.77
41.85
41.58
41.73
NA
40.87
40.34
NA
41.88
42.4
40.91
42.45
NA
39.77
NA
NA
41.62
41.66
39.26
41.12
NA
41.37
41.75
NA
41.21
NA
NA
41.54
42.42
41.26
42.35
NA
NA
38.98
NA
NA
41.68
NA
41.45
NA
NA
41.67
NA
NA
NA
NA
NA
NA
NA
NA
NA
NA
NA
NA
NA
NA
NA
NA
NA
NA
42.26
41.77
41.97
40.71
42.79
41.78
41.76
42.81
NA
40.68
42.25
41.55
42.4
40.74
41.08
41.33
NA
42.57
42.16
41.64
40.51
42.22
42.47
NA
NA
42.59
41.03
39.9
40.28
NA
40.73
42.24
41.76
41.22
39.22
41.22
41.28
NA
NA
NA
NA
NA
40.92
NA
40.54
40.62
41.19
41.72
40.05
40.69
40.19
40.23
NA
40.93
NA
NA
NA
40.76
43.08
40.92
41.74
42.43
42.04
41.11
42.91
42.51
40.93
42.43
42.31
41.0
NA
30.27
NA
42.22
40.92
41.82
41.12
42.43
NA
NA
NA
NA
41.68
NA
40.97
41.62
41.65
42.68
41.72
40.69
41.32
42.47
41.97
41.72
41.23
39.11
41.25
41.24
42.29
45.35
NA
NA
NA
NA
NA
NA
NA
NA
NA
NA
NA
NA
NA
NA
NA
NA
NA
NA
NA
NA
NA
NA
NA
NA
NA
NA
NA
NA
NA
NA
NA
NA
41.72
42.23
42.59
41.67
40.31
41.3
41.96
42.31
41.41
41.36
41.3
42.08
42.66
41.74
41.82
42.8
41.66
42.22
40.02
41.83
40.02
42.73
40.02
40.28
41.96
40.79
42.09
40.28
37.43
40.02
44.12
41.44
41.6
41.6
42.2
43.5
40.3
41.4
42.4
42.5
40.6
41.4
42.2
42.3
42.2
39.02
39.97
39.51
40.65
41.66
42.63
41.1
41.2
42.2
41.6
40.7
41.7
41.2
41.1
41.7
42.98
41.0
42.7
41.9
41.6
NA
NA
NA
NA
NA
NA
NA
NA
NA
NA
NA
42.12
41.65
41.09
41.75
41.52
42.83
43.53
40.25
41.65
41.64
43.44
41.64
41.24
42.44
41.74
41.14
41.74
42.24
42.13
42.94
42.84
41.83
41.83
42.29
41.75
41.38
42.31
42.15
42.05
42.65
42.25
41.95
NA
NA
40.45
42.15
41.05
42.55
40.45
41.15
41.85
41.65
42.24
40.85
40.71
43.18
41.03
42.24
41.8
41.74
NA
38.52
41.95
41.91
42.26
41.76
41.15
41.31
42.91
41.61
42.56
42.05
40.93
42.24
41.8
40.41
41.67
42.46
39.0
41.06
41.53
42.6
40.24
39.54
42.18
42.25
39.35
41.52
42.58
40.84
41.88
42.2
42.34
41.48
41.61
NA
40.11
41.78
40.54
41.48
43.61
41.08
42.45
40.6
41.13
NA
NA
NA
NA
NA
NA
NA
NA
NA
NA
NA
NA
NA
NA
NA
NA
NA
NA
NA
NA
NA
NA
NA
NA
NA
NA
NA
NA
NA
NA
NA
NA
NA
NA
NA
NA
NA
NA
NA
NA
NA
NA
NA
NA
NA
NA
NA
NA
NA
NA
NA
NA
NA
NA
NA
40.95
41.03
42.15
42.02
NA
NA
40.37
40.7
42.62
44.08
40.67
41.2
40.6
41.7
42.4
42.45
NA
43.29
42.33
41.69
39.75
41.74
39.93
41.1
41.69
40.52
41.69
42.27
42.85
42.21
NA
41.7
42.38
42.12
41.16
42.03
42.12
41.91
41.99
42.06
42.32
41.99
42.17
40.45
42.23
40.72
39.54
41.14
42.05
40.79
42.09
43.57
42.57
NA
42.76
42.61
42.02
NA
NA
NA
42.01
41.7
41.2
43.0
41.0
42.5
41.4
43.0
41.8
NA
NA
NA
NA
NA
NA
41.7
40.79
NA
NA
42.62
40.68
42.14
NA
41.79
41.78
41.42
42.39
42.02
42.18
42.63
42.39
39.54
41.85
42.37
42.35
42.51
42.81
41.6
40.83
NA
NA
NA
41.15
40.91
40.96
40.84
41.8
42.46
41.86
40.39
40.71
40.64
42.93
42.26
40.96
42.98
40.98
NA
41.1
41.72
41.74
41.24
41.84
41.35
41.36
NA
42.4
NA
41.33
43.45
43.06
41.46
41.95
40.85
NA
40.76
41.38
41.12
39.09
40.79
41.78
42.12
42.57
38.53
42.27
41.66
41.37
43.23
43.36
43.71
42.27
41.33
44.04
42.24
42.73
43.65
43.58
43.64
43.51
43.51
42.31
45.32
41.79
42.26
41.79
42.25
41.47
41.57
41.92
41.48
41.59
40.92
43.02
41.05
NA
42.72
41.72
41.76
42.39
42.27
43.0
40.98
NA
42.65
42.48
41.71
42.28
42.26
42.23
40.22
40.52
40.0
42.75
39.47
40.53
41.97
40.81
41.73
38.8
37.07
39.66
44.14
41.27
42.02
42.36
42.5
41.23
58.0
42.58
41.71
41.57
42.06
41.47
39.88
43.05
41.41
41.4
42.58
42.18
42.35
41.04
41.93
41.6
NA
42.52
NA
39.95
44.03
42.05
42.02
NA
40.87
42.15
40.82
68.74
NA
37.62
NA
NA
NA
NA
NA
NA
NA
NA
NA
NA
NA
42.36
NA
39.93
40.88
NA
42.05
41.82
41.82
43.78
43.52
NA
NA
NA
NA
NA
38.66
41.64
40.47
40.71
42.46
43.34
40.68
42.67
41.44
40.73
40.15
42.0
39.64
42.03
41.47
42.03
40.91
41.96
41.26
41.23
44.53
38.75
41.6
40.5
40.63
42.5
43.35
40.69
42.63
41.6
40.82
40.3
42.05
39.59
42.18
NA
41.99
40.82
41.92
41.28
40.43
NA
41.66
40.82
NA
42.57
43.47
40.56
42.76
40.63
41.02
NA
41.79
40.5
41.6
41.6
NA
41.08
42.05
41.6
41.79
42.65
42.13
41.97
43.06
43.04
43.05
43.35
43.25
43.14
43.37
43.18
43.28
43.12
NA
42.98
NA
43.19
43.12
43.25
43.16
43.06
43.26
43.32
43.2
43.39
41.06
40.6
42.5
44.45
42.3
39.83
39.84
42.38
41.5
41.84
41.3
41.78
41.33
42.3
40.77
41.98
42.73
42.91
41.91
41.0
41.07
42.22
41.91
41.0
41.07
42.22
41.96
41.19
41.11
42.28
41.95
41.16
41.12
42.27
41.87
40.92
41.01
42.0
42.3
42.73
41.06
41.9
42.49
42.5
39.75
41.37
41.14
NA
NA
45.2
NA
NA
NA
NA
NA
NA
NA
NA
NA
NA
NA
NA
NA
NA
45.15
42.25
41.16
NA
NA
NA
NA
NA
40.15
42.19
44.37
43.27
39.89
40.85
42.32
42.61
41.58
41.23
40.79
41.63
41.98
41.56
NA
NA
NA
NA
NA
41.0
41.84
41.35
40.87
41.0
42.77
44.07
41.65
NA
NA
41.48
41.79
41.81
39.24
NA
NA
NA
NA
NA
39.76
41.22
NA
NA
NA
NA
NA
NA
NA
NA
NA
NA
NA
NA
NA
43.03
40.42
41.09
40.69
42.39
42.12
43.42
41.15
42.46
42.05
41.92
42.24
42.34
41.42
42.93
41.12
41.56
40.36
41.42
40.43
41.68
41.39
41.09
41.57
42.64
NA
41.36
40.04
41.07
40.17
41.37
NA
44.34
43.14
42.53
39.84
41.36
29.68
42.94
40.45
37.96
42.11
41.99
42.99
NA
42.01
NA
42.48
41.97
42.21
42.75
42.87
41.3
41.84
41.2
37.71
41.31
41.52
42.72
NA
42.0
NA
42.5
43.09
42.14
41.94
42.56
42.55
42.13
41.53
41.4
41.73
NA
NA
NA
NA
43.17
42.37
42.89
41.66
42.66
41.81
42.14
42.87
40.9
41.97
42.11
42.31
39.86
41.31
41.04
40.57
NA
NA
42.46
41.7
43.32
41.96
42.65
41.14
41.22
40.99
42.46
41.42
42.12
40.82
40.52
41.52
38.52
39.82
39.82
42.22
40.02
41.42
40.22
42.22
37.45
40.9
42.16
42.31
42.89
NA
40.81
40.89
42.41
41.13
43.08
41.73
43.27
41.64
41.17
42.16
40.74
41.82
41.05
40.45
42.62
41.54
38.51
40.77
40.36
NA
NA
NA
NA
NA
NA
NA
NA
NA
40.19
NA
40.62
39.22
NA
41.28
NA
NA
39.93
43.43
40.13
40.03
41.53
41.02
NA
41.09
42.19
40.81
41.64
42.3
40.1
40.9
41.9
40.8
42.29
39.81
42.61
41.06
40.96
42.26
41.38
41.08
43.78
45.08
42.18
40.98
45.58
42.08
41.08
42.3
42.3
41.4
42.3
42.07
41.57
40.47
42.67
42.51
41.51
40.21
42.21
42.01
43.31
42.21
40.11
42.01
41.85
41.45
41.49
41.49
42.29
42.21
41.71
NA
NA
NA
41.31
43.91
41.41
41.31
42.37
41.77
41.27
42.6
41.85
40.41
42.21
NA
43.21
40.91
NA
44.41
42.11
41.71
42.01
NA
41.71
41.3
41.95
39.33
40.84
41.9
42.92
41.73
41.83
43.73
41.53
40.83
42.63
42.23
42.43
42.73
39.53
41.53
41.73
40.74
41.84
42.14
42.74
42.04
40.64
42.04
42.45
42.15
41.85
41.85
43.35
40.91
42.6
42.29
42.13
41.75
41.25
40.8
41.73
41.75
43.43
41.06
41.98
41.24
41.65
41.04
41.43
41.16
41.46
40.84
41.01
40.61
42.16
41.81
41.89
39.75
NA
NA
NA
NA
40.66
40.49
40.26
41.65
43.21
40.85
40.52
40.46
41.65
43.27
42.48
41.68
41.73
38.26
42.78
41.54
NA
NA
NA
39.47
NA
NA
NA
NA
NA
NA
NA
NA
NA
NA
NA
NA
NA
NA
41.88
41.05
42.48
41.88
41.05
42.48
41.4
NA
41.5
41.8
42.9
38.6
41.12
41.82
41.33
NA
41.63
41.63
41.63
41.13
42.33
42.13
NA
41.68
40.98
42.18
40.68
42.32
42.22
NA
NA
NA
41.91
41.92
40.39
41.46
41.04
43.32
43.15
41.64
42.08
40.78
41.18
NA
40.81
41.81
42.41
42.21
41.51
41.41
41.71
41.21
42.04
41.84
43.79
NA
41.05
41.55
41.28
40.79
42.25
41.97
41.97
41.34
NA
41.65
NA
40.01
41.3
41.15
43.43
41.2
43.49
42.55
41.51
41.26
41.72
41.34
40.86
41.53
42.58
NA
42.38
41.78
42.4
41.8
42.9
40.69
41.7
38.68
44.04
39.28
41.58
41.28
41.99
41.15
40.93
41.08
40.95
40.85
42.71
42.17
41.55
NA
NA
NA
NA
NA
NA
40.44
38.63
42.26
42.78
41.18
38.12
41.74
40.71
41.91
41.71
41.31
41.81
41.11
42.11
32.61
41.81
41.37
42.61
41.66
42.85
42.33
41.93
40.42
41.24
43.19
43.19
43.13
43.2
43.0
43.19
43.46
42.58
41.21
41.73
41.23
NA
43.14
42.74
40.84
42.74
42.84
42.04
40.94
41.04
41.64
NA
41.55
42.15
NA
NA
41.82
42.84
NA
40.32
41.58
NA
41.52
42.03
NA
NA
41.79
42.81
NA
40.29
41.55
42.74
42.14
41.24
42.47
41.17
41.37
41.47
42.03
NA
NA
NA
NA
NA
NA
NA
NA
NA
NA
NA
NA
NA
NA
NA
NA
NA
NA
NA
41.28
39.63
41.83
41.28
42.5
43.48
40.18
41.83
41.67
41.77
42.27
42.07
42.37
41.67
42.77
43.07
39.25
41.55
42.45
41.65
42.95
41.05
41.68
42.39
42.16
44.5
42.38
38.86
41.64
41.45
42.86
41.47
40.05
42.38
44.73
41.67
41.46
42.16
44.5
42.34
41.79
41.06
41.61
41.77
40.53
41.03
41.39
NA
NA
41.63
NA
41.04
NA
41.21
42.97
39.69
40.6
41.69
40.48
NA
40.19
42.19
40.81
NA
NA
NA
NA
NA
NA
NA
NA
41.67
40.97
40.01
41.71
39.61
42.32
42.42
41.1
42.37
42.1
42.22
41.01
40.94
43.18
41.39
43.69
41.65
42.61
42.73
42.09
44.46
40.17
42.35
42.15
41.45
41.95
42.55
NA
40.25
NA
41.55
42.75
41.45
43.52
41.82
42.62
41.92
41.62
41.82
42.82
41.72
41.82
42.42
39.02
41.36
42.07
41.27
42.57
41.07
42.37
40.57
42.67
41.97
41.42
42.52
41.32
43.42
41.32
41.92
41.42
39.62
41.47
40.77
40.37
43.67
41.07
41.67
40.57
41.77
NA
NA
41.07
NA
NA
41.36
40.84
42.01
40.4
42.21
40.19
41.31
42.11
42.2
40.79
41.66
41.86
39.85
42.48
NA
NA
NA
NA
NA
41.55
41.66
41.43
38.22
42.42
41.73
41.09
40.51
41.07
42.4
44.25
43.56
41.85
41.33
41.18
42.15
41.18
41.67
40.06
NA
41.57
41.25
42.18
42.08
42.17
41.79
NA
NA
39.44
NA
41.72
42.98
42.13
42.76
41.2
39.41
41.71
41.31
40.11
41.21
41.41
42.21
41.31
41.61
42.01
41.38
40.56
40.29
44.82
41.77
42.16
41.24
40.86
41.69
41.58
40.12
41.08
NA
NA
NA
NA
NA
NA
NA
NA
NA
NA
NA
NA
NA
NA
NA
41.45
42.45
43.85
NA
41.45
42.04
41.6
41.32
42.42
41.54
42.13
40.87
41.94
42.97
42.01
41.28
40.47
40.15
42.09
41.89
41.58
41.5
42.25
NA
NA
42.48
39.78
41.78
41.28
41.48
42.68
41.94
42.73
42.15
41.26
41.94
42.15
39.89
41.23
42.2
42.4
NA
NA
37.6
41.35
39.45
41.05
NA
41.05
NA
NA
43.69
42.88
41.27
NA
NA
40.92
43.42
40.02
42.85
41.53
42.18
39.91
42.11
NA
41.34
41.63
41.9
39.97
43.0
42.13
42.78
41.81
40.11
42.41
42.29
42.81
40.98
40.98
41.39
41.09
41.44
42.39
NA
42.01
41.86
41.8
41.67
40.57
41.15
41.64
41.54
42.86
41.61
41.78
42.12
42.28
43.7
40.94
42.01
42.11
40.81
41.51
42.11
41.61
42.21
40.61
41.81
41.41
41.61
41.55
40.4
NA
NA
43.2
40.9
NA
42.4
42.1
41.7
42.0
40.9
NA
41.96
39.86
41.26
42.86
41.36
41.36
41.46
42.56
41.86
41.85
40.05
41.05
43.05
40.15
NA
NA
42.45
42.25
40.64
40.74
41.64
41.74
41.14
41.34
42.74
42.04
40.32
38.24
40.79
41.7
42.64
41.4
40.69
NA
42.03
41.28
41.62
42.11
41.34
NA
41.74
40.16
41.42
40.38
41.05
41.15
41.33
42.17
39.54
43.09
41.13
41.81
NA
41.71
41.98
42.45
42.61
42.23
42.53
42.61
42.36
42.89
42.8
41.85
42.25
NA
42.01
42.92
40.07
NA
NA
42.49
42.33
42.38
42.49
41.82
41.31
42.56
40.89
NA
41.02
43.02
43.22
41.32
40.22
41.32
41.12
43.69
42.19
42.47
41.41
42.52
42.51
42.21
NA
41.75
41.87
40.77
41.48
40.65
42.95
41.21
41.35
41.85
41.65
40.53
41.35
41.68
42.3
37.94
41.84
42.95
NA
42.06
39.96
40.34
39.17
40.56
41.5
40.94
44.11
39.8
41.21
39.42
42.29
43.26
42.08
42.14
40.63
42.37
41.26
41.57
42.9
40.09
NA
NA
NA
NA
NA
NA
NA
NA
NA
NA
40.6
41.55
40.96
42.03
40.35
41.02
42.32
41.05
40.88
42.4
41.99
41.17
41.56
42.14
41.11
41.6
41.15
42.67
41.54
40.4
40.4
42.15
41.9
43.36
43.57
44.62
41.83
40.84
42.72
40.12
39.62
41.62
41.62
40.62
40.62
41.62
41.12
43.22
42.22
41.12
39.62
40.62
41.62
42.72
NA
NA
NA
NA
NA
NA
42.04
NA
NA
NA
41.24
NA
41.14
41.44
42.14
41.64
42.04
41.96
42.16
40.46
40.86
41.76
41.56
41.56
NA
NA
41.79
41.49
41.29
41.49
NA
NA
NA
40.49
NA
NA
42.19
42.27
41.77
41.17
40.07
42.07
42.27
40.95
41.15
40.37
41.6
41.4
41.77
43.07
41.78
42.32
41.3
40.22
40.41
41.98
43.75
43.22
42.19
41.5
39.45
41.09
41.7
NA
42.24
41.04
41.74
42.34
40.24
38.74
39.54
42.24
40.3
NA
NA
43.45
42.45
42.05
42.44
41.53
42.58
41.8
41.27
NA
42.56
41.95
41.75
42.12
41.75
NA
41.89
41.88
43.98
43.18
44.98
NA
NA
NA
NA
41.36
42.34
41.0
41.36
42.8
42.51
NA
NA
41.8
41.97
40.63
41.75
41.95
42.57
42.6
42.62
42.2
41.84
41.78
41.71
42.13
42.75
41.39
NA
NA
NA
42.27
42.01
41.73
41.28
40.84
40.65
43.62
41.0
40.0
43.4
40.1
42.83
NA
41.83
41.73
42.43
40.23
40.43
39.83
41.63
41.93
41.23
42.03
39.73
40.93
NA
41.35
41.16
41.81
41.75
42.72
43.16
41.68
41.33
41.32
41.15
40.84
42.47
41.44
38.31
43.24
40.5
39.63
41.93
41.74
41.73
41.04
41.56
40.52
42.84
41.65
40.79
41.09
43.09
42.39
41.49
42.39
40.59
41.39
42.29
42.99
41.27
40.08
40.09
41.15
40.88
42.01
41.8
41.64
NA
42.58
41.79
42.02
42.9
NA
38.7
43.73
NA
40.03
41.84
41.69
41.33
NA
41.12
39.27
42.49
41.96
40.66
41.75
43.36
42.08
41.69
NA
41.82
42.47
42.37
41.13
39.07
40.73
42.91
40.52
41.93
41.43
41.43
41.93
41.63
42.48
NA
NA
41.35
NA
40.72
41.62
NA
40.69
42.22
NA
NA
41.88
41.5
42.74
41.87
41.87
40.11
39.65
42.7
43.3
43.0
38.6
42.3
41.4
41.8
41.1
44.3
42.2
42.2
37.36
42.26
42.06
41.56
NA
42.17
41.47
40.77
41.94
NA
41.7
NA
40.53
44.69
42.18
41.35
41.16
NA
40.8
NA
NA
42.13
40.71
40.78
41.67
41.05
42.97
42.67
40.78
41.06
41.72
41.99
41.89
42.03
NA
NA
40.73
43.44
42.44
41.4
41.2
41.41
41.89
40.96
41.76
40.44
42.64
42.44
41.34
43.44
42.64
42.43
42.56
40.66
43.1
43.92
42.2
42.3
41.29
42.3
41.43
42.13
42.13
41.93
NA
41.89
41.54
42.94
41.92
41.28
42.44
40.55
42.33
42.15
42.42
41.89
40.72
41.45
42.67
41.7
41.16
41.14
42.16
41.45
41.65
42.07
43.06
42.16
39.76
42.12
42.12
43.18
41.11
NA
41.16
42.37
NA
42.43
NA
40.72
41.02
41.82
41.82
41.52
38.12
NA
41.32
41.41
40.61
42.01
40.41
41.91
40.11
41.21
42.11
42.21
40.81
41.51
41.81
39.81
41.29
40.19
41.99
40.39
42.09
40.49
41.29
41.99
42.19
40.79
41.29
41.19
39.59
41.94
43.37
40.92
42.1
41.58
43.18
43.38
43.68
42.38
40.87
41.7
41.42
43.07
41.42
41.46
41.16
41.76
41.76
42.66
43.16
41.66
41.46
41.36
41.16
40.86
42.4
40.91
42.39
42.2
40.99
NA
40.56
42.16
42.86
41.96
41.76
41.06
41.26
40.66
42.26
40.35
40.77
41.89
42.23
41.74
42.51
41.24
42.37
41.71
40.7
42.3
41.4
41.41
42.99
41.89
40.39
42.29
40.7
40.2
40.13
41.11
41.14
40.66
41.53
42.2
42.37
42.45
42.55
41.35
42.45
39.55
42.95
40.76
40.86
41.56
40.96
41.06
NA
42.5
42.0
40.9
40.7
42.1
41.91
42.63
NA
42.22
42.17
41.62
40.72
41.23
42.49
41.86
42.1
41.46
43.06
NA
42.12
45.75
40.5
41.19
40.37
41.93
41.26
42.16
41.06
40.16
41.56
NA
40.81
40.92
41.42
42.52
40.44
41.18
41.38
NA
41.88
41.88
41.68
42.38
42.58
42.11
42.47
39.93
41.36
39.52
41.12
41.76
42.45
42.26
41.57
41.61
40.81
42.23
41.84
41.44
39.61
41.82
39.48
41.15
41.67
42.34
42.15
41.31
40.24
NA
NA
NA
NA
NA
NA
NA
NA
NA
NA
NA
NA
NA
NA
NA
NA
41.69
41.39
41.99
42.19
41.63
42.88
39.12
40.64
42.26
41.46
41.88
41.16
41.85
43.28
41.2
41.32
43.0
40.44
41.82
41.24
43.09
42.01
42.22
42.48
41.94
31.7
40.92
41.85
41.89
41.34
39.21
40.35
40.87
43.14
41.64
39.44
41.64
41.75
42.16
41.34
40.34
42.73
40.89
41.16
40.83
41.83
38.56
42.84
42.17
40.27
42.25
NA
NA
NA
NA
NA
NA
NA
NA
NA
NA
NA
NA
NA
NA
NA
40.27
41.59
42.63
40.42
41.52
40.42
41.52
41.22
42.62
40.12
39.72
41.22
NA
42.16
42.09
42.81
41.75
43.04
42.62
41.11
41.63
41.62
NA
NA
40.98
41.44
40.63
41.39
41.47
40.49
41.36
42.33
41.77
40.79
41.41
43.79
NA
NA
41.15
42.65
41.05
41.25
41.45
40.21
43.21
41.67
41.94
NA
41.74
42.29
40.48
39.24
41.59
40.6
41.97
40.2
39.54
41.73
41.83
41.53
41.74
42.37
43.0
41.49
41.81
42.42
41.3
42.14
40.05
40.36
41.36
41.69
41.19
40.56
40.76
40.67
39.5
41.45
40.68
40.65
41.62
40.51
40.9
42.44
40.97
41.15
41.52
40.81
41.49
NA
NA
42.74
41.15
42.06
NA
NA
NA
39.98
35.48
40.91
41.67
39.76
41.28
42.69
40.12
NA
42.15
42.02
41.84
41.3
41.24
41.24
40.42
43.25
41.88
41.34
39.24
42.11
40.77
41.16
41.2
42.16
40.86
41.06
41.86
39.36
42.06
41.45
41.1
40.85
42.19
40.84
42.32
42.48
42.78
42.68
40.98
32.18
41.76
41.56
41.76
41.76
41.86
41.86
41.86
42.16
41.96
42.06
41.23
40.03
41.73
42.03
39.83
41.43
40.83
42.15
42.45
39.86
41.22
NA
41.37
43.21
42.12
42.1
40.6
42.34
40.84
41.71
42.95
40.09
41.46
42.02
41.46
42.13
41.65
40.67
42.1
41.62
41.14
42.1
41.38
41.06
42.18
41.38
41.3
41.7
37.4
43.06
40.67
39.79
41.54
NA
NA
NA
NA
NA
42.51
42.46
NA
NA
41.5
40.23
39.6
40.38
40.6
42.19
NA
40.82
39.97
42.81
41.77
41.93
41.52
41.39
41.4
NA
40.62
NA
42.3
NA
39.49
NA
41.83
NA
41.36
42.77
41.36
41.38
40.78
40.68
42.08
40.48
42.28
40.88
41.0
41.73
41.98
42.06
43.53
41.85
41.67
41.29
41.35
41.01
NA
41.52
42.51
43.15
41.58
41.7
40.12
42.25
42.63
40.73
40.45
41.48
41.32
40.65
40.39
42.67
43.54
41.54
41.63
41.82
42.08
41.66
41.4
42.8
42.17
40.62
41.83
42.06
42.2
42.09
42.55
41.92
40.9
42.67
NA
NA
NA
NA
NA
NA
NA
NA
42.49
40.19
40.59
41.49
42.59
39.09
43.19
39.89
41.99
42.39
42.26
40.36
41.96
NA
43.96
40.36
42.16
39.16
40.46
41.26
40.66
40.56
41.76
40.86
41.06
41.36
41.16
42.66
40.96
41.26
42.26
41.76
42.16
42.36
40.38
40.35
39.95
40.25
42.15
41.05
NA
NA
41.81
40.25
41.85
40.95
41.05
NA
40.55
41.25
40.75
42.32
40.97
40.91
43.97
42.06
41.49
40.88
42.85
42.19
NA
NA
NA
NA
NA
NA
NA
40.0
NA
41.45
41.05
41.93
41.98
40.5
41.07
40.99
41.44
41.89
NA
NA
42.71
44.31
40.48
41.62
40.35
42.02
42.66
42.01
40.33
41.0
42.3
41.03
42.01
41.61
41.08
43.5
42.2
NA
NA
NA
NA
NA
NA
NA
NA
NA
NA
42.96
40.98
40.89
41.14
41.18
42.2
40.45
40.45
42.75
41.55
NA
41.33
NA
40.84
40.84
42.11
42.11
41.55
41.45
NA
44.03
41.64
41.04
40.57
40.47
42.77
41.57
NA
40.81
42.21
41.51
42.61
41.79
41.89
40.79
41.89
41.29
42.19
42.59
41.46
40.24
41.48
42.61
NA
42.12
39.39
42.35
42.32
41.74
40.14
41.89
41.55
41.44
41.64
42.01
40.7
41.55
41.37
41.5
NA
NA
NA
41.94
43.13
41.15
41.71
41.22
40.22
40.67
40.69
41.29
42.45
41.15
NA
41.44
41.61
41.97
NA
NA
NA
NA
38.99
43.24
41.88
41.58
41.19
41.82
41.72
41.12
41.12
42.42
41.12
NA
41.52
41.02
41.32
39.72
41.31
40.92
40.92
42.22
40.85
41.67
41.15
40.08
41.53
40.79
41.42
41.45
43.06
41.05
41.16
42.76
42.66
41.96
40.96
42.26
43.06
41.56
42.66
41.26
41.46
41.86
41.06
41.66
NA
41.53
41.23
41.81
42.25
42.15
42.85
42.85
41.15
42.35
42.95
41.48
41.82
41.48
41.37
41.35
42.37
42.13
41.63
39.48
40.63
41.27
41.15
42.25
42.63
40.73
40.45
41.48
41.32
40.65
40.39
42.28
41.53
41.18
40.98
39.98
40.08
41.48
41.48
40.71
41.66
40.9
41.98
40.69
42.55
40.62
41.38
41.65
40.94
40.13
40.42
33.43
39.07
40.52
40.63
40.9
40.76
41.1
41.25
41.61
41.63
41.63
41.93
42.16
42.57
40.16
41.86
41.39
40.68
41.69
41.53
42.77
40.49
38.94
41.32
43.68
42.3
41.22
41.51
41.95
41.89
41.23
41.82
40.84
42.08
40.89
41.4
42.12
40.88
41.52
42.58
39.66
42.08
40.97
41.29
40.93
41.78
41.56
41.14
41.63
41.21
41.69
41.42
42.53
42.45
41.38
40.98
42.28
NA
39.88
39.68
NA
41.28
40.58
42.08
41.08
42.48
40.48
41.88
41.38
41.88
39.88
NA
41.38
40.78
40.98
41.63
40.76
38.74
40.76
38.64
40.61
41.86
41.24
40.61
41.55
42.18
41.36
41.99
42.1
40.42
41.77
42.98
41.95
NA
42.28
42.98
43.42
41.27
42.46
41.33
41.72
42.57
42.39
41.86
41.33
41.26
41.91
43.1
40.53
41.97
44.1
41.14
40.93
41.41
41.7
40.91
42.61
42.97
41.52
41.52
42.02
40.12
41.42
40.22
43.11
40.99
41.88
42.02
42.04
42.34
40.54
42.57
42.16
40.97
40.13
42.3
41.81
42.06
NA
42.07
NA
42.07
40.19
NA
39.91
42.15
NA
41.8
43.14
42.04
41.99
41.06
41.0
40.46
41.76
40.76
40.6
40.84
40.63
40.67
41.04
40.88
42.68
40.99
40.94
40.42
41.7
40.6
40.53
40.78
NA
NA
41.01
40.88
42.42
42.6
38.6
42.4
42.1
40.4
40.9
40.9
42.0
42.0
41.2
NA
NA
42.11
41.01
41.71
42.41
41.84
39.43
41.02
41.62
40.32
41.71
43.51
42.11
40.61
41.61
41.91
41.91
42.81
41.21
41.61
41.64
41.84
41.64
41.43
40.83
44.51
41.84
42.75
42.64
42.19
42.47
42.19
40.65
NA
NA
41.43
NA
42.28
40.37
40.22
38.88
42.78
42.38
39.31
41.58
40.51
41.05
40.55
42.02
40.88
41.58
40.48
40.78
NA
41.89
41.89
41.51
40.57
43.2
41.07
42.51
42.15
42.26
41.97
41.45
NA
41.05
40.98
40.98
42.25
41.61
43.51
40.98
40.34
42.25
42.25
40.54
40.58
42.44
NA
42.23
42.0
41.88
41.76
43.41
41.95
41.05
41.05
40.55
42.15
41.35
40.85
39.65
41.95
41.55
41.15
40.15
40.25
40.25
38.35
NA
40.65
40.85
40.95
39.85
40.65
40.55
40.05
41.65
41.35
38.45
42.54
41.82
40.78
40.36
41.53
41.81
NA
41.19
42.29
42.35
40.89
40.77
41.19
42.12
42.31
42.3
42.34
42.13
40.9
40.86
41.05
NA
NA
NA
NA
NA
NA
NA
NA
NA
NA
NA
43.33
40.9
41.55
41.57
40.6
41.84
41.4
41.31
40.71
42.56
41.76
41.19
NA
40.94
40.68
40.12
41.7
40.94
40.59
NA
40.68
NA
42.71
42.21
41.58
41.7
40.08
42.18
42.18
40.48
40.78
42.18
40.48
40.48
39.78
42.06
41.16
41.36
41.46
42.96
42.56
NA
NA
NA
41.41
40.85
42.56
40.97
42.97
41.41
41.03
NA
NA
NA
NA
41.71
42.75
44.07
42.85
42.65
40.8
41.13
41.96
41.47
41.6
41.11
NA
NA
NA
42.2
41.56
44.31
42.16
41.49
41.32
42.02
NA
41.27
42.02
41.32
39.41
42.61
41.82
41.46
41.67
41.93
42.69
41.64
40.37
41.61
NA
40.89
42.29
42.25
42.98
41.82
41.95
44.79
41.45
42.5
42.45
42.21
42.21
41.27
41.27
42.92
42.21
42.21
41.74
41.74
42.45
NA
42.42
41.34
NA
41.66
40.36
41.21
41.06
41.54
40.86
41.45
41.21
NA
40.41
41.05
42.01
40.37
43.89
43.99
42.46
40.29
40.36
43.2
42.21
41.1
42.95
40.96
42.12
40.62
NA
41.73
41.97
41.69
41.92
41.21
40.69
42.23
41.72
40.21
41.81
41.91
41.81
42.01
41.25
41.45
41.65
43.45
42.25
39.05
40.65
43.95
41.15
41.35
41.87
41.12
40.88
39.62
43.0
44.19
40.06
40.06
41.96
NA
40.54
41.53
42.55
41.81
40.3
NA
40.01
41.79
39.97
40.43
41.37
42.06
43.01
39.67
39.28
40.07
40.94
42.18
42.41
40.96
41.05
40.2
42.44
42.04
40.45
42.35
41.25
43.05
42.1
43.9
44.3
41.5
41.78
41.48
41.37
41.68
42.45
39.67
43.53
42.6
41.54
43.34
42.94
42.84
40.91
42.11
42.21
41.91
40.81
40.91
42.31
42.21
NA
NA
NA
41.38
41.38
40.79
41.38
41.19
41.99
42.69
41.69
41.09
42.19
NA
42.44
42.19
42.31
42.11
41.21
43.71
41.71
41.94
42.79
41.81
41.02
42.54
41.47
40.63
41.47
41.46
42.33
40.88
41.27
39.56
NA
41.65
39.49
42.99
NA
41.99
42.01
40.8
NA
NA
42.1
41.75
39.48
41.9
42.24
41.97
41.76
41.92
NA
NA
41.8
NA
41.27
NA
40.27
41.71
41.97
41.67
40.57
42.27
42.44
42.94
41.94
41.04
41.04
41.94
41.94
42.58
41.95
40.89
42.26
41.36
42.2
41.49
41.94
41.94
41.36
43.49
42.29
40.59
42.29
41.69
41.7
41.83
41.83
43.24
42.62
41.52
39.49
43.24
40.9
41.52
43.4
NA
39.58
41.51
NA
42.99
41.58
NA
39.78
40.89
40.63
42.14
NA
41.44
42.1
40.6
43.1
44.13
41.42
42.7
42.19
42.74
42.29
41.98
41.66
42.4
40.27
43.54
40.95
41.62
41.39
41.63
42.38
41.58
41.5
41.42
41.93
41.23
40.31
40.64
40.69
41.19
42.49
41.99
42.89
42.21
41.97
42.19
42.6
40.0
40.38
41.25
42.12
41.51
41.18
40.48
40.15
40.91
41.98
39.56
38.7
39.34
40.61
44.38
41.76
NA
41.73
41.35
42.31
42.94
44.41
40.96
41.07
41.41
41.38
41.27
41.27
42.07
NA
40.33
40.67
40.9
41.3
NA
41.99
41.29
42.79
42.69
43.39
42.29
42.59
40.79
41.0
41.26
41.21
41.89
39.73
42.76
40.89
41.83
41.8
39.21
NA
NA
NA
41.7
42.1
41.76
40.86
41.76
42.26
42.26
41.86
42.66
41.26
41.36
42.66
40.6
41.69
41.26
42.76
42.36
40.96
42.36
42.06
41.66
42.26
40.05
41.84
41.32
NA
42.12
42.83
42.37
42.66
42.08
42.08
42.08
42.08
42.08
NA
42.81
41.23
40.96
NA
42.35
41.04
41.85
40.4
42.01
42.17
41.04
41.04
41.2
40.72
40.88
42.17
39.41
41.02
41.88
41.51
40.38
41.51
40.38
39.26
42.07
NA
NA
42.07
NA
42.09
41.24
41.14
41.43
41.43
41.93
41.43
42.93
41.93
40.63
41.93
40.33
41.83
43.2
40.36
42.9
44.09
42.63
40.74
41.1
42.36
41.25
42.16
42.16
42.09
39.72
43.58
40.86
42.09
41.97
NA
NA
NA
41.9
40.86
41.52
39.94
42.18
42.14
41.78
41.0
40.84
42.19
41.54
42.18
40.68
41.53
42.31
40.92
41.83
42.24
41.81
NA
41.61
41.91
41.31
41.51
41.31
41.61
41.81
41.91
41.11
41.21
NA
41.35
42.7
42.19
40.56
41.99
42.25
41.74
42.64
43.34
42.24
41.64
41.57
41.18
NA
41.84
39.57
41.85
41.99
41.55
40.85
41.05
41.39
40.79
NA
41.94
40.8
42.97
41.49
40.74
41.02
42.69
42.38
42.6
42.65
41.81
42.3
42.13
41.39
41.38
42.62
40.81
41.54
42.74
40.54
NA
40.98
45.16
41.69
42.34
41.43
40.46
42.52
41.43
42.23
41.23
40.53
42.53
42.43
42.03
41.03
42.33
42.47
40.99
41.96
41.19
41.52
43.67
40.88
40.72
42.27
40.34
41.86
40.6
41.2
40.1
41.7
41.33
40.77
NA
NA
40.72
42.22
41.52
41.22
41.42
42.02
41.92
41.42
41.2
42.6
41.34
NA
41.43
40.87
41.99
39.55
41.9
39.99
41.15
42.5
42.52
41.71
41.58
40.59
42.18
43.96
42.09
41.87
40.86
42.36
41.56
40.86
41.36
41.96
40.29
39.72
41.58
41.11
41.93
44.78
42.33
41.55
42.88
42.66
42.77
39.21
40.18
41.38
NA
NA
42.28
41.55
42.76
NA
42.0
42.91
41.21
41.07
42.4
41.48
41.62
41.33
41.45
41.48
41.48
41.54
41.54
41.69
41.55
41.81
42.72
41.62
41.65
42.2
41.91
42.04
41.73
41.79
40.93
42.18
42.54
40.16
42.08
40.53
NA
40.37
42.23
40.35
40.71
41.66
42.49
43.45
NA
39.62
41.32
42.55
42.8
41.33
41.39
40.64
NA
41.23
42.43
NA
43.04
41.55
41.98
43.09
41.52
41.15
41.08
41.47
NA
40.64
42.44
41.44
39.44
41.72
40.02
42.42
41.52
41.72
40.92
42.12
39.92
43.12
42.22
41.92
42.25
41.75
41.75
43.15
40.35
38.65
42.75
41.68
43.29
42.59
39.69
39.14
42.24
41.84
42.99
40.84
41.6
41.6
41.6
41.14
41.45
NA
40.99
42.39
NA
40.84
41.6
41.17
43.75
42.03
41.96
42.19
42.44
41.24
NA
42.43
41.1
41.4
42.07
40.69
41.42
40.97
38.7
40.1
39.19
42.16
41.8
40.76
43.01
41.7
41.44
42.14
40.67
42.13
41.92
42.49
42.26
42.12
40.82
42.2
41.99
42.58
42.45
41.35
41.54
43.18
42.03
41.73
42.26
42.25
42.64
38.84
42.43
41.66
39.59
41.96
NA
41.82
NA
40.63
39.58
41.46
42.25
39.91
40.57
NA
41.45
40.99
41.7
40.11
41.84
41.91
41.69
40.96
40.78
41.5
42.26
40.36
NA
NA
41.82
41.22
39.72
41.42
40.52
41.22
40.62
42.02
39.72
40.92
41.42
38.92
41.12
NA
NA
NA
NA
NA
NA
NA
NA
NA
41.42
41.82
40.66
41.75
38.03
41.63
NA
41.09
42.83
NA
41.34
41.13
43.2
NA
NA
41.47
NA
NA
NA
NA
NA
NA
40.37
NA
NA
NA
NA
NA
NA
NA
NA
NA
NA
NA
NA
NA
NA
41.57
41.26
42.26
NA
42.95
41.47
42.04
43.05
41.39
42.09
NA
42.09
41.69
42.09
NA
41.69
43.09
NA
41.39
41.99
41.9
43.79
39.21
42.25
42.9
43.27
41.65
41.42
41.95
42.53
40.94
42.17
43.21
41.08
NA
42.07
40.44
40.08
42.02
39.58
41.1
42.9
42.11
42.61
42.02
43.41
41.56
43.29
39.47
40.77
41.44
41.75
41.43
41.53
41.73
41.5
41.47
41.71
39.45
42.17
42.38
42.48
41.78
42.58
39.82
NA
NA
40.82
41.92
NA
NA
NA
NA
NA
41.55
43.07
41.31
42.0
42.24
39.7
41.75
42.44
NA
NA
36.25
43.07
43.34
40.54
41.92
41.84
42.02
40.32
41.21
40.99
42.11
41.89
43.46
41.21
42.34
41.66
41.66
42.34
NA
41.44
NA
NA
NA
NA
NA
NA
NA
40.33
44.15
42.05
42.55
41.15
41.34
42.04
41.54
43.84
42.14
43.73
41.51
41.83
40.97
40.87
NA
NA
42.43
NA
42.41
41.66
41.96
42.07
41.69
41.45
42.06
41.15
42.87
42.56
40.94
42.13
41.22
41.66
44.17
39.7
40.77
40.94
NA
40.98
41.92
41.6
40.28
41.77
40.1
42.14
39.08
41.06
41.95
43.31
41.15
42.8
41.17
42.36
41.65
42.02
40.69
41.75
41.78
40.53
41.9
41.91
41.05
40.61
39.77
41.34
44.44
39.05
41.92
41.31
41.55
41.27
40.73
41.58
NA
42.77
41.37
42.77
41.97
40.47
42.17
43.37
42.67
41.47
42.27
41.23
41.58
41.84
41.32
42.01
NA
NA
43.16
41.04
NA
NA
NA
NA
42.13
41.63
41.13
40.93
41.33
41.63
40.63
42.03
41.33
40.29
40.56
41.63
40.83
40.56
41.1
40.83
42.71
41.36
41.36
41.39
40.86
41.44
41.37
42.12
41.21
41.98
42.23
40.42
41.98
41.65
NA
41.8
41.52
41.94
42.1
43.26
41.51
41.88
41.87
41.5
41.87
NA
42.34
40.34
41.84
42.54
42.14
40.34
44.54
42.07
41.83
41.13
41.83
41.36
43.24
43.82
40.43
40.66
NA
NA
NA
NA
NA
NA
NA
NA
NA
NA
NA
NA
NA
NA
NA
NA
NA
NA
NA
NA
NA
NA
NA
NA
NA
NA
NA
NA
NA
NA
NA
NA
NA
NA
NA
NA
NA
NA
NA
NA
NA
42.58
43.56
41.61
41.93
41.7
42.2
42.51
41.43
42.03
41.36
41.58
41.83
42.02
41.88
42.15
40.71
41.88
43.26
43.5
40.45
41.67
41.91
40.7
41.6
39.2
41.5
41.8
40.69
40.69
NA
39.12
41.07
41.39
42.04
40.81
41.46
40.9
41.74
NA
40.89
41.51
41.31
43.41
41.71
40.81
43.41
42.61
41.81
42.21
40.81
42.01
42.31
41.81
41.12
40.48
NA
NA
NA
NA
41.77
42.8
42.76
41.34
41.69
43.02
41.27
41.58
41.24
40.32
40.87
41.53
41.41
42.3
41.42
40.3
41.5
41.44
41.79
41.24
41.51
42.34
42.07
40.91
40.51
41.24
41.55
42.16
41.5
42.29
41.24
42.35
42.35
40.23
41.38
NA
NA
41.73
41.43
41.63
40.32
40.82
41.93
40.81
42.08
41.26
41.24
40.4
41.94
41.76
NA
41.75
42.42
41.44
41.86
41.23
41.05
41.75
43.23
41.23
41.38
42.73
41.12
41.65
42.06
41.69
NA
39.56
41.38
41.25
42.34
NA
NA
NA
NA
NA
NA
NA
42.38
NA
43.45
41.41
41.99
41.77
41.28
40.62
41.25
NA
42.29
40.59
NA
41.06
41.53
40.15
42.69
NA
40.11
41.48
41.45
NA
41.2
41.2
42.53
42.19
41.82
42.23
41.28
41.3
43.08
NA
42.3
40.99
40.99
41.72
40.41
42.03
42.18
41.31
41.02
41.22
40.69
40.77
42.25
43.95
41.45
41.45
NA
42.7
NA
43.7
41.1
NA
40.89
41.45
41.21
41.41
41.62
NA
40.99
41.87
43.22
41.45
41.02
41.15
42.06
41.85
41.82
41.91
42.8
42.21
41.51
42.51
42.05
41.93
40.39
42.21
NA
41.83
41.71
41.59
42.89
40.58
40.58
42.21
41.67
42.21
41.05
41.15
42.29
42.41
40.92
41.86
41.89
41.03
41.5
40.91
40.74
40.04
41.76
42.54
40.64
42.64
41.64
40.64
NA
41.24
42.44
40.84
41.44
41.94
41.38
41.97
41.97
41.81
42.31
42.01
41.41
42.01
41.26
42.26
41.66
41.46
42.06
41.4
42.13
40.48
42.39
40.28
41.41
42.27
42.24
40.87
41.84
41.98
39.94
41.44
41.16
42.16
39.96
39.06
40.76
40.86
41.76
42.06
40.66
42.96
40.96
42.16
41.76
42.76
41.66
41.76
39.76
41.66
40.63
42.48
40.55
41.71
41.66
42.6
41.3
41.64
41.43
41.97
41.8
41.49
41.85
38.27
41.58
40.16
41.53
44.94
41.9
41.64
41.54
44.17
NA
NA
41.77
40.93
40.53
42.44
40.58
40.77
41.41
NA
NA
41.61
45.3
43.03
41.1
41.78
40.97
41.59
41.16
43.02
40.54
43.0
41.38
NA
NA
39.68
NA
NA
42.2
41.7
42.18
40.45
41.7
38.49
39.49
40.42
41.44
42.34
41.83
42.03
42.56
42.81
41.99
41.72
41.28
40.7
40.24
40.76
40.45
40.94
41.7
41.7
41.22
41.0
41.78
40.74
NA
NA
41.0
44.2
41.79
40.12
41.41
41.01
41.01
41.01
40.43
NA
41.75
41.65
43.35
41.35
42.85
42.55
42.05
42.65
41.05
41.85
39.43
41.69
42.81
43.19
40.65
39.57
40.65
41.05
41.55
41.19
42.4
41.75
41.87
41.96
42.0
41.96
41.03
42.72
41.95
43.07
40.35
40.76
41.48
41.38
41.17
41.63
41.98
41.09
42.23
43.3
40.19
42.0
42.16
41.5
41.39
42.19
42.49
42.09
37.52
41.82
41.72
42.37
42.62
NA
41.43
41.73
41.33
43.63
41.43
38.73
40.85
41.47
41.55
41.85
NA
NA
40.91
40.19
41.78
43.12
41.71
41.66
42.6
41.31
NA
42.43
41.42
43.74
42.45
39.6
40.86
44.4
43.2
42.05
NA
41.3
40.92
41.87
40.85
40.74
40.98
42.42
41.55
42.13
41.77
NA
42.43
43.04
42.03
40.92
NA
40.57
40.24
41.02
41.36
40.45
41.01
39.9
39.02
42.58
NA
NA
41.69
43.16
NA
NA
42.28
42.28
41.55
41.39
41.74
42.52
41.43
41.84
41.84
43.75
42.87
42.48
40.8
41.33
41.91
42.22
41.33
42.65
42.07
41.13
41.35
41.58
41.11
42.15
NA
42.29
43.0
42.06
43.0
41.91
NA
42.27
41.77
40.37
41.45
41.75
41.75
41.85
42.08
41.3
41.34
42.71
42.59
41.8
39.13
39.74
40.12
41.94
38.57
NA
41.83
41.86
42.18
42.26
NA
41.42
41.62
42.64
41.95
42.44
42.1
42.2
41.3
41.6
41.9
41.75
42.47
41.54
40.7
41.07
42.88
41.68
42.76
41.78
41.42
42.54
41.42
43.67
42.21
41.23
42.26
42.38
42.24
40.74
41.64
40.84
43.04
41.54
41.99
40.69
42.62
42.35
42.03
41.4
39.31
42.93
40.75
41.04
NA
42.09
40.87
41.96
43.77
41.04
40.54
41.98
41.28
41.18
NA
41.48
41.88
43.59
42.16
42.14
42.58
42.41
42.16
42.5
42.33
41.91
42.16
40.41
42.16
41.59
41.1
NA
42.56
42.59
42.12
42.01
41.62
42.29
42.78
40.19
NA
41.9
39.71
44.19
40.01
41.63
41.04
42.44
41.01
42.28
41.19
41.9
41.17
40.97
40.66
42.36
42.18
NA
NA
NA
NA
NA
NA
NA
NA
NA
NA
NA
NA
NA
NA
NA
NA
NA
NA
NA
NA
38.41
41.84
41.41
40.95
40.81
42.33
44.5
41.45
NA
NA
NA
41.04
42.46
42.32
NA
40.99
NA
42.32
42.37
42.93
41.47
39.11
41.81
41.18
40.93
41.71
40.01
42.33
41.86
40.64
40.57
41.75
NA
44.3
41.8
40.53
42.29
41.77
42.81
40.53
42.31
41.83
42.88
41.1
41.31
41.55
41.08
NA
42.97
42.26
42.97
42.03
42.97
41.88
NA
41.28
41.77
42.49
42.73
40.56
NA
41.53
41.77
42.25
42.95
41.18
42.68
42.11
42.57
45.13
38.72
41.86
40.9
43.33
41.36
41.44
40.91
41.09
41.49
41.49
41.19
40.09
38.79
44.39
NA
42.85
42.08
39.98
NA
NA
NA
NA
41.39
40.77
40.83
42.14
41.77
41.02
NA
40.88
42.47
40.04
41.66
42.65
41.01
41.26
41.26
41.1
41.28
43.18
41.28
40.88
40.98
41.2
40.7
42.3
42.2
41.8
43.9
39.6
40.9
41.7
43.1
41.5
42.2
41.31
41.08
42.15
41.31
40.51
40.99
41.53
40.53
41.23
40.93
42.63
43.23
40.47
41.67
42.47
NA
41.02
41.44
40.14
42.24
39.76
41.49
41.94
38.99
41.84
41.94
39.01
42.16
40.96
42.51
42.43
42.11
42.51
42.81
42.11
41.51
37.49
41.42
41.29
42.11
41.08
41.41
41.59
41.82
41.47
41.2
42.07
42.08
40.68
42.92
42.34
41.05
40.89
42.26
41.93
41.73
40.83
41.89
41.09
40.94
42.04
40.54
42.13
40.96
41.51
NA
NA
NA
NA
NA
NA
NA
NA
NA
NA
NA
NA
NA
NA
NA
NA
NA
NA
39.91
41.16
38.01
41.9
42.39
41.65
43.38
41.9
41.21
40.17
39.88
41.71
41.16
40.91
41.65
41.9
40.91
42.14
40.91
40.01
41.64
41.61
41.37
41.65
42.47
41.32
41.64
40.65
40.72
40.01
NA
43.81
41.02
41.92
41.95
41.21
42.05
41.75
42.05
41.95
42.75
39.85
39.95
41.75
42.05
42.55
42.11
44.08
NA
42.24
42.37
NA
40.87
42.05
42.12
41.37
42.62
39.66
NA
41.49
41.03
42.96
NA
41.95
39.6
NA
41.47
41.02
NA
NA
41.88
40.21
41.04
42.04
39.7
40.56
41.56
42.36
42.36
41.96
41.56
41.86
41.86
41.76
40.86
41.18
41.65
42.4
40.61
42.3
41.95
41.61
41.73
42.36
40.93
40.97
42.35
41.32
40.76
42.55
NA
NA
NA
38.3
NA
37.5
41.67
41.94
41.62
41.9
41.73
41.51
41.22
41.4
41.86
40.93
41.63
40.86
42.53
41.05
41.68
42.72
41.82
41.81
42.81
41.6
40.83
NA
NA
41.05
41.06
42.58
40.96
41.63
41.09
41.38
41.03
41.81
41.76
41.34
41.71
42.91
41.11
41.53
40.89
42.02
NA
42.16
42.26
42.01
42.9
43.14
39.68
40.83
40.37
41.28
42.9
42.1
42.93
43.13
39.67
40.94
40.46
41.31
42.91
41.49
41.49
40.6
42.2
41.72
41.69
41.98
40.5
NA
41.59
41.62
41.81
40.7
41.3
42.26
42.02
41.02
41.63
41.61
41.39
41.34
39.91
41.42
42.45
41.34
42.39
42.74
40.64
NA
45.81
NA
42.0
NA
41.31
45.2
40.87
NA
39.87
41.6
41.85
NA
NA
NA
NA
NA
NA