53.92
53.97
54.66
53.58
54.41
54.05
54.52
54.31
54.2
54.64
53.74
57.65
53.56
53.96
57.36
56.14
54.18
53.5
55.54
NA
54.57
55.02
53.51
55.23
55.05
53.06
53.91
54.55
56.72
55.78
52.93
53.74
56.57
54.6
54.62
53.64
53.88
54.93
54.49
53.5
52.69
58.09
50.73
55.33
NA
52.84
54.55
55.86
53.68
55.02
54.98
53.73
52.89
54.42
54.4
54.39
54.95
NA
53.94
54.92
54.83
54.78
54.97
55.86
54.3
53.96
53.92
53.74
53.95
53.93
54.5
53.76
54.19
55.74
53.17
52.21
54.34
53.55
55.27
55.06
53.76
53.06
54.55
53.97
54.48
55.94
54.73
53.99
53.65
54.44
53.46
55.35
53.43
55.4
54.36
52.95
53.76
54.71
NA
53.42
55.1
54.07
54.16
55.89
53.61
53.54
54.14
54.5
54.24
55.09
55.0
54.2
55.02
55.44
55.3
55.62
54.45
55.26
54.56
54.97
55.0
54.89
55.38
53.86
55.18
53.21
NA
53.91
53.62
55.6
55.59
54.06
53.36
52.86
54.0
53.67
53.91
54.41
54.77
54.33
54.92
54.3
55.37
57.81
55.05
56.54
52.95
53.86
53.32
54.45
53.81
61.66
56.22
NA
NA
53.68
53.67
54.41
55.46
54.72
53.44
55.04
55.74
54.99
56.31
53.86
55.63
53.87
53.77
53.09
52.71
53.15
56.63
53.09
53.38
53.55
53.35
53.37
53.48
54.48
56.18
54.28
54.78
53.48
54.58
56.18
54.28
54.78
53.59
54.49
55.99
54.59
54.79
53.62
54.52
55.92
54.62
54.82
53.76
54.36
55.96
54.36
54.66
54.54
54.97
53.5
54.31
54.53
54.99
54.4
55.09
51.35
54.29
54.17
55.87
53.44
54.39
54.0
53.57
54.46
52.69
53.89
52.43
54.01
54.3
56.51
56.64
55.93
56.15
54.51
53.06
54.44
52.99
54.4
53.05
54.27
52.98
54.27
52.98
NA
52.76
53.37
53.42
53.25
55.67
NA
55.46
53.54
53.92
53.98
54.6
54.9
53.38
56.05
53.09
53.65
53.56
54.29
NA
NA
53.79
NA
53.45
NA
53.34
53.14
NA
53.57
54.59
56.02
53.71
55.98
53.09
53.61
53.58
54.28
54.29
55.12
55.31
53.53
53.98
54.06
54.28
54.05
54.28
54.13
54.33
53.51
53.68
NA
NA
53.91
55.24
56.67
54.73
54.66
53.44
54.31
54.85
55.75
54.77
53.97
54.03
54.93
53.22
55.32
55.13
54.77
52.27
54.11
54.03
54.21
54.26
54.98
54.88
55.78
54.88
55.78
53.17
54.25
54.24
54.24
54.67
53.77
54.8
55.01
56.11
56.61
55.5
53.51
54.41
53.89
54.28
54.26
54.3
56.32
55.62
54.02
54.04
54.19
52.88
53.08
54.78
52.05
54.09
53.95
54.64
54.77
52.7
54.56
54.53
55.08
55.06
54.66
53.14
53.95
54.63
53.59
60.05
60.02
55.24
55.37
55.81
53.75
53.94
52.75
54.09
53.92
56.46
55.2
52.76
58.42
54.56
54.56
53.66
53.82
52.32
55.88
54.66
56.57
54.11
55.48
NA
55.89
53.68
53.88
54.19
55.44
51.87
54.62
54.25
52.79
NA
NA
53.3
53.65
53.95
53.38
54.19
53.8
53.74
53.84
55.45
52.99
53.62
52.29
55.02
53.22
55.12
55.13
56.36
55.11
56.52
55.81
53.71
54.46
54.81
56.55
54.37
55.0
56.1
56.6
54.36
53.86
54.45
52.85
57.04
52.19
51.92
53.75
53.85
NA
56.37
57.17
54.18
54.37
53.62
54.02
55.49
53.42
53.78
53.04
58.62
55.24
55.35
54.42
56.05
53.16
54.43
56.61
54.1
54.31
54.32
53.85
54.85
54.74
54.19
52.12
55.39
54.86
58.96
54.36
56.96
55.86
54.35
52.74
53.93
53.93
54.38
53.94
52.44
53.94
53.18
NA
NA
54.83
54.34
53.99
53.95
56.28
53.18
53.28
53.93
54.06
53.47
55.13
56.9
53.1
55.79
55.81
54.35
55.68
55.79
55.25
53.55
53.61
56.76
55.13
55.15
51.65
54.77
NA
54.55
57.6
55.43
56.52
55.91
54.81
55.81
56.09
54.79
56.79
55.67
53.36
54.15
54.24
52.56
54.65
53.9
53.79
58.57
54.32
52.62
54.78
54.18
53.36
56.7
55.39
53.96
53.99
55.29
56.79
53.69
53.0
53.72
54.91
56.4
54.58
54.91
53.79
54.33
55.79
55.17
53.64
54.2
55.57
55.06
53.62
55.02
55.02
54.4
52.75
53.74
54.35
53.65
53.95
52.95
NA
55.59
55.23
NA
54.3
55.04
53.98
54.25
53.67
55.42
55.04
56.61
53.93
54.82
55.54
54.46
54.82
53.87
54.28
56.58
53.8
54.0
55.28
54.65
54.89
54.15
54.65
54.95
52.31
NA
55.32
54.61
56.17
54.51
54.82
54.85
53.89
54.88
54.24
53.12
54.53
54.48
55.36
56.53
54.41
56.73
53.63
55.04
53.13
54.62
53.58
53.45
52.24
53.7
53.24
54.24
59.31
54.01
54.91
53.41
54.61
55.39
53.77
55.17
52.57
56.76
54.46
55.3
NA
54.65
54.67
53.54
55.07
52.95
56.46
53.68
53.62
53.92
52.58
53.48
52.15
51.82
52.26
51.75
53.18
54.57
55.15
54.89
55.49
52.79
53.15
57.44
54.57
54.6
55.15
54.28
56.71
54.71
54.61
52.95
54.81
54.75
53.35
52.95
55.15
53.66
56.3
53.01
52.98
52.95
54.12
NA
53.4
54.04
NA
NA
54.61
53.71
54.38
52.25
54.02
53.58
55.26
55.94
53.26
54.94
55.56
53.4
NA
NA
53.38
NA
NA
54.14
53.93
53.78
54.39
50.69
55.29
53.69
NA
NA
54.51
54.71
53.86
54.51
55.91
55.49
54.64
57.3
55.52
54.94
53.13
54.75
55.05
53.9
53.0
55.28
51.43
55.84
57.41
54.91
55.81
53.9
55.53
51.76
52.15
53.2
NA
54.78
53.74
NA
54.14
52.44
54.1
55.13
55.23
56.83
54.46
53.33
53.4
54.28
55.08
54.07
55.49
53.54
53.92
53.53
53.53
53.54
54.04
53.91
54.52
54.43
53.55
54.44
54.69
54.59
54.25
51.8
54.33
55.07
55.71
54.51
54.53
52.74
52.65
55.29
54.25
53.76
55.29
54.95
54.96
54.11
52.71
56.1
54.4
55.3
58.07
54.74
54.54
55.56
56.07
54.03
53.96
55.85
54.1
54.5
54.3
53.9
53.1
NA
55.14
52.65
53.24
56.68
54.5
52.2
53.7
54.46
53.98
54.32
54.3
54.26
54.81
53.11
54.61
54.37
56.43
52.91
54.75
52.99
NA
54.78
53.54
55.65
54.89
54.24
56.24
51.81
53.55
53.66
53.76
54.46
53.48
53.98
53.67
53.71
54.51
54.49
53.81
53.63
53.84
54.16
NA
NA
57.08
53.78
53.51
55.9
54.86
55.17
54.29
57.37
53.53
54.73
51.95
55.47
53.98
54.82
55.32
55.72
54.82
55.32
54.59
54.99
55.29
54.69
55.19
56.27
54.55
54.54
53.84
53.9
55.13
56.44
54.87
53.85
54.25
53.35
54.33
53.75
53.74
52.42
54.71
50.98
54.2
NA
54.0
NA
53.63
NA
54.32
52.72
54.24
53.68
54.41
55.47
53.93
52.47
55.75
54.27
53.57
53.9
NA
54.16
54.01
53.38
NA
53.52
54.63
54.95
55.58
NA
54.31
52.78
56.68
55.82
54.59
56.6
53.21
55.74
58.77
53.66
53.36
54.21
53.79
55.0
55.1
54.3
54.74
51.01
54.61
54.42
54.4
55.01
56.54
56.49
NA
NA
52.79
54.39
53.79
58.59
54.73
54.23
52.52
54.88
54.88
55.13
55.83
58.61
54.73
54.01
53.53
55.37
56.7
52.5
53.64
54.99
53.63
53.46
53.94
54.23
54.03
NA
54.38
55.61
54.56
53.88
54.78
NA
53.71
56.97
53.9
53.58
55.56
55.35
56.02
56.44
53.09
53.53
NA
54.93
56.13
54.33
NA
55.17
53.01
54.94
55.89
53.59
55.87
53.55
51.66
NA
NA
54.96
53.64
52.72
52.75
54.86
53.22
54.24
53.88
54.02
54.27
54.39
55.09
54.55
53.71
53.62