175.41
174.84
NA
175.04
173.64
175.51
172.97
173.12
173.25
176.09
NA
NA
NA
174.17
173.85
175.92
172.28
174.16
172.94
NA
175.49
173.23
174.61
175.07
171.87
173.49
171.71
174.35
175.31
175.22
173.08
174.37
176.49
177.73
175.57
175.82
174.06
174.4
174.77
175.57
177.16
178.59
NA
173.41
NA
172.3
174.34
172.34
174.84
176.59
177.85
175.44
173.78
174.65
174.74
173.57
172.08
NA
174.76
NA
175.54
173.65
173.96
174.21
176.82
174.96
174.47
173.28
174.77
173.89
172.28
173.82
173.88
177.43
175.29
175.44
173.54
174.44
175.51
173.42
175.81
173.56
173.44
172.43
174.18
177.04
174.66
174.43
175.08
173.78
173.55
173.53
172.67
NA
NA
174.52
174.82
174.51
NA
174.29
173.76
172.83
174.78
177.14
176.43
172.43
174.33
173.21
NA
173.29
176.87
174.94
175.67
176.49
173.44
172.7
175.01
173.26
174.21
177.16
177.02
175.04
172.83
177.22
173.53
174.41
NA
174.31
176.07
NA
NA
173.41
NA
NA
NA
174.7
175.47
174.23
NA
176.25
174.77
177.03
173.13
174.78
178.17
173.11
NA
171.22
175.14
NA
NA
175.13
177.87
NA
NA
NA
174.9
176.95
172.92
174.96
176.35
174.35
174.75
NA
NA
172.63
175.67
175.78
174.34
174.6
NA
173.22
176.36
174.51
NA
NA
173.67
176.7
175.13
177.83
173.13
174.63
173.13
175.13
177.83
173.23
174.63
173.13
175.12
177.82
173.22
174.72
173.12
175.12
177.72
173.22
174.72
173.02
175.12
177.82
173.42
174.82
173.02
174.67
173.35
178.33
NA
173.73
173.6
NA
175.09
175.39
175.2
NA
NA
NA
176.01
173.46
NA
174.82
NA
175.58
174.76
173.46
174.62
175.74
175.84
NA
NA
NA
NA
NA
NA
NA
NA
NA
NA
NA
NA
NA
175.89
175.46
NA
172.3
176.2
NA
175.97
NA
NA
175.02
175.26
173.18
NA
NA
NA
NA
NA
NA
NA
NA
NA
NA
172.75
NA
NA
176.72
NA
170.52
175.25
174.4
NA
177.29
174.72
175.09
176.3
172.37
NA
NA
NA
172.85
175.44
NA
NA
NA
NA
NA
NA
NA
NA
NA
NA
176.86
174.63
177.51
NA
173.13
170.6
NA
NA
NA
174.34
179.04
174.84
175.14
176.78
173.78
NA
172.64
177.84
173.47
173.53
NA
173.93
NA
175.2
174.4
175.2
174.5
176.86
174.13
175.75
175.95
NA
NA
NA
NA
NA
NA
NA
174.99
175.29
NA
173.25
177.77
NA
175.65
175.34
NA
NA
NA
174.41
173.42
173.92
174.33
173.96
174.98
174.32
173.74
175.0
NA
174.08
NA
NA
NA
176.67
NA
175.15
173.98
NA
NA
NA
172.75
NA
NA
NA
NA
176.18
177.65
175.98
173.34
173.89
NA
173.45
173.35
174.65
174.35
177.75
174.26
173.93
NA
175.91
174.35
NA
172.1
NA
NA
174.07
175.61
NA
174.04
176.07
174.5
NA
NA
NA
NA
NA
NA
NA
NA
NA
NA
NA
176.54
173.67
175.41
175.65
175.15
174.65
NA
NA
NA
NA
NA
174.85
174.13
NA
NA
173.83
NA
NA
NA
NA
NA
NA
NA
NA
174.51
174.04
NA
NA
175.24
175.45
175.95
NA
173.83
NA
NA
NA
173.07
175.53
175.21
173.96
172.66
174.06
175.66
173.06
177.06
NA
174.29
NA
174.89
174.63
176.95
NA
NA
NA
NA
175.2
173.15
176.98
174.4
177.73
175.35
174.32
NA
NA
NA
174.28
172.47
176.27
171.27
178.66
NA
NA
175.71
172.73
175.41
175.56
NA
172.25
176.41
NA
174.4
NA
171.93
NA
NA
NA
NA
175.31
172.03
NA
174.67
NA
NA
NA
NA
NA
NA
NA
176.63
174.38
NA
179.28
175.98
174.17
173.97
NA
174.17
173.87
NA
NA
176.34
175.43
175.45
174.55
NA
NA
NA
176.67
175.17
NA
NA
176.83
176.7
175.9
NA
NA
173.64
174.04
174.24
174.54
176.28
175.07
177.65
173.0
174.58
173.11
176.56
174.43
173.8
173.61
176.59
174.45
173.9
173.55
174.98
172.53
174.53
NA
NA
177.11
173.5
175.1
172.5
176.7
NA
175.93
174.27
NA
174.33
174.79
174.64
NA
NA
174.04
NA
176.59
173.19
175.27
176.95
173.58
173.22
176.12
175.04
178.57
NA
NA
174.17
176.45
174.85
172.53
173.43
173.73
177.16
NA
172.94
173.94
NA
173.69
NA
NA
NA
NA
NA
175.36
NA
175.04
173.46
175.66
174.56
175.96
175.06
176.8
NA
NA
NA
NA
NA
NA
174.26
174.96
175.28
171.58
173.28
175.98
173.68
174.18
173.84
176.04
175.14
174.18
174.16
174.48
NA
176.45
175.16
174.26
180.06
NA
NA
NA
NA
NA
176.2
NA
NA
NA
NA
NA
173.08
173.41
NA
175.77
173.47
175.87
NA
175.57
174.58
NA
NA
173.52
172.9
174.6
172.1
173.68
NA
NA
NA
NA
NA
175.66
NA
NA
173.99
176.67
173.85
NA
174.5
173.38
176.29
176.27
174.31
NA
174.18
174.9
176.1
177.0
173.51
NA
174.77
175.82
174.52
178.49
NA
NA
178.47
NA
NA
175.67
NA
172.41
172.48
177.28
NA
NA
NA
NA
174.35
174.71
174.03
173.98
176.55
174.19
173.91
176.22
174.4
175.25
175.15
173.51
NA
172.79
173.39
177.7
177.31
174.93
174.26
172.49
174.79
173.93
175.37
NA
174.26
NA
NA
176.5
174.7
NA
173.38
NA
174.89
173.12
174.65
174.99
173.81
NA
175.18
173.22
175.69
173.24
176.58
172.83
174.7
177.71
173.87
174.25
NA
NA
NA
174.79
175.78
174.18
174.77
175.37
175.5
177.99
NA
NA
175.06
NA
NA
176.07
176.23
175.02
NA
NA
174.19
174.3
173.71
173.81
174.39
172.91
NA
NA
174.29
NA
NA
175.54
175.53
174.66
177.01
171.67
175.5
177.35
172.05
175.65
175.05
171.95
172.14
177.72
NA
174.07
174.47
173.87
173.77
NA
NA
NA
NA
176.25
174.15
176.85
172.73
175.77
175.69
174.07
175.19
NA
NA
NA
NA
175.18
NA
174.97
175.87
175.43
NA
NA
NA
175.57
NA
NA
NA
NA
174.84
174.72
174.82
NA
172.99
174.56
NA
NA
175.19
173.3
NA
NA
174.85
175.97
NA
177.82
176.01
NA
175.57
172.28
175.55
172.72
172.52
173.62
174.72
173.62
171.75
171.75
173.25
174.25
173.05
172.97
NA
174.69
NA
174.58
NA
NA
175.77
172.42
174.47
176.59
173.0
175.24
175.04
174.16
174.22
171.66
173.98
NA
177.79
NA
NA
NA
NA
NA
176.4
176.05
173.36
174.07
172.91
173.22
172.92
172.41
173.54
179.44
NA
174.47
174.38
NA
NA
NA
NA
NA
175.32
NA
NA
NA
175.12
NA
NA
NA
169.83
174.23
174.53
173.42
174.72
NA
176.27
172.79
173.99
176.09
174.22
171.66
175.08
175.74
175.87
NA
173.93
175.21
NA
NA
NA
NA
NA
NA
176.16
173.16
173.22
175.2
175.4
173.63
171.99
175.86
174.84
176.3
172.71
174.4
176.36
175.46
177.26
173.24
174.25
172.07
175.73
173.54
NA
NA
NA
174.35
NA
NA
174.26
NA
173.86
175.0
NA
173.49
NA
NA
NA
174.07
NA
NA
NA
NA
NA
NA
NA
174.25
174.72
175.97
172.0
173.51
174.12
174.82
174.37
175.19
NA
NA
172.58
174.78
NA
173.79
175.34
NA
NA
NA
NA
NA
NA
174.64
174.91
173.4