36.23
35.37
33.81
NA
38.21
33.06
36.9
36.92
37.41
38.54
32.96
34.29
35.36
37.97
34.35
31.7
33.71
36.33
35.32
NA
37.38
38.69
39.26
34.06
36.42
36.07
36.63
36.07
33.93
33.26
36.79
37.4
34.56
30.04
36.04
36.09
38.23
35.35
36.27
34.33
NA
NA
29.17
38.05
NA
32.76
35.84
36.77
34.77
33.22
NA
34.68
35.16
35.5
33.4
35.9
35.8
NA
34.32
37.15
34.06
35.9
39.64
34.14
33.86
35.81
34.92
39.11
34.72
34.78
36.52
32.0
34.91
NA
29.31
33.98
35.94
37.36
30.38
38.07
35.96
33.46
37.63
37.43
34.71
34.09
34.85
35.56
35.42
37.36
28.87
NA
36.06
38.44
35.07
32.34
36.01
36.91
NA
31.67
35.36
37.34
36.53
32.87
30.47
33.33
36.79
38.02
36.18
35.96
31.21
39.02
33.9
33.32
39.98
34.56
31.79
39.48
35.52
34.44
34.51
37.59
38.89
34.96
36.36
36.01
NA
36.21
34.19
37.63
37.62
35.3
32.83
35.59
33.49
36.66
36.01
34.99
32.75
35.86
34.92
39.82
37.48
33.71
33.82
32.5
33.25
37.65
34.27
NA
35.1
37.23
31.02
NA
NA
29.68
32.89
39.77
37.51
34.85
34.64
35.34
36.74
33.43
34.11
32.01
35.03
34.44
37.69
32.97
34.96
32.12
36.28
32.98
34.16
34.17
37.91
31.8
NA
NA
NA
NA
NA
NA
NA
NA
NA
NA
NA
NA
NA
NA
NA
NA
NA
NA
NA
NA
NA
NA
NA
NA
NA
NA
34.42
30.67
35.17
36.56
34.51
NA
34.09
36.79
34.79
32.53
32.99
33.97
37.18
31.63
37.56
35.97
37.71
34.62
36.01
31.64
35.48
33.4
33.54
33.7
33.8
33.24
37.27
33.17
37.91
33.33
38.12
33.16
37.6
33.16
37.6
NA
35.57
36.1
31.9
34.62
33.96
NA
34.01
36.22
35.0
34.6
NA
36.76
34.16
35.02
34.72
36.13
36.75
38.51
NA
NA
30.06
NA
34.8
NA
34.67
33.25
NA
38.72
31.49
37.02
34.35
35.09
35.15
36.22
36.82
38.64
35.97
37.15
37.41
34.79
36.11
37.71
33.62
37.69
33.69
37.56
34.12
35.1
38.54
NA
NA
30.42
36.28
33.01
36.97
NA
38.78
37.25
NA
NA
NA
NA
34.73
32.53
30.02
36.92
38.06
NA
NA
34.57
34.25
36.01
35.56
32.28
32.08
37.28
32.18
37.08
32.07
36.25
37.84
33.84
39.47
NA
30.4
NA
NA
NA
34.2
35.61
36.41
35.72
38.58
39.0
NA
31.02
32.72
NA
NA
NA
36.5
34.78
37.98
32.87
38.48
37.4
33.14
36.58
29.97
35.06
34.66
38.32
NA
33.12
33.82
NA
34.43
33.99
NA
NA
36.14
38.87
38.25
34.27
36.4
37.45
34.56
37.76
33.99
34.93
NA
35.72
36.96
33.56
36.76
37.32
NA
37.87
40.18
34.43
34.8
38.16
NA
34.31
34.78
37.18
35.3
32.96
35.8
35.07
35.45
33.68
NA
NA
33.35
34.75
36.95
35.78
31.76
31.27
34.84
37.04
40.05
29.41
38.67
36.46
34.92
36.32
33.72
38.5
32.74
38.55
32.88
34.11
32.71
35.05
31.41
33.83
32.9
32.7
32.4
31.8
31.46
35.76
31.65
36.55
32.94
39.63
30.1
34.55
36.95
NA
35.37
33.57
35.68
32.9
34.92
37.12
34.86
34.42
36.52
32.94
34.84
38.58
36.68
NA
32.73
29.23
35.03
35.15
37.88
34.31
33.95
32.86
32.05
32.45
35.74
36.06
37.21
36.06
33.96
38.96
32.06
31.36
35.28
NA
34.83
37.13
36.18
33.84
29.14
36.04
31.78
NA
NA
35.2
37.82
NA
37.65
31.68
38.78
34.32
32.51
37.86
32.97
39.52
36.45
NA
38.35
38.25
34.05
37.45
38.35
35.35
NA
NA
34.19
32.81
33.08
34.55
34.44
33.93
30.65
29.24
35.48
32.41
37.71
40.41
34.31
38.19
40.29
32.59
34.71
34.36
34.52
34.68
34.16
30.95
36.74
34.63
32.64
34.12
32.62
36.28
30.78
33.96
NA
NA
36.77
35.09
37.39
35.09
37.09
36.47
35.88
30.91
36.41
37.15
36.84
31.38
37.41
34.04
37.77
31.19
37.29
33.69
37.69
35.93
38.72
35.42
35.56
32.29
NA
40.15
37.55
37.25
31.05
NA
32.86
32.54
NA
34.01
NA
36.28
31.53
36.69
33.66
33.0
NA
37.15
37.82
30.25
37.8
34.52
34.8
36.21
35.74
34.5
36.3
33.48
32.49
35.09
NA
NA
36.55
29.19
NA
38.28
NA
35.79
35.81
NA
NA
NA
NA
NA
NA
34.03
31.86
38.76
33.72
37.33
34.63
35.03
31.54
30.61
34.86
36.5
35.51
33.98
36.2
37.94
35.04
32.41
35.71
37.11
30.21
35.61
36.99
34.47
32.07
31.27
34.36
37.56
29.99
NA
32.49
33.72
34.99
31.93
36.65
34.48
NA
34.82
36.42
31.68
32.49
40.52
30.22
40.01
30.35
36.25
35.87
37.79
32.29
39.79
31.89
33.65
36.07
36.24
34.42
36.55
36.74
35.56
34.61
36.91
34.56
32.58
37.65
NA
34.85
37.75
36.54
NA
35.61
32.0
NA
NA
NA
NA
37.85
NA
NA
NA
NA
NA
33.85
31.28
NA
38.63
29.45
38.03
34.67
38.75
NA
NA
NA
46.99
NA
NA
NA
33.99
37.97
36.99
30.99
34.39
35.59
NA
NA
38.11
28.99
33.18
32.13
36.39
37.82
34.78
NA
NA
39.81
34.3
38.15
33.35
37.6
38.1
34.68
30.41
38.04
34.81
35.51
35.01
37.54
34.34
36.88
33.74
34.3
NA
33.42
38.27
NA
34.74
33.54
34.65
36.41
28.79
35.38
34.06
37.22
37.2
34.98
36.17
35.62
35.52
35.48
36.43
34.42
36.01
34.42
35.12
36.95
39.25
37.16
34.91
NA
36.09
37.19
32.95
32.41
36.65
37.39
NA
NA
35.09
38.2
31.71
32.69
36.44
35.16
34.92
37.44
34.89
37.47
35.88
35.29
31.8
38.8
35.92
35.44
32.14
32.91
29.73
37.1
32.64
37.73
36.47
31.3
34.6
32.4
30.0
NA
35.14
31.63
NA
34.28
34.68
NA
36.6
36.28
36.96
35.84
36.34
35.41
34.42
30.98
36.55
34.31
34.05
35.87
40.09
NA
NA
38.2
36.24
39.55
36.89
37.34
33.94
34.38
34.65
34.46
36.86
33.83
34.48
NA
34.47
34.51
39.45
39.42
35.44
35.13
37.07
37.29
NA
NA
28.43
38.2
33.55
34.0
37.71
34.49
34.09
34.33
35.73
36.83
33.84
32.85
33.08
34.22
38.02
33.12
NA
36.12
NA
NA
NA
NA
NA
37.87
35.45
38.64
36.84
35.32
35.59
35.23
33.53
37.76
37.22
NA
39.03
34.09
35.17
33.85
34.95
36.62
33.48
NA
34.97
NA
34.31
NA
34.72
31.22
34.09
NA
38.03
37.87
36.05
34.99
31.85
34.68
36.85
30.58
NA
34.68
32.8
31.55
NA
37.49
32.82
37.22
34.71
NA
34.71
31.0
34.32
38.0
NA
34.53
NA
34.88
34.89
35.16
32.16
37.9
38.64
30.2
30.1
38.4
34.98
36.2
34.73
32.76
NA
35.24
NA
32.2
NA
NA
33.09
30.59
35.19
NA
33.53
37.33
NA
33.29
NA
30.97
36.75
35.21
NA
34.6
34.15
34.87
35.5
33.7
NA
38.16
36.81
38.8
32.22
38.14
38.85
NA
35.13
33.72
37.15
33.98
37.88
NA
37.54
33.47
NA
36.42
37.12
34.56
33.01
34.8
31.69
34.15
NA
NA
NA
38.93
NA
36.27
34.52
34.1
29.36
34.09
34.85
31.47
37.17
NA
NA
36.23
35.4
37.31
37.44
37.46
36.31
33.29
32.88
33.18
37.1
37.19
35.99
35.81
32.9
34.12