33.3
32.71
34.01
35.69
32.62
NA
32.27
32.87
34.35
32.97
35.5
31.17
32.58
34.14
32.98
30.85
32.86
NA
27.74
NA
34.24
33.38
32.79
32.86
32.88
NA
32.95
31.48
NA
32.42
NA
32.12
36.77
34.16
34.95
32.89
33.72
33.24
33.72
32.06
34.42
35.34
32.89
32.35
33.1
35.37
32.58
33.2
NA
32.83
31.19
32.7
32.93
32.75
34.43
33.29
NA
NA
33.0
34.46
NA
29.44
33.71
32.83
32.64
33.12
33.45
32.24
35.88
29.8
30.25
NA
39.38
31.89
32.5
31.32
31.19
NA
NA
36.49
NA
32.22
33.38
32.16
32.79
31.78
33.56
33.56
32.29
34.33
31.3
32.37
32.75
31.89
36.04
NA
33.83
33.05
NA
NA
32.59
32.15
32.31
27.68
31.98
33.24
32.95
32.85
34.24
31.98
35.49
32.01
32.43
32.99
31.67
29.05
36.18
32.24
NA
NA
NA
34.1
32.49
32.08
30.73
34.01
36.09
33.01
28.57
31.39
NA
31.33
31.82
31.54
33.34
32.29
NA
32.92
35.43
34.73
NA
NA
NA
NA
32.35
NA
NA
33.09
32.74
NA
34.36
35.65
35.43
NA
NA
NA
30.51
NA
32.42
NA
34.15
NA
32.29
35.41
NA
33.54
NA
32.35
33.75
31.21
35.4
NA
32.81
NA
NA
32.06
NA
31.34
NA
32.36
NA
33.04
NA
33.41
NA
38.33
33.71
32.68
32.97
34.61
32.31
30.77
32.61
32.52
32.9
38.09
29.57
32.83
32.94
34.74
28.84
30.84
NA
NA
32.69
32.18
NA
33.25
36.25
NA
33.85
32.68
30.1
NA
40.69
28.44
33.85
36.38
36.53
NA
34.68
33.43
33.11
30.17
33.76
33.32
NA
NA
NA
NA
NA
33.46
NA
34.06
31.8
33.83
30.03
34.5
NA
32.89
33.19
34.22
NA
30.6
NA
NA
NA
34.18
NA
36.36
31.63
33.25
33.62
34.49
NA
31.64
33.27
36.62
NA
NA
32.57
28.88
32.94
32.24
32.17
21.02
NA
32.76
32.6
NA
32.23
32.12
34.27
32.74
NA
34.32
36.38
33.75
32.91
32.38
32.41
35.16
NA
37.35
34.54
32.69
NA
38.05
34.68
32.93
NA
NA
34.74
31.96
31.03
32.65
37.1
36.48
NA
NA
NA
32.49
32.59
32.88
NA
35.15
33.06
32.9
35.51
35.31
35.26
37.09
36.82
NA
36.47
NA
35.31
33.51
NA
34.1
33.92
33.94
33.96
NA
NA
37.24
36.26
NA
33.22
31.62
34.28
32.99
NA
NA
NA
NA
NA
NA
NA
31.3
NA
31.8
33.4
32.0
33.44
34.91
30.66
32.78
33.1
27.27
35.44
35.19
34.82
34.87
NA
35.9
32.71
32.0
32.07
NA
NA
NA
38.41
NA
NA
33.9
NA
NA
33.22
33.82
NA
NA
NA
NA
NA
32.13
33.28
35.36
34.41
NA
32.77
32.61
35.19
NA
NA
33.35
33.74
29.37
32.48
32.36
33.16
28.69
34.13
32.76
32.99
32.06
33.45
35.01
35.01
33.01
NA
34.95
NA
32.48
NA
39.71
NA
40.33
NA
NA
NA
NA
NA
32.65
30.98
34.49
32.22
NA
NA
31.37
33.47
32.75
36.18
34.38
32.97
NA
NA
35.03
NA
NA
NA
NA
NA
NA
30.19
35.5
34.35
NA
31.52
NA
37.43
34.27
31.94
31.24
32.92
NA
30.53
NA
32.98
32.28
32.95
NA
33.63
NA
NA
NA
34.04
NA
32.35
NA
36.18
NA
34.91
NA
34.36
34.57
32.65
32.81
33.46
NA
NA
NA
32.34
36.35
32.82
29.66
34.34
32.98
33.11
32.0
33.61
32.75
31.39
33.89
32.98
31.78
32.81
35.28
34.64
33.31
33.41
31.8
30.08
33.16
31.82
NA
NA
NA
NA
NA
35.15
33.54
32.99
34.81
32.11
37.75
31.35
NA
30.45
31.86
NA
31.6
32.55
NA
31.82
32.22
33.14
32.3
29.39
NA
NA
NA
33.3
NA
32.65
30.01
33.23
36.07
31.27
NA
NA
NA
32.73
40.62
27.17
34.68
32.44
NA
33.24
31.54
32.65
33.26
32.34
NA
33.04
30.54
28.96
32.36
NA
33.8
34.8
33.51
NA
32.42
NA
NA
33.75
31.47
NA
35.8
32.78
NA
NA
33.27
33.97
35.95
30.75
NA
NA
NA
32.99
33.89
31.49
32.87
34.28
31.89
NA
32.53
NA
NA
31.4
NA
NA
NA
31.75
31.85
30.74
35.0
NA
NA
31.23
32.91
35.31
NA
NA
NA
NA
39.81
32.43
32.65
NA
32.73
32.43
32.94
32.55
36.35
32.5
38.22
33.3
32.83
30.91
34.32
32.33
34.16
37.13
NA
37.41
37.49
32.9
35.62
31.24
NA
32.86
NA
31.38
NA
35.32
32.09
34.09
NA
32.47
NA
33.15
33.95
NA
33.96
NA
33.5
NA
NA
32.67
36.27
NA
33.88
NA
32.59
NA
32.26
33.25
34.46
32.96
NA
33.42
35.32
31.64
NA
33.49
34.07
NA
34.36
32.79
32.23
34.22
32.74
31.64
32.77
32.94
NA
32.1
30.13
33.42
32.29
NA
NA
32.6
NA
33.56
27.0
32.55
39.35
34.84
NA
NA
30.96
34.96
27.68
32.8
NA
NA
NA
37.15
35.49
NA
28.65
35.25
31.95
32.15
32.05
32.88
34.85
32.48
33.06
32.55
35.07
32.86
NA
33.15
30.66
NA
33.73
NA
NA
30.58
37.07
32.45
32.69
NA
36.61
34.98
34.01
33.11
33.55
32.81
32.58
33.06
34.67
35.11
31.33
34.18
NA
NA
34.19
34.46
31.96
34.26
32.08
33.05
33.85
33.29
NA
32.44
NA
33.81
NA
33.07
35.19
36.17
NA
NA
32.91
NA
NA
35.45
32.64
33.74
NA
NA
NA
NA
NA
33.46
34.51
32.83
32.94
32.97
33.38
34.4
32.72
NA
36.56
31.87
32.27
32.12
33.01
30.55
32.77
32.72
33.34
NA
32.76
NA
33.26
33.11
33.55
30.87
30.27
31.27
32.13
33.01
33.59
34.7
31.86
NA
NA
NA
32.75
34.05
34.57
33.33
36.48
32.22
32.88
33.1
34.74
32.22
32.82
NA
31.31
31.78
32.63
32.5
34.06
32.59
29.87
33.67
33.4
32.47
32.74
31.58
NA
NA
32.51
33.39
35.51
35.04
31.85
NA
33.61
33.3
NA
31.68
30.56
NA
NA
32.9
NA
NA
33.89
31.97
31.43
NA
NA
33.31
32.04
37.44
34.54
NA
NA
30.18
32.05
NA
32.13
32.8
32.58
34.68
32.78
NA
34.54
32.63
35.69
NA
NA
NA
NA
NA
32.74
38.25
NA
NA
NA
NA
NA
NA
NA
NA
NA
32.45
32.15
NA
32.61
33.12
35.72
NA
32.79
32.97
32.79
34.1
33.82
32.02
34.92
32.51
38.43
30.65
35.35
NA
32.36
35.53
31.47
36.48
36.73
32.5
33.0
32.99
NA
31.71
30.1
34.16
29.47
NA
33.11
32.55
27.73
NA
33.34
33.5
34.99
31.04
32.92
32.24
36.07
35.9
31.3
NA
NA
32.74
NA
33.78
30.86
32.71
NA
NA
32.11
32.64
35.44
NA
NA
32.64
36.58
32.6
32.81
34.48
34.27
31.7
NA
NA
NA
35.07
32.59
NA
34.97
43.14
32.64
35.2
32.08
34.72
NA
33.87
33.67
NA
32.42
NA
32.63
NA
28.47
29.19
33.89
NA
31.87
32.0
32.89
34.89
NA
32.91
30.06
33.61
34.18
35.78
NA
32.49
32.81
34.97
34.7
NA
32.27
NA
38.0
32.76
34.02
35.26
32.66
NA
NA
32.62
32.99
35.57
34.2
31.87
34.77
33.0
33.24
NA
33.44
31.87
31.6
33.22
32.61
33.17
32.95
NA
29.63
33.3
33.04
29.56
32.61
34.87
35.72
33.04
32.16
31.3
35.33
33.44
32.94
33.34
NA
NA
35.55
32.44
33.11
NA
34.1
NA
32.22
34.28
35.03
32.64
32.72
33.3
35.8
35.45
30.63
33.66
32.62
NA
32.76
NA
32.48
NA
32.83
33.21
NA
31.52
31.45
35.65
32.81
NA
29.83
NA
NA
NA
31.03
NA
31.28
31.16
NA
33.14
NA
NA
33.22
NA
32.45
33.98
33.48
33.98
NA
32.94
31.94
32.74
33.23
31.13
34.32
37.05
32.75
33.16
NA
NA
30.38
36.97
30.47
36.91
39.16
31.92
26.38
35.33
34.54
31.76
33.85
31.56
33.97
37.43
32.83
34.03
NA
31.62
33.21
NA
33.01
34.42
32.57
31.84
NA
NA
NA
39.13
NA
27.18
32.74
32.0
NA
34.37
NA
31.4
31.26
NA
34.99
33.26
34.23
32.53
NA
33.14
31.68
30.67
NA
32.46
NA
34.12
34.82
NA
NA
31.85
NA
NA
34.46
32.92
NA
32.74
NA
NA
35.43
NA
NA
32.53
33.84
NA
32.72
34.03
NA
NA
32.76
NA
NA
31.93
31.93
NA
32.94
NA
32.72
NA
31.93
32.68
NA
NA
NA
NA
31.4
32.6
32.15
35.68
29.73
34.58
33.28
35.09
NA
NA
NA
NA
NA
NA
34.1
NA
34.17
32.61
32.52
35.62
33.92
32.92
NA
33.06
32.95
31.82
32.74
NA
NA
35.7
NA
30.91
34.09
31.32
29.78
30.43
32.58
34.79
33.63
32.71
33.81
NA
NA
32.9
31.96
34.96
32.94
NA
NA
NA
35.47
32.37
34.77
33.32
33.23
32.32
32.91
34.2
32.68
30.78
NA
34.54
35.04
32.26
33.05
32.5
32.63
32.51
35.6
32.66
NA
33.44
NA
32.59
37.51
NA
30.26
33.46
35.86
NA
33.06
34.14
NA
32.31
33.64
33.1
NA
NA
32.5
35.12
NA
32.22
32.57
31.47
34.28
NA
31.51
33.67
33.17
NA
33.83
32.6
NA
32.53
NA
NA
34.49
NA
32.48
NA
35.23
32.69
32.72
31.79
NA
33.99
32.18
34.38
NA
33.13
33.04
34.14
NA
31.06
31.79
32.78
31.81
NA
NA
NA
33.16
32.78
NA
35.17
32.94
34.27
32.37
NA
NA
36.51
NA
32.91
31.88
32.67
36.07
34.01
33.24
NA
32.9
34.44
31.74
34.14
NA
35.58
34.14
33.44
33.41
32.16
30.35
31.94
34.52
30.7
NA
36.03
NA
NA
33.69
33.13
31.93
NA
34.14
33.34
30.32
NA
33.4
NA
NA
NA
31.47
NA
31.64
NA
32.2
NA
33.52
32.31
32.96
NA
NA
NA
34.24
NA
NA
34.14
NA
31.84
NA
33.47
31.87
33.41
32.61
31.41
31.43
NA
NA
NA
30.89
36.51
42.48
32.78
33.1
36.1
35.22
NA
NA
NA
NA
NA
NA
34.07
30.66
32.78
34.21
31.01
34.91
32.88
NA
32.53
NA
32.79
NA
36.35
NA
30.41
NA
NA
NA
34.25
NA
NA
NA
32.43
NA
31.62
32.74
32.44
32.66
31.28
33.32
32.31
31.98
32.02
32.95
30.24
NA
NA
32.61
32.11
30.11
36.16
32.57
32.07
30.07
36.12
NA
32.96
34.87
NA
33.13
33.48
34.35
34.33
NA
32.56
NA
NA
NA
33.03