58.38
54.24
59.61
NA
57.52
59.82
53.22
59.82
58.22
59.82
58.98
NA
59.78
56.78
57.72
57.01
58.06
55.26
55.37
59.55
58.8
57.36
58.17
58.03
58.05
58.15
59.01
58.6
59.86
60.05
60.41
57.98
59.13
58.45
58.62
59.85
58.88
59.01
58.39
55.05
60.15
54.71
57.75
54.57
59.51
59.6
58.68
57.72
52.17
56.39
59.12
60.87
54.58
61.05
57.32
58.57
59.41
56.48
59.9
NA
56.07
57.48
58.27
58.43
53.57
56.65
57.25
60.23
59.52
58.66
58.39
57.88
59.5
62.23
56.29
58.7
58.44
58.78
59.03
58.35
59.0
NA
60.23
59.83
57.01
56.42
59.56
59.95
56.94
60.03
59.43
57.64
55.95
57.31
56.76
60.35
58.97
NA
60.89
58.88
58.5
58.3
57.0
59.86
NA
60.38
59.62
58.68
60.02
60.87
60.33
58.69
58.47
56.02
61.17
54.98
57.66
56.82
58.6
52.26
59.36
55.39
55.84
59.54
56.78
59.95
57.76
57.62
57.76
53.59
53.65
53.64
53.6
53.47
60.55
57.34
56.66
58.47
NA
55.85
NA
56.79
NA
NA
56.21
NA
NA
NA
59.2
59.54
59.29
59.65
55.72
57.71
58.55
56.0
58.81
59.52
55.83
58.69
57.28
56.02
55.92
57.32
59.11
NA
53.47
57.02
59.99
55.51
55.69
NA
NA
60.48
58.97
58.14
55.58
57.46
58.91
57.68
58.9
60.58
NA
59.65
58.23
60.5
58.4
60.3
58.39
55.24
57.1
58.23
57.05
56.55
58.05
NA
56.11
57.03
NA
NA
NA
NA
NA
NA
59.28
58.78
59.58
61.28
59.28
58.78
59.68
61.28
59.19
58.79
59.69
57.89
59.22
58.82
59.62
56.22
59.16
58.76
59.46
59.36
58.5
59.62
56.82
59.4
57.2
62.04
59.31
54.04
59.45
56.67
58.77
58.86
58.68
57.6
58.32
58.12
59.04
59.9
56.2
NA
NA
57.4
57.0
56.5
60.34
59.07
59.34
56.27
57.84
57.05
60.06
56.5
55.0
58.54
57.64
56.88
54.66
59.81
58.84
61.79
53.98
59.66
59.26
58.64
56.4
56.55
57.2
59.94
57.76
54.83
58.27
57.46
58.24
59.71
59.98
57.74
57.45
56.43
56.27
60.11
59.98
60.07
60.15
60.15
55.54
57.66
57.59
59.05
60.91
56.31
57.44
57.52
57.15
58.52
58.19
58.42
NA
NA
NA
NA
59.04
58.79
57.54
57.32
58.44
59.94
58.94
54.24
54.84
59.44
59.84
57.14
55.34
59.41
59.22
NA
53.41
59.18
58.2
60.6
58.64
58.17
60.59
58.83
58.75
60.58
58.73
57.38
57.26
59.38
55.45
58.39
57.59
56.06
57.86
57.86
56.79
57.61
57.95
56.91
57.29
57.29
55.69
59.76
56.02
NA
NA
NA
59.35
57.77
59.48
NA
NA
58.17
NA
NA
NA
NA
55.72
NA
61.88
60.16
61.29
55.95
56.07
59.85
57.5
59.83
58.8
56.83
59.51
60.06
NA
60.65
59.4
58.39
55.94
59.19
59.56
59.59
57.17
53.72
57.2
56.8
NA
56.69
NA
56.65
58.15
56.53
54.0
56.18
56.96
58.22
56.02
61.24
61.18
56.45
53.5
59.55
56.97
59.77
58.32
57.2
58.06
NA
NA
NA
NA
55.92
56.82
58.02
56.27
56.8
59.58
55.98
59.58
55.98
59.71
55.99
58.09
59.05
55.55
NA
NA
NA
NA
NA
NA
NA
NA
NA
NA
NA
54.37
56.77
56.3
57.67
56.73
61.44
60.55
57.75
55.25
59.35
58.56
57.99
55.32
59.32
55.32
55.39
55.69
55.18
58.38
57.5
57.87
59.67
58.37
58.12
58.52
NA
56.93
NA
NA
NA
59.82
57.82
57.79
60.51
55.82
58.18
57.56
59.21
59.41
59.31
59.21
55.41
58.24
59.07
58.47
56.24
57.96
58.14
59.75
57.48
57.5
60.35
59.74
59.8
56.95
NA
NA
57.29
56.51
57.31
55.71
57.9
56.08
56.9
56.01
58.84
60.24
56.54
NA
NA
59.45
60.32
60.03
58.25
60.56
58.9
56.97
58.37
57.87
60.52
59.33
55.67
55.57
58.48
57.04
56.98
59.36
58.89
59.89
56.83
59.17
57.24
60.59
56.85
58.62
60.12
NA
57.13
56.09
59.51
59.21
58.97
57.64
57.22
59.38
60.28
59.68
59.98
57.63
55.29
56.46
57.89
55.01
59.91
58.48
60.24
59.42
59.19
57.79
57.95
57.94
59.24
NA
59.93
58.19
57.99
59.3
58.76
59.21
56.01
59.18
59.35
60.25
59.75
59.95
54.66
56.33
54.32
60.43
59.18
57.38
57.56
57.8
59.34
60.24
59.64
59.94
55.15
NA
48.95
58.61
60.26
59.99
58.69
58.94
56.8
59.31
56.62
59.24
59.84
61.18
57.41
59.95
59.65
59.95
NA
57.13
57.38
55.47
60.58
56.62
56.7
57.92
59.32
60.22
59.62
60.02
60.75
57.28
56.34
59.02
59.8
59.76
59.8
60.04
55.37
61.07
59.27
56.87
58.57
57.28
57.29
58.54
60.32
57.22
57.44
57.04
59.04
59.54
58.24
59.86
58.39
59.79
56.67
58.97
59.23
60.23
60.03
59.93
54.74
56.64
53.97
55.62
57.16
59.08
59.5
56.58
58.95
57.86
59.41
57.22
55.08
55.32
61.2
57.6
59.13
59.03
59.13
57.54
59.56
NA
58.99
57.55
58.02
60.91
55.49
59.19
58.89
58.69
58.49
58.55
58.05
NA
58.92
NA
57.62
60.86
58.51
55.53
58.15
59.13
58.12
53.83
61.03
55.87
56.8
NA
60.69
56.7
58.81
NA
56.8
57.17
56.68
57.77
59.76
59.45
59.76
61.04
59.93
60.51
59.68
58.86
60.02
54.45
55.55
61.2
55.6
56.29
59.9
60.35
58.76
56.94
59.38
56.21
56.7
57.11
56.11
56.49
56.79
57.87
57.08
59.6
57.76
59.56
57.48
57.62
59.96
56.63
57.89
59.39
59.49
59.59
58.39
58.71
57.95
58.35
55.75
59.16
57.36
60.96
59.0
55.87
56.82
57.67
58.08
58.32
53.54
60.22
59.66
57.54
57.38
58.78
58.98
55.76
55.55
55.31
56.19
58.11
57.81
59.61
56.78
58.09
53.68
57.54
59.14
58.54
58.84
59.48
58.93
59.9
60.46
56.94
57.46
61.55
53.93
58.83
55.72
60.78
NA
59.22
57.41
56.02
NA
57.61
55.73
59.46
58.9
54.23
56.09
57.37
56.11
56.11
58.35
58.46
56.05
58.73
59.51
58.05
59.25
59.18
58.3
59.2
60.13
57.58
57.41
60.99
59.73
58.84
55.94
57.58
56.8
60.86
57.13
54.88
57.55
57.31
60.46
57.36
57.31
56.31
60.1
58.98
59.08
57.66
58.96
59.36
58.96
57.76
58.86
58.96
55.31
56.74
NA
NA
NA
59.73
56.46
56.24
56.52
57.34
58.78
59.2
60.1
59.6
59.8
60.18
60.31
58.55
58.73
56.78
56.31
59.66
59.36
59.57
60.64
59.98
60.71
55.31
60.16
58.36
60.66
57.94
58.15
57.85
57.15
59.21
58.94
59.34
58.84
55.84
56.34
57.64
59.34
58.54
55.54
60.11
NA
59.21
60.91
55.53
55.36
NA
59.27
56.55
59.17
57.92
58.62
56.74
56.79
58.06
59.82
55.21
56.14
60.22
58.52
56.93
57.32
59.24
56.99
56.68
58.76
57.34
58.64
56.15
56.31
59.66
59.36
58.97
59.31
58.36
59.47
59.89
57.32
58.0
56.9
59.46
58.68
57.76
58.67
57.96
58.72
55.83
55.95
60.58
54.05
57.74
59.68
60.37
58.2
58.61
60.14
59.06
57.82
59.02
59.72
59.92
59.72
59.08
57.48
NA
59.2
59.57
59.68
57.18
57.52
56.28
58.15
59.54
55.82
59.98
59.02
56.65
56.38
57.7
59.26
60.77
55.87
55.53
56.85
58.44
NA
56.6
58.11
58.9
58.2
57.6
58.4
58.12
57.01
55.81
55.24
59.95
59.07
59.52
58.18
NA
54.54
59.55
58.82
54.68
59.58
60.04
56.3
58.73
58.73
58.73
59.36
59.36
60.64
57.52
55.19
59.39
58.85
59.85
57.95
55.65
59.15
60.76
58.23
57.72
56.46
57.58
59.98
58.67
59.24
59.2
58.26
59.47
NA
57.55
58.68
56.18
59.81
58.21
NA
58.08
59.38
57.78
57.58
57.2
57.56
59.36
56.93
57.06
58.11
58.11
55.95
60.22
54.85
56.32
58.71
58.76
54.5
58.68
58.68
60.26
57.17
59.48
58.45
58.52
56.82
59.02
58.31
60.45
59.75
59.5
NA
56.21
55.33
57.21
59.31
58.05
59.84
57.28
56.99
55.29
58.84
59.48
NA
58.31
56.56
59.95
57.27
58.14
57.11
56.39
58.32
59.89
58.09
58.73
57.86
58.89
58.98
59.57
NA
NA
59.57
58.34
58.91
58.98
54.23
59.16
59.16
56.82
60.59
56.27
60.5
56.25
57.19
58.4
59.13
60.87
56.08
59.38
61.1
60.3
60.9
55.8
58.6
59.29
58.54
58.89
59.55
57.45
58.85
57.56
60.05
60.11
58.2
58.87
59.29
57.99
58.96
54.56
55.66
57.46
54.62
60.22
60.72
55.72
59.67
58.69
58.38
56.42
57.93
56.59
58.02
56.87
57.82
56.7
59.51
NA
56.93
60.3
58.06
59.03
58.85
59.78
58.05
58.85
56.75
59.61
57.74
61.04
58.98
55.92
56.92
55.64
60.44
59.74
59.81
58.31
56.44
59.85
58.34
56.39
58.64
54.65
57.26
56.12
59.69
57.93
54.4
56.43
55.13
59.73
58.43
59.23
56.02
58.35
58.51
55.86
56.68
53.23
60.41
59.49
52.83
55.13
57.07
59.17
57.88
59.13
58.63
58.43
57.52
56.88
59.31
59.35
59.89
59.07
56.11
58.24
57.64
56.42
59.55
56.05
59.18
57.59
58.46
57.35
59.65
59.95
57.56
59.86
60.36
57.01
58.54
61.86
58.8
58.93
57.68
60.08
59.77
59.67
59.31
59.91
59.31
59.81
55.53
NA
57.43
55.64
56.72
58.63
59.73
59.93
54.55
59.13
60.45
59.39
58.54
55.53
57.32
57.51
NA
55.42
58.82
57.22
60.47
55.37
58.17
57.67
58.55
58.49
56.79
58.29
61.69
NA
58.69
60.37
55.07
57.11
58.76
60.04
57.94
58.92
58.81
57.44
55.95
56.04
59.86
57.61
59.44
59.8
57.87
57.21
NA
55.76
59.08
58.39
59.17
59.42
59.02
55.85
56.61
57.62
59.48
58.42
55.36
59.44
NA
60.23
57.39
57.07
59.41
56.19
NA
58.48
56.33
59.13
57.94
58.06
60.35
58.71
57.55
57.99
57.58
58.08
57.68
57.85
56.09
57.98
NA
57.96
57.07
NA
59.41
57.21
56.22
57.07
59.84
55.61
55.26
56.74
59.72
60.17
59.6
NA
56.16
57.87
59.14
55.49
58.0
57.37
60.14
57.83
58.7
56.1
56.49
56.53
58.15
56.84
56.57
57.16
53.11
57.26
57.97
59.06
56.25
58.54
57.34
60.04
57.83
57.36
57.11
56.04
59.33
59.17
57.05
58.69
58.99
59.04
56.1
NA
59.83
57.65
56.33
59.47
54.86
55.25
58.31
58.26
57.72
57.2
57.95
58.93
57.29
57.28
58.29
60.22
57.72
59.34
57.27
56.31
58.35
57.22
59.89
57.93
59.0
59.88
58.76
59.79
59.64
58.34
NA
57.28
57.48
57.57
57.35
60.13
57.53
58.69
58.99
59.04
56.1
57.01
59.63
53.57
59.27
55.9
58.67
56.91
59.72
56.97
58.14
59.32
59.56
59.91
59.66
60.24
59.1
59.85
56.73
60.47
57.54
56.97
57.27
57.56
58.04
56.32
58.26
56.34
59.24
58.19
56.22
58.8
57.3
57.89
57.13
58.84
56.94
55.14
59.34
57.5
56.35
55.89
58.94
59.68
59.62
NA
55.52
57.5
54.18
58.52
58.57
56.02
58.39
58.17
57.2
60.7
59.19
57.24
NA
56.55
58.12
59.43
56.42
59.6
58.8
57.53
57.42
59.07
59.78
56.7
55.27
58.64
57.19
56.84
NA
56.29
57.59
NA
NA
NA
57.9
58.79
54.83
56.37
56.22
59.6
59.03
57.58
57.58
58.84
57.07
54.43
58.74
57.97
56.92
NA
NA
NA
NA
60.55
59.05
58.05
56.76
59.77
56.05
59.41
59.77
56.04
59.46
54.46
57.62
56.28
60.16
59.58
57.49
57.03
NA
60.58
59.78
60.48
56.95
61.38
56.65
61.33
59.05
58.81
58.25
58.48
56.88
54.66
56.51
55.73
59.36
55.73
59.91
55.66
NA
55.55
53.71
55.92
59.82
54.59
56.68
59.44
53.91
56.04
59.75
54.57
56.76
59.47
56.74
61.08
57.3
59.33
61.77
NA
NA
57.23
57.99
56.97
60.03
56.46
55.03
60.01
61.22
58.09
56.29
56.65
57.21
59.98
57.65
54.72
60.79
66.03
NA
NA
NA
57.03
59.74
57.48
54.59