32.2
31.7
34.74
NA
33.32
33.32
NA
33.32
NA
33.32
31.93
31.97
32.55
30.27
32.2
30.01
32.76
29.53
31.69
30.77
NA
31.81
31.16
31.35
31.6
33.19
30.49
32.35
32.42
32.87
33.55
32.23
33.32
NA
32.03
32.71
32.73
33.03
32.09
33.36
32.26
29.13
31.62
28.03
32.97
32.31
32.46
NA
30.11
32.28
33.68
33.96
32.97
34.52
32.54
33.29
32.52
29.86
33.0
32.74
31.05
33.0
31.7
33.46
NA
32.86
29.81
32.5
33.03
33.24
31.23
31.61
29.65
33.35
30.41
33.58
32.91
31.55
34.28
NA
33.36
NA
32.25
32.48
29.79
28.6
33.18
34.01
30.07
30.46
35.31
32.05
NA
31.09
33.68
33.46
30.92
NA
31.49
33.79
32.58
NA
31.09
33.67
NA
32.85
31.38
32.51
31.32
32.01
32.95
31.89
32.55
31.32
34.13
28.78
32.34
29.63
32.87
29.68
30.2
28.51
31.37
33.39
33.23
31.63
31.67
31.51
32.03
NA
NA
NA
NA
NA
32.4
33.3
31.36
32.58
32.77
NA
NA
NA
NA
NA
NA
NA
NA
NA
NA
33.27
32.62
33.93
32.37
32.96
33.54
32.56
32.59
35.53
30.74
29.05
29.46
31.52
29.52
34.92
33.52
NA
31.39
30.5
33.45
29.92
32.99
NA
NA
32.35
31.47
31.16
32.62
32.05
35.57
31.85
33.68
33.68
NA
32.32
32.23
NA
32.4
33.69
32.15
28.84
31.81
31.1
31.65
32.85
32.18
NA
32.72
31.7
NA
NA
NA
NA
NA
NA
NA
NA
NA
NA
NA
NA
NA
NA
NA
NA
NA
NA
NA
NA
NA
NA
NA
NA
NA
NA
32.19
NA
29.74
28.13
31.1
32.38
NA
30.17
32.3
32.04
32.58
32.46
32.51
31.67
32.67
32.6
32.03
32.6
28.7
NA
NA
30.9
32.7
32.3
32.43
32.39
33.55
30.8
32.87
29.57
NA
30.88
30.53
31.8
32.91
29.54
29.93
32.37
33.86
31.42
29.88
31.57
33.09
32.15
31.65
32.3
29.51
29.38
30.8
30.34
33.62
30.43
31.88
NA
33.03
32.42
32.81
33.28
33.49
34.25
34.54
34.41
34.42
34.42
29.9
33.31
33.26
33.14
33.7
NA
NA
32.58
33.03
29.28
31.67
34.37
NA
NA
NA
NA
32.63
33.75
33.94
NA
NA
NA
NA
NA
NA
NA
NA
NA
NA
34.74
33.6
NA
31.27
NA
33.41
32.63
NA
33.25
32.59
NA
33.83
32.67
33.57
33.64
33.58
31.13
28.69
32.18
31.57
29.15
31.06
31.06
30.48
30.8
30.87
31.75
NA
NA
NA
32.39
34.53
NA
NA
NA
34.72
31.15
32.52
NA
NA
31.57
NA
NA
NA
NA
33.49
NA
32.77
NA
NA
33.22
32.88
33.7
31.64
31.69
27.54
30.38
32.13
32.58
NA
34.12
30.62
37.5
29.97
31.95
31.96
33.03
30.47
32.88
30.91
32.66
NA
32.44
NA
32.51
33.11
NA
33.98
31.81
31.8
32.92
32.62
33.27
33.67
32.87
NA
NA
NA
NA
NA
29.9
31.76
NA
NA
NA
NA
31.22
29.12
NA
NA
33.0
33.08
34.68
32.98
34.38
33.41
33.39
31.89
31.24
30.12
NA
32.11
NA
29.91
31.71
NA
31.61
31.71
33.31
31.91
31.81
31.97
31.07
30.7
32.39
30.43
31.44
33.05
30.55
28.75
32.45
32.5
31.45
31.42
37.05
32.85
35.89
36.02
29.18
32.98
31.98
NA
NA
NA
30.92
34.22
NA
NA
NA
NA
NA
NA
32.02
NA
34.11
29.99
31.68
32.05
32.81
34.51
34.21
33.01
33.01
31.94
32.3
31.87
NA
31.0
32.52
30.7
32.18
32.2
33.76
32.67
33.1
34.79
NA
NA
30.69
33.41
32.31
32.81
35.61
31.91
33.58
34.02
33.74
NA
32.84
NA
NA
32.57
33.72
34.42
NA
33.22
32.47
32.17
32.97
33.27
34.15
34.16
28.28
28.74
31.51
30.02
28.56
32.69
NA
NA
NA
NA
31.92
33.52
33.65
31.72
33.42
NA
31.44
30.34
33.16
32.71
34.69
33.92
34.6
30.28
32.78
33.38
34.68
31.16
31.75
32.37
30.94
31.21
34.91
30.73
33.97
32.53
NA
NA
31.85
31.24
33.54
NA
33.92
NA
NA
NA
32.29
33.25
32.28
29.89
30.75
32.55
33.45
34.35
30.15
32.39
29.62
35.01
34.18
34.08
31.85
32.34
30.34
32.74
33.54
34.64
NA
NA
NA
32.47
33.19
32.51
32.72
32.08
30.74
33.51
35.85
33.04
34.54
32.78
29.44
32.75
33.55
34.35
NA
32.98
32.93
NA
34.59
35.85
NA
31.72
30.52
32.92
32.82
34.62
33.41
30.87
32.54
30.11
32.63
32.75
34.19
32.56
28.72
NA
NA
NA
NA
31.44
31.92
NA
32.82
31.32
32.54
32.84
34.04
35.14
32.14
32.26
NA
NA
29.87
34.87
30.43
32.73
33.43
34.63
NA
32.34
29.45
29.57
32.08
34.68
NA
32.3
33.03
35.05
32.12
31.91
30.69
32.14
32.9
39.4
32.73
32.63
32.83
31.69
34.14
NA
33.31
32.81
34.19
33.66
32.89
32.99
31.79
34.09
31.72
32.23
32.58
NA
31.86
32.66
NA
33.9
32.89
32.82
NA
32.39
32.62
32.17
30.32
33.37
30.8
NA
NA
31.39
33.97
NA
29.48
31.32
30.78
31.44
33.03
32.57
33.03
33.74
34.19
34.26
32.91
31.23
33.19
28.63
32.41
31.8
27.98
31.02
34.5
33.2
32.6
30.09
32.43
34.29
NA
31.41
30.31
30.29
29.69
32.42
30.38
35.37
31.86
34.16
32.89
33.08
33.77
35.02
31.39
28.09
29.09
33.89
29.89
32.91
31.55
32.15
32.75
34.46
30.76
33.66
33.6
NA
29.12
31.67
30.91
32.9
NA
34.25
32.76
30.74
32.48
32.48
32.48
28.54
30.73
30.81
32.22
NA
NA
32.89
35.95
31.69
31.19
30.74
33.36
34.84
32.84
34.63
34.12
34.06
32.7
29.44
NA
NA
NA
NA
NA
NA
NA
32.23
33.0
33.52
NA
30.71
29.96
32.52
32.17
32.45
29.53
31.09
32.3
32.3
31.09
29.9
30.41
33.16
35.27
39.74
33.25
32.83
32.11
33.62
33.32
33.17
32.61
31.87
33.9
31.31
30.38
32.67
29.38
33.13
30.97
30.99
32.28
31.8
34.49
33.28
33.78
NA
32.42
33.08
32.68
32.06
32.86
32.66
32.86
31.96
32.86
32.56
28.87
34.53
33.89
NA
NA
31.99
32.43
NA
33.42
30.59
31.99
30.2
32.5
33.3
34.5
32.28
33.35
31.96
31.44
NA
30.23
32.96
32.54
33.02
32.51
33.28
32.08
30.93
31.36
32.76
29.76
31.35
31.95
32.75
30.95
32.54
NA
NA
NA
NA
NA
NA
NA
NA
NA
33.27
NA
32.6
33.94
31.32
32.87
NA
32.46
34.92
31.74
34.43
31.72
34.38
34.29
33.16
33.25
28.9
32.82
33.12
32.12
30.96
30.62
32.36
29.85
30.95
NA
30.96
32.13
32.85
30.23
32.96
32.54
32.54
32.99
32.04
33.12
32.65
32.97
30.89
33.54
33.51
31.93
31.78
32.3
31.85
32.52
31.27
32.23
33.91
30.62
30.81
33.36
33.72
32.44
32.19
33.08
32.74
30.84
30.32
32.92
33.82
34.52
31.68
34.38
NA
35.4
31.71
NA
30.3
31.4
29.62
33.65
33.05
30.69
NA
NA
35.85
32.44
31.26
31.6
33.17
33.0
33.02
32.32
30.73
NA
32.42
30.92
31.9
NA
30.6
32.2
33.52
31.11
30.01
32.64
NA
34.22
32.43
29.05
NA
30.23
32.69
33.4
29.68
33.28
32.53
30.37
33.37
32.74
32.74
32.74
32.74
33.09
30.63
28.86
32.74
NA
33.45
31.05
NA
33.15
32.68
32.5
29.44
33.37
29.39
NA
33.14
33.37
32.64
32.31
31.55
NA
33.32
33.08
33.68
NA
NA
NA
NA
NA
NA
NA
31.77
34.23
29.38
30.18
NA
31.77
39.19
30.39
35.11
32.56
34.59
33.0
32.29
32.53
32.88
32.82
NA
31.22
30.76
30.98
34.82
34.12
32.52
32.21
33.45
32.85
31.82
NA
29.43
NA
30.78
35.04
30.55
32.74
32.28
31.8
28.71
31.74
34.37
NA
29.7
29.7
32.71
31.8
32.14
30.04
36.1
32.65
32.78
32.55
31.6
NA
31.71
32.91
32.47
NA
NA
33.87
32.74
34.79
32.31
33.92
33.86
32.26
30.62
32.82
33.76
32.99
33.74
31.29
31.95
31.56
34.62
31.97
33.69
32.7
33.0
31.2
45.2
33.14
32.45
31.93
32.39
31.86
31.42
32.49
31.2
32.68
33.03
NA
NA
26.51
30.32
32.86
29.66
30.26
33.36
29.52
34.22
32.02
32.22
32.38
32.08
32.72
33.12
32.31
32.31
32.19
30.1
30.82
30.82
31.39
NA
31.59
34.65
31.69
32.23
32.24
28.68
32.29
32.41
31.32
34.11
30.74
35.64
32.23
30.48
29.36
28.44
33.34
32.94
33.01
32.51
32.11
33.14
35.24
37.39
32.38
28.27
35.04
28.75
34.99
31.19
33.64
29.63
32.93
32.93
31.43
32.13
NA
32.51
31.62
37.56
NA
29.93
35.83
32.4
33.2
NA
30.99
NA
30.67
34.13
31.76
30.3
31.0
34.52
33.19
31.65
32.77
NA
32.96
33.34
31.14
32.42
33.35
NA
32.68
31.39
33.15
30.25
31.95
34.25
30.36
33.26
34.86
32.46
32.46
32.91
31.69
32.61
32.38
34.78
33.47
34.47
30.91
33.01
33.31
34.41
30.69
35.66
30.82
27.3
30.9
31.92
33.73
34.73
33.54
34.57
34.84
30.3
30.21
27.74
35.21
32.59
31.52
33.82
31.82
32.82
NA
NA
NA
32.87
31.52
32.96
32.79
32.89
NA
31.79
32.89
34.38
28.97
31.34
34.81
33.77
28.91
30.8
32.37
32.46
41.65
33.13
33.58
31.78
33.34
33.61
33.16
32.47
NA
30.61
30.92
31.37
31.21
33.05
33.2
30.84
32.75
31.1
33.04
33.1
31.82
34.04
NA
NA
31.0
31.67
32.71
30.7
NA
34.07
32.03
32.73
31.79
28.77
33.51
31.05
NA
NA
NA
NA
27.49
31.66
NA
31.39
NA
28.2
NA
28.49
33.31
31.61
NA
NA
33.26
32.89
29.03
31.92
35.47
31.7
33.53
NA
27.81
31.22
32.65
NA
31.48
33.49
33.03
35.3
31.4
29.75
31.78
32.03
32.2
31.95
30.0
32.56
31.94
31.89
32.04
34.06
NA
31.74
31.34
33.04
NA
32.06
31.6
30.38
31.66
32.31
33.32
32.27
32.64
32.56
31.77
NA
34.53
31.64
30.83
32.3
29.83
29.95
32.04
36.32
30.71
27.7
31.69
31.13
32.51
31.68
33.13
32.55
30.34
33.86
31.74
31.45
32.15
32.09
33.71
32.11
32.44
NA
32.4
31.65
33.09
32.79
NA
31.98
30.68
32.09
32.21
33.93
32.43
32.27
32.64
32.56
31.77
32.34
32.04
29.74
33.2
33.79
31.54
30.53
33.58
35.7
33.45
34.31
32.2
33.6
35.59
33.52
28.56
33.06
29.89
30.67
30.2
32.34
30.84
31.95
31.87
29.86
31.76
31.99
32.92
31.45
NA
32.5
32.8
32.48
32.1
33.84
34.14
34.44
33.94
33.41
31.04
33.95
32.14
33.86
32.99
NA
32.67
31.99
28.38
32.95
32.2
32.9
NA
NA
32.38
34.22
NA
31.72
NA
29.57
32.35
35.2
32.01
33.96
32.88
32.91
32.84
28.53
33.03
29.95
25.49
33.57
32.37
32.3
NA
33.09
32.19
NA
NA
NA
30.7
32.08
37.43
NA
30.14
33.04
33.07
31.83
31.8
34.4
31.22
29.53
33.84
27.91
30.21
NA
NA
NA
NA
34.25
NA
NA
31.6
32.3
30.35
32.15
32.25
30.33
32.14
29.46
30.3
32.21
34.81
33.91
33.77
NA
NA
NA
NA
NA
29.65
33.75
29.61
33.71
32.42
32.62
32.26
32.9
29.54
29.93
32.23
32.7
33.51
32.51
35.3
32.46
NA
32.3
31.49
30.47
31.27
29.87
29.97
34.3
31.4
30.36
31.21
29.79
29.95
34.26
39.16
34.25
30.16
32.88
34.02
NA
NA
30.88
32.72
29.42
32.57
30.74
30.39
32.02
35.44
32.04
31.54
32.19
29.4
29.27
29.78
30.42
NA
NA
NA
NA
NA
NA
NA
NA
NA