178.91
175.97
178.83
NA
178.76
NA
NA
178.76
178.76
NA
NA
NA
178.07
177.94
178.08
177.98
175.87
177.94
179.67
177.14
177.48
178.33
178.48
177.99
177.72
177.81
178.49
179.38
176.31
176.26
176.92
177.58
177.68
178.03
179.06
177.82
179.09
178.77
176.74
174.49
178.49
179.48
178.91
179.12
177.83
177.41
178.52
178.27
175.04
175.73
175.73
177.1
175.85
176.58
177.51
177.96
175.66
179.51
179.25
NA
177.17
177.38
176.96
177.7
175.9
176.65
180.0
177.66
179.25
178.53
178.8
177.94
177.95
176.68
178.16
177.08
178.03
176.54
178.08
178.71
178.53
NA
176.89
179.02
178.63
179.36
177.94
178.91
180.09
177.91
179.56
178.38
176.31
NA
176.64
177.14
179.08
NA
176.92
179.56
178.68
177.71
179.17
177.53
NA
177.34
176.82
178.63
177.04
177.43
177.13
177.02
177.99
177.49
178.19
179.12
177.77
177.26
177.35
175.63
180.0
179.5
178.66
176.17
176.01
177.54
177.93
178.56
175.17
177.35
177.24
177.24
177.28
177.18
180.98
177.02
178.09
177.03
NA
178.36
NA
180.26
NA
NA
NA
NA
NA
NA
NA
NA
NA
NA
NA
178.0
NA
176.81
178.62
176.19
NA
NA
NA
178.27
178.67
178.37
NA
NA
NA
178.51
NA
175.95
176.31
NA
NA
178.8
178.8
NA
175.93
177.68
177.64
178.44
NA
NA
NA
178.23
177.77
177.41
180.34
178.15
177.21
NA
177.32
178.77
178.36
NA
177.96
NA
176.03
178.55
NA
NA
NA
NA
NA
NA
177.93
178.33
177.73
177.73
177.93
178.33
177.83
177.93
177.92
178.32
177.82
177.62
177.92
178.32
177.82
177.52
177.92
178.22
177.62
177.62
179.06
177.18
178.33
178.15
177.75
176.03
180.53
177.34
NA
NA
NA
NA
NA
NA
NA
NA
179.48
179.58
179.88
NA
NA
177.18
176.68
176.88
178.72
178.62
178.22
178.12
177.22
178.72
180.22
177.22
177.32
179.57
176.4
176.61
177.27
177.51
177.8
178.51
178.26
178.95
176.85
177.55
178.75
175.95
179.15
178.85
177.75
177.85
177.74
NA
NA
NA
NA
177.64
177.24
NA
NA
NA
NA
NA
NA
NA
178.78
178.92
178.77
NA
NA
177.14
178.9
NA
NA
NA
177.45
179.27
NA
NA
NA
NA
177.96
176.4
177.95
177.02
179.12
177.32
177.92
177.02
176.12
179.12
180.12
177.42
177.32
NA
NA
NA
NA
178.24
177.44
179.44
176.66
NA
NA
NA
177.28
179.38
NA
178.47
178.48
178.0
178.84
177.95
178.62
179.06
NA
NA
NA
NA
NA
179.02
NA
NA
NA
179.33
177.65
NA
NA
NA
177.76
NA
NA
NA
NA
178.51
NA
NA
NA
NA
175.67
NA
NA
NA
NA
NA
NA
NA
NA
175.4
NA
174.2
174.73
NA
173.86
176.73
172.91
NA
171.11
NA
170.26
171.16
173.74
178.96
178.1
NA
NA
NA
NA
NA
NA
177.1
NA
176.67
178.94
180.54
176.04
177.64
178.51
176.32
178.41
NA
177.64
177.84
NA
NA
NA
NA
179.71
179.78
179.99
178.68
178.18
NA
177.44
176.88
179.1
177.5
179.1
177.6
NA
177.6
177.8
NA
NA
NA
NA
NA
NA
NA
NA
NA
NA
NA
NA
NA
NA
NA
NA
NA
178.7
178.35
NA
NA
NA
NA
NA
NA
NA
NA
175.44
NA
NA
180.15
178.05
NA
NA
176.7
177.8
176.45
179.25
NA
NA
NA
NA
NA
176.74
178.64
NA
NA
178.03
NA
NA
178.08
179.78
181.58
178.88
176.68
177.65
178.13
NA
177.24
NA
177.45
NA
177.59
177.37
176.88
177.7
177.88
177.95
NA
NA
177.32
178.15
178.45
177.05
177.11
179.59
178.1
176.8
178.61
176.81
176.81
NA
NA
NA
NA
NA
NA
NA
NA
NA
NA
NA
178.25
176.96
179.19
179.83
174.1
173.14
173.17
179.69
178.25
177.1
177.63
177.01
177.83
176.35
176.07
180.72
177.25
NA
177.33
NA
179.39
177.94
176.26
177.81
176.94
NA
NA
NA
NA
177.27
174.27
177.21
179.6
177.13
177.23
178.16
177.33
178.63
178.21
177.61
NA
178.58
176.88
NA
NA
178.01
177.55
178.58
178.33
178.0
178.85
179.06
NA
NA
NA
NA
NA
NA
NA
NA
NA
NA
NA
NA
NA
NA
NA
NA
NA
NA
NA
178.16
178.19
NA
176.97
177.45
NA
178.36
179.53
NA
NA
NA
NA
NA
NA
NA
179.97
178.42
180.06
178.85
NA
179.53
NA
178.97
NA
NA
NA
NA
NA
NA
NA
176.26
178.19
177.76
178.59
NA
178.66
NA
NA
NA
NA
NA
NA
NA
NA
NA
NA
NA
NA
NA
NA
177.11
174.68
179.78
NA
NA
NA
NA
NA
NA
176.37
176.67
175.95
178.54
178.69
179.05
NA
NA
178.99
177.52
179.36
179.85
176.16
NA
177.51
174.91
NA
NA
NA
176.46
180.79
NA
176.14
178.19
179.02
178.41
176.28
176.28
178.48
174.38
NA
NA
NA
NA
175.87
174.94
178.79
178.23
178.24
177.4
179.39
177.92
NA
NA
NA
NA
180.36
NA
NA
NA
NA
NA
176.25
177.79
176.41
176.92
NA
NA
NA
177.17
178.93
177.43
177.66
178.08
177.87
179.28
176.58
177.95
178.33
178.24
178.18
177.23
178.33
178.86
179.06
NA
NA
177.17
177.57
178.67
178.27
NA
NA
NA
176.44
180.74
177.53
177.79
177.3
174.55
178.15
173.62
175.8
178.85
177.65
178.69
NA
NA
NA
NA
NA
NA
NA
179.7
NA
178.94
NA
NA
NA
175.68
177.6
NA
NA
NA
NA
NA
NA
177.03
NA
178.25
178.2
178.22
178.14
NA
NA
NA
176.27
177.45
179.35
177.92
178.33
177.65
177.3
179.28
178.21
177.85
176.88
176.8
176.76
176.96
NA
179.24
178.3
NA
179.06
177.35
179.02
178.91
178.59
177.74
178.14
178.36
176.26
176.36
177.38
179.47
179.58
179.66
177.54
179.0
NA
NA
NA
NA
NA
NA
179.36
178.26
177.88
178.01
178.5
177.23
178.85
179.79
177.17
177.21
177.41
177.87
177.47
177.37
176.48
176.68
177.03
179.29
178.09
177.38
177.48
178.48
178.58
178.98
178.48
177.58
178.6
176.88
NA
NA
NA
179.54
176.63
180.13
180.38
178.21
179.97
NA
NA
NA
NA
177.07
178.07
178.53
177.96
178.75
179.25
178.65
178.05
178.53
178.05
178.48
180.38
177.64
NA
NA
177.08
179.15
177.73
178.73
177.03
177.9
178.99
178.59
177.89
178.19
176.29
178.49
178.89
177.79
177.59
178.39
NA
177.26
179.54
177.24
NA
NA
179.06
177.44
177.53
178.33
178.79
NA
175.28
NA
176.87
178.68
176.33
178.59
178.59
178.09
NA
178.38
176.78
177.97
179.48
177.34
177.31
NA
179.25
178.65
178.05
178.36
178.66
178.23
177.9
177.25
177.29
176.76
174.66
178.52
178.72
179.15
177.02
179.33
177.54
179.02
178.44
176.99
173.56
178.8
181.38
178.51
177.55
177.47
177.69
178.25
177.45
NA
NA
NA
NA
178.1
177.6
NA
NA
NA
NA
NA
NA
177.11
NA
176.92
177.75
177.73
179.68
177.87
176.81
NA
174.9
177.33
177.44
NA
NA
NA
NA
NA
NA
178.91
179.71
178.01
180.21
178.89
178.73
178.43
174.93
178.81
NA
NA
NA
NA
178.79
176.83
178.97
177.6
178.3
173.27
170.32
177.74
178.02
181.09
178.09
177.82
178.3
177.41
179.91
178.84
179.24
180.04
178.84
177.74
177.34
NA
NA
179.01
NA
179.3
176.09
177.75
NA
NA
NA
NA
NA
NA
178.69
177.99
177.91
178.61
NA
178.68
178.28
178.38
178.28
176.94
173.51
179.09
175.19
178.2
178.93
NA
NA
179.03
NA
173.26
177.92
NA
176.72
179.48
177.48
NA
NA
NA
178.57
NA
NA
NA
178.95
177.6
177.9
178.63
NA
NA
175.89
177.98
180.37
177.92
NA
176.9
177.61
178.61
177.53
NA
NA
NA
NA
178.97
177.73
178.13
177.32
174.95
177.69
NA
177.01
176.79
177.02
176.97
177.93
177.42
NA
NA
178.7
178.38
177.43
176.34
178.11
178.27
177.47
179.12
NA
NA
176.84
174.99
177.99
176.7
178.34
178.25
178.09
179.85
NA
NA
NA
NA
178.17
177.17
177.08
177.4
176.89
177.47
176.76
NA
177.42
176.16
176.26
NA
NA
176.55
NA
NA
NA
NA
178.01
175.21
178.11
178.01
177.25
179.09
180.62
176.36
179.73
178.67
178.39
175.72
NA
NA
NA
NA
179.35
176.4
177.96
177.49
177.98
178.13
179.76
177.26
NA
NA
NA
NA
177.45
178.78
178.39
NA
NA
NA
178.21
176.91
178.03
178.48
178.93
176.05
177.46
179.18
175.28
180.98
177.83
177.9
176.9
179.44
174.34
178.04
177.84
177.84
NA
178.76
178.6
177.59
175.79
178.04
176.58
178.05
176.27
175.89
177.93
180.32
177.88
178.46
178.36
NA
NA
NA
NA
NA
NA
NA
NA
NA
NA
NA
177.78
175.98
NA
NA
177.81
NA
NA
NA
NA
NA
NA
178.73
176.67
178.23
179.47
178.82
NA
NA
NA
NA
NA
NA
NA
NA
178.51
178.13
179.89
180.08
179.26
176.45
NA
NA
174.72
175.36
177.61
178.35
176.29
177.96
178.67
178.2
177.61
175.11
178.01
178.11
177.84
175.14
178.54
178.74
NA
NA
NA
NA
NA
NA
NA
176.78
177.77
179.17
179.2
178.88
NA
176.44
177.44
177.54
NA
NA
178.55
177.6
177.63
NA
NA
NA
NA
178.37
176.94
NA
179.01
178.78
178.03
178.41
176.33
178.48
179.16
177.84
177.39
NA
NA
NA
NA
NA
NA
NA
NA
180.1
NA
NA
178.41
NA
NA
NA
177.92
177.92
178.33
178.13
175.13
NA
NA
NA
NA
NA
NA
179.67
177.91
179.11
NA
177.54
176.98
175.58
178.77
177.04
178.49
176.97
178.41
NA
178.52
177.99
177.1
NA
179.66
177.27
175.51
180.18
NA
177.49
178.02
178.24
178.31
177.47
NA
176.23
178.42
177.7
NA
177.06
NA
179.06
178.06
177.26
177.32
176.81
NA
NA
175.93
NA
NA
176.99
178.44
177.78
178.31
NA
NA
181.02
NA
NA
NA
180.44
178.8
180.54
177.36
175.13
NA
NA
NA
NA
NA
NA
NA
178.88
178.83
178.86
178.43
177.12
177.88
178.67
177.01
NA
NA
NA
NA
NA
NA
177.54
178.24
178.29
178.63
178.16
177.16
176.99
178.44
177.78
178.31
179.4
177.96
175.72
177.69
176.38
NA
177.6
177.89
177.65
177.35
179.16
175.98
177.41
177.98
177.36
NA
NA
NA
NA
178.16
176.65
178.15
177.38
178.03
178.11
178.74
176.51
178.72
178.56
NA
177.56
177.66
178.5
177.64
179.42
177.82
177.42
177.22
176.75
178.92
174.98
178.33
179.77
177.45
NA
175.03
NA
179.26
179.22
180.31
176.42
178.34
NA
179.0
177.73
177.15
178.13
NA
NA
NA
177.75
177.06
178.27
179.07
178.04
177.98
NA
NA
NA
178.58
178.2
177.37
NA
NA
NA
NA
NA
NA
NA
178.59
179.46
NA
NA
179.37
NA
NA
178.14
177.7
177.75
178.36
NA
NA
NA
NA
175.88
177.92
180.35
NA
178.04
178.24
177.54
177.76
177.66
178.7
178.66
NA
NA
NA
176.69
178.06
176.59
178.12
179.06
175.63
179.38
NA
NA
NA
178.16
NA
NA
NA
NA
178.23
178.23
179.14
177.96
176.61
177.27
177.69
176.13
NA
NA
NA
NA
NA
NA
NA
NA
NA
NA
NA
NA
NA
NA
NA
NA
NA
NA
178.21
176.82
179.37
178.47
179.82
NA
NA
178.82
177.42
178.72
180.02
177.12
177.22
179.4
181.5
177.4
178.5
175.9
179.2
178.7
177.7
177.7
180.05
NA
NA
NA
NA
179.05
178.55
177.65
177.75