52.19
51.36
50.78
52.17
52.54
54.13
52.15
53.11
52.65
51.64
51.86
50.37
52.18
50.93
53.08
52.7
54.51
51.7
52.41
53.27
NA
49.02
55.72
52.3
50.97
52.43
51.88
51.43
52.09
52.15
53.25
51.75
52.17
52.16
51.72
51.46
53.55
NA
51.81
52.17
52.19
54.22
51.37
54.45
53.02
52.2
52.77
52.73
55.18
53.05
54.85
52.72
53.46
NA
51.85
51.98
51.52
52.14
53.09
52.25
52.32
52.15
53.02
51.7
51.03
53.23
52.71
52.84
53.85
52.06
52.82
51.79
51.33
52.1
52.09
51.33
52.41
53.13
50.75
52.02
51.76
53.04
52.9
55.37
52.01
51.36
50.8
52.94
51.55
52.8
52.59
54.1
52.19
52.93
52.93
51.14
52.23
51.93
52.16
52.24
52.42
53.45
54.04
52.06
51.22
53.08
52.56
53.2
52.71
52.67
52.12
51.97
52.81
52.44
52.44
52.55
52.49
53.4
52.76
52.6
52.86
52.13
53.49
52.31
52.49
52.27
52.65
54.34
53.66
54.83
51.3
52.37
52.84
53.37
51.11
49.32
55.33
51.25
53.4
54.28
52.95
55.33
50.66
51.01
54.47
51.89
50.56
51.9
52.3
52.35
51.97
52.57
51.57
54.85
52.34
52.4
51.98
54.84
NA
52.48
52.47
52.52
52.54
54.65
52.28
NA
53.21
52.31
51.77
50.83
NA
53.24
53.56
53.55
53.37
51.25
52.7
52.81
52.65
52.39
NA
NA
53.21
52.39
52.27
NA
55.06
52.48
53.62
51.58
53.75
52.6
51.44
50.88
55.51
NA
52.32
53.78
NA
NA
53.32
52.53
53.64
53.74
52.24
54.9
54.59
52.27
53.57
NA
50.59
53.63
52.45
52.45
51.62
52.05
50.98
51.96
53.8
NA
49.98
51.98
50.08
52.08
49.99
52.09
50.02
52.12
49.86
52.06
53.15
51.74
51.9
52.41
51.46
55.37
53.4
53.95
NA
54.73
52.01
53.99
51.51
51.56
51.61
56.48
50.84
52.4
53.3
50.54
50.56
51.11
52.72
52.75
51.47
57.38
54.38
51.98
51.98
54.08
51.81
52.64
52.2
50.95
51.33
52.79
49.22
53.53
51.06
53.05
53.89
50.96
52.4
NA
54.27
52.8
52.98
NA
50.97
53.18
53.34
52.14
53.73
54.0
53.88
53.91
53.49
53.63
53.61
53.46
51.27
52.72
51.6
53.39
51.52
52.69
51.53
53.44
51.07
52.71
51.64
53.35
51.21
52.85
51.76
53.35
51.21
52.85
51.76
52.44
53.54
52.94
52.33
53.23
59.66
52.48
56.77
52.4
52.19
52.12
52.86
53.29
53.4
52.02
51.88
50.42
51.48
51.87
50.36
51.22
52.81
52.41
54.68
49.8
50.84
52.99
53.08
51.3
53.39
53.76
53.71
51.46
53.57
51.35
51.7
54.57
NA
53.27
53.22
53.55
51.34
51.78
54.64
NA
53.66
51.47
51.58
54.65
54.65
52.18
52.63
53.21
52.08
NA
NA
NA
53.04
53.02
51.29
53.63
52.37
50.81
NA
50.67
50.2
51.84
51.7
53.17
53.27
52.47
51.67
53.27
51.87
51.09
51.47
51.05
51.09
51.29
50.81
53.84
53.16
51.94
52.47
53.03
51.9
51.01
51.4
NA
NA
55.97
NA
NA
NA
NA
NA
NA
NA
NA
53.13
52.33
53.43
52.83
51.93
54.32
54.52
53.32
52.92
52.93
53.0
52.47
55.07
50.99
51.07
53.11
50.56
53.58
51.98
55.07
50.65
51.55
52.85
50.85
51.49
54.57
52.05
NA
55.45
52.3
52.2
51.31
52.08
53.45
52.58
54.87
51.67
52.6
56.12
52.17
51.1
51.13
50.09
52.68
51.98
52.68
51.06
53.41
50.95
52.43
51.94
51.64
50.54
53.84
50.78
52.7
52.38
51.56
53.86
52.66
53.66
53.36
52.16
53.36
52.91
52.53
52.76
53.98
51.24
54.18
54.18
56.77
53.66
53.14
51.24
52.43
52.23
51.19
NA
52.93
52.98
52.53
NA
52.86
52.95
52.5
50.84
51.94
52.07
54.77
53.72
52.15
53.65
53.45
53.48
52.31
51.75
51.12
51.86
56.26
52.56
52.07
51.47
54.02
51.52
52.23
52.49
NA
53.55
54.15
53.12
50.98
53.92
52.46
NA
52.01
54.88
53.26
51.79
51.98
54.18
53.11
52.08
62.18
53.94
52.95
51.85
50.76
53.63
50.79
53.47
50.79
48.0
48.3
52.04
48.38
50.12
52.22
50.02
52.02
51.98
51.8
51.13
50.59
50.94
51.08
52.28
52.09
51.12
52.74
52.94
NA
52.59
53.26
53.38
52.98
52.53
56.13
51.6
56.87
NA
51.62
53.49
51.63
52.28
52.09
51.12
50.2
50.7
53.7
51.92
52.51
52.07
NA
50.95
53.57
NA
51.81
52.18
52.55
52.05
51.75
54.35
53.25
52.55
51.05
53.05
51.95
53.75
54.55
51.75
55.05
52.76
52.02
51.7
54.32
53.09
51.54
51.1
53.08
51.79
53.77
54.56
51.59
54.84
53.15
52.16
52.56
54.36
52.56
52.37
50.78
52.3
53.32
50.58
53.08
52.84
53.5
52.04
51.54
53.48
52.08
50.88
52.09
54.62
54.45
53.28
52.57
53.18
52.78
51.68
52.18
53.28
51.18
50.68
53.72
51.88
51.95
52.29
51.66
51.62
52.9
52.6
56.4
51.3
52.36
54.7
53.14
53.28
51.28
53.03
54.65
NA
52.75
51.56
51.03
53.23
51.79
50.17
49.87
50.86
51.28
52.72
NA
55.03
52.59
52.08
51.98
53.48
NA
52.23
54.53
52.26
51.67
55.0
49.77
52.15
53.1
53.83
53.72
52.68
53.83
51.35
53.25
52.55
51.65
52.42
52.41
52.39
54.45
52.73
52.86
52.43
50.2
50.7
53.7
50.7
50.93
51.21
53.62
NA
52.86
51.76
52.47
53.12
53.22
53.02
52.31
52.41
52.21
53.61
52.29
52.09
52.19
53.59
56.85
NA
51.26
51.9
51.73
51.52
52.55
53.17
51.91
NA
51.17
52.09
53.14
53.16
52.47
NA
49.18
52.38
52.47
53.85
52.76
52.22
51.92
55.05
52.4
53.36
51.58
56.22
51.29
51.63
53.37
51.56
56.38
51.28
51.29
52.8
52.69
53.29
52.19
52.19
55.24
51.53
53.53
53.13
54.23
49.53
50.36
52.19
52.69
53.96
52.66
53.82
51.07
52.15
52.58
51.33
51.0
52.11
50.62
52.72
55.63
55.75
52.95
53.65
51.93
53.67
51.62
52.43
53.61
53.02
53.19
53.17
53.15
52.47
51.81
50.89
51.73
53.89
49.97
53.32
51.9
52.82
51.86
52.76
52.63
54.1
50.15
53.02
54.43
51.45
53.08
56.81
52.94
53.85
52.07
52.54
52.29
54.47
54.08
52.75
54.43
50.34
50.64
53.64
50.62
50.92
53.92
52.47
52.92
51.53
52.77
51.8
52.68
53.98
51.21
51.16
53.26
52.86
52.35
51.24
52.61
51.92
52.31
52.61
51.59
52.26
53.76
50.96
50.53
50.65
50.43
NA
55.74
51.64
50.83
NA
51.23
53.84
52.04
53.04
52.79
53.97
54.0
51.95
52.57
52.98
52.22
52.51
51.81
53.83
51.0
52.07
51.32
53.85
53.89
51.97
56.06
55.33
NA
52.63
51.21
52.77
52.25
53.05
52.95
51.91
52.27
52.15
53.45
51.88
54.18
51.88
52.88
52.12
NA
NA
NA
NA
NA
NA
49.7
54.3
54.4
52.23
53.49
53.57
NA
53.11
51.86
NA
48.95
52.43
53.06
50.84
51.57
51.67
55.37
51.57
51.01
51.49
50.19
54.39
51.99
52.21
52.12
52.85
52.64
NA
51.48
51.62
52.55
52.69
52.31
NA
53.01
NA
52.4
NA
NA
51.15
49.27
53.76
53.22
50.72
51.78
51.71
50.94
51.28
51.58
51.78
50.98
53.01
53.41
52.56
55.88
52.83
54.43
52.83
53.15
51.75
54.55
53.22
53.47
53.64
52.24
51.53
51.79
52.24
NA
NA
NA
NA
50.76
52.36
52.31
52.28
57.62
53.44
NA
53.33
NA
52.19
52.13
53.52
53.47
52.64
53.72
53.09
51.65
53.76
51.91
51.9
51.48
51.72
53.3
NA
54.63
50.89
52.2
51.4
52.81
52.25
NA
51.75
NA
54.44
NA
52.24
53.79
51.15
50.99
54.54
51.43
52.9
52.0
NA
52.3
53.5
51.7
52.2
52.1
51.4
54.8
49.98
52.72
52.72
53.82
53.33
53.65
53.35
52.2
52.84
51.04
51.81
52.96
53.49
51.99
52.88
53.38
52.88
51.59
53.14
51.27
51.84
53.32
52.19
51.02
52.0
56.51
51.97
53.37
53.13
52.95
54.92
54.49
NA
NA
53.18
56.4
50.62
51.41
51.31
55.31
52.44
52.49
52.16
51.04
54.13
51.97
49.29
50.98
51.16
52.46
51.36
53.32
55.92
54.42
51.67
51.15
51.51
51.89
51.6
52.92
55.46
53.32
52.62
51.23
49.16
51.35
54.43
53.22
52.01
54.76
53.06
50.4
51.77
52.54
51.19
52.4
51.24
56.13
50.18
52.31
50.62
51.46
53.62
52.41
52.19
54.24
53.44
51.79
52.13
53.93
52.42
53.53
54.01
50.88
52.56
50.38
48.98
51.39
53.41
52.39
51.95
51.83
52.43
53.83
52.61
55.21
52.0
53.8
52.65
54.5
57.27
53.39
52.26
52.17
51.84
54.24
49.58
51.69
54.49
52.74
53.95
51.9
50.7
52.28
52.01
53.4
52.2
56.29
49.7
49.85
51.28
52.61
NA
53.68
53.49
51.0
50.18
52.85
51.41
53.36
51.42
54.07
NA
52.73
NA
55.1
52.98
53.28
52.4
53.77
52.31
52.74
52.81
52.6
51.02
53.12
53.84
52.3
51.9
50.59
51.03
52.45
51.25
53.05
50.73
52.68
52.71
51.77
53.61
48.38
51.24
51.37
52.6
51.35
51.92
52.02
53.2
51.22
52.13
54.91
52.23
52.31
52.82
52.44
49.67
51.89
52.73
53.38
52.38
51.43
53.17
52.54
52.61
NA
52.25
52.18
50.52
51.82
51.52
52.72
52.2
52.16
NA
53.47
53.52
51.62
51.64
51.5
51.11
49.16
54.67
52.7
51.96
54.41
53.51
52.49
52.33
51.7
51.55
53.05
52.47
51.53
52.97
55.7
51.27
51.35
51.88
52.66
NA
NA
NA
NA
NA
54.72
54.66
51.52
NA
51.49
52.76
50.52
51.97
51.64
51.91
51.94
52.12
52.39
NA
53.53
54.16
51.9
51.05
51.26
54.16
NA
52.58
54.02
50.05
51.43
52.1
53.1
52.97
52.24
52.02
53.73
55.65
50.45
51.77
53.75
52.03
49.57
52.16
52.2
54.95
52.68
52.24
53.18
51.39
53.69
52.99
51.68
53.58
51.15
51.19
50.87
53.93
54.22
51.54
52.87
55.81
49.88
51.65
51.82
53.73
52.65
51.79
52.31
52.0
54.7
52.24
51.44
55.64
51.64
49.36
53.42
51.88
52.73
52.66
53.53
49.62
52.54
52.53
52.8
51.72
52.25
52.34
49.99
52.82
50.95
49.86
54.69
NA
56.47
52.26
52.3
51.91
52.91
53.11
52.58
53.69
53.17
52.88
51.89
51.69
51.63
53.44
52.27
51.71
51.6
51.5
51.8
54.85
52.64
52.53
52.21
55.73
52.78
52.36
52.89
58.93
52.49
51.02
51.92
52.93
52.33
51.59
50.14
50.14
50.37
52.33
50.57
52.04
52.3
50.7
52.32
52.66
53.41
52.42
52.72
51.29
54.53
52.71
52.88
51.08
54.29
52.7
51.05
54.33
52.55
52.75
NA
51.81
50.8
50.85
50.77