53.01
52.18
52.75
53.98
54.16
53.01
51.37
55.16
53.51
54.82
51.55
52.52
51.01
51.06
53.08
55.07
51.7
54.23
52.93
53.26
53.22
52.63
54.08
53.65
53.4
51.51
54.14
54.62
54.89
52.33
53.09
53.28
54.96
52.45
53.26
52.65
53.49
53.17
56.2
53.78
54.12
50.66
53.03
49.41
53.79
53.03
52.2
52.24
53.59
53.49
51.67
51.19
52.31
53.48
53.92
NA
53.13
54.59
50.78
52.35
53.39
55.4
52.91
53.44
52.84
50.97
54.34
55.23
53.08
55.41
52.94
53.97
52.96
53.3
54.28
53.43
52.94
54.43
54.99
NA
NA
53.27
51.16
53.31
53.04
52.76
53.01
50.77
55.01
51.33
53.95
52.99
53.51
54.8
NA
54.64
53.5
53.73
54.31
54.74
53.97
52.27
56.2
55.75
52.76
55.69
57.39
52.68
NA
54.94
56.35
53.31
54.91
53.35
53.0
51.33
53.13
51.93
52.39
53.23
53.43
52.48
52.39
54.69
53.35
51.25
53.28
52.89
52.97
51.98
53.98
52.48
53.15
53.24
52.46
53.91
54.32
53.89
52.99
53.13
53.69
52.74
53.13
53.23
54.39
53.79
53.86
NA
52.28
52.99
55.05
51.63
52.73
49.92
53.77
54.51
54.17
52.99
52.68
53.45
50.43
53.14
53.26
53.05
52.92
54.09
53.55
51.54
52.88
56.23
53.62
53.43
51.47
51.84
NA
54.18
53.58
53.36
54.9
NA
NA
54.06
53.69
55.1
55.21
53.53
53.81
53.57
51.59
56.65
53.29
54.31
52.31
53.98
53.84
NA
53.28
51.53
50.8
53.77
53.32
49.98
52.08
54.06
53.24
51.17
53.39
52.84
53.38
54.42
52.72
50.78
53.31
51.46
51.3
52.8
54.05
54.45
55.42
54.02
51.8
51.67
53.28
51.39
55.55
NA
52.75
52.88
51.12
54.17
53.26
54.42
52.06
55.0
NA
49.43
52.49
54.0
53.14
53.67
51.52
53.67
53.41
53.29
52.2
52.19
53.77
55.35
50.32
54.29
50.57
51.2
54.28
54.07
52.99
53.17
51.88
57.18
NA
53.86
53.38
54.28
51.79
55.45
54.22
53.0
53.51
53.4
55.67
52.88
55.46
55.07
50.41
53.53
53.49
52.79
54.64
51.63
53.92
52.72
53.29
54.75
54.99
52.47
53.43
50.09
54.11
53.66
53.16
52.52
53.36
54.23
53.96
53.11
54.5
54.26
53.56
54.17
52.39
52.74
54.11
53.35
54.82
53.06
53.75
51.01
52.36
56.21
51.74
51.8
53.77
53.42
51.16
55.06
52.86
53.29
52.87
53.28
55.27
53.37
52.31
54.72
54.08
NA
NA
NA
53.17
53.36
52.51
NA
53.7
52.51
51.24
52.25
52.99
53.3
53.76
53.63
53.78
52.22
52.84
52.32
52.65
53.04
54.52
52.76
50.69
52.56
52.61
NA
53.22
51.83
53.33
NA
NA
52.69
54.58
55.32
53.16
53.05
53.07
53.5
52.41
51.95
53.12
54.35
52.88
54.12
50.82
55.36
53.61
54.27
53.48
54.85
NA
54.16
NA
52.23
56.52
51.88
52.83
NA
NA
NA
53.62
52.98
53.51
52.96
54.09
51.13
52.81
54.15
50.84
53.19
50.68
53.01
NA
50.83
53.18
51.34
50.86
53.04
55.27
NA
52.43
50.96
NA
54.14
NA
54.46
53.01
54.0
53.05
53.14
51.94
54.08
53.66
53.46
54.04
NA
53.57
53.09
54.31
NA
NA
51.53
54.09
52.81
53.99
53.45
51.98
53.32
51.13
51.82
50.46
54.15
53.33
52.82
53.33
55.21
54.94
53.36
NA
50.5
NA
49.67
52.83
52.13
53.11
55.89
54.96
53.29
54.49
50.43
54.5
55.37
55.44
54.18
54.67
52.66
54.04
55.66
53.5
54.64
54.49
51.27
54.6
54.39
54.69
54.8
54.33
51.28
52.99
53.58
55.31
54.63
55.14
54.33
53.33
53.59
52.01
50.71
53.6
55.19
54.32
52.99
52.93
53.26
53.64
51.11
53.06
53.43
51.33
52.56
53.5
52.9
51.98
53.82
48.69
50.96
NA
NA
53.43
NA
52.39
50.96
53.82
53.63
51.46
52.39
54.17
53.56
51.05
51.88
52.94
53.74
53.5
54.48
51.61
52.65
51.85
55.75
55.9
53.8
51.46
52.75
54.03
51.65
55.29
52.76
54.8
52.36
53.09
50.93
51.93
53.79
52.82
52.06
52.88
54.5
55.44
53.39
52.83
51.99
52.28
52.07
53.8
51.58
53.37
53.01
52.94
52.18
53.6
52.31
52.9
51.59
52.72
51.48
53.31
52.93
51.44
53.23
52.78
51.44
53.24
52.75
51.6
53.24
52.08
52.44
52.36
54.26
51.36
53.76
53.95
52.42
52.06
54.16
53.86
53.96
53.86
54.66
53.42
55.2
55.3
53.5
52.86
52.3
52.44
55.71
52.04
53.81
NA
51.51
53.01
NA
NA
54.11
55.11
55.71
52.31
51.21
53.61
53.21
53.44
54.29
53.5
53.92
52.91
54.78
54.63
51.97
53.65
53.48
54.87
54.79
52.68
52.93
54.09
52.94
52.83
52.43
53.73
NA
NA
NA
54.17
54.33
54.06
53.46
53.64
52.49
54.94
54.6
52.71
55.12
54.85
52.7
55.11
53.97
54.45
54.1
53.87
53.73
52.83
54.6
53.06
51.42
54.06
53.99
52.9
49.16
52.29
53.07
53.61
53.69
52.93
52.54
49.56
53.12
NA
53.41
49.51
NA
51.97
NA
53.5
54.02
52.67
51.21
52.83
58.65
NA
NA
NA
NA
NA
55.15
53.7
53.17
52.91
53.8
53.34
53.11
52.06
55.68
53.18
53.18
51.45
49.99
NA
53.87
58.37
54.47
53.77
52.12
53.82
53.82
52.72
NA
54.86
56.58
NA
52.8
52.64
52.55
NA
52.8
54.03
52.81
51.27
53.04
53.24
54.44
54.21
53.94
52.03
58.71
54.29
53.03
54.35
53.94
54.04
NA
NA
53.35
53.43
53.79
54.41
53.85
52.39
52.91
NA
NA
NA
53.18
NA
50.86
53.34
50.26
53.48
55.28
56.18
54.25
53.28
53.35
52.66
52.74
54.76
55.53
57.86
49.26
53.99
53.99
53.9
54.0
53.9
51.4
52.76
53.23
53.73
53.43
55.93
52.53
55.43
53.13
50.03
52.4
NA
51.73
53.04
53.39
54.47
52.69
53.54
51.64
52.88
53.91
50.54
NA
50.06
52.67
52.92
53.7
52.14
55.3
51.21
53.45
53.2
51.88
51.88
NA
53.2
53.62
53.41
54.44
55.94
53.7
52.14
55.3
51.21
53.45
53.38
NA
NA
NA
NA
NA
NA
NA
NA
55.19
54.1
51.91
54.5
54.06
55.33
54.42
52.3
52.62
53.28
55.38
53.18
55.38
53.19
55.39
53.22
55.42
53.16
55.36
53.48
52.49
NA
54.62
52.47
55.18
53.97
53.04
52.86
56.35
52.87
54.01
52.58
52.31
53.97
53.27
52.48
54.88
54.43
NA
NA
54.98
54.88
53.53
52.86
54.16
52.81
53.71
56.57
53.8
53.85
54.27
54.82
NA
NA
50.5
53.9
50.5
NA
52.6
54.78
51.28
49.19
52.75
54.14
50.96
54.84
54.64
53.13
53.95
52.28
54.1
54.18
51.06
53.45
52.04
54.1
51.08
51.88
53.38
51.28
52.08
52.78
54.86
52.96
53.88
54.57
52.13
53.93
54.38
51.66
55.12
52.4
54.87
54.33
54.33
54.32
53.36
52.73
52.79
51.29
54.02
51.31
52.51
54.15
54.16
52.97
54.34
52.75
53.23
50.98
52.13
52.64
NA
55.02
52.41
54.88
54.34
54.34
52.72
55.17
53.56
54.33
55.75
52.29
NA
NA
52.61
54.99
54.32
54.26
53.71
51.42
53.74
53.64
54.68
53.73
53.71
51.73
53.99
53.92
53.89
54.06
54.06
51.84
52.94
56.24
54.31
53.03
53.9
52.51
54.87
55.38
52.69
54.41
53.36
52.51
52.34
54.87
55.38
52.69
54.41
53.36
54.45
53.7
55.52
54.76
53.01
54.74
53.83
54.07
54.37
52.14
53.68
52.27
53.69
52.19
54.18
55.07
51.87
53.89
49.68
54.24
54.08
53.11
54.28
54.39
53.75
53.92
53.99
53.87
52.79
53.85
53.94
52.95
53.03
52.36
54.49
52.79
51.18
50.77
55.23
54.53
NA
NA
NA
NA
NA
NA
51.7
54.4
53.17
54.49
51.58
51.44
52.54
52.54
54.7
55.62
52.13
55.63
53.47
53.66
54.83
56.57
53.92
52.87
52.69
52.35
54.32
NA
NA
51.56
53.88
NA
52.34
NA
52.83
NA
NA
51.56
53.87
NA
52.26
NA
54.76
52.68
51.57
53.78
NA
NA
NA
53.28
NA
53.15
51.12
58.83
NA
54.09
54.46
52.7
NA
53.1
NA
NA
NA
50.99
54.89
51.19
53.38
51.63
52.05
53.12
NA
NA
NA
NA
NA
NA
NA
NA
NA
NA
54.68
55.8
51.96
52.08
55.73
53.44
51.92
53.55
55.98
53.68
55.06
52.23
52.56
54.95
52.11
55.01
52.57
NA
NA
50.12
54.87
50.0
52.64
53.9
53.97
NA
54.02
53.7
51.12
53.91
58.12
50.03
52.11
52.62
52.83
49.4
58.45
60.61
57.65
49.64
NA
52.2
52.53
49.65
56.85
52.34
51.88
51.65
54.74
53.16
53.0
53.38
53.84
53.23
53.3
53.06
51.89
NA
NA
51.07
54.97
52.57
54.17
54.37
54.16
54.41
53.45
53.43
55.06
52.15
57.07
53.29
55.94
50.87
53.81
52.12
54.78
50.56
54.33
54.27
53.89
54.22
57.42
50.32
55.62
51.42
51.03
54.47
50.67
NA
52.05
53.28
52.32
NA
52.48
54.07
53.56
55.19
55.81
55.75
53.67
53.41
NA
51.55
52.05
NA
52.57
52.87
53.87
54.47
52.57
52.62
54.32
NA
NA
NA
NA
56.46
NA
52.23
52.23
54.13
51.43
49.23
54.13
52.13
54.83
53.73
54.03
51.73
51.83
53.32
54.42
53.32
52.42
50.72
54.08
55.54
55.13
51.4
56.8
54.47
55.47
52.27
53.37
53.47
54.27
51.07
55.67
52.43
54.91
54.32
54.47
NA
51.6
51.6
54.9
NA
52.4
54.92
54.3
54.33
53.81
57.11
50.86
51.16
54.98
53.68
51.88
51.38
50.88
49.78
55.78
51.58
52.08
NA
53.58
51.38
52.18
NA
51.87
54.07
54.37
51.27
52.47
50.95
50.75
52.75
53.45
55.55
53.25
53.74
50.39
54.69
50.89
53.99
53.49
52.15
NA
NA
NA
NA
52.67
53.77
55.4
53.45
56.05
54.95
NA
NA
54.01
52.3
53.8
52.9
51.01
53.11
54.01
55.41
53.73
52.94
51.94
52.34
58.74
51.74
54.74
52.74
51.57
55.41
53.04
52.87
54.78
NA
53.16
51.93
54.65
53.31
51.0
51.23
52.81
52.98
51.08
50.73
53.54
52.44
54.24
53.14
54.14
52.64
52.87
54.77
53.27
51.07
52.2
50.8
53.3
54.3
51.4
51.9
53.32
50.72
52.22
52.53
52.33
NA
53.93
53.18
53.48
52.78
55.02
53.32
53.32
53.32
52.32
53.48
53.92
52.56
51.12
52.39
54.84
54.28
54.35
52.42
54.87
54.34
54.38
54.49
54.89
53.19
54.59
52.99
53.01
53.21
54.13
52.38
55.38
53.88
52.58
55.18
53.26
54.17
53.69
51.73
54.58
52.51
52.31
52.11
53.81
51.83
54.48
50.86
52.68
53.41
54.32
53.24
55.24
51.84
52.8
55.14
53.11
53.32
52.36
53.29
52.38
52.4
54.43
56.32
52.36
51.81
56.05
NA
52.86
51.46
54.66
56.0
55.76
51.16
53.85
53.07
53.87
53.04
54.25
52.96
53.89
53.13
52.62
55.21
52.62
53.66
52.62
54.7
53.61
52.11
52.87
51.79
54.37
51.93
53.64
54.04
51.25
48.94
53.68
55.34
53.31
54.43
53.29
54.29
55.04
53.34
52.84
51.7
52.16
51.67
52.13
52.64
52.44
51.24
53.14
53.54
55.44
52.64
53.14
52.07
52.27
52.17
52.79
55.19
54.54
52.48
54.37
54.62
51.82
53.35
52.56
52.77
52.95
53.25
53.25
53.25
51.85
54.25
53.35
54.05
53.39
51.74
55.77
52.75
54.17
57.41
51.34
52.28
51.8
53.91
52.41
54.57
54.6
54.46
56.39
54.36
53.38
56.69
54.64
55.03
54.37
54.79
52.38
52.16
54.31
50.66
53.77
49.5
55.07
52.47
55.67
55.01
52.65
53.36
53.84
52.34
52.97
54.47
53.05
51.95
51.55
52.15
53.32
51.32
52.22
52.66
50.46
54.76
53.96
54.16
52.36
52.86
52.86
52.97
54.02
50.12
53.92
56.42
56.42
52.32
52.92
NA
52.92
NA
NA
54.52
53.47
54.53
53.92
53.63
53.42
54.19
51.69
52.2
52.7
53.13
51.59
56.92
52.88
52.82
51.67
NA
NA
NA
52.11
NA
52.68
54.71
51.72
53.66
53.12
55.11
50.9
54.41
NA
55.41
NA
51.7
54.43
53.11
54.66
51.51
52.38
52.98
53.95
52.84
53.55
53.22
53.45
53.14
54.9
53.36
52.55
52.97
49.58
51.21
50.37
54.66
53.86
52.79
53.64
NA
NA
NA
51.5
55.2
51.07
52.35
52.95
52.62
53.28
54.24
NA
48.6
NA
NA
NA
NA
NA
52.34
52.94
55.38
54.48
56.78
51.48
54.68
54.08
53.98
53.68
52.75
53.75
50.85
NA
53.05
51.15
53.2
53.36
51.79
52.29
55.62
52.86
55.22
54.63
55.35
51.79
54.56
54.58
53.58
54.93
54.51
52.68
53.76
52.95
51.55
55.13
54.41
54.51
52.4
49.55
53.58
53.04
52.05
54.98
52.45
51.72
NA
54.2
52.81
54.16
54.84
51.31
52.47
52.06
53.01
52.35
54.45
53.45
54.15
53.25
52.9
NA
54.0
52.36
52.55
53.34
52.74
52.34
54.28
53.31
54.68
52.37
NA
51.66
52.79
54.15
NA
NA
54.45
52.47
51.12
51.35
54.49
54.87
54.35
51.81
52.44
53.6
51.65
54.85
52.05
52.45
52.85
55.35
54.77
53.89
51.77
55.67
51.87
54.09
54.27
52.81
54.16
54.84
51.31
52.47
52.06
53.01
51.32
53.02
52.18
52.32
52.92
53.09
51.14
51.86
52.19
52.51
53.46
52.16
54.76
52.86
54.56
NA
48.58
50.49
54.0
NA
54.89
52.85
51.43
55.27
53.77
51.83
53.29
54.35
51.96
53.59
52.4
54.53
51.81
53.41
51.34
NA
54.51
53.14
53.12
53.24
50.74
53.84
54.35
54.05
53.15
NA
54.11
53.16
48.97
52.47
52.3
53.39
55.7
52.16
53.34
NA
NA
NA
53.04
53.04
51.94
55.16
53.46
51.99
54.49
53.37
51.57
53.07
51.66
52.03
52.53
53.03
51.27
52.93
51.63
52.58
52.59
54.73
51.11
52.42
53.03
54.01
53.26
54.8
NA
53.35
50.88
50.68
52.68
50.64
52.68
54.58
52.08
52.58
52.74
55.36
55.0
53.26
54.44
53.22
51.44
53.35
50.95
51.96
51.96
53.84
55.2
51.74
55.13
53.59
53.35
53.08
56.28
54.58
54.88
53.98
54.25
52.32
51.09
52.96
51.67
52.74
52.3
53.24
53.04
54.68
54.52
53.76
53.7
51.33
54.56
53.66
53.66
51.29
53.1
55.0
54.2
51.9
52.3
53.5
52.6
52.73
52.03
52.43
53.37
54.79
52.14
54.39
54.38
51.81
56.72
52.69
55.39
53.59
53.19
53.19
51.28
54.21
53.02
NA
NA
51.79
56.83
53.33
50.13
53.23
53.53
51.63
53.98
52.48
54.75
51.71
54.07
54.95
51.78
54.22
54.94
54.35
50.45
52.91
NA
52.62
50.72
54.82
53.22
52.3
NA
54.29
52.05
53.56
51.79
53.83
54.15
50.97
53.37
52.4
53.8
56.9
54.1
52.5
54.76
53.36
50.96
53.26
53.06
NA
54.43
NA
53.89
54.07
54.74
NA
NA
NA
56.11
NA
53.24
51.75
52.72
NA
53.44
NA
NA
53.1
53.57
52.62
54.52
54.91
54.52
52.15
54.52
55.0
52.81
55.16
54.1
52.79
55.19
54.54
55.13
NA
51.27
54.67
54.18
53.91
54.32
50.62
52.81
55.16
54.1
55.04
53.64
53.05
53.85
52.35
53.75
52.31
51.78
53.19
59.51
51.41
52.42
53.94
54.43
50.63
52.83
NA
NA
52.27
52.72
51.76
52.87
52.13
52.34
53.95
NA
NA
54.36
52.56
53.76
53.46
53.06
54.66
51.86
53.64
52.92
53.71
52.94
52.92
54.57
52.76
55.1
54.18
55.09
53.85
55.45
53.81
53.47
53.38
52.91
52.21
53.62
53.44
54.74
55.04
51.44
52.48
53.99
54.86
54.03
54.51
54.11
49.81
53.41
54.21
51.81
52.31
NA
52.71
53.11
52.01
54.59
53.69
49.79
53.59
54.29
51.69
52.29
52.79
53.19
50.79
NA
NA
53.36
54.86
52.16
54.36
49.65
49.71
53.36
52.56
54.16
54.66
52.56
55.26
52.57
53.56
53.12
52.89
53.19
52.09
51.41
52.95
52.55
56.15
53.45
54.95
49.75
53.95
51.25
53.25
53.45
53.45
55.06
52.78
NA
51.78
54.38
54.23
54.33
53.17
51.52
52.49
53.77
NA
52.66
50.46
52.46
NA
53.0
53.3
53.5
54.0
53.68
53.82
55.15
55.69
NA
54.02
NA
52.27
NA
NA
53.94
50.98
54.6
51.9
54.0
53.12
53.22
54.22
51.7
51.77
55.05
53.59
53.21
NA
NA
53.56
NA
NA
53.29
53.56
54.32
55.75
54.42
52.38
51.08
53.68
54.48
NA
NA
52.93
52.92
55.29
52.8
51.24
51.22
52.83
53.6
54.28
52.56
52.04
52.45
54.56
53.34
51.48
53.89
50.03
53.44
55.14
55.61
53.54
52.27
51.52
52.19
54.56
NA
NA
NA
NA
NA
52.12
51.47
52.13
54.64
51.82
58.06
53.78
53.61
54.23
54.14
51.59
53.68
53.34
53.55
52.87
51.16
52.42
51.14
53.04
54.54
53.63
49.73
53.63
54.63
50.73
50.43
53.13
53.37
55.52
55.44
NA
54.57
50.37
NA
50.21
55.07
53.73
54.07
53.82
53.93
53.82
50.98
52.72
51.02
54.38
52.37
NA
54.4
52.5
54.81
51.18
55.84
55.87
53.33
52.55
53.95
50.55
50.85
55.05
52.25
53.95
53.25
54.74
52.85
54.39
54.77
NA
53.03
54.34
51.57
52.89
52.13
NA
56.51
53.08
49.14
55.17
52.8
52.18
53.61
53.1
53.53
55.97
49.41
51.86
55.72
53.74
51.63
52.9
52.63
54.37
NA
51.11
51.81
50.81
51.02
52.48
52.59
50.48
52.78
53.16
51.52
54.3
52.16
54.42
53.05
51.55
53.35
52.98
49.64
51.46
53.86
55.96
55.06
53.36
53.09
53.07
53.24
54.33
53.13
54.37
53.65
53.12
53.79
53.69
52.86
52.57
53.35
51.48
51.68
53.98
54.36
54.03
56.05
48.65
NA
NA
53.78
54.31
53.7
53.33
55.34
54.2
54.59
54.5
53.35
51.35
50.9
52.85
54.14
52.71
54.33
54.54
54.46
50.28
52.89
51.07
54.08
52.09
55.37
52.51
54.26
NA
54.37
54.06
53.07
52.34
52.4
52.8
52.78
52.48
53.28
54.64
53.45
52.37
49.57
54.63
52.94
53.16
54.09
51.3
52.81
51.95
51.28
52.16
53.37
53.24
50.51
52.84
54.29
53.89
53.59
50.39
55.79
52.19
NA
52.26
49.76
49.96
54.25
45.81
55.15
54.25
NA
53.95
52.65
53.75
54.29
51.24
52.54
52.64
55.2
52.27
54.49
55.06
52.4
54.37
53.1
52.65
53.6
54.0
NA
53.77
50.81
53.51
56.01
52.71
56.31
53.75
51.81
53.27
54.33
53.84
52.34
54.41
55.41
54.81
55.06
54.38
54.44
54.38
54.55
54.55
54.55
NA
NA
53.53
53.53
53.03
NA
NA
NA
NA
NA
NA
54.72
51.62
51.67
54.55
NA
53.73
59.03
55.33
54.83
52.63
52.23
NA
53.55
52.27
55.48
55.12
NA
56.22
56.12
53.07
NA
52.92
56.65
53.56
51.2
54.62
52.94
56.24
51.84
52.64
54.24
55.91
54.31
54.31
53.19
51.29
54.86
51.47
53.67
53.78
54.18
53.15
52.88
53.15
52.77
51.9
52.06
51.73
54.34
50.7
54.27
53.25
53.92
NA
52.19
51.81
51.59
54.69
53.25
52.91
54.28
53.75
53.23
56.02
52.12
53.72
53.43
55.05
51.66
52.26
52.66
52.92
54.45
53.08
54.08
54.25
53.25
53.75
53.35
53.55
54.16
54.21
54.67
55.1
53.64
NA
51.69
52.93
51.29
54.63
52.94
53.61
52.81
52.71
52.56
50.97
52.75
54.46
53.43
54.94
53.05
52.61
51.57
53.18
53.84
52.53
52.25
53.05
56.65
54.05
53.85
54.14
53.31
52.39
52.36
NA
57.15
54.65
52.25
53.45
52.75
51.75
52.64
51.38
53.28
52.58
53.68
52.28
52.32
52.72
NA
52.58
54.48
NA
NA
NA
NA
NA
NA
NA
NA
NA
NA
NA
NA
55.0
54.7
53.4
52.8
53.73
54.68
54.21
53.72
52.91
54.2
53.49
52.89
NA
NA
54.36
NA
52.99
53.2
53.46
52.77
53.24
53.26
52.59
53.5
52.17
53.57
54.97
53.27
54.09
51.83
54.49
NA
58.89
54.99
52.29
52.39
52.43
51.28
52.31
53.35
51.31
54.03
56.27
51.6
53.7
53.16
55.17
54.4
50.83
NA
50.53
54.14
54.64
NA
51.92
52.52
52.2
53.17
53.68
54.24
52.99
54.82
53.94
51.14
NA
56.09
53.86
NA
NA
53.49
52.5
NA
52.48
51.15
51.59
52.19
51.49
55.78
53.76
52.96
52.27
NA
53.6
NA
54.0
NA
54.31
52.81
52.31
51.43
56.77
51.13
53.42
53.82
53.72
52.12
56.12
54.72
53.84
54.34
54.9
52.44
54.83
53.03
53.63
53.85
52.16
52.42
53.5
54.49
53.38
52.03
54.35
54.05
51.16
53.68
NA
50.9
50.94
53.1
51.23
53.35
53.07
55.32
53.18
54.95
54.25
52.75
53.66
52.58
53.75
53.25
52.25
50.25
52.95
54.15
49.55
53.15
53.75
50.85
50.95
52.61
53.29
53.19
52.86
NA
NA
50.61
54.45
NA
50.52
54.45
57.24
52.71
54.82
55.08
51.31
NA
53.42
51.18
54.12
NA
53.31
53.2
NA
NA
NA
NA
54.88
53.48
53.18
53.06
51.26
52.96
54.76
54.91
54.61
54.49
NA
52.72
54.19
53.16
54.12
53.35
52.55
54.35
53.58
NA
51.83
51.7
53.12
54.73
53.26
53.56
53.0
53.02
54.79
52.29
52.77
52.94
54.71
52.25
52.64
51.11
52.6
53.06
54.74
53.79
52.49
53.89
52.32
51.87
NA
56.69
54.12
53.35
55.7
53.13
50.28
53.07
53.1
54.83
NA
55.99
52.79
51.8
53.63
52.39
51.98
55.87
54.15
55.4
52.87
NA
53.52
NA
56.29
53.89
55.09
54.09
52.32
56.04
50.32
54.31
56.13
49.88
54.16
51.11
54.29
54.13
53.25
NA
53.22
55.89
54.74
53.4
54.34
52.64
NA
NA
NA
53.73
50.7
55.6
55.05
52.28
52.43
54.75
56.32
55.06
55.25
53.04
53.32
53.85
54.45
50.61
53.69
55.25
54.42
NA
51.1
54.4
54.5
54.9
51.9
49.4
53.34
54.67
57.61
54.84
54.44
53.52
54.72
52.91
52.47
50.71
53.31
52.59
54.22
NA
53.89
52.4
52.61
52.91
53.11
54.32
50.22
55.2
53.04
55.07
54.14
53.11
54.1
52.61
53.24
53.9
52.52
52.88
55.51
53.38
54.1
52.7
54.49
54.49
NA
55.05
55.01
NA
NA
NA
52.47
52.74
54.01
54.19
56.97
53.47
53.34
53.33
49.59
54.46
53.27
53.44
56.26
54.96
52.96
52.66
53.84
54.58
54.68
53.16
53.66
55.96
53.36
51.85
51.88
54.49
54.18
52.88
55.38
51.48
53.14
51.03
55.29
51.73
51.1
58.4
52.74
52.2
52.97
50.1
53.0
54.2
53.3
55.88
52.74
49.3
54.18
53.7
52.78
54.15
52.25
55.44
51.17
54.12
52.32
56.99
55.24
54.79
53.98
50.17
51.31
52.8
51.91
55.26
54.82
53.54
53.49
53.3
54.3
54.3
52.0
55.75
NA
54.25
53.64
53.34
55.29
53.76
53.65
NA
53.71
54.91
53.31
52.31
54.48
53.76
54.23
54.13
53.16
54.4
53.54
52.14
53.99
53.25
53.0
56.69
54.79
52.29
53.39
52.89
53.94
51.66
53.24
57.08
54.58
52.18
53.38
52.68
54.57
55.02
53.27
51.21
54.52
54.52
53.89
52.89
50.89
52.39
55.08
54.5
53.76
54.57
52.89
53.04
55.03
53.5
53.7
52.16
53.26
53.36
51.72
52.48
50.06
54.06
53.36
53.27
51.28
52.77
52.28
50.72
56.52
54.86
52.9
52.36
53.05
53.33
57.21
53.24
NA
54.53
52.05
51.53
NA
53.32
53.32
53.2
53.2
52.77
53.39
54.43
49.63
53.63
53.23
NA
NA
NA
NA
NA
53.17
54.15
54.36
53.68
54.48
51.64
51.74
53.41
51.74
51.74
53.14
53.14
54.98
53.92
50.44
53.02
49.02
53.32
53.8
52.34
53.74
52.74
52.04
54.44
54.84
52.54
53.94
51.83
51.29
NA
53.22
56.5
54.57
51.76
50.17
50.64
51.35
52.37
54.5
52.45
52.09
NA
53.0
56.5
52.4
54.82
53.98
49.74
52.44
51.94
53.43
51.76
53.23
54.03
51.53
53.03
54.23
50.94
56.43
52.73
53.74
53.01
51.5
54.58
50.04
53.77
53.3
54.85
53.94
53.32
53.12
54.52
54.46
51.55
52.55
52.57
52.29
53.94
54.06
53.41
53.36
52.96
54.66
54.89
53.83
54.01
51.36
52.05
53.82
53.86
NA
53.78
51.03
53.13
54.23
52.33
49.11
52.58
50.14
52.71
NA
53.61
51.51
52.98
52.55
53.88
52.17
56.1
54.83
53.72
55.05
51.9
51.81
52.82
54.07
50.18
52.7
54.64
54.74
53.14
52.64
55.54
54.34
53.34
55.84
53.92
53.85
54.98
54.18
53.18
53.59
56.09
51.94
51.44
52.94
53.24
53.71
53.86
54.53
52.31
54.01
53.07
54.32
52.14
53.06
52.8
52.55
53.95
51.55
NA
56.35
55.85
52.85
52.56
54.06
NA
56.86
52.76
52.61
54.2
49.23
53.95
52.55
55.58
NA
NA
53.08
56.57
54.57
51.77
52.17
52.57
52.61
52.41
52.41
52.81
52.5
52.0
53.29
53.58
55.7
55.6
54.1
51.82
52.89
51.83
50.19
53.64
53.24
51.28
51.24
52.63
53.93
51.53
52.33
53.03
52.84
53.96
54.97
51.36
55.08
50.53
54.68
52.81
50.38
NA
53.08
55.65
52.25
50.18
54.2
52.42
54.41
53.95
50.84
51.46
51.16
54.61
54.28
51.55
53.33
53.47
53.62
56.12
51.12
53.46
53.83
53.44
52.14
53.51
54.6
52.42
NA
NA
NA
NA
NA
NA
NA
NA
NA
55.27
55.29
54.6
52.72
53.69
55.1
55.97
51.27
54.57
54.2
52.22
51.47
52.49
53.89
48.99
53.69
52.29
54.54
54.11
55.17
52.7
53.13
53.83
NA
53.44
53.5
53.26
54.04
50.89
52.9
52.42
53.82
54.57
52.92
54.34
52.16
53.33
50.55
51.41
54.18
51.48
54.38
50.28
53.08
53.31
53.48
53.98
53.75
54.7
57.35
51.6
55.74
54.69
51.86
50.92
NA
52.78
NA
54.64
54.04
52.54
51.15
51.51
52.95
56.13
53.62
53.61
50.25
51.66
52.22
NA
50.29
54.13
54.31
51.59
52.39
54.6
50.51
53.06
52.12
54.73
52.26
54.73
51.31
52.66
52.75
53.26
51.12
55.21
58.61
53.63
55.93
53.15
55.01
51.17
51.87
51.67
53.47
NA
53.06
52.97
53.32
54.28
NA
52.04
54.53
50.83
55.93
53.23
53.23
56.15
NA
54.28
53.84
52.97
54.54
53.21
54.19
54.86
53.62
53.96
54.03
54.17
53.64
53.23
53.23
53.43
54.13
51.91
53.74
52.75
53.11
53.78
52.98
54.02
57.1
56.2
53.6
53.22
51.02
53.51
52.57
52.85
53.63
54.9
55.03
51.68
50.7
55.8
55.1
NA
NA
NA
NA
NA
53.42
54.73
52.27
55.75
54.89
53.47
55.15
54.08
NA
52.14
NA
53.55
NA
50.91
53.61
54.32
55.32
51.52
54.62
53.62
53.32
52.09
51.56
53.95
55.08
53.72
53.74
52.62
52.95
53.11
52.67
54.04
53.75
52.56
50.92
53.32
52.4
53.92
51.83
53.28
53.83
53.16
NA
56.33
54.57
52.82
51.24
51.92
50.9
51.74
52.04
51.46
57.07
55.34
54.86
51.47
55.3
54.1
50.39
NA
53.05
51.73
51.21
55.22
53.29
54.61
54.27
51.55
55.34
51.97
NA
55.27
55.28
54.47
52.05
52.46
52.5
56.24
53.19
NA
52.59
NA
54.56
52.23
53.09
53.09
NA
52.95
52.27
54.65
52.11
52.49
NA
50.7
53.95
53.19
53.0
54.12
NA
53.41
53.23
NA
53.24
52.91
54.22
53.85
NA
NA
53.47
54.21
51.84
55.94
54.32
54.41
52.44
55.56
54.97
54.85
52.89
52.01
49.85
53.6
54.18
54.51
52.73
53.32
55.01
53.31
53.48
53.64
53.62
52.48
52.9
52.54
54.34
55.28
51.49
54.65
53.69
55.35
53.49
52.55
51.32
55.74
52.14
53.64
52.58
53.61
52.61
51.31
53.26
52.56
51.36
54.22
53.81
53.52
53.47
54.09
51.61
53.46
NA
52.66
53.01
51.45
54.05
52.36
55.16
53.06
52.96
52.16
53.36
NA
52.36
52.9
54.0
NA
NA
NA
NA
51.53
52.82
53.59
54.54
52.15
52.46
54.44
50.02
51.2
51.71
53.62
51.46
48.55
52.8
55.05
52.14
54.0
51.4
53.1
54.4
57.39
54.95
55.06
50.65
51.43
50.86
53.61
54.47
52.8
54.06
54.51
53.47
52.39
53.55
54.67
53.7
53.48
52.6
NA
53.37
52.61
NA
53.15
52.25
51.15
51.85
53.45
53.45
54.4
52.09
NA
54.3
NA
54.95
52.9
52.29
52.72
53.39
53.26
53.06
53.66
53.68
56.76
53.15
NA
NA
53.19
53.18
53.68
54.68
52.18
53.68
52.48
53.68
55.4
52.3
NA
NA
53.49
54.09
53.39
51.09
52.59
53.88
54.28
49.98
50.46
52.48
54.43
53.43
51.53
52.19
50.84
54.34
53.79
51.94
NA
52.89
53.57
52.31
50.53
50.97
54.52
53.07
56.16
NA
53.67
53.19
NA
NA
51.16
57.87
NA
52.93
56.06
53.88
50.79
52.35
NA
49.67
54.01
54.01
52.53
53.63
51.06
53.14
52.27
51.66
51.9
52.48
58.35
54.66
51.46
53.61
50.54
52.55
52.87
54.87
54.37
54.12
55.27
55.98
55.24
52.66
52.47
50.66
52.58
51.8
51.6
53.8
54.3
55.0
54.64
54.29
54.59
52.34
56.64
51.75
51.68
54.84
54.99
55.18
50.99
52.48
50.46
NA
52.79
52.5
54.08
54.93
52.67
51.21
NA
NA
53.78
NA
54.05
NA
54.19
NA
52.82
54.98
53.82
51.5
53.82
NA
55.78
54.28
NA
55.03
52.35
52.6
53.59
54.47
55.91
53.47
53.64
NA
52.41
NA
52.51
53.47
54.17
52.35
53.27
52.88
52.25
51.92
53.58
54.19
54.76
51.98
52.74
54.27
52.58
NA
52.07
55.17
NA
52.02
53.44
53.79
NA
NA
53.25
54.6
52.6
54.6
53.28
53.38
NA
NA
52.88
53.39
NA
56.56
51.81
51.93
NA
51.22
52.21
53.01
51.61
52.41
57.91
53.34
55.0
53.97
52.69
52.73
50.51
52.91
53.0
53.6
53.91
51.21
53.01
54.3
53.47
52.42
54.29
NA
52.69
53.79
52.39
54.19
54.99
53.49
55.99
52.58
53.59
53.36
53.05
54.76
52.35
54.4
51.0
53.32
54.38
56.5
51.36
54.35
53.08
NA
NA
NA
NA
NA
53.43
54.2
NA
NA
52.28
54.98
51.78
52.89
55.12
52.38
54.64
54.64
NA
52.23
NA
NA
53.65
NA
54.34
53.57
51.21
52.55
52.2
51.54
51.01
53.01
53.11
52.51
50.71
50.31
51.81
53.78
55.09
53.48
53.29
52.83
53.04
52.57
53.04
53.05
53.39
NA
53.24
50.85
53.33
53.39
52.43
54.95
55.12
55.25
52.53
52.83
51.53
53.39
51.49
51.49
52.59
53.39
54.99
NA
52.05
52.36
NA
NA
NA
NA
53.21
54.59
52.15
54.46
54.22
50.88
52.28
54.67
50.71
54.45
53.17
53.29
53.45
NA
52.05
53.65
54.28
51.44
NA
51.71
52.72
55.16
55.43
NA
54.12
52.11
55.02
54.39
51.88
55.45
54.9
54.09
52.09
NA
54.47
51.92
50.92
54.43
52.42
52.53
54.82
55.76
54.76
54.66
53.82
52.4
52.7
52.67
53.29
51.78
52.68
NA
52.08
53.89
53.04
52.15
53.85
53.0
51.99
NA
54.17
53.08
NA
51.47
51.67
NA
56.06
53.56
53.13
53.95
53.27
53.18
53.84
53.83
53.39
52.82
52.84
51.25
54.13
54.43
53.56
52.88
53.03
51.34
52.87
53.84
54.05
53.44
52.71
52.75
51.17
55.24
52.62
54.25
55.3
55.25
52.67
54.26
55.28
53.86
50.4
53.21
NA
NA
52.32
52.37
54.1
53.43
54.58
54.45
52.45
NA
52.65
51.63
52.4
51.92
52.4