38.45
39.48
38.01
39.04
37.32
39.09
39.7
NA
NA
37.57
40.48
39.34
39.02
NA
37.67
37.64
38.29
35.79
38.95
38.51
38.98
39.02
36.86
38.27
38.26
38.41
39.06
38.1
37.15
38.55
38.85
38.81
37.17
38.61
40.89
40.67
39.11
39.73
39.77
36.89
38.9
37.47
37.41
39.71
39.42
38.81
38.63
41.82
38.8
39.04
39.05
40.69
37.03
NA
36.86
NA
39.14
38.39
41.7
37.27
37.45
38.03
38.17
38.89
39.05
39.15
39.66
38.01
38.78
37.9
39.31
37.87
38.67
38.74
37.55
39.47
38.54
40.12
37.84
NA
NA
38.97
NA
38.5
38.5
38.66
39.85
39.71
40.44
38.81
NA
38.42
38.78
38.03
NA
37.91
38.82
38.81
37.89
36.98
37.82
36.98
38.58
36.75
39.89
41.73
39.68
36.0
NA
37.79
39.57
36.17
39.5
37.33
NA
36.08
39.81
36.81
NA
38.7
38.88
37.65
38.28
36.74
38.73
NA
38.42
38.65
40.5
40.24
37.44
39.28
38.62
38.66
39.44
36.9
37.47
38.66
37.55
38.96
36.39
39.18
39.07
39.02
37.51
37.08
36.71
NA
41.19
39.77
36.61
40.66
37.66
39.87
37.45
39.2
38.53
38.91
38.93
38.94
40.04
40.35
38.77
38.85
38.95
NA
38.01
35.59
40.96
NA
NA
37.96
35.43
41.84
NA
38.62
37.97
39.32
37.62
NA
NA
37.2
37.95
36.99
37.31
37.0
38.55
38.31
39.0
39.78
38.0
37.23
39.07
37.6
41.13
NA
38.08
39.31
38.53
NA
38.72
40.82
36.76
39.02
38.85
38.79
38.8
39.05
39.23
37.25
38.18
41.34
NA
39.01
38.78
NA
36.73
39.65
37.05
NA
39.01
37.87
38.15
38.93
39.17
38.96
39.44
40.02
40.07
35.9
39.69
37.08
38.07
37.37
NA
40.67
38.85
37.62
38.94
38.42
40.77
38.35
38.11
38.77
38.35
36.93
36.93
36.85
38.85
36.46
37.85
38.0
37.76
39.7
37.71
39.04
38.98
39.47
NA
36.45
39.25
37.71
NA
37.73
35.85
38.6
37.22
NA
38.31
38.53
38.04
NA
37.12
38.77
38.85
38.25
37.21
NA
37.53
40.97
NA
37.06
39.11
38.93
38.64
38.96
38.74
39.52
41.86
39.44
38.57
38.11
37.13
38.35
37.38
36.81
36.41
36.95
39.77
39.44
36.86
38.99
38.91
39.23
37.92
38.47
39.4
40.88
40.55
40.67
36.43
38.84
38.57
36.08
38.81
38.03
38.62
39.13
37.37
36.25
37.41
38.11
NA
NA
NA
NA
38.21
39.0
40.65
NA
37.11
39.56
NA
39.52
38.78
38.19
37.88
39.2
38.09
40.51
37.1
39.79
38.03
38.53
37.76
39.08
39.4
38.69
39.36
35.61
38.48
38.15
40.33
39.17
NA
37.88
36.96
38.01
37.62
38.56
38.54
37.0
39.32
38.48
34.29
NA
43.6
37.04
39.19
40.68
37.86
NA
40.29
37.99
NA
37.18
NA
38.76
39.87
39.57
37.77
NA
NA
NA
39.33
39.23
38.73
38.45
36.98
39.66
NA
37.44
39.46
38.55
39.7
38.95
NA
39.1
38.13
38.3
38.96
39.27
37.66
NA
39.24
40.46
NA
37.12
38.0
37.97
37.79
37.16
38.17
36.17
40.21
37.88
37.43
38.25
36.99
NA
NA
37.36
37.76
NA
NA
NA
36.95
38.91
37.21
37.48
39.58
38.92
37.6
38.34
39.12
37.45
37.73
37.98
38.6
38.13
36.44
38.73
NA
39.56
NA
38.69
39.14
38.23
39.11
38.56
37.35
39.27
38.92
35.55
37.7
37.12
37.6
38.72
38.51
39.13
38.01
37.55
36.78
37.25
37.57
41.27
37.14
37.85
39.16
38.17
38.34
41.14
38.92
39.02
37.05
38.84
37.08
37.66
40.02
36.67
38.9
37.41
38.76
37.9
39.04
38.56
36.79
38.61
38.81
39.48
38.67
39.44
38.8
36.04
41.08
38.72
38.36
43.16
38.22
38.63
NA
NA
39.05
NA
39.87
37.37
39.27
NA
40.52
39.69
41.65
38.94
38.62
39.25
37.62
38.06
39.86
38.81
40.91
39.4
39.14
38.57
39.93
37.06
36.66
38.71
37.45
36.58
39.34
39.45
37.45
43.69
39.98
NA
37.91
37.19
39.45
37.04
NA
36.9
37.43
39.77
39.44
39.26
43.46
39.64
37.67
NA
38.71
37.44
37.77
37.31
38.73
38.02
38.52
40.69
38.56
40.59
38.65
38.44
40.49
38.65
38.59
40.5
38.75
38.6
40.66
38.68
38.64
42.47
38.7
36.3
NA
35.7
37.6
38.23
37.06
36.06
37.66
37.56
NA
36.76
40.33
37.69
37.67
36.68
38.42
39.22
38.38
37.27
38.8
37.31
NA
37.41
38.41
NA
NA
37.11
37.11
40.41
38.21
37.81
38.91
39.11
38.8
39.42
37.25
38.32
NA
37.4
37.99
38.39
37.25
37.73
37.03
38.07
NA
39.21
36.67
39.13
44.06
38.7
42.35
44.7
NA
42.56
37.91
37.96
37.98
38.81
38.03
NA
NA
NA
NA
NA
NA
NA
NA
NA
38.07
39.58
39.06
37.44
38.81
37.73
38.51
39.09
36.81
37.46
38.83
39.76
36.87
39.75
38.91
39.07
38.56
38.04
41.53
37.6
NA
40.62
39.06
NA
37.98
NA
39.15
38.12
37.81
38.46
38.33
38.75
NA
NA
NA
NA
NA
39.78
41.85
39.99
37.18
40.82
36.47
NA
NA
36.08
38.48
38.38
38.29
40.69
NA
38.97
38.57
41.35
38.77
39.12
NA
37.32
38.62
NA
37.73
37.79
NA
39.38
40.49
42.56
NA
39.23
36.76
37.59
38.32
38.64
35.94
37.64
37.53
40.57
36.92
NA
42.75
38.39
37.05
NA
NA
NA
NA
38.68
38.76
36.01
37.81
41.51
37.97
38.31
NA
NA
NA
38.94
NA
39.61
37.56
38.66
39.02
38.32
38.28
39.28
38.82
40.59
37.5
39.02
37.69
40.92
41.57
41.14
37.17
36.91
37.4
38.8
39.2
40.3
37.78
39.13
38.63
39.13
38.03
39.53
38.43
39.93
40.13
39.6
NA
36.97
39.24
39.11
37.18
39.5
39.6
37.18
38.41
37.34
39.39
NA
38.91
38.74
38.54
36.68
39.62
36.96
39.37
38.51
38.74
38.98
39.28
36.28
38.96
38.23
NA
36.65
38.61
36.69
39.62
36.96
39.37
38.51
38.98
NA
NA
NA
NA
NA
NA
NA
NA
NA
37.35
39.54
37.54
38.19
38.12
38.29
39.32
37.76
NA
NA
NA
NA
NA
NA
NA
NA
NA
NA
38.94
38.63
NA
40.69
39.95
37.56
NA
NA
NA
37.38
39.45
40.57
39.37
NA
36.88
37.43
36.91
38.62
NA
NA
NA
NA
38.0
NA
38.35
36.9
38.51
37.38
NA
37.47
37.57
36.99
37.36
NA
NA
39.1
37.8
39.2
NA
NA
37.52
39.78
39.44
36.14
36.55
37.99
35.77
40.09
NA
NA
38.71
37.24
39.73
38.26
37.29
38.47
36.69
39.88
NA
37.88
36.78
39.98
39.48
37.17
38.59
37.32
NA
NA
37.44
37.43
37.26
40.12
39.58
37.17
37.7
36.57
36.85
38.18
41.07
36.54
35.29
37.43
39.15
37.91
44.94
34.93
39.49
38.76
38.74
38.65
38.34
40.32
37.3
NA
37.91
39.59
37.18
37.71
36.58
40.22
39.98
38.96
37.29
37.1
38.59
NA
NA
39.15
39.12
38.98
38.74
39.24
39.65
39.35
39.37
38.75
38.66
39.37
39.46
39.73
39.66
39.74
39.59
39.59
38.04
36.74
41.34
42.66
38.47
37.05
40.26
38.04
37.43
39.12
39.01
39.52
40.26
39.15
38.04
37.43
39.13
39.01
39.52
40.24
36.84
NA
38.29
41.63
NA
36.51
39.51
36.86
40.44
36.88
37.27
36.87
37.26
37.46
37.87
40.94
40.19
41.15
37.19
36.93
38.75
39.36
39.84
38.99
39.26
36.72
37.03
38.39
37.65
37.37
38.72
36.19
38.74
40.56
39.45
39.03
38.34
NA
NA
NA
NA
NA
NA
NA
NA
36.76
NA
38.2
37.06
36.67
NA
NA
NA
39.33
37.57
38.13
38.23
38.33
38.46
37.79
37.88
37.43
39.55
40.46
42.57
37.56
NA
NA
NA
38.67
NA
38.98
NA
41.24
NA
NA
NA
38.82
NA
39.07
NA
41.6
36.36
40.63
38.56
36.62
NA
NA
38.42
39.12
38.95
37.8
36.99
NA
39.36
40.54
NA
NA
NA
NA
NA
NA
NA
NA
NA
39.04
36.19
39.7
38.77
NA
NA
NA
NA
NA
NA
NA
NA
NA
NA
39.3
37.52
43.67
38.31
38.28
38.36
39.82
39.42
37.65
37.04
37.6
37.73
40.99
36.79
39.07
37.55
40.17
NA
NA
39.45
36.78
38.94
42.34
39.33
39.93
37.51
37.55
37.54
41.47
37.48
37.52
40.64
39.6
38.17
39.93
38.39
41.05
37.2
36.85
40.4
NA
37.77
39.87
37.98
38.65
39.08
37.37
NA
35.71
43.17
NA
37.58
42.62
39.1
40.3
40.25
39.57
NA
NA
42.97
38.67
37.37
36.93
37.25
36.92
37.21
39.23
39.22
40.77
38.22
37.49
38.66
37.5
34.63
NA
NA
37.18
36.98
36.65
39.27
40.46
37.52
39.52
40.72
40.82
38.82
41.69
36.24
37.66
NA
38.92
41.02
NA
NA
37.57
37.24
39.47
36.98
38.43
NA
38.55
41.34
NA
NA
NA
NA
NA
NA
NA
NA
NA
NA
NA
NA
NA
NA
NA
NA
NA
38.83
38.53
39.43
39.83
41.03
39.13
37.53
37.53
37.03
38.53
36.43
39.03
39.72
36.62
38.62
37.62
40.42
NA
NA
37.51
35.3
36.9
NA
NA
NA
NA
NA
NA
NA
NA
39.57
37.16
37.67
36.62
NA
39.8
40.6
NA
NA
39.57
37.13
37.67
36.59
37.91
36.01
39.26
39.56
36.98
37.88
37.78
38.28
38.58
37.98
36.48
36.38
39.68
NA
38.48
36.38
38.88
NA
39.47
38.07
38.97
39.07
38.37
38.75
36.25
NA
36.75
36.45
NA
37.54
39.99
37.59
40.19
39.79
37.69
38.11
39.11
36.61
37.01
37.41
38.97
NA
39.5
36.95
NA
37.55
NA
NA
NA
38.5
41.0
38.5
37.11
37.11
37.41
37.31
39.63
38.54
40.94
38.14
40.84
37.94
37.44
39.14
36.9
38.71
38.89
36.01
38.59
NA
38.83
NA
38.46
39.14
38.56
36.03
38.6
38.74
38.83
NA
36.45
40.34
38.34
37.24
NA
36.84
NA
38.07
NA
NA
37.9
NA
41.7
40.9
38.8
37.7
41.02
39.02
35.32
NA
39.93
NA
39.53
39.28
43.08
38.78
37.82
39.32
39.02
38.92
37.54
38.55
39.77
37.01
41.78
NA
NA
NA
NA
NA
NA
NA
NA
NA
NA
NA
NA
NA
38.71
39.11
37.68
38.98
41.08
38.98
40.08
37.78
36.65
37.58
38.65
43.15
37.26
38.91
39.51
37.11
39.01
41.99
37.2
39.5
39.61
38.85
37.22
38.54
38.74
NA
38.77
40.29
38.6
40.62
40.43
39.4
39.88
39.8
36.67
39.16
39.15
38.26
37.95
NA
38.36
38.26
40.66
38.03
38.74
39.36
38.35
38.59
36.38
38.7
38.08
NA
NA
NA
41.74
36.56
43.3
39.67
39.67
37.08
36.71
NA
37.81
NA
39.53
NA
NA
NA
NA
NA
NA
38.21
38.51
38.33
38.89
37.99
38.84
39.04
38.34
39.01
NA
38.98
NA
40.24
38.94
39.34
37.54
38.24
37.24
36.94
34.64
39.17
43.07
39.87
40.37
36.42
41.3
41.23
41.02
37.29
38.24
38.8
40.16
40.53
NA
NA
NA
NA
NA
NA
NA
NA
37.97
40.73
38.77
40.75
37.45
41.68
38.85
39.11
38.86
37.92
36.68
37.37
37.39
37.16
37.77
NA
38.53
41.15
34.82
NA
40.11
NA
39.28
38.45
37.41
NA
NA
NA
NA
NA
NA
43.84
39.55
38.82
38.82
39.15
39.73
37.23
NA
36.55
NA
NA
39.62
35.82
36.32
37.86
38.16
41.36
37.86
37.06
38.16
38.76
37.76
40.07
38.22
39.02
37.32
37.82
NA
40.92
38.02
NA
38.62
NA
NA
37.22
37.07
39.87
37.2
41.61
37.3
37.34
39.43
40.29
40.54
39.11
38.46
36.71
NA
NA
NA
NA
NA
NA
NA
NA
37.26
37.7
40.34
38.14
38.82
36.72
NA
37.29
NA
36.86
NA
36.81
38.07
38.18
37.41
36.59
39.88
39.88
37.82
38.34
39.09
38.94
39.12
39.19
37.3
38.48
39.79
NA
38.74
38.71
38.66
37.55
38.77
NA
38.04
NA
NA
NA
NA
38.21
38.97
39.95
40.25
39.08
38.38
39.81
NA
34.1
NA
NA
NA
NA
NA
39.94
40.24
40.78
36.18
37.18
39.98
38.78
37.68
39.08
38.78
NA
37.15
38.95
NA
38.85
38.88
38.98
38.65
37.9
39.71
38.22
38.88
36.86
36.96
37.1
39.12
37.04
38.43
38.71
37.05
38.23
36.45
40.14
38.58
39.69
37.81
35.91
36.41
39.01
38.02
NA
39.7
NA
37.66
NA
NA
NA
37.2
38.44
36.13
36.05
40.23
39.27
38.74
37.67
40.35
38.35
37.25
36.65
36.85
NA
NA
NA
NA
NA
37.94
36.44
41.94
38.74
40.18
37.51
41.08
NA
40.51
37.8
38.3
NA
NA
NA
37.49
39.54
40.66
41.43
37.37
37.88
39.72
37.45
37.06
38.7
41.15
38.05
40.05
40.05
41.09
38.82
37.99
39.47
37.97
NA
38.55
36.95
38.44
36.13
36.05
40.23
39.27
38.74
37.67
38.12
39.42
38.58
39.82
40.52
39.12
37.64
38.24
39.78
40.43
38.32
38.76
37.76
39.96
NA
NA
39.17
38.59
37.1
NA
36.24
39.55
39.59
39.66
40.06
39.32
37.77
40.66
38.81
38.57
38.77
39.01
38.11
43.31
39.19
NA
40.87
38.4
NA
NA
NA
37.94
NA
37.15
NA
NA
37.32
NA
37.78
41.13
38.11
37.99
37.22
38.21
38.74
NA
NA
NA
38.54
38.84
38.34
35.56
40.66
NA
41.69
38.57
40.77
38.97
38.94
38.33
40.23
39.93
38.7
39.12
39.0
39.0
38.2
37.54
36.82
38.2
39.97
37.4
38.88
40.82
NA
38.1
38.68
36.28
37.98
40.14
36.68
37.58
41.08
36.28
37.54
38.73
38.15
35.77
38.52
NA
NA
43.85
36.45
39.13
38.95
38.32
38.8
42.85
NA
38.66
38.82
36.88
37.28
40.48
37.78
37.78
37.99
38.74
37.38
38.99
36.76
39.1
40.29
39.62
39.0
37.44
37.71
38.58
38.53
40.73
37.67
38.58
38.5
40.69
39.38
37.0
37.7
39.5
37.4
36.8
38.5
38.63
39.33
NA
38.19
37.94
38.68
40.43
38.62
39.33
37.5
38.59
37.09
39.49
42.89
37.59
39.55
NA
38.83
NA
38.52
39.29
37.25
37.83
38.53
37.83
36.93
38.63
38.18
38.78
NA
NA
NA
NA
NA
NA
38.29
41.63
39.76
38.89
NA
37.72
NA
37.98
40.27
38.23
NA
38.49
37.27
36.81
39.83
38.03
37.65
39.07
38.87
39.2
39.6
37.1
36.7
37.3
42.16
37.76
42.86
42.56
42.46
NA
38.08
NA
40.77
40.11
39.08
NA
NA
NA
39.01
NA
39.23
38.87
37.63
NA
NA
NA
NA
36.93
38.83
38.35
37.4
37.11
38.35
41.21
35.98
36.93
40.38
36.28
41.34
40.37
36.42
41.3
NA
NA
NA
38.4
37.89
36.98
39.96
38.78
40.38
36.28
41.34
40.04
36.44
40.15
38.15
37.45
39.05
NA
35.44
38.51
39.77
39.77
38.25
37.24
36.63
40.03
39.53
NA
NA
40.15
37.69
38.84
39.42
42.4
37.23
38.28
NA
NA
NA
38.56
36.36
39.16
37.16
36.06
38.76
37.66
37.93
37.14
NA
NA
NA
36.95
37.19
38.62
37.19
37.72
37.88
37.59
38.17
34.4
38.62
38.62
38.15
NA
NA
NA
NA
39.06
39.0
37.74
39.33
40.01
37.21
40.01
37.31
37.41
39.51
40.21
NA
40.61
39.21
38.31
40.29
36.99
40.09
37.19
37.39
39.09
40.39
40.59
39.09
39.49
42.53
NA
38.26
38.06
38.66
40.46
39.08
38.93
36.76
38.66
40.26
36.66
38.26
36.96
40.86
39.97
40.14
38.79
38.69
39.29
37.04
39.35
38.75
38.75
41.35
38.65
39.25
38.75
38.35
39.65
38.55
38.95
37.34
39.19
NA
40.7
37.35
37.57
36.76
38.6
39.93
NA
38.5
NA
37.06
39.16
40.16
NA
38.9
38.6
38.6
38.6
39.07
39.17
37.62
38.16
NA
39.52
NA
39.27
NA
NA
37.14
42.51
37.6
38.8
37.0
39.22
NA
NA
37.04
37.21
NA
38.65
38.55
NA
NA
40.44
NA
NA
37.71
37.98
39.62
38.52
37.12
38.98
37.38
39.48
40.12
NA
NA
37.58
35.65
37.98
41.48
37.39
39.38
38.36
38.07
38.73
38.16
NA
38.41
37.39
38.94
39.08
36.88
39.99
39.4
37.43
38.23
40.61
39.18
40.35
38.25
37.33
37.41
NA
36.94
NA
NA
38.2
40.32
38.25
37.05
38.01
41.49
38.01
39.08
36.68
37.93
NA
37.16
38.94
36.97
38.36
39.72
37.22
39.04
39.54
37.94
36.93
39.53
40.53
39.73
39.53
39.93
38.93
36.81
37.28
38.04
NA
NA
NA
NA
NA
NA
37.01
NA
38.2
37.46
36.92
40.72
40.42
38.72
40.32
35.77
NA
40.95
38.08
NA
39.5
NA
NA
37.13
41.15
41.15
37.25
38.05
37.55
43.35
38.85
36.65
37.79
39.75
37.18
37.37
NA
NA
37.27
41.12
37.2
NA
NA
39.5
38.92
40.03
42.29
38.78
39.6
37.4
35.04
NA
38.33
38.14
38.45
38.52
37.44
NA
37.31
40.45
36.71
NA
38.71
37.21
39.11
39.03
NA
NA
39.68
NA
37.51
40.08
NA
NA
37.54
38.65
38.15
38.75
38.67
38.57
37.36
37.16
38.66
37.46
38.86
NA
38.66
38.73
40.66
38.69
38.51
38.32
38.7
38.67
38.6
38.71
40.3
39.07
36.98
36.98
37.08
38.66
NA
37.95
39.3
NA
NA
38.91
38.67
38.91
38.04
41.86
39.87
NA
NA
NA
NA
NA
42.52
37.2
37.78
37.13
38.56
37.15
39.5
38.57
37.81
40.51
37.72
37.05
38.6
39.22
NA
37.11
NA
41.83
38.55
40.5
40.0
38.58
40.38
38.98
37.27
40.7
40.3
39.32
36.99
38.8
38.65
39.26
36.96
38.65
36.98
38.42
41.86
38.59
39.07
39.77
38.31
36.52
NA
41.59
39.79
45.89
38.19
NA
39.46
40.16
39.56
38.15
NA
38.35
35.95
NA
37.15
NA
36.95
36.62
NA
NA
NA
37.76
39.36
37.48
37.66
39.39
37.24
36.75
40.91
38.0
37.2
NA
37.76
NA
40.01
NA
41.41
40.61
40.04
39.3
37.75
40.64
NA
NA
37.41
39.81
39.71
36.42
NA
NA
NA
NA
NA
NA
NA
NA
38.53
38.53
NA
NA
NA
NA
NA
NA
NA
40.54
37.76
38.65
37.87
NA
37.73
37.03
38.03
36.53
40.93
41.23
NA
40.45
38.94
NA
NA
NA
37.68
37.83
40.74
NA
38.66
38.07
38.02
37.67
40.82
38.74
34.04
40.24
40.34
39.84
39.91
39.01
39.51
38.49
42.53
38.5
41.44
38.35
38.56
40.99
39.04
38.4
38.05
NA
NA
38.75
36.21
38.84
39.5
36.95
38.95
37.02
NA
39.01
37.43
NA
35.73
43.07
NA
38.97
42.67
38.96
38.62
39.42
39.42
38.41
40.95
38.56
44.26
37.46
39.13
39.61
41.64
36.8
41.13
38.75
38.85
NA
39.15
NA
40.77
39.2
37.98
36.74
NA
NA
38.59
40.35
36.99
38.8
38.34
42.06
38.87
37.89
40.93
38.3
37.56
40.12
38.85
38.79
40.43
39.39
42.14
36.74
38.24
38.95
36.25
39.45
37.35
38.55
37.44
NA
40.53
NA
NA
38.75
40.45
39.65
NA
39.85
37.44
39.06
38.68
40.18
40.18
40.68
39.28
39.92
41.32
NA
38.08
NA
NA
NA
NA
NA
NA
NA
NA
NA
NA
NA
NA
NA
37.1
37.4
36.3
39.5
36.67
38.45
38.64
40.38
41.02
38.05
40.61
41.34
35.93
NA
36.86
NA
37.18
39.1
39.42
39.13
38.83
38.9
39.21
37.01
41.18
NA
38.27
38.77
40.15
40.41
NA
NA
39.89
37.69
39.89
36.39
39.13
40.31
37.8
39.87
39.17
39.58
NA
NA
41.74
38.63
37.6
40.72
38.66
NA
40.38
37.45
38.22
NA
NA
NA
35.65
38.59
37.77
39.61
37.64
39.92
NA
37.14
NA
37.84
39.32
NA
NA
39.31
37.32
NA
40.36
38.94
38.19
40.69
40.49
40.38
37.0
40.66
38.18
NA
NA
NA
36.9
NA
36.51
38.31
39.71
39.68
38.89
41.01
38.52
36.82
38.92
39.22
38.32
37.02
36.74
40.04
39.13
39.35
40.54
38.37
38.76
40.25
39.11
40.04
39.11
39.55
NA
38.38
37.48
NA
39.38
36.5
NA
38.65
38.61
39.47
38.14
38.1
39.0
37.22
38.26
41.35
36.65
38.75
37.17
38.64
36.85
41.15
38.65
39.55
39.75
37.25
37.85
39.15
38.85
38.15
NA
39.3
38.76
38.34
41.09
NA
NA
38.72
39.0
39.07
38.63
38.87
37.86
NA
NA
NA
NA
NA
NA
39.01
37.25
NA
38.93
39.75
NA
NA
NA
NA
41.78
40.08
38.78
39.36
39.16
39.66
37.76
NA
37.56
39.21
NA
40.66
38.64
38.64
37.0
38.25
37.55
38.25
36.97
NA
37.84
39.29
40.21
42.99
NA
38.58
38.04
36.72
NA
39.99
36.07
36.75
37.48
39.9
36.09
NA
NA
NA
NA
42.99
40.39
37.09
38.54
40.58
NA
36.53
38.32
38.85
38.96
38.47
38.92
38.99
39.69
36.8
NA
40.56
41.21
38.47
38.4
38.89
40.12
37.96
36.89
38.23
NA
NA
38.84
NA
38.49
38.69
36.99
40.69
40.32
38.65
37.84
NA
38.73
37.83
NA
39.11
37.05
37.26
40.25
NA
39.18
37.94
39.33
39.41
41.08
39.26
NA
NA
NA
NA
41.34
37.74
36.66
40.83
37.91
38.2
38.58
37.96
37.31
38.74
39.87
37.25
NA
37.24
37.36
31.76
37.42
NA
38.6
39.0
38.1
36.9
38.1
38.7
NA
38.28
41.07
39.44
39.74
39.52
35.82
39.41
40.21
38.21
37.51
38.59
39.44
36.46
36.66
36.42
38.11
40.01
38.81
38.82
39.56
40.67
38.89
NA
37.34
NA
NA
NA
37.43
NA
36.8
39.75
36.39
38.98
38.6
37.6
37.51
37.6
NA
NA
41.33
NA
NA
NA
38.77
38.29
36.93
36.65
37.97
NA
37.54
38.83
40.94
37.92
38.8
38.75
36.76
NA
40.06
38.46
38.61
37.23
37.13
38.96
36.96
37.86
38.16
38.3
38.28
39.29
36.99
38.68
37.58
NA
39.18
38.74
38.11
37.19
39.71
NA
40.6
NA
38.5
39.5
40.1
36.2
39.88
40.12
44.98
40.62
37.16
39.26
39.9
36.45
NA
38.44
40.22
37.63
39.69
35.71
35.85
37.57
38.54
39.26
36.95
39.3
36.77
35.87
37.59
38.45
39.29
36.22
37.06
37.94
39.2
NA
NA
36.78
38.46
36.15
38.14
38.64
39.17
38.24
37.61
38.41
38.71
NA
36.62
36.12
37.17
40.33
38.77
37.48
NA
NA
NA
35.97
37.69
38.79
39.99
39.39
NA
39.69
NA
39.21
38.75
38.68
40.38
39.58
NA
39.78
38.37
39.74
38.65
36.07
36.9
38.0
39.39
39.59
37.29
41.19
41.21
38.72
38.16
40.8
38.78
38.66
38.56
38.5
37.6
39.96
38.96
38.56
36.73
NA
40.76
39.16
38.96
38.82
37.61
37.88
38.34
39.52
38.22
38.15
39.04
39.92
41.75
38.43
38.95
36.69
NA
40.72
37.18
38.94
NA
38.14
39.26
38.8
38.8
36.75
39.24
37.33
41.43
38.93
39.33
39.35
NA
NA
40.11
NA
38.65
37.1
37.07
NA
37.39
39.67
40.23
38.94
38.64
38.24
38.84
38.64
38.34
41.36
39.89
38.82
38.7
38.59
38.95
40.44
39.54
38.34
36.74
38.34
38.54
39.04
39.04
36.86
38.41
NA
36.63
37.92
NA
37.34
39.12
39.17
39.78
38.05
40.5
39.95
38.52
NA
39.2
NA
NA
36.05
40.41
40.14
37.94
NA
NA
NA
38.83
36.73
40.23
42.73
36.93
39.11
38.36
39.15
37.23
38.89
39.58
37.11
38.66
37.88
37.2
41.4
41.05
39.22
39.22
38.12
37.31
39.47
NA
39.33
NA
36.86
38.78
39.14
39.26
39.26
38.06
37.2
36.18
NA
40.63
39.97
38.56
36.05
37.78
39.58
38.93
NA
37.83
40.33
40.31
36.82
38.82
39.24
NA
38.01
38.74
38.62
40.75
37.3
39.27
38.46
37.87
40.5
37.18
40.42
39.1
39.06
38.64
39.05
39.06
34.94
38.54
38.84
39.14
42.64
37.44
37.54
38.94
38.22
37.35
37.98
37.38
38.88
38.39
40.19
38.94
38.84
40.24
38.44
39.93
39.37
38.82
NA
38.07
36.67
36.38
37.13
38.06
37.03
41.55
40.45
37.95
NA
37.75
37.75
39.85
41.66
40.66
NA
37.86
39.96
38.4
36.88
NA
39.01
40.23
41.18
NA
NA
39.58
41.67
40.87
38.07
40.17
39.77
41.91
39.11
40.31
40.01
39.0
38.41
38.31
40.03
41.44
38.37
38.58
37.71
39.04
37.74
40.58
39.74
39.45
39.05
39.15
41.63
40.63
38.03
40.03
39.13
37.63
38.08
36.65
38.85
41.11
39.51
37.17
38.08
40.29
NA
39.68
37.46
39.22
39.86
36.84
35.43
37.32
38.77
39.17
35.9
NA
42.54
37.08
NA
40.2
39.45
39.23
39.72
37.62
38.81
38.48
38.5
42.57
36.83
37.65
39.29
NA
NA
NA
NA
NA
NA
38.63
38.15
NA
41.52
38.13
36.7
38.76
39.45
36.64
NA
NA
37.18
39.04
39.48
40.1
38.19
37.09
39.79
39.09
40.39
42.66
37.4
40.56
37.73
38.83
37.43
NA
39.05
39.01
39.04
37.44
40.6
39.47
38.25
36.98
40.24
38.55
38.04
39.16
38.52
37.51
36.72
38.98
39.18
NA
41.08
40.37
37.66
36.98
37.65
37.18
36.74
30.35
39.27
38.39
42.61
40.77
35.03
NA
38.42
NA
37.94
37.14
41.14
37.16
37.11
38.49
37.47
39.12
38.71
40.75
37.13
39.12
37.62
NA
37.27
38.42
40.48
43.6
37.46
39.77
38.02
43.06
39.52
39.44
40.5
39.1
37.54
38.02
39.36
38.94
37.81
38.14
34.53
36.19
39.72
37.61
36.87
39.97
37.37
40.47
NA
38.97
38.79
38.36
38.36
NA
39.65
37.03
39.83
37.83
39.63
38.53
39.79
NA
37.09
38.47
38.77
37.18
38.61
37.06
37.12
38.47
38.38
38.05
38.45
38.34
38.93
39.13
39.03
35.83
37.14
NA
NA
NA
NA
NA
NA
NA
39.7
38.7
38.68
37.96
40.04
37.3
38.8
39.02
36.56
40.76
39.37
37.25
38.49
40.8
NA
NA
NA
NA
NA
38.43
38.74
39.45
38.23
38.57
NA
38.93
37.19
NA
41.94
NA
39.32
NA
38.31
38.21
35.72
NA
36.32
36.92
38.52
39.12
40.31
40.85
37.12
38.66
NA
NA
NA
38.75
38.9
38.44
37.32
38.23
37.73
37.5
39.13
40.89
36.77
38.83
38.98
NA
38.93
NA
NA
37.17
39.53
38.93
39.18
38.55
37.82
40.08
42.13
41.12
40.06
36.91
38.38
37.57
37.02
39.35
NA
40.38
39.29
40.53
36.38
NA
38.77
40.33
38.63
36.83
40.35
NA
37.22
38.94
37.04
NA
NA
36.32
30.8
NA
NA
39.2
37.93
35.85
37.4
39.39
39.77
NA
38.83
36.88
40.62
37.2
40.25
NA
39.82
38.95
NA
40.51
NA
NA
39.21
39.05
NA
39.26
40.47
36.74
38.32
NA
NA
39.29
36.86
38.48
39.96
41.39
37.42
38.86
36.93
37.08
37.28
39.53
37.27
39.05
36.94
37.88
36.84
39.35
38.76
38.33
38.41
37.14
36.53
41.45
39.49
38.4
39.49
35.67
NA
36.3
36.9
38.82
38.57
NA
38.35
38.24
36.94
37.04
38.94
38.48
38.81
38.71
39.21
38.96
38.76
39.26
39.78
37.13
41.51
37.29
37.26
39.3
38.74
NA
40.36
39.08
38.41
38.06
38.42
38.7
38.96
38.66
43.26
39.16
NA
39.36
40.08
38.07
39.09
39.51
40.41
37.22
36.55
37.77
39.26
37.24
40.93
40.49
37.72
39.56
39.33
39.37
36.16
39.0
39.26
38.85
39.28
37.02
37.5
39.7
39.2
40.6
38.51
36.7
40.7
39.22
40.66
39.95
41.61
37.38
38.21
41.28
36.71
41.89
39.55
NA
36.92
36.48
37.72
42.32
NA
39.46
39.37
NA
41.35
37.45
40.85
39.25
38.95
39.05
NA
NA
NA
NA
NA
38.42
37.89
39.13
37.85
37.45
NA
38.81
38.78
37.24
NA
37.2
NA
NA
38.89
38.68
39.18
37.08
38.68
38.18
38.68
38.5
38.35
38.87
NA
NA
39.09
41.49
37.99
39.19
37.29
39.88
36.58
38.78
38.76
33.96
38.03
38.73
39.03
40.89
40.22
38.0
37.3
38.43
NA
38.79
38.67
36.21
39.43
38.48
40.67
39.08
37.14
NA
37.54
38.51
NA
NA
38.34
39.97
NA
41.93
37.47
36.57
39.35
39.63
NA
38.44
37.56
37.85
39.33
41.69
39.62
NA
41.16
38.16
40.05
40.52
36.91
37.88
43.38
43.87
40.25
40.91
40.27
37.67
36.67
36.99
38.27
NA
38.45
39.41
39.85
NA
NA
38.79
39.98
40.3
36.4
37.9
36.44
38.98
40.8
41.54
37.94
38.79
37.13
40.78
40.45
37.91
41.84
37.61
39.76
NA
39.39
39.71
36.89
40.99
39.03
37.31
NA
NA
37.82
NA
37.16
NA
37.78
NA
36.75
36.18
38.33
39.51
37.03
NA
35.88
NA
NA
36.6
39.89
38.79
40.99
37.18
36.99
40.74
37.41
NA
38.68
NA
38.63
37.18
38.95
40.14
38.56
40.08
35.51
38.92
37.05
36.9
36.23
38.26
34.72
36.93
39.09
NA
41.77
37.47
NA
38.97
38.59
40.14
NA
NA
39.13
NA
NA
NA
39.31
38.77
NA
NA
37.88
38.51
NA
38.23
40.81
39.9
36.97
NA
40.01
39.11
39.01
40.51
38.11
37.55
36.23
38.06
39.67
39.75
40.13
41.08
37.3
38.22
38.71
39.31
39.41
37.19
38.67
39.29
37.84
NA
39.19
NA
41.89
37.39
37.19
42.39
38.39
38.26
36.47
39.28
35.54
35.77
39.12
37.21
NA
39.14
NA
NA
NA
NA
NA
NA
NA
NA
NA
NA
38.34
38.55
NA
38.79
37.78
38.38
40.22
39.09
38.74
40.5
38.64
38.24
NA
40.63
NA
NA
38.01
NA
38.27
38.24
39.84
38.63
38.74
37.92
39.51
38.71
38.61
39.21
39.71
38.81
39.91
39.79
38.31
39.0
38.34
40.07
38.7
39.72
39.54
39.62
39.05
NA
39.06
38.61
37.77
40.27
39.46
36.69
38.49
37.69
38.63
39.83
39.23
36.49
39.59
NA
39.19
37.79
38.39
NA
NA
NA
NA
NA
NA
NA
39.18
36.79
40.23
38.94
38.94
39.52
39.72
40.47
38.8
38.26
38.53
NA
39.95
NA
41.25
38.95
38.22
39.9
NA
36.61
36.62
37.22
37.77
NA
38.79
NA
NA
36.52
38.89
37.82
44.26
38.8
NA
NA
36.35
38.8
35.62
37.01
36.96
38.4
37.06
39.16
37.76
39.26
36.99
40.81
36.37
38.96
38.95
NA
NA
NA
35.6
37.71
37.84
37.43
37.66
37.8
37.39
NA
38.89
38.71
37.67
NA
39.07
37.47
38.68
39.64
NA
NA
41.94
38.36
39.35
39.13
37.42
38.73
38.4
39.01
39.75
39.87
37.42
38.78
38.48
39.12
38.63
39.28
39.63
37.32
38.96
38.37
39.03
37.49
39.58
35.87
39.62
37.41
39.53
35.86
39.62
37.76
39.45
38.79
NA
NA
36.73
39.54
36.89
39.38
36.92
38.72
38.8
NA
NA
NA
37.8
NA
NA