52.31
55.8
51.92
NA
NA
55.92
53.95
55.93
55.08
53.89
55.98
56.31
56.55
56.76
56.86
56.18
55.79
56.89
55.83
56.04
59.56
55.49
55.64
52.96
55.86
55.06
54.11
NA
NA
54.21
53.69
52.98
53.18
56.51
54.7
56.5
55.44
54.83
56.72
56.08
54.94
55.2
56.34
56.89
55.6
52.83
56.23
51.44
55.4
56.64
54.71
55.63
55.63
56.8
56.12
55.91
56.31
53.23
53.16
56.66
57.06
54.62
53.51
56.05
55.86
54.43
52.8
55.87
55.51
55.75
54.31
54.25
NA
55.9
56.24
54.11
56.23
56.1
55.0
56.58
55.57
56.27
56.49
56.42
55.95
56.05
56.14
56.05
55.44
56.2
57.08
55.52
56.24
56.11
56.12
55.04
53.98
52.49
56.37
55.58
54.35
55.28
56.16
55.69
56.19
56.19
NA
55.39
55.89
55.85
55.3
55.47
53.77
56.39
55.9
55.94
55.44
55.84
55.76
55.65
54.18
55.55
55.77
56.24
55.75
55.33
53.79
53.2
56.12
55.18
54.19
56.7
55.45
55.52
56.33
56.05
55.57
55.24
56.9
57.1
55.54
55.8
55.41
53.51
51.38
56.81
55.37
56.05
53.58
56.11
56.05
52.94
55.74
56.18
56.36
54.1
55.5
55.65
55.59
55.55
55.64
NA
55.26
53.75
55.91
55.51
54.81
56.71
54.7
51.95
52.79
NA
NA
NA
54.63
56.12
52.91
54.51
52.91
56.53
54.71
56.26
52.81
54.48
52.85
57.25
54.62
56.01
52.77
54.58
52.8
57.97
53.52
56.08
56.42
54.45
56.69
54.97
55.53
NA
56.41
56.51
56.21
55.99
57.2
53.67
54.73
56.17
52.32
NA
NA
NA
52.06
57.4
55.98
NA
56.09
NA
53.0
55.01
56.24
NA
NA
57.31
NA
NA
NA
55.28
54.6
55.61
56.44
55.41
56.44
54.1
54.6
54.2
55.6
55.3
55.6
56.67
57.5
53.35
55.43
54.7
NA
NA
56.18
56.89
55.01
53.14
57.24
NA
51.95
53.65
55.63
53.44
53.52
56.11
53.98
53.24
53.35
NA
NA
NA
NA
NA
NA
NA
55.91
55.3
56.01
55.42
57.01
56.0
54.74
56.79
56.18
56.78
57.08
56.18
57.18
56.18
56.78
57.08
56.18
57.18
55.89
56.79
57.09
56.19
56.89
55.72
56.82
57.12
56.22
56.92
55.76
56.66
57.16
56.16
57.26
55.09
56.75
52.87
55.36
55.98
53.41
55.74
55.74
53.15
57.55
53.59
52.67
54.86
55.8
56.8
56.6
NA
55.95
55.91
55.22
55.49
53.41
56.05
55.08
55.28
56.28
56.58
55.94
55.84
55.8
55.91
56.38
57.06
55.82
55.88
54.24
55.52
55.45
55.41
55.38
55.38
55.08
55.72
55.59
56.96
55.35
55.5
55.25
56.96
55.43
56.09
56.52
55.68
56.14
NA
55.04
52.85
57.37
55.37
54.88
NA
55.43
53.3
NA
NA
NA
NA
55.78
56.1
55.94
55.84
54.44
56.13
55.76
56.28
56.35
NA
53.2
57.46
56.01
54.05
55.75
56.75
56.55
55.09
56.96
53.31
55.01
56.71
56.84
54.21
55.83
55.33
58.43
52.65
58.43
52.65
58.49
NA
58.29
52.65
58.34
NA
55.9
56.12
53.95
55.1
NA
54.1
57.79
55.69
55.29
58.39
56.97
NA
NA
NA
NA
54.71
56.02
54.52
52.1
56.32
52.66
56.27
NA
NA
NA
NA
55.95
55.53
56.38
55.53
56.8
NA
56.14
55.26
56.04
53.67
56.63
57.12
53.7
56.09
57.43
NA
56.81
57.17
55.34
NA
55.53
56.51
53.01
56.34
56.75
54.91
55.38
56.06
54.74
NA
NA
55.78
54.74
55.52
NA
57.11
55.4
NA
51.16
55.77
55.96
53.77
54.12
NA
NA
NA
56.65
53.72
56.32
56.02
56.62
NA
55.83
NA
56.56
56.41
NA
56.87
56.17
56.82
56.51
54.3
56.57
55.27
57.7
54.8
54.7
55.7
56.26
53.28
57.08
57.08
56.7
54.2
55.17
55.91
55.91
52.55
55.65
NA
56.47
56.77
57.47
54.3
56.0
55.73
56.23
56.23
56.74
55.74
56.54
54.95
54.95
57.02
56.61
56.15
56.88
55.45
56.26
55.76
54.15
56.86
55.18
56.01
55.56
55.61
52.26
56.78
52.68
56.97
55.39
57.27
56.07
56.45
55.99
56.92
56.62
56.62
55.38
54.58
55.02
56.02
55.72
54.72
54.84
55.84
55.73
55.17
53.38
53.2
57.62
55.37
56.52
55.19
56.5
55.73
53.14
55.73
55.73
51.62
56.35
54.17
54.19
55.23
NA
55.79
NA
55.76
55.44
56.14
56.04
55.44
56.48
55.73
57.66
56.38
56.02
56.57
58.65
55.05
56.15
53.95
55.34
55.58
NA
56.5
55.57
56.98
55.84
55.89
56.21
52.34
57.17
55.89
55.57
55.68
56.29
54.79
55.79
53.7
52.11
57.44
54.94
55.83
56.61
55.3
57.54
55.98
55.9
53.84
55.85
56.85
55.95
55.75
56.12
56.82
NA
NA
52.82
56.34
53.65
55.58
NA
56.28
56.96
55.92
56.15
55.87
NA
56.36
56.15
55.77
53.81
54.92
53.62
56.2
55.27
55.58
56.15
54.98
56.58
55.98
56.68
54.43
56.86
56.16
55.21
53.81
56.61
55.61
54.81
56.21
52.15
56.17
56.49
56.25
56.04
NA
55.15
56.55
55.95
56.65
56.06
55.04
56.51
56.57
56.08
52.5
51.4
55.04
56.64
56.04
56.64
56.95
55.55
57.05
55.2
55.92
55.12
53.88
56.52
55.98
54.88
56.27
53.69
56.94
56.77
56.14
55.91
56.76
57.05
57.74
54.5
55.78
55.85
55.98
54.58
56.45
56.05
56.45
55.51
55.83
54.97
56.27
55.27
53.65
53.39
56.07
55.71
56.07
55.92
55.22
57.33
54.5
54.92
56.52
55.92
56.62
52.62
54.15
55.24
54.57
56.28
55.7
56.31
NA
57.41
52.89
55.57
53.67
55.77
55.27
55.8
56.16
55.76
54.42
56.02
57.5
57.22
55.15
56.15
55.09
55.88
56.14
54.74
56.66
55.86
56.77
54.83
56.43
56.03
56.53
55.99
54.06
56.24
56.11
56.14
56.31
56.03
52.98
58.8
56.12
56.35
55.53
56.38
NA
57.38
56.08
56.58
56.38
56.84
55.64
56.34
55.33
56.38
56.58
56.08
56.04
53.13
50.99
56.38
55.5
55.66
57.24
58.9
55.9
55.9
54.5
57.73
56.33
56.83
56.47
54.32
NA
56.06
56.38
53.29
51.99
56.99
54.49
52.79
53.34
56.83
NA
55.94
56.0
56.04
53.55
53.93
57.18
56.48
55.54
56.36
56.28
56.14
55.66
55.12
54.32
NA
54.66
54.82
55.92
55.39
58.95
54.1
55.6
55.6
56.1
55.77
55.74
56.23
57.76
56.26
57.15
55.98
55.97
54.95
53.02
56.83
55.83
57.23
55.63
53.15
52.46
56.2
55.63
53.15
57.22
56.31
53.71
55.71
56.41
56.81
55.91
56.49
53.69
55.69
NA
56.29
57.59
55.99
55.51
55.15
56.78
55.78
55.47
56.56
54.26
56.46
55.2
56.09
55.09
55.09
55.79
51.95
53.45
53.45
53.0
54.22
NA
NA
55.6
55.95
55.68
54.02
56.02
54.04
53.74
58.16
54.53
NA
55.98
55.07
58.31
54.71
55.4
56.45
56.07
54.04
53.74
56.05
55.86
56.37
56.44
56.25
57.01
57.3
56.45
56.89
55.62
55.29
54.43
55.8
55.81
56.24
54.81
54.88
52.64
53.05
57.32
54.91
55.01
56.55
53.12
53.71
53.91
55.86
55.88
55.24
56.07
56.76
55.82
55.83
52.86
55.48
55.79
56.63
56.79
NA
55.86
55.74
56.36
53.7
56.85
53.98
56.75
55.59
56.01
55.75
57.95
58.16
53.77
56.51
56.38
55.92
54.98
56.26
55.26
56.05
NA
NA
56.59
56.65
56.7
56.63
55.95
55.89
55.98
54.34
56.5
55.54
56.01
NA
NA
NA
56.56
56.71
NA
54.8
56.5
55.9
56.5
56.48
56.38
55.88
55.59
52.89
56.15
55.59
56.86
55.21
56.02
56.78
57.52
56.05
56.65
55.6
53.68
55.54
54.53
52.51
54.28
57.14
54.06
NA
55.16
54.56
55.66
55.96
56.45
57.55
54.05
56.95
55.95
52.63
55.84
55.54
54.04
56.76
56.22
56.87
56.59
53.0
57.11
56.41
56.14
53.8
NA
NA
NA
NA
53.28
NA
52.96
56.36
56.95
55.85
53.24
59.07
56.17
54.11
56.54
53.34
57.17
55.87
55.21
56.99
56.28
57.6
55.96
56.46
56.64
57.51
56.65
55.91
56.31
56.31
55.8
54.27
55.92
56.22
56.88
55.27
56.43
55.86
56.36
55.92
52.51
55.07
56.9
53.4
56.85
53.46
56.48
55.92
53.68
55.54
54.53
52.51
55.56
56.61
56.37
56.32
56.19
56.59
56.86
54.35
56.23
56.21
55.99
54.42
54.67
53.03
55.34
56.95
54.85
55.62
55.15
56.22
56.69
56.21
56.27
55.52
54.7
56.14
53.78
55.66
53.69
55.87
56.36
54.58
51.18
54.52
56.42
55.82
56.42
NA
NA
NA
NA
NA
NA
54.57
54.66
53.74
54.81
57.09
55.47
56.46
54.39
56.36
55.22
55.87
56.14
56.14
56.54
54.74
55.65
54.7
54.66
56.56
55.82
56.29
55.68
55.24
56.16
55.22
56.61
56.6
56.5
56.8
56.5
56.8
52.4
55.7
56.81
55.43
53.42
53.71
55.64
55.25
53.36
55.68
54.59
56.31
54.17
53.37
56.08
56.62
54.37
55.65
55.26
55.76
51.72
55.56
46.88
55.56
54.86
56.39
54.75
54.84
56.65
51.15
57.76
56.77
55.89
55.89
56.45
55.37
55.48
57.0
55.74
55.87
56.48
55.46
55.61
56.23
57.4
56.0
54.12
52.74
56.17
53.94
53.43
55.41
55.91
56.67
56.79
54.68
56.08
56.26
53.46
54.61
55.71
56.18
52.75
55.02
55.17
56.52
55.62
53.48
55.82
56.69
56.46
54.63
56.48
56.13
53.32
56.16
56.63
53.27
53.04
NA
51.98
56.06
56.15
50.91
55.69
56.52
58.87
58.63
55.28
56.11
57.55
56.35
55.75
55.85
57.31
55.03
56.23
56.13
55.63
53.9
55.26
55.84
56.24
53.15
53.7
54.4
57.08
56.32
55.6
56.68
NA
55.31
55.31
56.31
56.71
NA
54.27
55.67
55.67
53.17
56.08
53.74
56.28
56.76
56.41
56.52
55.68
56.65
55.98
56.42
55.54
53.72
55.69
53.77
56.91
53.97
56.29
56.86
56.47
56.31
54.39
55.51
54.65
51.92
55.04
54.06
53.23
56.4
56.9
56.72
56.72
54.99
55.46
56.09
55.7
56.16
58.16
52.86
55.02
56.07
56.66
54.63
55.76
55.89
56.58
53.68
54.82
55.81
53.88
53.3
NA
55.73
54.73
55.23
NA
NA
56.26
56.31
56.31
53.41
53.63
NA
56.34
56.34
56.25
55.61
55.37
55.84
56.24
56.71
55.11
56.11
56.11
52.64
53.24
56.74
55.99
53.74
57.52
52.23
57.08
56.79
55.99
52.58
56.33
57.13
56.63
52.93
55.33
57.32
56.0
56.1
55.43
54.69
56.12
54.65
53.35
52.88
55.35
55.94
56.42
55.11
55.87
54.91
52.75
53.78
57.25
55.18
53.61
56.29
56.81
56.02
55.98
55.38
55.11
54.95
55.55
56.15
56.18
56.18
55.42
56.45
56.16
56.56
54.42
56.78
56.37
55.97
56.37
54.81
56.51
56.51
54.89
58.58
56.28
56.21
57.11
55.94
51.12
55.75
55.61
55.77
57.24
55.59
57.26
56.53
56.03
56.53
56.59
58.56
54.29
56.81
50.93
55.44
55.96
55.17
55.76
55.68
56.62
57.32
NA
NA
56.45
NA
NA
NA
55.47
55.09
55.68
51.96
55.68
54.09
56.17
55.97
56.05
55.53
56.03
55.08
55.65
53.25
56.04
55.89
51.69
55.98
53.18
56.54
52.88
55.86
56.56
53.82
53.72
53.59
53.49
55.61
NA
55.05
55.86
55.7
56.94
57.16
NA
56.24
53.15
53.77
50.95
56.66
53.44
58.73
56.42
56.86
56.43
56.64
55.92
56.01
55.65
56.58
55.67
55.37
55.37
55.32
53.06
56.93
55.39
54.58
55.39
55.91
55.05
56.38
55.34
56.37
55.45
57.21
55.76
56.14
55.74
56.13
56.6
54.96
54.27
54.41
53.95
54.38
54.18
55.12
56.62
55.3
54.76
55.38
56.11
57.31
56.01
57.41
56.6
57.36
56.68
55.95
56.0
55.32
55.53
56.27
55.83
55.58
56.01
55.81
54.11
55.25
55.76
56.48
56.01
55.66
NA
56.38
53.24
55.76
56.07
55.55
55.81
55.71
55.3
57.7
55.77
56.01
56.68
53.46
53.95
NA
53.56
NA
55.42
55.88
56.14
56.74
53.27
55.96
55.65
56.44
56.47
56.07
52.74
53.81
53.21
55.81
57.91
54.86
56.36
55.96
58.06
56.16
55.51
NA
56.4
56.93
55.9
53.76
56.26
56.26
55.77
56.01
55.24
55.02
57.77
55.84
56.56
56.23
55.17
54.2
56.66
54.26
53.88
55.32
52.88
57.0
53.4
55.2
56.66
53.41
52.39
53.45
55.98
56.45
54.73
55.22
NA
55.91
56.42
53.16
56.62
55.2
54.94
54.98
56.03
55.59
55.48
54.62
55.04
56.39
55.29
55.82
NA
53.68
53.73
53.84
56.12
57.76
53.33
55.85
57.35
51.62
55.42
56.33
53.14
57.21
57.57
51.36
56.67
54.89
55.53
52.79
56.28
54.27
56.31
56.43
56.73
55.51
55.47
54.65
56.1
56.15
55.95
56.1
55.85
55.85
56.88
56.27
56.55
56.06
54.78
56.0
53.04
57.08
56.29
56.89
56.65
55.74
55.94
56.86
55.9
54.56
NA
52.9
55.28
55.83
54.04
NA
55.95
NA
54.15
55.64
56.01
56.29
55.67
56.88
56.18
52.66
55.21
56.22
55.64
56.38
56.17
55.84
55.7
57.77
54.98
56.31
56.52
54.77
55.82
55.92
56.7
NA
55.9
56.23
52.97
56.81
56.45
56.29
55.02
NA
NA
NA
55.4
54.93
56.88
56.28
56.73
53.03
54.63
55.78
54.9
54.0
56.21
55.61
53.61
57.58
55.37
56.34
56.44
56.07
56.94
52.74
55.6
54.97
57.19
NA
NA
NA
NA
54.71
56.69
55.7
57.18
55.5
54.6
56.75
54.85
56.2
56.05
52.87
55.22
53.26
57.3
55.83
56.01
53.28
57.3
55.83
NA
55.19
56.35
55.89
54.46
56.32
52.91
56.26
55.14
53.12
55.87
55.82
51.65
56.0
53.98
57.16
55.76
55.97
56.15
56.1
56.6
56.62
56.33
56.69
56.71
56.31
56.06
56.2
56.13
52.83
56.32
56.86
53.48
53.52
NA
NA
56.15
56.03
55.68
NA
55.83