39.39
37.26
37.29
NA
NA
37.83
40.94
37.69
38.75
40.67
37.82
38.56
37.58
38.21
NA
37.96
37.2
38.13
37.61
38.19
38.61
37.7
37.62
39.04
37.43
36.48
37.99
NA
NA
38.88
39.21
39.31
39.65
38.29
38.89
38.43
36.88
37.27
37.59
37.14
38.08
37.27
37.08
38.38
36.9
38.63
38.12
38.18
37.36
NA
37.99
37.56
37.17
38.47
37.97
38.36
38.23
40.79
38.98
34.11
39.56
NA
38.65
NA
37.79
38.44
38.99
37.39
37.02
38.49
NA
38.77
37.42
NA
38.15
38.84
38.06
37.48
36.56
38.47
39.26
38.58
38.13
38.91
37.1
38.22
38.51
37.96
38.38
37.13
38.39
37.03
38.0
37.76
37.93
41.61
38.11
38.49
40.35
37.71
38.69
38.78
NA
37.5
38.43
38.33
NA
38.54
38.93
NA
37.56
37.95
38.72
NA
38.21
37.85
37.69
37.75
38.77
37.86
38.3
37.92
38.04
38.15
NA
37.4
39.47
39.19
38.9
39.21
37.98
37.14
37.87
37.2
38.07
39.02
37.23
36.98
39.06
38.53
38.5
38.86
37.06
40.44
39.73
37.98
36.72
37.59
38.82
37.35
37.31
39.37
38.79
37.93
38.04
38.6
38.05
38.32
37.98
38.08
NA
NA
NA
41.63
37.31
37.31
38.01
39.71
37.77
39.25
38.01
37.84
39.34
38.08
40.44
NA
NA
37.76
39.75
38.62
40.28
NA
NA
37.74
39.82
NA
NA
37.53
NA
37.47
NA
NA
39.3
37.9
38.16
39.04
39.6
37.51
38.58
NA
37.39
38.8
37.6
38.16
39.41
40.51
41.12
NA
NA
NA
NA
NA
40.67
36.8
36.72
NA
37.65
38.93
39.1
37.36
37.94
NA
NA
NA
NA
NA
NA
37.73
38.06
36.31
37.95
37.3
36.78
39.3
38.0
39.5
39.4
39.8
38.0
38.98
40.17
40.23
39.33
38.1
NA
NA
37.9
40.01
37.61
39.84
39.54
39.0
37.25
39.55
37.16
39.34
38.49
38.3
37.71
38.69
39.09
NA
NA
NA
NA
NA
NA
NA
37.43
39.75
38.43
38.75
37.64
NA
37.99
38.76
NA
NA
NA
NA
NA
NA
NA
NA
NA
NA
NA
NA
NA
NA
NA
NA
NA
NA
NA
NA
NA
NA
NA
NA
NA
39.35
39.7
38.76
37.25
37.99
NA
38.17
38.76
38.82
40.26
39.31
39.07
38.93
38.0
38.5
38.6
NA
38.04
37.2
NA
NA
37.6
35.48
37.78
38.58
38.18
38.08
37.73
38.13
37.64
37.89
NA
38.25
37.53
38.82
39.33
39.4
39.33
39.28
39.26
39.26
36.38
37.98
38.21
39.15
37.43
37.83
38.92
39.12
37.46
38.46
37.64
37.15
36.8
NA
NA
40.36
38.59
40.08
37.77
NA
38.02
40.17
NA
NA
NA
NA
38.33
37.6
NA
NA
NA
41.16
39.65
38.62
37.9
NA
42.38
36.33
36.71
38.75
38.95
40.16
40.11
38.81
40.3
39.64
38.18
37.92
37.71
38.63
38.24
38.84
41.18
39.09
41.18
39.09
41.3
39.09
41.17
39.04
41.11
39.25
37.18
38.06
37.71
38.4
NA
39.7
NA
NA
NA
NA
34.92
NA
NA
NA
NA
38.27
37.27
38.64
39.87
39.62
39.57
38.07
NA
NA
NA
NA
38.42
38.13
38.63
38.8
NA
NA
NA
NA
NA
39.45
38.39
37.5
39.25
38.29
41.17
NA
37.96
39.01
37.32
NA
37.94
41.28
36.9
37.54
38.52
36.91
42.28
39.11
38.18
NA
NA
38.87
37.89
38.66
NA
38.01
39.38
NA
37.0
36.99
37.88
37.75
38.37
NA
NA
NA
37.6
38.52
37.92
38.02
37.52
NA
38.27
NA
38.04
38.76
NA
NA
NA
37.32
37.78
39.43
NA
NA
NA
36.8
NA
38.2
37.66
38.58
35.08
34.68
38.1
38.9
39.27
38.01
38.11
39.15
38.15
37.91
37.57
38.77
39.87
38.6
38.3
37.13
39.53
38.53
39.84
39.44
41.14
37.45
40.55
40.97
37.59
38.15
39.43
38.06
38.06
38.04
38.65
37.18
38.29
38.58
37.43
38.28
38.44
38.03
38.0
38.05
37.55
NA
38.17
NA
NA
NA
39.79
39.79
37.38
41.58
38.42
32.92
38.12
38.92
38.14
38.84
38.89
38.47
40.5
39.53
37.67
37.21
36.19
36.9
NA
NA
39.67
37.08
38.63
38.64
38.63
39.92
39.75
37.23
NA
36.78
NA
36.75
36.34
37.64
37.94
37.24
NA
NA
NA
37.79
38.26
38.79
NA
37.97
38.53
35.85
37.45
37.2
NA
37.45
36.98
39.33
37.01
37.12
37.2
37.52
38.96
40.72
37.32
37.56
37.29
38.59
37.49
38.97
NA
NA
NA
NA
37.51
38.67
38.79
37.55
38.13
39.15
37.75
39.05
37.45
38.65
40.72
37.22
36.92
NA
NA
37.54
38.72
NA
NA
41.01
39.26
37.2
NA
NA
NA
NA
NA
NA
NA
38.52
38.72
38.18
38.01
38.32
37.55
41.08
37.98
37.88
38.68
38.46
38.61
38.13
38.31
39.41
38.71
38.31
38.51
38.51
39.17
38.54
NA
38.35
38.84
NA
41.05
38.05
38.05
38.85
38.48
38.46
38.32
38.24
38.58
39.2
NA
41.04
37.94
38.04
38.84
39.25
37.95
36.26
37.49
37.42
38.42
38.25
39.4
37.75
38.58
38.58
40.69
39.25
38.22
38.8
37.81
37.76
37.85
39.04
39.25
40.27
36.9
38.61
39.15
37.75
38.05
38.75
37.24
38.54
NA
NA
36.47
38.86
38.75
38.39
37.56
38.18
37.62
38.12
38.65
37.81
41.02
37.92
37.82
38.62
38.83
38.83
37.64
40.96
37.76
37.73
38.65
NA
38.76
38.93
NA
NA
NA
NA
38.0
38.52
38.61
38.56
37.86
40.54
38.52
35.95
37.65
36.49
37.86
37.54
38.54
38.26
37.66
38.77
41.13
37.83
38.13
38.83
37.65
38.72
38.11
38.25
38.77
38.28
38.33
38.48
41.27
37.81
38.63
39.11
NA
NA
38.79
37.77
38.23
38.15
38.73
37.11
38.59
38.03
38.31
37.89
38.4
38.27
39.57
NA
37.88
40.42
36.77
40.27
NA
36.7
38.5
38.8
38.63
37.33
38.43
38.34
39.71
NA
37.74
38.17
38.89
38.09
37.59
36.89
38.49
38.65
37.87
NA
37.76
38.32
38.16
NA
40.23
41.28
NA
NA
NA
NA
38.28
37.7
36.82
40.82
NA
38.89
38.7
38.46
38.9
39.92
37.7
38.1
37.6
37.9
38.89
38.86
37.76
40.06
36.38
41.62
37.91
38.76
38.25
39.26
38.03
37.03
NA
37.63
38.67
39.58
38.85
35.89
42.37
36.92
37.51
38.71
NA
41.41
39.31
37.21
37.39
38.89
36.49
NA
41.19
39.99
37.09
37.1
36.9
38.28
37.48
38.4
38.46
39.76
38.26
42.94
39.39
38.89
37.59
38.39
37.85
38.55
38.55
39.4
39.97
NA
40.5
NA
38.24
37.04
NA
37.62
38.54
39.24
40.52
39.15
NA
37.97
39.5
40.7
39.02
37.99
39.03
38.07
38.54
39.24
37.18
39.71
37.35
38.14
39.8
38.51
38.78
39.21
38.19
NA
NA
NA
NA
NA
NA
37.48
40.6
NA
38.94
38.19
39.88
NA
35.25
NA
39.0
39.1
38.69
38.36
38.48
37.75
38.99
37.47
37.93
38.62
39.25
37.52
38.24
38.05
NA
38.12
37.2
39.7
39.57
37.69
41.9
37.65
37.28
37.34
37.73
39.04
38.66
38.56
37.76
38.18
38.8
37.58
38.26
39.86
38.05
NA
NA
38.11
38.91
38.43
37.88
38.11
NA
NA
NA
36.73
38.51
37.95
NA
NA
NA
37.61
38.71
NA
40.9
37.8
38.0
38.8
38.08
37.98
38.88
38.1
39.62
37.55
37.94
38.95
37.39
37.41
37.48
38.25
37.32
39.72
37.04
41.03
36.8
36.58
38.75
38.28
38.98
40.16
NA
36.06
38.06
37.96
37.66
37.75
41.15
46.15
37.85
38.05
38.94
NA
NA
NA
40.58
37.48
39.37
38.75
39.27
39.53
38.61
38.5
NA
NA
NA
NA
NA
39.16
NA
38.22
37.75
35.85
38.35
38.58
39.57
38.09
40.19
37.94
38.84
35.87
38.17
39.01
38.89
37.55
38.48
37.59
37.6
37.58
38.57
38.84
37.81
37.46
37.46
38.48
38.99
38.12
37.32
38.76
38.66
38.85
38.36
37.66
38.07
39.68
38.6
38.67
40.38
38.65
38.37
37.74
37.79
41.03
36.8
36.58
38.75
38.88
38.59
38.37
38.05
38.68
37.79
38.28
39.88
38.3
37.91
38.86
38.95
39.94
38.86
38.53
38.75
36.57
38.02
37.25
37.88
37.7
38.72
40.49
38.05
38.59
37.99
38.26
37.62
40.13
39.57
40.35
38.08
35.88
41.32
37.82
37.82
38.92
NA
NA
NA
NA
NA
NA
39.15
38.95
38.43
38.89
38.55
37.87
38.84
40.91
38.03
37.41
37.8
38.34
37.14
38.04
41.74
38.17
38.91
37.66
38.13
37.75
39.1
38.44
37.77
38.94
39.25
36.86
36.78
36.9
39.3
37.7
38.5
36.9
37.9
38.01
37.68
39.82
38.51
37.54
37.33
42.28
37.58
41.42
42.08
36.98
40.13
37.48
39.69
39.41
36.24
37.97
38.03
38.49
37.17
37.81
37.17
37.69
38.0
37.14
40.36
37.85
37.95
40.05
38.74
39.22
37.07
38.02
36.91
37.39
37.93
38.7
37.06
37.94
36.75
37.39
NA
NA
NA
NA
39.57
38.15
40.22
38.4
39.4
37.64
38.47
38.29
37.38
37.78
38.66
40.66
NA
NA
NA
37.11
38.02
37.26
37.78
37.87
38.88
37.32
37.92
38.28
38.99
37.98
37.94
38.43
37.96
38.47
39.84
40.67
NA
37.92
38.17
37.99
38.97
37.29
38.02
41.38
41.45
NA
38.51
40.15
37.85
37.65
38.91
38.21
39.8
38.71
36.99
38.0
40.45
36.96
37.14
37.24
39.65
39.5
41.0
38.18
38.32
37.51
38.13
NA
37.51
37.51
37.71
37.94
NA
38.47
38.17
38.07
40.33
37.28
41.54
39.01
38.43
38.09
38.87
38.45
38.15
37.96
37.72
37.07
39.85
37.59
38.25
38.94
39.92
37.99
39.46
38.01
38.89
39.91
37.91
39.09
38.04
38.64
39.05
38.26
38.13
36.77
38.27
37.17
37.59
36.97
38.58
37.86
38.46
36.06
39.96
37.82
38.33
38.84
38.37
36.86
36.86
38.15
38.95
37.1
38.01
41.51
39.2
NA
38.83
37.83
36.73
NA
NA
38.18
37.66
38.51
41.03
38.94
NA
38.64
38.64
38.46
37.57
37.28
38.14
38.14
38.11
38.01
37.71
38.31
NA
39.64
37.64
37.77
39.06
38.58
NA
38.93
40.31
38.04
39.14
38.93
38.93
36.93
37.93
36.63
38.92
38.0
37.8
37.96
38.57
37.18
38.25
39.55
38.78
37.19
37.98
38.86
40.65
38.24
38.31
39.59
38.67
39.54
37.48
37.31
38.4
39.71
38.66
36.93
37.88
36.94
39.32
38.42
37.35
38.18
38.48
37.84
38.55
37.86
38.86
38.7
38.78
37.47
37.77
38.67
41.01
37.71
38.91
39.07
36.22
38.57
38.39
39.59
36.44
37.28
38.38
37.61
38.25
39.69
38.35
39.83
37.73
38.03
38.53
37.58
42.25
39.1
40.62
34.7
39.39
37.73
40.93
40.06
38.21
37.62
34.82
NA
NA
37.95
NA
NA
NA
37.45
39.64
38.43
38.46
38.02
38.59
38.26
37.66
38.44
37.23
37.93
38.04
38.46
38.64
38.44
37.73
37.31
37.53
38.83
37.32
40.09
37.75
38.84
40.62
38.92
NA
NA
38.15
NA
41.75
37.75
37.76
37.62
37.17
NA
37.74
39.14
39.45
35.82
40.79
38.7
36.35
38.17
36.77
37.47
37.33
38.11
37.94
38.39
38.38
37.47
36.97
38.17
38.27
38.79
38.63
37.15
37.86
37.59
37.92
37.86
37.69
37.59
37.73
37.17
39.21
38.1
38.44
37.94
38.08
40.19
37.85
39.21
NA
NA
NA
NA
37.14
38.03
37.7
37.79
NA
37.91
39.31
37.21
40.21
37.6
38.52
38.99
37.88
37.92
38.57
38.16
38.68
38.13
38.18
37.15
38.2
39.03
38.24
37.38
39.08
38.78
38.33
NA
37.69
38.59
37.01
37.38
37.09
37.64
37.84
38.23
40.0
36.75
36.61
38.16
38.93
37.95
NA
38.88
NA
38.05
38.11
37.64
38.09
38.98
37.41
37.5
38.41
38.23
38.15
38.44
38.71
39.81
38.11
41.51
38.66
37.86
38.06
41.56
37.47
NA
NA
40.95
39.15
37.13
39.06
37.46
38.06
37.26
38.23
40.81
43.8
36.38
37.84
38.31
39.06
36.85
NA
39.24
38.6
38.68
37.01
39.76
41.36
40.58
36.97
38.06
40.15
38.76
38.86
37.78
38.6
38.48
38.17
NA
NA
39.39
39.3
37.04
39.37
38.69
38.37
38.29
38.47
39.45
39.82
NA
38.29
38.79
38.17
NA
43.18
41.23
39.53
38.14
40.69
38.94
37.66
39.47
39.55
37.94
38.26
38.53
38.61
NA
37.56
NA
38.41
38.27
39.22
38.21
40.8
37.27
38.69
37.79
38.13
37.07
38.45
38.35
38.45
39.05
39.05
37.55
36.83
38.72
38.87
38.78
38.5
38.85
37.9
39.16
38.79
38.15
38.69
39.09
37.94
42.24
39.96
37.56
38.69
NA
39.41
38.49
38.2
39.97
NA
38.1
NA
38.64
37.24
38.01
37.4
36.96
36.38
37.98
39.8
NA
36.26
38.36
39.24
38.43
37.5
37.36
37.15
39.15
38.51
38.99
38.37
38.0
38.06
37.76
NA
38.2
37.43
40.04
38.48
37.27
39.19
NA
NA
NA
NA
NA
41.91
38.58
36.98
37.53
39.83
36.93
37.54
39.34
38.48
38.91
38.31
38.51
40.69
44.4
38.35
38.32
37.84
39.04
NA
37.59
38.78
38.26
NA
NA
NA
NA
38.67
38.45
37.95
38.69
37.56
38.24
38.35
38.24
37.09
37.69
NA
37.79
39.35
39.5
36.56
39.3
39.31
39.45
36.56
NA
40.25
37.54
39.08
38.06
38.24
38.38
38.45
38.09
38.99
35.75
35.71
38.89
38.27
38.88
38.75
37.94
38.16
38.1
37.86
38.36
39.3
38.11
38.4
39.31
38.05
37.54
37.53
NA
39.83
37.52
39.4
39.28
39.27
NA
NA
37.43
37.32
37.53
NA
NA