NA
NA
NA
53.29
53.61
53.93
NA
NA
NA
53.25
53.32
NA
NA
NA
NA
NA
NA
NA
NA
NA
NA
NA
NA
NA
NA
NA
NA
53.0
53.1
53.9
NA
NA
NA
NA
NA
NA
NA
NA
NA
NA
NA
NA
NA
NA
NA
NA
NA
NA
NA
52.89
NA
53.18
53.18
53.19
53.12
53.16
NA
NA
53.72
NA
53.29
NA
NA
NA
NA
NA
NA
NA
NA
NA
NA
NA
NA
NA
NA
52.81
52.09
49.85
54.73
53.41
51.62
55.16
52.68
53.28
NA
NA
NA
NA
NA
NA
NA
NA
NA
NA
NA
NA
NA
NA
NA
NA
NA
NA
52.67
53.02
54.51
NA
NA
53.32
54.92
53.17
53.57
NA
NA
NA
53.18
NA
51.77
51.47
NA
53.25
54.0
55.77
56.15
54.35
50.81
53.28
51.34
NA
NA
54.06
NA
53.26
52.78
53.1
NA
54.15
56.92
NA
53.15
53.36
53.05
53.25
52.95
53.15
53.24
52.64
52.94
54.18
54.61
NA
52.83
53.12
NA
NA
53.22
NA
52.75
55.25
58.09
51.29
51.64
53.78
52.84
50.48
54.62
53.35
52.51
52.88
53.48
53.28
51.68
54.65
55.09
53.23
53.25
53.29
NA
50.08
NA
NA
53.43
53.36
NA
NA
53.35
NA
NA
53.54
52.92
NA
52.91
52.7
NA
50.48
53.58
54.8
53.17
53.47
54.7
53.29
51.69
NA
54.21
54.46
53.5
NA
NA
NA
NA
53.39
53.37
NA
53.34
52.97
53.23
53.04
53.06
NA
NA
NA
50.87
NA
NA
NA
53.33
53.21
53.31
53.56
53.49
53.72
53.41
52.95
54.62
53.32
51.42
52.92
54.47
53.07
51.57
NA
52.54
53.34
53.45
53.45
54.47
NA
52.52
53.18
53.32
NA
54.65
NA
53.16
53.17
NA
56.38
NA
52.66
53.51
NA
NA
NA
53.5
53.41
53.47
NA
NA
NA
NA
52.87
54.9
NA
55.72
NA
NA
NA
NA
NA
NA
52.47
52.54
52.7
52.7
52.61
52.76
NA
NA
52.59
NA
NA
52.68
53.32
52.93
NA
NA
NA
NA
NA
NA
NA
52.87
53.09
NA
NA
53.58
55.98
53.78
55.98
NA
NA