31.58
32.35
30.59
31.46
32.35
NA
30.74
31.32
31.35
30.43
32.65
33.37
32.03
32.6
33.48
31.13
33.08
32.08
30.78
31.2
NA
32.44
32.47
33.79
NA
31.52
33.3
31.79
30.65
32.48
32.6
31.47
31.88
30.95
32.62
32.74
30.99
NA
32.92
34.2
32.23
31.67
32.39
32.16
31.25
32.69
32.15
31.45
33.64
31.42
32.51
30.39
31.08
32.2
32.26
32.0
33.51
33.45
32.45
30.88
31.86
30.5
34.44
32.97
35.36
30.7
32.49
34.68
32.2
32.2
31.97
32.3
NA
32.24
31.56
31.96
32.38
31.01
34.83
32.09
NA
31.57
32.69
32.53
NA
NA
32.2
31.61
32.64
32.84
33.32
33.03
33.2
NA
31.3
32.79
31.42
31.82
NA
NA
32.5
30.77
32.74
32.87
32.2
30.51
32.2
31.45
32.56
32.16
31.5
30.68
32.0
31.6
32.23
32.16
30.98
32.19
32.11
32.43
NA
NA
NA
NA
33.6
31.77
32.48
30.71
32.55
32.57
34.67
32.04
34.8
33.16
NA
32.36
32.39
32.68
32.18
32.75
32.46
31.96
31.89
NA
27.48
NA
33.2
32.13
32.3
32.65
31.44
31.39
33.27
31.53
32.01
33.0
32.94
32.38
32.96
32.13
31.4
31.42
32.91
33.1
32.5
31.74
31.58
32.66
34.2
32.86
30.8
32.39
31.64
32.99
32.47
33.69
33.44
34.92
31.45
32.02
31.14
33.27
32.13
32.29
32.16
31.79
33.4
NA
33.92
32.2
32.58
34.6
31.63
32.06
35.8
31.83
32.04
32.29
33.71
31.99
32.16
30.15
35.02
31.46
32.79
34.03
31.79
30.97
33.39
32.67
34.09
34.78
32.59
32.76
34.17
32.9
35.06
NA
31.26
32.86
32.49
31.26
30.44
36.12
32.17
32.75
32.06
34.24
NA
32.12
34.42
34.68
32.22
32.39
34.14
31.97
34.62
34.84
32.34
32.39
33.82
35.27
34.5
32.62
NA
32.79
31.06
32.79
30.64
32.62
31.17
32.62
33.27
31.08
33.4
32.37
34.9
34.16
33.05
NA
31.67
31.96
31.66
31.87
32.33
31.89
NA
32.3
32.28
31.76
NA
NA
31.74
32.07
NA
32.15
32.14
32.95
32.46
36.41
31.18
31.61
32.81
32.44
31.82
35.77
32.1
34.42
NA
35.94
31.03
33.07
NA
31.48
32.88
32.38
32.75
32.57
31.35
31.34
38.74
32.91
NA
NA
34.18
27.86
35.8
31.84
32.54
35.44
32.72
32.28
NA
31.25
34.48
31.99
32.71
32.22
32.62
32.69
32.77
32.65
34.97
33.29
34.33
33.23
32.73
NA
32.63
32.56
32.04
32.6
32.79
32.55
30.86
32.91
33.26
32.51
32.82
32.35
32.25
33.67
32.25
NA
NA
NA
NA
NA
31.8
NA
33.68
32.8
32.8
33.04
32.8
NA
NA
NA
31.43
32.05
32.76
31.92
NA
30.7
34.43
31.7
32.07
32.49
32.56
32.9
31.97
31.95
32.29
33.06
NA
32.05
31.98
30.94
31.26
31.75
31.86
31.68
32.88
32.68
31.48
32.24
32.77
30.87
34.71
31.12
31.62
30.88
31.94
32.45
32.34
NA
32.64
NA
34.73
31.14
31.95
32.37
32.15
32.41
32.35
32.3
32.62
32.64
33.13
33.17
33.29
33.24
33.24
32.14
32.57
31.82
31.85
32.33
32.34
32.69
34.99
33.31
34.34
NA
32.87
31.64
32.57
35.66
32.25
32.35
33.52
NA
27.79
34.35
28.02
NA
NA
NA
NA
NA
NA
NA
NA
NA
35.11
NA
33.45
NA
NA
NA
NA
NA
32.7
32.09
32.49
NA
32.2
32.25
32.36
32.29
NA
33.17
32.22
NA
33.1
32.63
NA
NA
33.1
31.71
32.87
31.35
32.2
32.26
32.48
31.99
33.07
31.87
32.67
33.17
31.97
34.91
31.98
31.8
31.35
31.99
32.25
32.16
35.02
31.18
33.37
31.72
32.72
32.45
32.2
32.17
31.01
32.44
32.09
32.45
32.2
NA
NA
NA
NA
NA
31.45
33.43
31.83
32.03
31.43
32.83
31.83
NA
30.02
31.72
34.0
NA
NA
NA
NA
34.84
31.19
34.46
31.1
30.51
32.66
31.76
32.18
NA
31.18
33.18
31.98
32.18
33.08
31.98
32.08
31.97
32.34
31.04
33.14
32.57
35.1
32.8
31.15
30.61
32.04
32.33
NA
32.47
35.36
33.68
29.74
31.6
31.7
30.2
30.6
32.43
32.48
32.32
NA
NA
NA
NA
NA
NA
NA
32.68
32.38
34.05
32.84
32.32
32.11
32.6
30.12
31.96
NA
32.27
32.65
32.24
32.04
32.24
32.64
32.44
31.34
NA
31.78
31.84
31.55
33.25
35.66
33.66
NA
32.56
31.57
31.82
NA
NA
NA
NA
32.48
32.53
31.93
33.59
32.69
NA
34.35
NA
34.32
34.17
33.37
32.15
NA
NA
35.88
NA
30.69
32.57
NA
NA
NA
NA
31.85
32.12
32.42
32.36
32.37
31.42
32.66
32.2
32.86
30.35
31.26
31.49
31.25
56.54
NA
34.44
31.99
31.69
NA
32.05
32.42
31.51
32.12
32.88
35.97
NA
33.01
32.19
32.24
32.07
32.33
31.82
32.61
NA
33.24
32.24
32.32
32.85
32.08
32.3
NA
32.41
31.97
32.68
31.45
32.31
31.19
31.92
32.66
32.33
32.6
33.07
32.23
32.01
33.48
31.08
32.91
31.99
36.13
31.24
31.76
31.76
32.06
32.15
32.28
34.18
NA
NA
36.7
31.99
36.13
31.24
31.76
31.76
34.34
31.45
32.66
32.26
32.36
32.24
NA
32.83
32.55
32.79
31.89
32.35
31.95
32.22
31.56
32.25
30.99
NA
31.68
NA
34.75
NA
NA
33.91
NA
32.94
31.48
31.77
32.05
31.67
32.46
33.47
32.39
31.49
30.79
NA
31.15
31.78
31.51
31.9
32.06
31.14
32.04
32.34
31.38
32.56
30.73
NA
NA
33.25
33.25
32.13
31.81
31.92
31.68
33.18
33.97
32.33
32.03
31.18
NA
35.81
30.27
32.03
32.07
31.67
NA
NA
31.01
NA
NA
NA
NA
31.67
30.87
32.27
32.36
31.56
32.59
31.99
32.91
NA
32.7
NA
NA
34.55
32.65
31.22
31.7
31.22
33.12
32.06
32.15
NA
31.89
32.06
32.44
31.95
33.35
31.36
31.6
31.86
33.61
30.78
32.68
32.28
NA
35.1
31.12
32.23
32.76
32.61
30.31
31.51
31.91
32.49
30.39
31.39
31.19
31.99
32.06
30.96
29.86
NA
NA
33.36
32.01
31.43
31.95
32.55
30.39
33.26
34.21
33.19
NA
NA
30.56
33.96
32.06
31.86
31.18
32.43
NA
32.86
33.01
NA
32.22
32.23
31.32
32.28
31.61
31.91
31.56
NA
NA
33.08
32.23
30.44
31.46
32.3
32.31
31.61
35.56
30.99
31.49
32.93
35.13
30.23
32.63
31.36
31.78
30.31
31.68
31.95
NA
30.39
NA
31.99
NA
NA
NA
NA
NA
NA
32.81
32.69
31.17
31.52
31.92
31.02
32.42
31.14
32.27
31.19
32.21
33.15
30.96
34.21
NA
32.25
33.47
31.42
NA
31.58
33.91
NA
31.46
36.68
NA
32.85
31.79
29.51
31.83
34.75
32.24
32.53
NA
31.05
32.03
33.26
31.28
32.47
33.15
NA
31.98
31.89
31.72
31.1
32.12
31.19
32.66
32.69
31.69
31.46
33.66
32.96
32.46
33.16
33.54
33.4
32.02
NA
32.17
33.13
32.71
31.95
31.2
NA
NA
NA
NA
NA
NA
NA
NA
NA
NA
NA
NA
32.53
32.33
32.33
NA
NA
33.16
31.83
31.93
32.23
31.95
33.01
NA
32.45
32.24
NA
NA
NA
31.8
31.52
31.81
NA
31.0
32.25
33.14
32.43
29.31
31.84
32.19
32.47
34.57
35.21
31.8
31.85
32.38
32.01
31.89
32.25
32.56
32.28
32.7
32.15
32.27
33.55
32.95
NA
32.88
31.28
31.38
32.4
31.42
32.14
32.18
31.55
31.45
32.47
31.97
31.94
32.79
NA
NA
32.36
35.44
NA
33.09
31.67
31.76
30.99
31.99
32.91
32.25
32.65
32.99
30.37
31.94
NA
30.48
33.14
31.17
NA
32.8
32.49
32.27
32.11
33.58
31.62
32.33
30.62
31.41
32.18
32.19
32.08
NA
31.78
32.21
NA
NA
NA
NA
31.16
31.66
NA
31.65
NA
32.16
32.76
NA
31.48
NA
NA
NA
NA
NA
32.19
32.69
31.69
31.15
32.41
32.48
29.17
NA
33.99
32.39
32.39
32.89
32.57
32.27
31.1
NA
NA
32.25
31.81
31.47
31.2
31.48
NA
NA
NA
NA
NA
NA
NA
31.57
31.22
31.95
NA
32.15
32.4
32.6
32.2
32.8
NA
31.78
33.03
32.44
31.12
34.62
28.32
29.92
31.82
33.11
NA
31.61
34.79
32.62
NA
32.13
NA
31.72
31.85
34.44
32.08
35.2
32.1
33.4
32.07
32.57
32.27
31.86
NA
32.56
35.26
32.36
32.06
32.04
31.69
31.16
32.99
33.22
33.06
32.61
31.3
31.4
31.0
32.2
35.79
34.78
30.08
31.44
32.58
32.79
32.49
31.4
NA
30.5
32.03
32.81
31.51
31.93
31.6
33.69
33.09
32.5
31.38
33.48
32.88
32.24
32.08
31.76
32.22
31.56
31.29
34.39
NA
31.79
NA
31.44
32.36
33.42
34.68
32.34
32.72
32.83
32.51
NA
NA
NA
32.52
32.12
NA
32.16
32.63
33.48
31.28
36.81
32.34
28.5
30.74
32.26
29.46
31.37
32.08
32.91
35.9
32.17
32.51
34.68
33.01
31.55
32.98
32.3
32.15
31.0
35.4
29.2
31.6
NA
NA
NA
34.14
35.27
31.15
NA
31.28
33.75
33.8
31.49
31.46
NA
NA
32.32
34.52
31.78
31.59
32.89
32.85
NA
32.26
31.76
31.98
29.82
32.41
NA
32.13
NA
31.65
30.78
32.46
31.47
32.81
32.03
NA
NA
36.01
32.85
31.81
32.11
32.49
32.12
31.82
31.74
31.29
32.74
31.54
31.54
32.04
32.29
31.29
32.19
31.64
32.51
32.88
32.45
33.85
31.7
31.63
NA
32.0
31.71
33.51
32.79
32.21
33.45
32.19
32.42
32.29
30.51
32.38
31.85
32.34
35.42
35.48
33.18
32.16
30.28
NA
32.53
30.91
33.55
NA
33.5
31.72
35.09
NA
32.89
32.48
32.03
32.5
31.72
NA
32.89
31.55
NA
31.55
32.51
32.63
33.04
32.25
31.55
32.62
32.37
31.62
32.03
31.77
32.32
32.44
33.47
31.98
NA
32.02
31.84
32.37
32.54
NA
31.85
31.85
32.2
32.85
31.11
32.31
33.38
32.71
34.89
32.9
31.9
31.59
31.78
33.47
34.49
NA
31.11
NA
32.4
32.08
31.92
27.42
32.81
NA
32.73
32.18
32.25
31.32
32.89
32.88
33.19
32.58
31.78
31.5
32.26
30.88
32.48
32.41
33.33
31.38
34.77
31.51
33.2
33.28
31.48
32.47
33.85
31.32
32.36
31.26
31.06
32.71
NA
NA
32.32
32.58
32.32
NA
NA
NA
NA
32.66
34.26
29.71
33.53
32.64
31.79
31.87
NA
31.9
32.34
32.04
32.24
32.0
32.92
30.42
31.33
31.61
NA
31.61
31.26
32.47
32.6
32.2
32.09
32.29
31.96
33.57
33.76
NA
NA
NA
NA
31.72
32.3
34.1
31.5
32.8
28.7
32.35
33.41
32.75
34.95
NA
32.96
32.4
32.01
31.88
32.17
31.81
31.95
NA
NA
31.95
NA
29.84
29.84
31.89
NA
34.5
31.93
NA
32.49
NA
NA
NA
32.09
34.41
32.43
NA
NA
32.26
32.1
33.12
NA
31.7
29.38
33.36
30.29
30.85
31.69
31.85
31.87
31.22
31.3
31.7
32.24
30.04
35.94
31.64
31.64
32.44
32.64
31.89
32.52
NA
NA
31.97
35.82
31.5
32.65
32.38
32.58
NA
31.96
32.39
33.46
32.62
33.27
31.77
31.68
32.64
34.47
29.87
31.37
NA
NA
NA
31.89
32.24
32.87
32.75
32.78
32.31
34.0
34.51
34.54
35.86
33.21
33.01
33.01
32.16
32.49
32.34
NA
31.2
33.32
32.36
33.25
29.9
32.22
32.34
31.83
32.17
32.82
NA
NA
NA
30.62
34.28
32.33
31.59
32.09
NA
32.04
32.14
NA
NA
33.13
32.58
32.77
NA
NA
32.53
31.79
32.04
32.65
29.75
31.97
32.58
32.16
33.42
32.16
32.09
31.41
NA
NA
NA
31.34
33.17
32.05
31.94
35.16
32.01
35.05
32.96