63.28
62.81
NA
63.46
62.0
NA
63.43
61.25
60.87
60.89
62.99
62.29
62.9
62.81
62.92
61.96
62.96
61.86
61.32
62.88
63.63
62.97
63.52
62.77
NA
63.89
66.66
64.03
63.92
63.84
63.1
63.95
62.86
60.51
63.35
62.55
NA
62.12
62.03
61.53
62.25
63.74
63.96
64.14
62.48
62.51
62.61
62.46
62.27
62.64
62.64
61.82
64.71
62.19
62.78
62.94
63.74
62.7
63.68
61.09
63.33
61.67
61.65
63.08
61.99
61.88
62.73
62.93
63.98
62.82
64.45
61.76
62.75
65.12
63.02
62.27
64.5
62.25
61.07
62.02
62.45
NA
61.54
62.55
63.03
63.95
63.03
63.27
63.38
62.09
64.1
64.35
61.81
NA
NA
NA
63.16
62.91
63.72
65.44
62.86
62.02
64.64
62.99
63.45
60.8
63.18
61.75
62.0
61.82
63.32
62.28
62.62
63.41
62.25
62.16
61.73
62.44
62.61
62.1
NA
62.41
62.02
62.43
62.72
62.27
63.02
63.77
62.68
63.15
62.94
62.03
63.4
63.39
62.04
62.38
62.78
63.41
62.43
63.26
63.06
63.08
61.52
62.96
62.2
NA
62.16
62.16
62.92
62.81
62.15
61.83
62.13
62.35
61.99
62.98
62.17
62.67
62.06
63.21
61.51
62.75
62.87
62.62
63.23
61.92
62.39
62.58
62.46
61.99
61.14
62.69
63.61
61.94
62.67
62.31
63.07
61.96
62.8
60.99
65.33
62.22
62.09
62.87
63.03
63.4
62.4
62.37
61.82
62.97
62.2
62.62
62.88
62.02
63.0
62.41
62.97
62.9
61.97
62.87
62.69
62.22
62.83
63.25
62.12
62.39
63.51
65.18
62.13
62.57
62.5
61.91
62.06
63.11
62.45
61.73
62.31
NA
62.84
63.29
62.68
62.84
62.07
64.32
64.48
62.48
63.42
62.9
62.4
63.63
62.95
63.64
61.88
62.28
63.06
61.96
63.39
62.5
62.17
62.45
62.81
62.45
63.19
62.45
62.87
62.5
64.77
62.5
61.68
62.66
62.27
62.21
62.81
62.33
62.36
61.66
63.09
63.0
61.91
62.16
61.61
64.36
62.76
63.2
63.51
61.98
NA
62.42
62.98
61.18
62.48
63.4
63.03
63.69
60.22
67.84
67.83
62.64
63.16
62.24
61.39
61.88
62.2
62.47
63.52
62.31
61.39
65.34
NA
62.48
61.28
62.48
62.53
62.13
62.98
62.58
64.55
62.22
61.68
62.78
60.92
62.69
NA
NA
62.26
62.16
62.4
62.74
63.24
62.34
63.39
62.44
NA
62.25
62.71
62.34
63.36
63.05
64.03
61.94
64.03
62.39
62.13
62.39
62.26
62.83
63.63
NA
62.23
61.96
62.9
62.43
62.78
63.24
62.41
63.09
62.65
62.92
66.36
62.72
62.19
62.6
62.36
62.28
62.28
62.29
62.32
62.16
61.15
63.3
61.95
62.4
63.76
62.68
61.69
NA
NA
NA
61.39
63.17
63.42
62.57
NA
62.37
62.84
62.58
62.57
63.57
62.67
62.18
62.75
62.3
62.27
62.67
63.41
62.96
63.04
62.24
61.45
62.58
63.17
62.18
62.68
65.08
61.48
62.36
62.83
61.05
62.78
62.26
64.06
63.24
62.9
62.94
61.21
NA
62.91
63.29
62.8
62.27
60.55
62.99
60.97
64.78
63.69
63.42
63.53
63.36
62.68
62.6
62.57
62.48
62.48
63.64
63.42
63.21
64.83
63.1
63.2
62.69
62.21
62.73
62.52
NA
62.44
61.42
62.4
62.3
62.08
62.8
62.82
NA
61.08
62.3
62.02
NA
NA
NA
NA
NA
NA
NA
NA
NA
62.28
NA
61.73
NA
NA
63.09
63.09
62.69
63.23
62.62
63.26
NA
62.04
62.83
62.55
62.75
NA
63.43
62.95
NA
63.51
63.07
NA
63.62
62.83
62.51
62.69
62.63
63.2
63.95
61.98
62.65
62.87
64.27
62.47
63.77
62.6
62.49
63.03
63.48
64.36
62.93
62.89
61.94
62.46
62.09
61.83
61.72
62.92
60.77
62.53
63.37
64.38
62.81
63.0
61.88
63.84
61.84
63.15
62.55
NA
57.37
63.0
61.83
63.03
63.03
62.03
63.43
62.33
67.02
62.72
62.84
64.0
62.87
62.27
64.47
63.47
62.82
62.3
63.04
62.21
61.71
62.46
61.76
62.08
63.88
61.28
63.18
62.58
62.88
63.18
62.58
63.18
64.77
62.84
61.84
63.64
63.07
61.8
61.6
61.85
61.51
63.94
NA
62.37
63.48
61.36
61.28
63.28
61.9
61.1
61.3
62.8
61.93
63.08
62.72
62.89
62.1
62.89
62.14
63.29
62.09
NA
63.48
62.38
64.23
62.16
60.31
62.51
62.91
61.62
62.98
NA
63.31
62.27
62.64
63.24
63.34
61.94
62.24
63.14
63.54
62.22
62.36
63.08
61.19
60.76
62.36
62.96
62.96
62.04
62.43
62.0
62.13
63.68
62.96
63.62
64.63
62.83
62.99
62.99
NA
62.33
NA
62.3
63.17
61.77
60.34
61.75
63.15
61.2
NA
62.78
64.34
61.04
NA
NA
63.37
62.06
61.82
62.32
63.86
61.97
63.02
62.3
63.34
62.43
62.01
63.32
62.32
63.62
61.7
63.03
62.67
62.4
63.31
61.99
62.58
60.36
63.71
63.31
62.28
62.34
NA
62.22
62.33
63.59
63.36
64.56
66.67
61.64
NA
62.54
63.34
62.86
62.63
62.68
62.54
NA
62.62
63.04
62.78
62.45
62.53
60.76
64.62
63.19
62.27
61.76
63.28
62.88
61.31
62.78
63.58
63.11
63.93
61.89
63.99
62.3
64.13
62.96
63.05
62.49
62.22
NA
NA
59.36
63.93
61.89
63.99
62.3
64.13
65.15
62.25
63.96
62.66
62.36
62.63
NA
62.33
60.52
63.57
62.82
63.14
64.38
62.49
61.92
62.42
62.42
NA
64.19
63.55
63.15
63.75
63.66
62.18
63.2
62.09
61.37
60.08
63.61
62.99
64.46
62.97
63.56
61.33
62.0
NA
61.37
62.71
61.17
63.24
63.02
62.64
62.44
64.64
64.88
62.18
63.62
61.23
62.33
61.35
62.45
63.35
63.24
63.78
63.48
63.18
62.41
62.73
63.35
63.27
NA
66.05
65.87
62.39
63.02
NA
NA
NA
65.8
62.77
NA
NA
NA
62.37
60.37
62.37
62.06
62.46
63.29
65.04
62.93
NA
63.47
63.85
62.01
63.09
63.09
63.09
63.56
63.56
62.61
60.41
60.34
62.15
63.21
60.41
63.54
63.65
61.75
61.98
61.76
62.96
63.13
63.63
62.78
63.38
NA
59.71
63.7
62.75
62.39
62.51
62.01
63.31
62.21
62.09
62.09
63.39
63.19
63.09
NA
61.8
62.36
NA
61.92
62.01
62.88
64.1
61.75
61.35
61.12
62.29
62.23
62.43
NA
NA
62.06
62.86
61.96
61.96
61.06
63.56
NA
61.47
60.86
63.0
63.82
63.95
62.51
63.68
61.98
63.15
62.86
62.97
NA
61.52
63.19
60.8
60.97
63.54
62.79
62.53
62.03
63.67
62.99
62.63
62.93
60.13
63.83
62.46
64.59
60.79
62.15
63.67
62.89
60.59
62.09
63.19
63.47
62.1
61.56
NA
61.67
62.27
62.96
62.53
61.49
66.02
62.62
60.72
62.62
62.59
64.41
62.41
64.5
63.61
62.06
60.75
64.06
63.05
61.88
62.68
NA
63.66
61.24
64.76
62.77
64.28
62.88
61.75
62.44
61.65
63.22
63.34
63.9
62.93
NA
62.45
63.02
63.06
62.16
63.21
62.35
NA
63.98
62.76
62.05
62.96
62.61
62.73
62.2
62.79
63.09
63.66
62.36
61.96
60.76
62.26
63.21
63.03
63.99
NA
62.94
62.9
61.61
63.07
63.63
64.56
62.93
64.51
64.64
62.77
64.53
64.62
62.74
64.51
NA
NA
NA
63.53
61.03
62.73
NA
NA
63.1
62.35
64.28
62.96
62.01
64.31
60.65
64.18
61.84
62.92
62.36
61.45
63.33
63.06
63.01
62.32
61.53
63.09
61.52
62.03
63.44
62.34
63.89
61.93
62.67
61.54
62.36
63.45
62.54
63.49
62.76
63.75
62.02
62.4
62.45
62.05
62.0
62.55
63.25
62.18
62.98
64.18
63.28
64.3
62.53
62.2
62.29
64.05
62.85
63.97
63.27
61.76
61.64
62.25
NA
61.37
62.27
61.95
63.09
62.96
62.03
62.35
63.02
62.31
62.97
62.35
63.34
61.63
62.21
NA
62.11
62.49
61.65
62.9
63.8
62.77
62.23
62.58
62.86
62.68
62.34
61.46
63.14
62.98
62.18
61.29
NA
61.99
62.81
62.25
63.02
NA
NA
62.56
64.96
61.58
62.85
NA
62.76
63.28
62.67
62.79
64.85
64.51
61.56
64.21
63.09
62.59
63.79
63.29
63.88
62.86
63.06
63.33
61.96
61.59
62.99
63.09
63.19
62.77
62.23
61.87
NA
NA
63.72
61.71
65.04
62.3
61.59
NA
NA
NA
NA
NA
NA
NA
61.46
60.77
62.85
62.15
60.95
60.3
63.4
61.6
63.7
NA
62.48
62.64
63.74
63.22
61.72
61.72
63.02
62.92
62.71
NA
64.21
59.99
62.43
64.11
61.98
NA
62.39
61.29
63.49
60.48
61.7
62.0
61.7
61.87
62.87
63.57
64.02
62.66
62.16
61.86
62.26
63.19
63.17
62.69
63.02
61.58
62.31
62.71
62.59
63.3
62.3
63.0
62.6
61.72
61.4
61.81
61.25
62.0
62.59
62.69
63.43
NA
62.3
62.53
63.81
63.41
62.18
63.54
62.69
63.49
63.39
63.35
62.48
63.18
62.83
62.98
64.3
62.12
61.95
63.87
61.49
NA
61.79
NA
61.18
62.16
65.32
62.81
62.79
62.81
62.44
62.32
NA
NA
NA
61.53
62.45
NA
NA
63.67
61.9
63.34
59.11
61.61
60.39
61.25
64.65
61.68
62.7
62.19
64.61
63.65
63.86
63.2
62.46
61.25
63.0
63.66
63.75
62.55
63.3
61.6
61.9
64.2
63.83
NA
62.04
63.84
62.77
61.03
63.6
63.36
62.07
62.9
64.16
63.86
NA
62.02
63.12
62.72
62.58
61.18
62.68
61.65
61.96
62.86
63.46
62.25
59.95
62.21
64.25
62.95
NA
61.48
60.44
63.8
62.2
62.97
63.53
62.13
NA
62.31
63.05
63.81
62.11
64.25
63.23
62.76
61.24
60.51
61.24
63.24
62.84
62.44
61.59
62.89
62.99
62.44
61.61
63.2
62.92
62.6
62.34
63.22
NA
62.8
64.1
61.9
62.44
64.55
62.46
63.45
64.87
62.16
62.08
61.12
62.91
66.04
61.38
61.15
64.88
64.33
64.63
NA
62.14
63.05
63.08
NA
61.29
62.91
62.16
62.47
63.49
61.71
62.53
64.02
63.12
62.49
62.41
63.35
63.55
63.15
61.52
63.76
63.04
62.44
62.55
63.54
62.0
61.93
60.42
61.16
62.16
62.04
61.94
62.4
NA
62.67
64.71
64.08
63.44
NA
62.42
63.08
62.0
63.32
63.61
61.94
62.47
64.81
62.69
62.0
63.8
62.53
61.6
61.55
61.19
NA
62.82
62.49
62.17
63.78
61.92
61.32
62.84
62.9
63.05
62.92
63.19
62.91
62.53
62.45
62.83
62.89
62.94
63.05
63.14
63.96
62.24
65.24
62.1
62.27
63.11
62.26
63.08
62.6
63.02
61.71
62.26
62.36
62.09
62.69
62.13
NA
63.21
64.25
62.14
62.89
62.09
NA
NA
NA
NA
63.46
62.91
62.05
62.3
61.37
61.87
63.12
63.18
61.65
62.94
63.24
63.84
63.21
62.33
61.91
63.3
62.25
NA
63.04
62.26
63.13
62.98
62.93
63.11
62.95
62.64
62.76
61.85
62.81
NA
NA
61.97
63.31
62.7
63.4
62.5
63.3
62.3
61.97
62.45
64.84
62.72
NA
61.2
62.91
62.99
62.6
62.74
61.56
63.27
62.8
61.52
63.01
NA
61.75
62.28
63.08
63.3
62.56
62.07
NA
62.99
NA
NA
NA
62.39
62.9
62.73
NA
62.12
61.3
62.48
62.89
60.77
62.32
61.22
63.03
61.11
62.07
62.12
63.17
62.47
62.76
61.7
61.9
62.44
61.34
61.54
64.04
61.84
62.94
62.54
62.14
62.22
61.65
63.04
62.02
61.42
63.5
62.77
61.82
63.45
NA
61.76
62.87
62.27
62.21
61.77
62.47
63.4
62.4
61.27
61.67
63.07
NA
NA
NA
62.96
62.39
62.18
62.79
63.35
62.61
62.68
62.77
62.95
61.46
62.81
63.21
62.51
63.61
63.19
62.91
62.24
63.53
63.44
62.96
62.22
63.2
62.56
63.04
62.93
63.27
62.82
NA
NA
NA
61.82
62.71
62.48
62.69
62.79
65.74
62.74
63.44
63.73
NA
62.41
62.42
63.45
NA
NA
61.12
62.6
60.38
62.45
56.25
61.78
61.18
63.71
62.92
62.66
66.79
62.54
62.08
61.56
NA
61.31
62.07
62.96
63.04
61.63
63.16
61.78
62.06