175.78
176.31
NA
176.43
176.07
NA
NA
NA
NA
NA
176.33
173.38
175.41
176.13
NA
175.71
174.02
175.81
NA
175.49
178.07
175.92
175.82
174.72
175.12
176.53
175.54
177.42
175.06
174.51
178.69
177.66
176.14
175.33
174.51
177.28
NA
NA
NA
173.89
175.07
176.41
175.13
177.25
177.39
174.09
178.18
174.98
177.13
174.34
177.12
NA
175.52
176.8
175.46
175.79
177.03
176.52
177.61
NA
172.78
NA
175.3
176.37
176.23
NA
NA
NA
175.53
177.09
173.86
175.58
175.64
177.01
177.17
177.52
174.53
NA
175.86
176.38
NA
NA
NA
NA
NA
NA
NA
NA
NA
175.47
175.12
179.19
178.27
NA
NA
NA
178.31
177.42
176.48
177.83
175.2
174.71
176.97
175.39
175.55
NA
174.31
175.49
177.39
176.23
174.33
177.38
177.77
175.84
176.44
175.17
178.27
175.61
175.62
174.63
NA
NA
NA
NA
173.01
176.66
176.67
176.83
174.76
175.79
176.33
174.1
176.62
174.95
177.41
NA
176.6
174.95
176.52
178.16
175.75
NA
176.74
176.42
173.04
NA
173.3
176.17
NA
175.89
175.48
174.78
NA
177.76
177.49
176.12
NA
175.74
175.94
177.48
178.12
177.93
175.57
176.09
175.11
NA
176.8
177.44
175.73
179.15
NA
177.88
175.26
177.79
174.18
176.34
176.43
175.02
175.77
176.78
176.69
176.37
176.17
175.53
176.14
176.15
176.36
175.66
176.27
176.07
176.44
176.13
176.61
176.24
176.45
176.88
175.44
177.26
175.89
177.05
175.41
174.65
175.52
175.67
177.64
176.19
174.97
176.72
176.05
174.34
175.49
174.45
177.35
174.42
176.23
176.89
175.05
NA
178.06
173.75
176.17
175.98
NA
176.24
177.8
176.25
NA
177.26
176.74
177.13
177.2
177.51
176.57
173.33
177.49
176.26
175.81
176.6
175.03
177.42
176.62
177.58
177.78
177.38
175.75
173.83
NA
177.24
NA
175.91
174.17
177.7
175.77
NA
177.78
178.36
176.91
176.95
176.68
NA
174.41
175.67
175.74
175.96
176.35
175.49
NA
175.5
177.65
176.08
NA
177.1
175.93
175.68
NA
NA
NA
174.55
NA
175.61
NA
NA
175.57
173.84
176.27
175.43
NA
176.64
NA
174.54
175.95
173.9
176.64
178.04
NA
NA
174.1
NA
NA
NA
174.58
NA
NA
NA
NA
NA
175.27
175.36
174.26
176.46
176.8
175.45
NA
177.62
176.29
176.75
175.7
176.9
175.44
175.02
176.06
NA
NA
NA
NA
173.87
174.07
174.81
177.68
175.9
NA
174.4
175.99
174.55
176.34
176.85
173.73
173.2
176.87
175.71
178.22
175.15
175.28
176.93
176.93
176.92
176.92
177.12
174.39
175.19
175.19
176.96
175.66
175.5
180.62
177.18
NA
NA
174.78
176.5
176.9
175.62
NA
177.69
176.15
176.8
NA
NA
NA
175.82
176.51
176.13
175.2
175.06
175.93
176.57
176.05
176.03
NA
NA
NA
NA
NA
NA
NA
NA
174.61
176.8
177.03
174.56
NA
NA
NA
173.93
177.48
NA
NA
NA
177.03
174.56
NA
174.04
174.75
175.6
176.34
176.04
NA
NA
NA
NA
NA
NA
NA
NA
NA
NA
176.79
173.79
NA
NA
NA
NA
NA
NA
NA
174.53
176.32
175.76
NA
NA
NA
NA
NA
NA
NA
NA
NA
NA
NA
NA
NA
NA
NA
NA
174.22
176.82
173.72
NA
NA
NA
NA
NA
174.91
174.43
176.62
NA
174.35
176.1
176.15
NA
NA
NA
NA
NA
NA
NA
NA
NA
NA
176.19
NA
NA
175.83
172.97
177.48
NA
175.28
177.28
173.28
175.78
176.09
176.92
175.04
176.0
178.35
174.86
176.11
176.09
174.23
175.47
173.82
174.94
177.14
175.17
175.96
176.19
177.65
NA
NA
NA
176.1
174.57
NA
NA
NA
175.14
NA
172.94
179.54
175.84
173.14
176.84
177.54
176.68
176.38
NA
NA
176.24
177.14
178.14
176.54
177.07
174.57
177.13
174.63
NA
177.63
174.93
NA
NA
NA
NA
177.2
176.2
175.4
177.2
NA
173.76
174.95
NA
175.75
NA
NA
NA
NA
176.39
175.15
NA
NA
NA
176.34
176.25
172.24
NA
NA
NA
NA
NA
NA
177.04
NA
NA
NA
NA
NA
NA
NA
176.02
175.22
177.54
174.79
176.25
176.08
NA
NA
NA
NA
NA
NA
176.22
176.92
176.72
175.82
176.72
174.32
176.74
NA
NA
NA
175.37
NA
NA
NA
NA
NA
NA
NA
NA
NA
NA
NA
176.25
176.65
177.38
175.48
NA
NA
NA
NA
177.05
176.95
NA
176.94
176.14
176.02
NA
176.54
174.66
174.11
NA
NA
177.31
175.38
NA
NA
176.95
NA
174.25
NA
NA
174.58
175.53
178.56
177.13
175.38
173.55
176.55
176.85
174.89
NA
NA
NA
NA
NA
176.49
177.08
175.51
NA
174.13
176.31
176.33
176.68
177.27
179.11
176.74
NA
173.38
175.88
175.77
178.32
NA
NA
NA
NA
NA
176.44
NA
176.36
175.21
173.35
NA
NA
NA
NA
175.54
NA
174.3
174.9
NA
175.86
175.32
175.55
174.76
175.81
NA
NA
175.55
173.5
NA
NA
176.44
175.86
175.32
175.55
174.76
175.81
NA
NA
NA
NA
NA
175.65
NA
176.46
NA
176.6
175.9
177.06
NA
175.94
176.28
NA
NA
NA
174.7
NA
NA
NA
NA
NA
NA
NA
NA
NA
NA
NA
176.51
NA
NA
NA
177.96
NA
174.88
176.42
176.05
174.46
174.54
173.97
174.57
177.57
177.86
180.1
176.29
174.41
176.75
174.56
176.76
176.8
176.6
177.27
173.75
NA
175.01
NA
NA
NA
NA
NA
NA
NA
176.81
176.61
NA
NA
173.67
176.31
NA
NA
NA
NA
NA
NA
176.5
174.3
176.71
176.57
NA
NA
NA
NA
NA
NA
NA
NA
NA
NA
NA
NA
NA
NA
176.68
NA
178.77
174.87
173.97
176.09
175.69
NA
NA
NA
NA
NA
NA
171.29
176.35
178.43
176.58
174.57
175.47
178.37
176.87
174.57
175.57
178.47
176.17
175.27
NA
NA
176.05
NA
174.63
176.63
175.97
174.1
NA
NA
NA
NA
NA
NA
NA
NA
NA
NA
NA
NA
175.01
177.51
NA
176.33
NA
NA
175.53
177.12
175.54
172.63
177.12
176.41
176.0
176.48
NA
175.23
177.33
177.73
NA
NA
NA
NA
NA
NA
NA
175.31
175.11
176.11
176.71
176.78
175.17
175.21
178.2
176.99
175.31
175.16
178.3
177.06
175.86
175.03
176.26
NA
175.87
175.62
179.37
173.87
176.96
NA
NA
NA
NA
NA
NA
NA
NA
NA
NA
175.42
NA
175.3
177.05
177.4
NA
176.76
175.32
176.06
176.74
176.19
NA
176.85
176.18
176.53
NA
177.02
175.52
175.19
NA
177.24
176.28
175.34
177.48
176.12
176.37
NA
175.37
177.95
176.34
176.61
176.95
176.64
177.37
175.55
177.95
NA
NA
NA
NA
174.78
176.43
176.25
175.82
NA
NA
NA
177.09
175.93
177.53
NA
NA
NA
NA
NA
NA
NA
NA
NA
NA
NA
NA
176.47
176.27
174.47
176.36
176.25
175.41
177.12
177.22
177.36
176.87
173.52
175.57
175.17
176.5
175.84
177.23
175.42
NA
NA
174.68
NA
174.97
175.43
175.36
175.08
173.94
176.34
172.99
177.39
175.94
174.7
177.08
NA
178.12
175.15
177.95
176.48
175.53
NA
NA
175.26
176.17
174.55
NA
NA
176.85
177.35
175.4
175.53
176.07
NA
NA
NA
176.52
174.31
176.11
NA
NA
NA
NA
NA
NA
NA
175.57
175.84
177.85
NA
175.35
176.93
174.6
178.42
176.85
179.63
177.26
NA
177.3
174.99
175.28
NA
NA
176.02
177.19
NA
NA
NA
175.35
178.35
176.1
NA
173.98
176.36
NA
176.67
174.96
178.04
175.72
NA
178.43
174.91
177.41
176.08
NA
NA
172.46
175.46
173.43
175.75
NA
175.83
174.01
177.06
176.13
175.63
176.93
177.43
174.52
NA
NA
NA
NA
176.58
174.08
174.98
175.58
NA
NA
NA
NA
NA
175.05
176.85
NA
175.65
177.15
177.82
NA
177.42
177.4
178.31
177.1
NA
175.92
176.16
176.75
175.91
176.19
177.39
176.59
173.79
177.29
NA
NA
179.0
175.93
176.4
175.4
173.3
173.6
NA
175.56
NA
176.39
176.03
NA
176.46
174.71
NA
177.73
177.33
176.11
NA
NA
NA
NA
176.2
173.4
176.3
176.85
176.47
176.37
175.31
178.01
NA
174.44
177.19
174.32
177.46
175.52
176.88
175.72
NA
NA
NA
NA
173.8
NA
NA
NA
175.41
176.17
175.97
173.95
NA
173.91
176.58
175.96
176.16
176.31
NA
174.44
NA
177.55
175.75
174.55
NA
175.7
177.0
175.92
176.76
176.33
176.89
176.32
NA
177.62
NA
174.7
NA
175.91
174.86
177.01
175.77
175.93
NA
NA
NA
NA
175.8
176.08
174.39
174.79
173.93
NA
NA
173.94
176.69
173.79
175.03
175.22
177.55
175.18
175.67
173.97
175.48
176.74
178.9
176.63
NA
176.69
175.98
NA
175.67
174.15
175.65
173.75
176.85
176.11
NA
172.97
175.57
176.19
177.8
175.82
176.92
176.34
176.07
NA
NA
NA
NA
NA
NA
174.25
178.32
175.43
180.64
NA
175.29
175.09
NA
NA
NA
176.5
175.5
NA
177.19
NA
172.26
177.61
175.16
175.74
176.74
NA
175.5
176.1
176.3
176.6
176.34
179.47
176.45
175.85
176.08
NA
NA
NA
NA
NA
NA
NA
174.17
175.82
176.28
176.39
176.72
177.26
176.4
176.65
NA
175.01
NA
NA
177.79
177.97
174.86
177.2
176.18
175.34
174.35
175.8
175.49
175.9
177.5
175.81
176.37
173.92
NA
177.72
174.55
NA
NA
177.08
176.27
176.15
174.96
NA
175.89
175.71
176.83
176.42
175.65
177.24
NA
NA
NA
176.71
177.25
176.29
174.26
177.05
175.45
175.35
175.05
175.91
NA
175.5
177.53
174.34
175.98
NA
NA
174.06
177.4
175.41
NA
NA
NA
175.79
176.1
174.77
176.71
174.37
175.24
175.13
NA
NA
NA
177.04
176.12
176.25
175.65
NA
NA
NA
NA
NA
NA
175.2
174.2
175.76
177.17
175.57
177.17
176.67
176.67
176.87
177.27
176.77
176.76
176.23
177.44
175.87
176.77
174.92
177.07
175.93
176.56
177.02
NA
NA
NA
NA
176.23
177.02
175.78
177.8
NA
NA
NA
NA
NA
NA
NA
174.11
174.65
NA
NA
175.96
175.08
NA
171.34
175.75
177.29
NA
NA
178.36
NA
174.86
176.26
NA
NA
NA
NA
NA
173.53
175.02
176.08
176.09
NA
NA
NA
NA
175.12
NA
174.94
173.17
175.41
175.42
175.87
175.29
178.99
174.29
176.39
175.59
176.71
174.37
175.24
175.13
NA
176.08
179.7
176.69
NA
177.38
NA
176.56
174.49
NA
NA
NA
NA
NA
176.77
176.58
175.04
177.18
NA
175.82
NA
NA
NA
NA
NA
174.76
NA
NA
NA
174.66
176.37
NA
177.37
174.17
175.4
NA
177.31
176.82
175.62
175.3
NA
NA
178.36
176.31
NA
174.0
175.62
176.72
176.62
176.12
174.22
177.35
175.44
175.84
174.2
173.24
173.22
175.45
180.71
174.4
NA
NA
175.08
175.33
174.09
177.26
173.46
176.9
176.02
175.3
175.3
176.5
NA
NA
NA
NA
NA
NA
NA
NA
176.21
175.57
177.35
177.19
174.64
174.09
174.39
176.59
NA
NA
NA
NA
NA
NA
NA
NA
176.39
NA
175.67
NA
NA
NA
NA
NA
NA
174.74
176.1
175.49
NA
NA
NA
NA
NA
NA
NA
NA
NA
NA
175.87
176.09
NA
NA
NA
177.54
177.64
175.39
175.66
176.66
176.24
175.99
174.79
177.21
NA
NA
NA
NA
NA
176.57
NA
NA
NA
NA
NA