32.07
31.99
NA
34.18
31.98
31.99
NA
32.83
32.14
NA
31.67
32.05
32.72
32.77
31.97
NA
32.0
31.71
32.72
30.11
33.64
32.17
32.05
31.88
31.71
34.03
NA
NA
NA
30.49
31.01
30.38
31.77
32.23
31.9
34.62
32.7
32.74
32.26
32.66
32.21
32.32
32.28
32.42
NA
29.85
32.09
NA
NA
NA
32.0
32.91
NA
31.83
28.99
32.54
31.5
32.18
32.44
NA
31.91
32.26
31.52
32.22
NA
31.4
32.13
32.33
NA
30.95
32.1
33.35
32.24
32.08
NA
32.04
32.17
30.84
32.34
33.27
32.53
32.18
32.29
32.44
31.14
32.06
30.86
31.93
31.67
31.75
31.95
31.92
NA
NA
32.01
31.83
31.82
NA
32.6
NA
31.7
31.86
NA
32.11
31.64
31.94
32.02
NA
31.92
NA
32.26
NA
NA
31.95
32.95
NA
NA
NA
32.04
31.88
32.1
32.19
NA
32.97
NA
31.97
30.71
31.98
NA
NA
NA
31.51
32.18
31.93
NA
31.78
32.32
32.29
NA
NA
NA
NA
31.47
31.6
27.72
32.26
30.65
32.8
NA
NA
32.91
NA
30.62
33.8
32.08
30.97
31.99
32.73
32.27
32.51
31.34
31.83
31.93
NA
32.15
32.12
30.57
31.89
NA
32.44
NA
32.76
NA
34.17
30.97
31.63
NA
34.93
35.04
31.63
29.94
32.15
31.92
32.62
32.48
NA
NA
32.24
32.03
NA
31.92
31.39
32.2
NA
31.99
31.13
32.58
32.62
32.19
31.04
32.41
32.04
32.25
32.74
32.47
32.1
31.72
33.55
31.51
NA
32.0
NA
32.0
NA
31.94
NA
NA
31.7
NA
31.72
31.76
NA
32.25
32.29
32.5
NA
NA
NA
32.24
30.92
32.08
32.8
32.57
31.8
32.02
34.07
32.35
32.42
NA
32.24
31.81
NA
NA
32.1
31.59
NA
32.15
30.39
32.32
31.8
31.99
32.37
30.46
31.54
31.77
NA
32.44
NA
31.59
32.13
32.19
30.64
32.19
32.13
32.08
32.2
31.99
31.82
31.31
NA
32.53
NA
NA
31.85
31.65
32.67
NA
NA
NA
31.89
30.86
32.24
32.17
32.28
32.25
32.0
32.17
32.0
31.3
NA
31.88
32.45
31.64
32.46
NA
32.32
31.79
31.66
31.52
31.74
32.05
NA
NA
NA
31.08
32.07
31.9
32.15
31.96
32.3
31.45
32.48
32.0
NA
32.56
32.23
NA
31.92
NA
NA
27.6
31.44
NA
32.76
32.0
NA
32.61
33.47
32.07
31.92
32.28
31.75
31.61
31.77
NA
31.06
32.28
NA
32.59
32.7
NA
32.28
NA
NA
32.02
32.15
32.39
NA
32.33
31.25
30.46
33.06
32.34
32.61
31.12
32.28
32.15
32.06
32.05
NA
NA
NA
31.94
NA
NA
27.45
32.05
31.95
32.14
32.64
NA
32.71
32.23
31.66
NA
NA
31.81
30.68
31.92
32.15
32.3
31.14
32.52
32.56
32.17
31.6
32.24
32.41
31.15
31.39
NA
31.69
NA
31.15
31.08
32.06
32.17
32.42
31.75
31.43
31.68
NA
NA
NA
31.62
31.16
32.03
30.44
34.57
NA
29.84
32.12
NA
30.49
32.2
NA
31.61
NA
30.18
31.86
32.11
32.11
32.53
30.95
32.18
NA
30.59
31.85
31.64
NA
31.94
NA
31.91
32.03
NA
32.36
31.96
NA
32.23
32.23
31.98
31.99
32.35
31.34
32.14
33.1
32.56
32.35
31.9
31.88
32.7
32.95
32.08
32.08
31.83
31.85
32.34
31.74
NA
NA
32.08
31.99
NA
31.91
32.08
30.62
32.0
NA
31.97
NA
29.5
NA
NA
NA
NA
NA
NA
31.86
31.74
31.86
31.16
30.63
NA
31.76
NA
31.98
32.2
NA
32.2
32.35
31.6
33.84
NA
30.18
32.06
31.04
NA
31.77
32.09
NA
NA
32.2
32.28
NA
32.05
NA
32.05
31.42
32.92
31.28
NA
32.35
32.22
32.19
32.33
NA
NA
31.53
31.83
NA
31.98
NA
31.93
NA
31.71
30.92
NA
32.29
31.96
31.97
NA
32.5
31.18
32.09
NA
32.13
31.77
32.2
31.88
NA
32.0
30.69
31.6
NA
NA
32.01
NA
31.78
NA
31.21
29.97
31.04
NA
NA
32.02
31.83
NA
32.72
31.53
NA
31.97
31.99
32.01
NA
32.42
31.89
NA
31.82
NA
32.16
32.0
31.92
32.39
30.91
32.51
NA
32.14
32.75
NA
NA
32.11
NA
32.18
31.33
30.59
31.77
32.01
32.67
32.46
33.66
32.34
NA
NA
30.51
31.89
NA
31.99
32.0
32.05
31.7
30.86
32.0
32.14
31.33
32.17
NA
32.79
NA
30.61
30.14
32.41
32.0
NA
NA
31.98
31.43
NA
NA
31.6
NA
30.78
32.48
NA
31.02
31.56
NA
31.98
32.28
32.63
NA
29.97
32.61
NA
31.85
31.57
31.71
NA
NA
32.05
33.02
31.47
NA
31.01
31.7
NA
32.16
32.03
31.95
32.66
NA
32.05
NA
32.2
30.8
NA
NA
31.79
31.77
31.3
NA
31.55
NA
32.12
32.33
NA
32.0
NA
31.49
NA
27.7
31.81
31.75
32.29
30.77
31.81
NA
NA
31.6
32.35
30.76
31.03
NA
NA
32.04
31.65
32.05
NA
33.33
31.89
NA
NA
31.5
NA
31.75
31.6
32.23
NA
NA
31.86
30.13
30.68
32.45
NA
32.59
31.9
NA
32.25
31.84
30.72
NA
NA
NA
31.98
32.03
31.09
32.03
NA
31.75
34.28
32.07
32.12
31.75
31.29
31.71
NA
32.78
NA
31.66
31.94
NA
32.08
32.3
31.92
32.57
32.21
31.1
32.1
32.2
32.11
32.05
32.33
31.8
31.42
32.59
31.31
32.32
NA
31.81
31.47
31.82
32.8
31.93
32.61
31.31
32.21
31.21
31.05
34.33
32.14
NA
32.54
31.29
31.96
NA
NA
32.0
32.13
32.71
31.27
31.99
31.86
31.26
31.96
NA
32.77
32.66
32.71
31.9
32.44
29.94
31.16
32.32
31.25
32.44
34.28
30.75
32.12
31.66
32.15
32.63
31.14
32.29
31.41
33.7
32.14
32.02
31.59
32.26
31.72
32.81
31.92
32.27
32.29
31.85
31.06
31.9
31.13
31.98
31.98
32.32
31.47
32.31
32.41
NA
31.34
32.66
31.87
NA
31.14
33.23
31.78
31.14
32.16
31.38
32.32
32.32
31.0
33.85
31.67
NA
30.51
NA
31.48
31.97
31.56
32.22
31.88
NA
31.28
31.8
30.65
NA
31.32
32.28
31.81
30.53
31.87
31.79
31.95
32.67
31.29
NA
34.8
32.34
NA
32.23
32.15
32.01
30.75
31.9
NA
NA
31.47
31.83
NA
32.11
33.04
31.79
30.56
30.86
32.09
32.16
31.95
NA
31.65
32.01
32.44
32.07
NA
NA
NA
32.03
33.03
32.33
33.71
NA
31.95
NA
32.57
30.83
33.54
NA
NA
32.1
31.52
31.69
32.13
31.99
NA
NA
32.24
31.88
NA
32.19
31.1
NA
31.99
32.17
33.26
30.37
NA
31.87
30.04
31.7
32.25
32.57
NA
NA
32.21
32.76
31.39
32.81
30.92
NA
32.26
32.45
31.58
31.66
33.1
NA
NA
31.83
NA
32.15
31.67
NA
NA
NA
NA
32.05
31.76
31.88
32.38
32.59
31.96
31.12
31.84
31.32
NA
31.81
31.96
31.84
31.13
NA
31.84
31.95
31.92
30.89
NA
31.81
31.92
31.96
31.14
30.5
31.79
32.04
NA
31.91
31.47
NA
31.9
31.2
31.95
34.61
30.79
31.43
30.82
31.9
32.16
31.66
32.41
31.09
31.6
29.73
30.12
30.5
30.2
31.65
31.94
32.58
31.36
31.62
NA
33.13
31.91
NA
NA
NA
NA
NA
31.8
31.79
31.93
31.99
NA
NA
NA
NA
NA
NA
31.55
NA
31.66
32.84
31.54
32.71
32.2
32.07
31.73
31.84
NA
32.3
32.9
32.36
32.33
33.83
34.03
31.54
NA
NA
32.54
31.45
NA
31.72
NA
33.12
31.99
31.58
31.71
32.21
32.65
32.29
32.04
30.93
31.92
31.62
NA
31.96
32.1
31.8
31.15
NA
31.65
NA
NA
NA
NA
NA
NA
NA
28.49
NA
31.76
NA
31.87
32.32
32.55
32.15
31.88
32.25
31.79
NA
NA
NA
NA
NA
NA
NA
NA
32.08
31.58
31.78
31.55
32.15
32.25
30.99
32.06
31.82
NA
NA
NA
NA
32.77
34.17
NA
31.68
NA
32.02
32.28
31.86
31.88
31.94
31.92
32.01
32.84
32.62
30.37
32.24
35.8
32.14
31.94
NA
32.24
31.74
31.64
31.64
NA
NA
NA
33.81
31.65
31.35
NA
NA
NA
NA
NA
31.98
31.4
32.01
30.75
32.06
32.36
32.66
32.11
32.2
31.85
31.56
31.84
32.24
32.44
31.94
30.82
31.64
31.64
27.63
31.33
29.8
32.39
31.82
32.21
31.53
NA
34.1
NA
30.94
32.32
NA
32.22
31.92
31.96
32.0
31.93
32.82
30.25
31.55
32.65
32.05
NA
32.17
30.97
33.57
32.74
31.61
31.88
31.38
31.68
31.7
31.74
32.11
31.8
NA
32.21
30.36
31.88
32.12
31.87
31.84
33.58
32.68
32.77
31.92
NA
NA
32.16
NA
NA
31.8
31.82
NA
32.79
32.05
32.37
33.68
30.15
32.07
35.83
32.07
32.06
NA
NA
NA
NA
NA
NA
NA
NA
NA
NA
NA
NA
NA
NA
NA
NA
NA
NA
NA
NA
NA
NA
NA
NA
NA
NA
NA
NA
NA
NA
32.99
NA
33.27
31.18
32.93
NA
32.32
31.46
31.79
31.39
32.08
32.9
NA
NA
33.08
NA
31.79
NA
32.52
31.8
32.43
32.8
32.29
NA
NA
NA
NA
NA
31.67
31.73
31.73
28.81
NA
31.73
32.32
32.32
NA
NA
31.45
NA
31.89
31.9
NA
31.35
28.12
31.79
31.8
32.1
31.52
31.85
32.03
NA
32.0
32.2
NA
NA
32.48
32.52
31.85
31.93
31.15
32.32
32.47
35.43
31.69
NA
32.01
NA
31.8
32.07
31.05
32.61
31.19
31.08
32.28
31.68
32.18
31.68
31.78
31.78
32.18
31.78
31.66
28.82
NA
31.94
31.84
24.42
32.49
31.5
31.65
30.08
31.96
32.35
NA
32.45
31.86
31.4
32.43
32.48
32.35
31.85
NA
32.5
31.51
31.64
32.81
32.08
NA
NA
NA
31.6
31.21
31.65
32.15
NA
NA
NA
32.43
32.38
32.36
32.73
32.46
30.94
32.44
31.74
32.48
35.82
32.18
32.43
32.09
32.19
32.43
32.09
32.19
NA
32.49
32.01
32.2
28.57
32.17
27.48
NA
NA
33.07
32.19
28.46
32.09
27.45
NA
NA
33.2
31.55
32.51
34.86
27.65
31.35
29.63
32.03
31.83
31.12
NA
NA
NA
NA
NA
NA
NA
NA
NA
NA
32.11
32.57
32.34
31.85
NA
NA
31.61
33.23
NA
33.7
NA
31.39
32.87
NA
32.03
31.41
31.79
31.98
NA
31.89
31.55
32.53
32.34
31.92
NA
NA
NA
32.11
31.92
NA
31.68
31.42
33.56
32.31
NA
31.93
32.07
32.22
31.87
32.06
32.26
65.37
32.81
29.95
NA
NA
NA
NA
NA
NA
NA
NA
NA
32.24
32.52
NA
NA
NA
NA
NA
NA
NA
NA
NA
NA
NA
NA
NA
NA
NA
NA
32.25
31.38
31.94
33.86
31.98
32.37
32.04
32.62
32.04
32.62
32.1
32.69
32.13
32.74
32.03
32.84
31.7
NA
31.8
31.6
NA
NA
NA
NA
32.21
32.7
31.87
NA
NA
31.6
30.77
32.58
32.32
32.87
31.23
NA
NA
31.87
31.9
32.9
27.33
31.57
31.47
32.33
NA
NA
32.26
31.54
31.13
32.16
31.55
32.27
31.91
NA
31.41
NA
NA
NA
32.64
32.71
32.82
32.73
32.78
32.76
33.27
39.29
NA
32.8
33.29
30.75
NA
32.66
33.21
30.74
NA
31.87
32.16
31.91
32.6
31.59
32.1
NA
32.61
NA
NA
29.37
30.86
32.41
31.93
NA
NA
31.84
31.12
NA
NA
NA
NA
33.07
29.77
34.47
32.37
31.97
31.47
32.97
31.31
31.28
32.39
32.42
32.34
31.51
30.14
31.54
32.16
31.5
32.6
31.67
32.08
29.93
31.76
31.8
31.88
31.62
32.48
30.94
NA
31.52
32.32
32.22
NA
31.82
31.32
32.02
32.2
32.08
29.7
31.91
34.45
28.78
NA
32.17
31.54
31.81
NA
NA
31.36
32.45
32.19
NA
32.57
NA
31.22
31.73
NA
32.64
NA
32.48
34.74
32.31
32.71
31.25
NA
NA
NA
NA
NA
NA
NA
NA
NA
NA
NA
NA
NA
NA
NA
NA
NA
NA
NA
NA
NA
NA
32.23
31.83
32.03
32.13
32.23
NA
31.63
33.03
33.82
34.32
NA
NA
32.82
34.9
35.6
32.0
NA
NA
NA
NA
NA
31.79
34.33
32.54
31.46
32.01
34.43
32.48
31.43
30.81
32.21
32.71
32.71
30.51
32.71
32.71
31.91
31.31
31.61
32.06
32.96
32.28
31.98
34.08
32.18
NA
32.08
NA
32.3
32.57
31.67
32.47
31.87
31.87
31.57
33.17
29.47
NA
32.84
33.34
31.04
31.84
30.79
31.29
31.49
31.69
31.98
31.56
31.65
30.78
31.89
32.11
NA
32.37
32.2
32.4
32.3
NA
32.05
31.95
NA
NA
NA
NA
NA
NA
NA
31.8
31.8
32.3
31.72
32.47
32.52
32.31
31.71
31.91
32.01
32.13
NA
32.24
32.74
32.34
33.39
32.78
NA
31.77
32.0
32.55
33.75
NA
NA
NA
NA
31.77
32.19
NA
31.17
32.28
NA
31.89
NA
NA
31.64
NA
NA
NA
NA
NA
NA
31.47
32.3
29.67
NA
32.3
29.67
NA
30.8
31.3
31.2
32.1
NA
NA
32.3
NA
31.5
31.6
32.1
NA
31.72
31.72
31.72
32.12
NA
35.53
32.53
31.33
NA
NA
32.13
32.68
31.58
32.02
32.12
32.52
32.22
32.02
34.88
NA
32.33
NA
NA
NA
NA
NA
NA
NA
NA
NA
NA
NA
NA
NA
32.01
31.91
31.61
32.11
31.86
32.22
31.88
32.64
30.89
31.78
NA
31.77
32.88
33.46
32.08
31.67
35.41
31.61
32.61
31.41
NA
31.81
32.51
32.03
NA
32.75
29.95
32.51
31.89
32.66
31.92
31.59
32.2
33.42
33.18
32.32
32.32
32.32
33.46
32.48
32.44
31.64
32.24
NA
31.63
31.72
32.02
32.71
31.23
31.31
32.44
32.31
31.18
NA
31.68
31.7
32.25
31.23
32.34
31.58
32.29
31.97
32.18
32.38
32.48
30.66
32.76
34.76
31.36
31.56
27.61
NA
31.71
NA
32.33
30.78
NA
NA
32.12
31.81
31.94
32.06
NA
NA
NA
NA
NA
NA
NA
NA
NA
NA
33.09
32.42
32.42
NA
NA
NA
NA
32.2
31.92
31.33
31.36
32.97
32.61
31.61
NA
31.73
31.63
32.53
31.44
31.44
32.74
32.14
32.5
32.2
NA
32.25
32.5
31.24
NA
32.47
32.17
NA
32.22
32.47
31.21
NA
33.34
30.84
34.44
31.84
31.77
31.97
32.12
32.18
32.53
NA
31.91
29.72
31.92
31.37
32.47
NA
32.17
31.67
32.32
32.33
31.56
NA
31.97
31.84
30.37
32.2
31.82
31.9
32.29
NA
NA
NA
32.1
31.01
NA
NA
NA
NA
NA
NA
NA
NA
NA
NA
NA
32.35
32.49
32.43
31.62
NA
33.02
30.32
32.72
31.26
31.37
30.67
31.77
32.92
31.12
30.12
31.82
NA
NA
NA
31.32
NA
NA
NA
NA
NA
31.6
30.76
30.7
31.7
31.49
31.7
NA
31.23
31.23
31.7
NA
32.56
28.56
NA
NA
NA
NA
NA
34.17
31.92
31.92
NA
NA
31.83
NA
NA
NA
NA
NA
NA
31.55
32.59
NA
31.6
NA
34.31
32.7
31.47
31.94
31.8
32.48
32.48
32.48
NA
32.2
30.9
31.8
32.47
32.75
33.23
32.37
32.37
NA
32.12
NA
31.93
31.81
31.1
32.27
32.47
32.12
32.23
32.01
32.01
31.73
31.96
31.82
NA
NA
NA
28.05
29.75
31.94
28.24
NA
NA
NA
NA
32.36
32.09
32.13
32.45
32.45
32.65
31.93
32.0
NA
32.66
32.28
32.88
NA
31.84
31.48
31.84
31.89
31.18
31.89
NA
32.44
32.44
32.44
32.88
32.48
32.28
31.78
NA
NA
32.08
31.25
31.13
NA
29.82
31.62
31.92
29.92
NA
32.22
NA
32.33
34.69
NA
31.97
34.32
32.34
32.09
30.33
30.88
31.93
31.31
NA
NA
31.71
30.89
31.63
32.1
32.13
31.72
31.64
31.46
31.52
33.9
32.04
30.59
30.94
32.04
31.44
NA
31.65
33.88
31.54
31.3
32.28
31.35
30.87
31.48
31.76
NA
30.7
32.18
31.2
31.77
32.15
32.06
NA
31.68
31.55
32.91
31.61
32.21
29.41
31.41
32.11
31.71
30.34
NA
31.55
31.65
NA
NA
NA
NA
NA
NA
NA
30.56
NA
32.36
NA
34.46
30.65
NA
32.55
NA
NA
31.84
34.04
28.91
31.8
NA
32.0
32.19
31.98
32.2
NA
31.99
31.65
31.33
32.25
32.35
32.75
31.63
NA
NA
32.58
NA
33.18
NA
32.3
31.83
31.84
32.04
32.13
32.14
NA
NA
30.27
32.02
32.16
32.22
32.0
32.15
32.15
31.42
30.69
32.14
NA
31.71
30.34
NA
NA
28.5
NA
31.52
32.69
32.42
32.42
32.42
32.06
32.11
31.63
32.24
31.75
31.97
32.23
32.1
34.28
32.06
NA
30.46
32.46
NA
31.77
32.44
31.55
31.87
34.17
31.88
32.62
32.18
31.68
31.96
NA
NA
31.6
31.5
32.8
32.18
NA
31.53
31.65
32.5
31.9
32.66
32.17
32.0
NA
31.24
31.42
31.32
NA
32.11
31.73
NA
31.83
31.77
31.7
32.01
31.71
31.72
31.05
31.57
31.71
NA
31.69
27.56
33.17
31.96
32.32
30.82
NA
32.64
NA
32.14
NA
31.35
NA
31.35
29.57
NA
NA
31.72
32.45
32.83
32.48
34.55
31.56
31.74
32.81
32.86
34.81
31.99
28.9
32.05
30.69
32.05
32.34
NA
31.84
NA
31.84
NA
32.34
31.34
31.64
32.54
31.86
32.26
33.46
31.96
35.56
30.79
32.67
32.37
31.88
32.02
31.87
30.54
NA
32.17
32.53
32.53
32.73
32.1
32.12
32.27
31.07
31.56
NA
32.94
31.19
31.98
30.64
32.0
32.03
31.88
NA
32.07
NA
32.04
30.34
32.58
32.08
31.98
32.38
32.18
32.97
30.18
NA
NA
31.15
30.85
32.32
31.44
32.13
32.02
31.85
31.87
NA
31.84
32.68
30.38
33.68
32.02
NA
NA
32.01
32.35
31.82
31.78
32.29
NA
NA
NA
34.3
30.69
NA
NA
31.97
NA
NA
31.94
NA
NA
28.34
NA
NA
31.51
31.81
31.62
31.19
31.5
31.1
NA
NA
NA
32.03
35.63
31.89
30.99
32.24
31.53
32.27
31.67
32.46
32.2
31.71
32.49
32.19
31.59
31.69
31.83
31.59
NA
31.73
31.86
31.91
32.34
32.29
31.29
30.23
31.45
31.83
31.23
32.03
31.83
NA
NA
NA
NA
NA
NA
NA
NA
NA
NA
NA
NA
NA
NA
NA
NA
NA
NA
NA
32.02
31.52
31.82
NA
NA
32.37
32.07
32.47
32.27
32.87
31.87
32.27
32.87
32.47
32.87
32.67
32.47
32.07
32.07
32.7
31.9
31.0
31.9
32.16
NA
NA
NA
30.98
NA
32.07
32.51
31.99
31.92
30.96
32.14
31.31
32.12
34.26
NA
29.0
NA
NA
NA
NA
NA
NA
32.17
NA
31.22
31.7
NA
NA
NA
NA
33.96
32.09
31.56
31.63
27.39
32.64
NA
31.65
NA
31.61
32.59
34.17
NA
32.18
NA
32.18
30.15
31.13
NA
NA
31.46
31.16
31.56
32.2
NA
NA
32.24
32.03
31.08
NA
NA
NA
NA
NA
32.05
NA
31.71
32.11
32.26
32.37
32.15
NA
NA
30.22
NA
31.27
31.77
31.68
NA
NA
30.88
31.58
32.05
31.82
NA
NA
31.59
32.75
NA
32.16
NA
32.72
32.22
30.81
30.71
31.71
31.81
NA
31.21
31.31
31.71
31.71
30.59
30.69
31.79
31.59
31.79
NA
31.19
31.29
31.39
35.6
NA
NA
31.96
30.96
32.16
31.46
32.42
31.8
30.84
32.54
31.85
NA
NA
32.76
32.01
31.07
32.69
32.04
31.88
33.06
31.76
NA
32.88
32.67
NA
NA
32.19
32.14
32.07
32.21
29.53
31.87
NA
32.23
32.57
31.5
32.4
31.8
33.75
31.23
33.07
31.79
31.89
32.21
31.99
33.31
NA
31.75
31.55
31.35
32.65
NA
33.45
31.95
32.45
32.25
30.65
32.15
32.25
32.15
32.33
31.8
32.02
31.5
NA
31.82
34.88
32.72
31.74
NA
NA
31.86
NA
NA
35.06
NA
32.96
32.46
NA
NA
32.86
NA
NA
32.46
32.86
31.56
32.2
32.0
NA
31.7
32.2
NA
34.45
31.93
32.79
31.71
32.07
31.54
31.89
NA
NA
NA
NA
NA
NA
NA
31.97
31.57
31.47
NA
32.62
NA
NA
32.52
32.22
31.32
31.4
31.82
31.4
32.44
NA
32.51
31.81
33.06
32.44
31.78
NA
33.78
31.78
31.08
32.28
31.78
NA
NA
NA
30.98
31.92
32.26
NA
NA
NA
31.12
33.02
31.72
31.38
31.58
32.05
30.69
34.25
32.18
31.32
33.47
31.69
31.85
32.0
31.88
NA
31.75
31.93
NA
31.82
32.15
30.91
31.9
32.12
31.61
NA
NA
NA
NA
NA
31.8
34.56
32.06
32.46
31.6
NA
NA
31.89
31.79
31.85
32.41
31.88
30.7
31.24
32.72
32.72
31.54
31.54
32.44
32.14
31.93
31.23
30.43
31.53
32.73
32.03
32.81
25.92
31.85
NA
NA
NA
31.91
36.05
31.45
32.09
NA
NA
31.82
31.78
NA
31.77
31.93
NA
NA
NA
NA
NA
NA
NA
NA
NA
NA
32.32
32.95
32.26
31.02
31.52
NA
32.12
31.62
31.92
NA
31.62
31.42
32.12
32.12
32.12
32.42
32.02
32.42
32.82
32.42
32.12
30.89
NA
31.56
31.85
30.77
32.51
32.23
32.17
33.22
30.47
31.98
32.34
31.12
31.33
32.12
31.21
NA
NA
31.72
32.34
31.64
NA
NA
NA
NA
NA
NA
31.99
31.85
32.05
31.05
NA
31.79
32.33
31.57
32.64
31.81
31.5
NA
NA
32.2
32.49
32.01
32.49
31.87
29.76
NA
34.85
NA
34.72
31.8
32.19
31.7
31.39
30.81
31.62
31.92
32.2
32.0
NA
33.27
NA
31.16
NA
NA
31.68
33.42
31.81
30.87
NA
32.21
32.41
32.01
32.41
32.15
32.08
NA
32.78
31.27
32.26
32.6
31.7
30.51
NA
32.22
NA
31.73
NA
32.29
31.94
32.06
31.36
30.96
32.06
NA
30.56
32.16
32.51
31.92
31.88
31.94
32.24
31.92
31.89
NA
31.85
31.87
31.9
31.88
31.93
31.89
31.72
32.16
31.66
32.33
33.73
32.35
32.35
32.15
31.45
32.35
32.45
NA
32.1
NA
32.17
NA
31.9
33.48
32.05
32.87
32.4
NA
32.05
NA
NA
NA
NA
31.89
31.97
NA
NA
NA
NA
NA
34.96
NA
30.86
32.36
32.16
32.36
31.85
32.14
31.65
NA
NA
NA
NA
33.22
NA
30.32
31.82
NA
NA
32.15
32.3
32.3
32.8
31.58
32.18
31.79
31.25
32.16
32.53
NA
31.67
31.55
32.74
31.32
31.96
NA
NA
31.93
32.1
30.34
32.11
30.84
31.81
32.79
30.32
31.83
39.6
31.21
32.09
32.11
NA
NA
31.89
32.19
NA
NA
32.69
31.69
33.69
NA
32.16
NA
29.16
NA
31.46
32.46
31.96
31.96
32.66
NA
32.06
31.91
30.69
NA
NA
37.85
31.81
32.21
31.86
31.97
31.99
31.71
NA
36.0
32.11
32.46
31.84
31.07
NA
33.08
NA
31.25
NA
NA
NA
NA
NA
NA
NA
34.01
31.81
33.21
NA
NA
32.51
33.31
29.97
NA
31.22
31.4
31.3
NA
32.09
NA
NA
NA
NA
32.51
32.91
32.21
32.14
31.39
32.17
NA
NA
NA
NA
NA
NA
NA
NA
NA
NA
NA
NA
NA
NA
NA
NA
32.03
32.03
32.03
34.53
NA
NA
NA
NA
32.32
32.19
32.86
32.01
35.11
32.72
34.3
32.3
31.87
32.55
29.93
30.53
30.53
31.63
32.33
31.33
32.53
31.84
31.91
NA
NA
NA
32.02
NA
32.08
NA
32.08
31.5
NA
NA
31.51
32.39
NA
30.04
NA
31.44
32.67
31.71
32.29
32.25
NA
30.79
32.25
32.27
32.17
NA
31.74
32.14
32.02
31.41
29.73
32.45
31.29
31.54
31.6
NA
30.85
32.99
31.59
31.02
NA
NA
NA
NA
NA
NA
NA
NA
31.49
31.21
31.86
31.35
28.6
31.74
32.36
31.86
31.94
32.02
32.02
NA
NA
30.83
32.48
NA
NA
34.67
32.07
31.42
NA
NA
NA
31.28
32.06
NA
31.86
32.56
32.86
32.76
32.19
31.86
31.33
31.8
32.06
NA
31.63
NA
NA
31.91
31.91
28.95
31.67
31.55
32.74
31.32
31.96
31.94
NA
NA
31.49
NA
31.84
32.57
32.57
32.27
31.87
31.8
32.12
31.34
NA
34.25
29.83
32.24
31.88
30.28
31.49
31.88
31.15
32.55
31.65
31.85
31.48
34.65
37.35
31.65
31.99
31.94
NA
31.85
31.55
32.94
31.65
NA
31.96
31.68
NA
NA
31.68
32.42
32.02
32.52
30.68
31.88
NA
NA
31.08
31.98
30.98
NA
NA
NA
NA
NA
NA
NA
33.9
32.3
30.9
33.33
37.37
31.77
NA
29.26
31.34
NA
31.91
31.91
31.89
31.84
31.29
31.31
NA
31.94
32.13
31.94
32.13
NA
NA
32.8
NA
NA
31.86
32.06
32.18
32.23
32.22
32.25
32.18
30.63
29.96
32.59
30.06
31.77
31.7
31.83
31.87
33.07
32.47
32.47
31.97
33.92
31.6
NA
32.06
32.39
32.19
32.49
32.69
32.19
NA
30.89
32.67
31.98
32.38
NA
31.73
31.59
31.35
31.35
NA
31.66
34.4
32.8
32.18
32.17
32.4
32.23
31.49
32.17
31.75
31.71
NA
NA
31.02
31.97
31.62
32.13
31.54
31.99
32.16
32.28
31.67
32.2
NA
NA
31.78
NA
32.36
32.36
32.19
31.43
30.57
31.68
32.22
NA
34.61
32.61
31.52
NA
NA
29.4
NA
32.3
32.2
32.6
NA
NA
31.81
NA
31.71
31.88
32.78
32.27
NA
31.82
32.31
NA
34.68
NA
32.3
30.75
30.39
32.45
NA
30.25
NA
NA
NA
32.32
31.62
31.58
31.58
NA
NA
32.15
31.83
32.07
31.78
31.99
32.03
30.62
31.62
31.85
31.06
31.83
32.26
31.69
31.73
31.41
28.46
30.67
32.02
32.35
29.85
32.05
31.85
32.74
32.35
NA
31.37
NA
33.86
31.82
32.21
32.0
32.63
32.53
NA
30.7
30.68
NA
31.47
32.46
32.17
32.04
NA
NA
NA
NA
NA
30.78
30.78
34.55
32.23
32.11
32.07
NA
31.69
NA
31.81
32.05
32.08
31.38
31.98
31.78
29.66
31.96
32.06
32.06
NA
NA
NA
32.45
NA
NA
NA
NA
NA
31.38
31.88
31.86
31.9
32.15
31.75
32.65
31.72
NA
31.66
31.16
32.15
32.07
31.89
32.32
31.24
32.31
32.41
NA
32.71
NA
32.14
31.89
32.14
31.84
31.38
32.78
32.61
31.65
31.42
31.85
31.82
32.0
31.69
31.57
31.87
31.66
NA
NA
NA
NA
32.19
32.55
32.37
32.17
32.42
33.42
30.42
31.82
31.02
32.32
NA
32.04
31.94
31.9
30.55
32.21
31.25
32.01
33.01
31.94
31.81
NA
NA
32.29
31.19
33.11
29.99
31.78
33.38
31.22
32.3
33.0
32.75
33.5
31.51
33.71
32.5
32.25
31.79
32.89
31.89
32.0
32.78
31.82
31.72
30.92
32.32
NA
32.72
31.92
32.6
33.27
32.51
31.36
33.04
32.17
31.61
31.35
31.79
31.95
NA
29.37
30.93
31.17
31.63
27.55
31.8
31.99
30.24
31.75
NA
NA
NA
NA
NA
NA
NA
NA
NA
NA
NA
NA
32.05
32.21
31.84
31.49
31.08
31.93
30.94
31.54
32.55
31.97
31.92
32.28
32.01
32.86
32.02
NA
28.5
31.9
NA
32.0
31.8
NA
NA
31.8
31.8
31.95
31.95
31.14
31.14
32.02
32.22
NA
NA
34.71
NA
NA
32.03
30.51
30.91
31.71
32.01
31.01
29.61
NA
31.51
32.09
NA
34.59
31.66
31.47
NA
NA
31.71
32.86
32.79
NA
NA
NA
31.7
32.0
31.71
NA
NA
31.61
NA
NA
32.3
32.2
32.2
31.67
32.61
NA
32.37
NA
32.07
32.27
31.52
32.22
33.12
28.44
32.14
31.04
29.64
31.64
32.36
31.51
32.23
31.88
32.66
31.53
34.1
31.44
32.98
31.96
31.96
32.06
32.06
NA
32.19
32.18
32.34
32.21
31.36
32.06
31.76
31.76
32.01
31.99
NA
NA
31.59
31.79
32.51
NA
NA
33.78
NA
32.19
32.03
NA
NA
31.74
NA
31.6
32.86
32.7
30.96
31.97
31.95
31.59
31.94
32.31
30.75
32.6
NA
32.52
33.23
32.35
32.67
34.55
31.61
31.91
33.05
32.06
32.24
31.0
31.63
31.98
33.07
32.14
32.93
33.11
NA
31.82
NA
31.26
31.8
31.92
31.47
31.91
33.31
32.51
NA
32.01
NA
32.48
NA
NA
31.53
31.97
32.2
32.15
33.95
32.19
31.98
32.49
31.99
32.28
31.78
31.7
31.85
NA
32.17
31.64
NA
32.1
31.67
33.79
31.39
31.39
31.59
31.49
30.59
31.29
31.71
NA
NA
NA
NA
32.12
31.66
31.93
31.8
33.13
31.82
32.4
31.5
32.06
32.36
31.96
31.76
30.56
31.96
31.86
32.46
32.06
32.26
32.2
31.91
NA
31.91
32.71
29.72
32.22
31.95
32.54
NA
31.91
32.31
32.31
NA
33.64
NA
32.03
31.87
31.87
31.33
31.59
31.68
NA
NA
32.43
30.65
34.55
31.57
30.92
32.23
32.03
33.23
34.33
32.13
NA
NA
NA
32.18
NA
31.46
NA
NA
33.42
31.32
29.4
31.75
32.2
32.48
32.36
32.6
32.84
31.94
33.04
32.14
31.36
NA
33.61
31.77
NA
NA
31.16
32.29
32.56
32.01
31.88
32.64
NA
32.15
31.37
32.36
32.0
32.94
33.1
33.89
31.66
NA
34.17
32.54
32.74
32.04
32.01
32.01
32.75
30.37
NA
32.24
32.04
32.12
31.97
31.3
32.03
30.41
NA
30.86
32.45
32.44
32.17
NA
32.99
30.81
NA
31.21
31.96
31.26
32.3
32.17
32.01
32.65
33.15
31.25
32.95
32.15
32.45
NA
32.26
30.51
NA
32.1
32.3
NA
32.1
NA
NA
NA
32.81
NA
NA
31.84
32.1
32.14
NA
NA
NA
NA
32.44
32.64
28.84
32.64
31.44
32.74
NA
32.24
30.64
31.76
31.74
NA
31.83
32.03
31.89
31.59
NA
31.86
32.01
32.54
NA
32.03
31.93
31.63
32.11
31.79
31.7
33.13
30.74
32.38
32.24
32.89
32.01
32.52
32.32
31.92
27.82
32.48
32.13
31.98
32.59
NA
32.15
NA
31.79
NA
32.58
31.94
32.58
32.76
32.57
32.26
31.96
31.46
32.49
32.56
32.05
31.15
31.5
NA
NA
31.25
31.72
31.64
32.1
32.54
32.57
30.98
32.0
31.93
32.27
30.97
32.18
30.68
32.18
31.28
31.58
NA
32.18
31.88
NA
NA
32.43
NA
32.03
29.93
32.03
32.03
31.31
32.41
26.31
31.94
32.71
NA
NA
31.99
32.31
31.54
31.31
33.01
NA
32.01
34.21
32.48
32.14
32.47
NA
32.27
31.57
30.38
NA
30.77
32.38
32.1
31.63
33.91
31.23
32.29
31.26
32.03
31.83
NA
31.83
NA
NA
32.16
31.65
NA
31.68
31.94
31.14
32.24
31.24
NA
31.44
29.94
32.84
32.24
32.82
34.52
32.82
31.62
32.02
32.02
33.65
30.65
31.95
31.95
32.38
32.68
31.98
32.18
33.09
31.59
30.39
32.14
32.44
NA
31.94
32.14
NA
31.84
NA
NA
31.84
33.07
33.16
32.68
31.74
32.21
31.51
34.32
32.37
32.25
32.55
32.45
32.26
32.66
32.66
NA
NA
NA
NA
NA
NA
NA
32.58
32.58
32.58
32.17
32.57
32.47
32.31
32.61
32.71
32.35
31.67
30.94
32.03
32.11
32.21
32.37
30.91
32.2
NA
31.91
31.58
31.17
32.13
31.39
34.38
32.24
32.19
31.24
34.67
32.17
32.25
32.23
32.73
32.33
34.63
31.57
31.82
32.13
32.19
31.74
32.73
NA
30.35
NA
NA
NA
33.83
30.94
29.97
32.99
NA
NA
31.68
33.71
31.05
31.59
32.7
NA
NA
NA
31.78
31.89
NA
27.34
NA
31.7
32.16
32.35
33.74
31.22
31.62
32.12
31.02
NA
NA
31.62
31.71
NA
33.03
31.43
31.73
32.23
NA
31.47
NA
31.79
NA
31.7
34.8
33.2
31.7
31.29
32.34
31.27
NA
NA
NA
NA
NA
31.67
31.98
31.63
NA
31.88
32.49
32.19
32.59
32.69
33.09
NA
31.99
31.97
31.72
33.04
31.93
32.44
31.94
31.84
32.88
31.92
30.66
NA
NA
NA
34.13
32.42
31.44
31.64
31.84
32.74
32.05
31.32
32.01
32.56
32.05
31.68
32.04
32.41
31.96
32.9
31.7
31.09
30.67
31.5
30.78
32.18
31.98
32.38
32.68
30.18
31.58
31.58
29.62
30.72
32.82
31.82
NA
NA
NA
NA
31.99
32.18
NA
NA
31.65
31.93
32.55
31.8
31.62
32.68
32.17
32.57
31.97
31.93
32.28
32.24
NA
32.64
30.65
31.52
31.37
30.64
32.44
31.74
31.54
32.08
NA
31.55
31.07
32.19
30.75
31.89
31.73
31.56
30.41
31.63
30.55
31.99
NA
32.06
31.88
28.16
31.66
29.4
31.61
32.83
31.48
NA
31.73
32.43
31.13
31.27
NA
31.87
31.77
32.47
33.27
31.97
32.37
32.67
31.82
31.92
31.75
31.84
32.2
29.78
34.03
31.95
NA
30.83
31.83
32.03
31.83
32.23
NA
34.4
35.84
32.15
NA
NA
31.9
32.11
32.39
30.9
31.51
28.56
29.93
32.1
32.11
32.54
32.34
30.14
31.74
NA
NA
32.14
32.24
NA
32.24
32.34
32.34
NA
32.04
32.04
32.24
31.64
32.33
32.23
32.23
32.23
29.73
NA
NA
NA
NA
NA
NA
NA
NA
NA
NA
31.98
31.3
31.62
31.73
31.52
33.48
32.17
31.2
30.37
32.17
32.2
32.3
31.7
32.46
32.42
31.67
32.14
32.81
32.17
32.63
32.6
31.9
31.9
33.7
NA
34.89
NA
NA
NA
34.5
32.42
NA
31.73
31.73
NA
NA
31.85
NA
32.51
31.13
30.95
31.31
NA
30.46
31.15
NA
33.05
32.08
31.84
32.27
31.87
32.18
NA
32.98
32.31
31.61
32.51
32.21
32.21
63.12
NA
32.62
31.22
31.82
NA
32.57
32.8
32.64
NA
NA
31.48
31.53
31.01
31.15
31.45
31.71
NA
32.54
32.41
32.53
32.05
31.99
32.13
32.17
32.64
31.68
32.08
31.78
NA
32.21
31.64
NA
NA
NA
31.97
31.57
31.68
32.1
31.95
32.25
32.76
31.74
31.95
32.41
32.52
31.32
30.98
27.71
31.54
34.87
31.1
31.5
31.0
31.86
31.74
31.45
32.15
32.63
30.86
30.21
31.79
31.77
31.8
32.68
32.74
NA
NA
NA
35.16
32.18
32.32
30.27
31.88
32.05
32.07
31.52
32.56
31.99
30.87
31.77
NA
31.6
32.42
31.61
32.28
32.49
31.14
31.87
29.92
31.5
32.38
32.19
31.8
32.01
31.07
31.4
32.37
32.07
NA
31.7
34.61
30.33
31.54
31.83
32.06
31.81
31.63
31.86
31.86
32.45
31.89
30.7
31.95
30.2
NA
NA
32.36
32.13
NA
30.82
30.98
31.98
31.98
NA
NA
32.08
32.44
NA
32.28
32.46
36.08
NA
NA
32.31
32.37
32.37
32.41
32.18
32.51
31.03
31.03
32.09
32.08
31.05
32.37
32.25
32.49
32.42
32.33
32.51
32.71
32.51
NA
31.69
NA
NA
NA
NA
31.38
28.48
NA
NA
NA
NA
32.39
34.13
32.31
31.45
32.48
31.97
31.96
NA
31.32
33.06
32.1
32.43
32.17
31.65
27.19
26.87
31.88
30.52
33.79
NA
27.43
32.52
32.05
NA
NA
31.78
31.84
30.68
32.11
31.66
32.44
32.14
31.41
32.41
32.41
31.91
32.76
31.86
31.96
30.85
30.7
31.81
31.86
NA
31.33
31.18
31.43
31.34
31.39
34.02
31.51
31.68
31.4
NA
32.02
31.75
33.56
32.46
32.76
30.86
32.76
31.86
31.96
31.46
33.86
32.32
31.84
32.6
NA
31.74
30.37
31.68
31.8
31.99
32.35
32.03
31.96
32.01
NA
32.44
32.49
27.98
31.92
31.88
NA
NA
31.79
31.8
31.8
32.47
32.12
32.41
32.2
33.1
32.94
32.17
32.84
32.11
32.35
32.07
31.31
32.29
32.4
NA
31.86
30.29
31.81
32.3
30.53
NA
32.82
32.02
31.78
32.12
32.0
NA
32.21
NA
34.88
30.71
31.94
32.35
32.05
NA
NA
NA
NA
31.97
32.28
31.99
31.03
32.61
30.64
31.43
NA
NA
33.87
33.46
31.41
32.01
NA
32.03
NA
32.7
31.65
32.11
32.09
32.48
32.48
31.88
31.42
31.99
30.47
34.6
NA
30.61
31.39
32.59
32.29
32.32
32.59
33.49
34.43
31.55
34.48
NA
32.33
NA
32.13
32.03
32.03
32.03
32.43
32.41
31.84
32.05
30.74
NA
32.15
NA
31.77
NA
34.04
31.95
34.25
31.54
32.63
31.96
31.86
NA
NA
32.52
31.96
31.56
NA
32.09
32.31
30.71
32.17
31.62
31.97
31.73
NA
31.98
32.09
31.37
31.65
NA
NA
NA
NA
31.93
31.91
32.15
32.13
32.61
32.14
31.1
32.21
32.45
32.04
30.84
31.83
NA
34.48
30.91
31.81
31.88
32.91
32.17
31.97
30.17
32.27
32.17
31.85
33.17
31.72
32.26
33.09
29.3
32.27
32.29
32.04
NA
31.94
31.2
32.43
32.6
32.52
31.73
31.34
33.94
31.84
31.84
31.84
31.64
32.24
31.9
31.78
31.95
32.84
29.74
32.14
NA
NA
31.57
32.98
31.8
31.69
29.95
30.78
32.15
NA
32.19
32.34
33.28
31.72
31.57
32.56
32.41
30.81
32.51
32.51
32.17
34.29
31.8
32.14
31.29
32.36
32.18
32.12
31.29
30.76
NA
31.65
31.95
29.1
NA
NA
32.38
28.18
32.18
32.48
32.48
31.71
32.81
31.63
NA
32.81
31.12
31.44
31.88
31.0
32.28
32.59
32.89
NA
NA
31.87
31.91
32.78
31.37
32.22
NA
NA
33.95
31.8
31.82
NA
31.75
31.85
NA
31.75
31.33
31.65
31.33
31.77
32.27
NA
NA
NA
32.17
34.94
31.94
31.04
NA
NA
NA
32.21
31.53
NA
NA
31.57
NA
32.32
30.74
31.86
31.04
32.55
31.91
31.51
31.81
31.91
32.31
31.75
32.31
32.03
33.03
32.19
33.02
34.45
31.14
31.84
31.84
32.79
32.2
32.1
33.5
33.37
32.28
NA
NA
NA
32.13
30.54
30.53
NA
31.38
NA
NA
32.53
31.06
32.19
32.21
36.57
NA
NA
32.59
32.59
30.79
NA
31.49
31.26
31.49
32.27
33.56
33.25
32.53
32.55
NA
NA
32.04
NA
NA
32.29
31.97
32.11
33.55
32.52
32.15
NA
NA
NA
31.66
31.98
36.28
31.8
32.6
32.4
NA
32.0
NA
31.71
32.37
31.69
32.36
31.94
31.84
32.34
31.74
NA
34.73
NA
31.83
NA
32.03
32.17
31.87
NA
32.07
35.57
NA
32.2
32.67
NA
NA
NA
32.06
31.14
32.31
31.81
31.91
32.01
31.92
31.34
31.87
32.23
32.19
31.2
32.76
32.06
32.14
32.13
32.0
32.2
32.05
NA
32.39
32.18
31.71
31.82
30.78
31.93
31.93
32.73
30.83
31.93
32.89
31.49
32.09
32.09
31.69
32.01
32.15
32.11
32.85
33.3
30.65
31.28
30.56
32.21
NA
NA
NA
NA
NA
NA
NA
28.61
31.89
31.11
31.51
28.09
NA
NA
30.82
NA
32.25
32.05
31.75
32.75
32.55
32.05
NA
32.0
34.65
31.87
NA
NA
30.37
30.77
NA
NA
31.19
31.86
36.05
31.77
NA
NA
34.0
31.41
32.14
33.14
32.89
31.1
NA
NA
NA
31.25
32.11
33.07
32.89
31.1
NA
NA
NA
31.76
32.06
32.26
32.56
32.68
31.22
32.44
NA
33.07
32.03
31.57
32.22
28.77
31.67
31.4
32.31
30.64
NA
NA
NA
63.73
31.68
NA
NA
NA
NA
NA
NA
NA
NA
NA
NA
NA
NA
NA
NA
NA
31.43
32.25
31.16
31.34
31.16
32.17
31.76
NA
NA
NA
31.8
32.07
31.05
32.61
31.19
31.98
32.19
30.25
30.53
31.97
32.15
30.28
30.63
NA
31.86
31.86
32.04
31.64
32.03
29.64
30.76
32.16
32.14
31.6
30.03
32.0
30.2
31.8
NA
NA
NA