178.21
177.28
NA
NA
NA
NA
178.18
176.95
178.14
179.2
181.16
175.58
177.81
179.48
179.57
178.47
179.32
179.58
178.57
NA
178.83
178.97
179.58
177.28
176.12
178.43
178.07
NA
178.15
180.31
178.78
NA
179.42
180.16
NA
177.89
178.06
179.0
177.47
177.61
NA
178.87
179.29
178.67
178.1
177.09
NA
178.77
178.83
178.66
179.5
179.72
NA
178.92
177.83
178.88
179.76
178.9
178.89
178.45
180.44
175.36
180.23
179.77
179.83
180.14
179.06
179.49
178.24
179.57
180.09
180.57
180.37
178.95
179.37
179.54
176.73
177.77
178.48
NA
177.67
178.72
179.26
177.46
179.26
179.19
177.39
179.19
179.29
177.39
179.19
NA
NA
178.72
176.5
179.17
179.56
NA
176.59
NA
NA
178.93
178.97
NA
NA
NA
NA
NA
179.4
179.9
177.9
178.4
179.02
176.13
NA
179.26
177.23
176.83
178.63
NA
NA
178.5
179.16
179.96
179.36
NA
NA
178.76
176.66
177.1
178.42
178.58
177.74
179.28
178.14
179.39
179.99
NA
NA
178.45
178.33
NA
NA
NA
177.63
178.14
NA
177.12
177.3
179.84
178.1
178.62
179.1
180.09
178.68
NA
NA
175.96
179.85
179.78
NA
NA
179.71
180.85
180.94
178.75
174.86
177.25
176.63
179.72
NA
NA
NA
NA
NA
176.76
NA
NA
NA
NA
NA
NA
NA
NA
178.62
NA
NA
179.6
175.92
179.42
NA
NA
NA
NA
179.57
NA
NA
NA
NA
NA
NA
NA
NA
NA
NA
NA
176.28
173.48
NA
174.3
NA
NA
170.26
171.58
NA
NA
NA
NA
NA
NA
177.69
175.82
179.38
178.47
179.89
179.21
176.94
178.54
180.06
NA
176.32
177.78
NA
NA
180.84
NA
NA
179.34
177.04
181.54
NA
NA
177.8
NA
NA
NA
NA
179.35
180.35
179.15
177.45
NA
179.14
NA
NA
NA
NA
NA
NA
NA
179.44
177.64
178.74
NA
NA
178.91
178.57
177.95
180.78
177.98
178.35
NA
178.44
179.69
180.35
176.19
NA
178.21
NA
NA
NA
NA
NA
NA
NA
180.45
NA
NA
NA
NA
177.9
178.93
178.09
178.35
178.65
180.21
177.36
176.3
178.53
178.52
179.3
178.99
179.2
179.47
NA
NA
177.15
178.1
177.89
177.67
176.88
178.06
NA
179.12
178.71
NA
178.76
175.09
177.32
178.54
179.16
173.63
178.64
179.3
177.65
177.11
179.64
178.13
180.23
179.86
177.62
NA
NA
NA
NA
NA
NA
NA
179.26
176.15
NA
177.25
180.05
NA
178.65
NA
NA
NA
NA
NA
179.25
177.44
179.8
NA
NA
NA
NA
NA
NA
177.27
NA
NA
NA
NA
NA
NA
179.56
NA
179.12
NA
NA
177.92
NA
NA
NA
NA
NA
NA
NA
NA
179.71
179.05
178.17
178.07
178.87
NA
174.76
178.77
178.16
NA
177.11
NA
NA
176.38
177.57
178.9
NA
178.86
178.41
180.05
178.41
NA
177.72
NA
NA
NA
NA
179.29
178.92
180.12
178.13
180.09
NA
NA
NA
177.58
178.7
180.0
NA
178.48
177.71
NA
179.17
177.41
180.68
177.64
176.5
178.3
177.87
179.97
177.67
176.77
178.07
176.77
178.97
178.77
177.87
177.67
176.47
178.07
174.87
179.47
177.37
177.74
176.63
176.85
177.15
177.55
175.98
180.15
179.38
178.81
NA
NA
NA
175.64
178.14
177.84
NA
176.2
NA
NA
NA
NA
NA
NA
NA
178.7
177.98
178.54
176.84
178.95
176.05
179.2
178.82
178.81
176.33
178.6
179.16
178.72
180.13
177.65
176.75
NA
NA
177.76
179.82
NA
178.46
180.07
179.57
NA
178.61
178.88
177.58
179.36
179.46
178.57
178.61
178.76
178.43
177.8
174.72
179.55
177.45
179.65
178.48
179.25
177.05
NA
179.13
179.03
176.33
NA
178.73
179.89
NA
177.4
176.74
178.54
NA
NA
179.12
179.43
178.33
NA
NA
NA
NA
179.12
179.18
179.31
177.61
179.35
177.55
178.6
179.16
177.75
178.36
179.49
NA
179.9
178.94
177.07
179.55
177.45
179.65
179.19
177.58
177.66
178.46
176.88
178.85
178.51
176.16
179.42
179.96
177.64
177.92
178.05
179.53
177.0
177.9
NA
NA
NA
NA
NA
NA
NA
180.21
176.97
178.14
177.98
171.9
NA
179.81
180.2
180.03
NA
NA
NA
180.02
NA
NA
178.96
178.9
178.89
179.5
NA
174.14
178.5
175.81
178.23
176.93
178.42
176.94
177.04
176.84
176.84
178.12
179.38
179.08
177.77
NA
NA
179.19
180.21
NA
178.26
179.28
176.86
NA
NA
NA
NA
179.05
176.48
NA
NA
178.96
179.85
179.2
179.5
176.9
179.2
179.0
177.97
177.9
176.97
180.41
179.06
NA
179.86
NA
180.71
NA
178.01
179.42
179.17
NA
178.68
174.59
178.09
178.69
179.22
179.22
180.43
NA
179.92
177.84
177.32
178.1
176.76
NA
178.93
179.06
174.17
NA
176.99
179.22
179.12
NA
NA
NA
178.83
178.11
NA
180.65
178.15
176.6
178.34
NA
NA
NA
177.69
178.98
177.65
NA
NA
NA
176.74
178.68
NA
NA
178.2
179.52
180.53
177.97
178.77
NA
178.15
180.34
176.65
175.91
NA
NA
177.2
178.82
NA
177.3
176.6
178.75
177.67
179.43
177.92
176.93
NA
179.89
179.99
178.78
NA
178.89
179.2
178.24
NA
179.86
179.61
180.2
179.55
178.41
177.81
177.71
178.7
179.5
NA
NA
177.84
177.84
NA
179.49
NA
NA
176.61
178.88
179.41
178.13
175.32
175.05
177.33
175.93
NA
179.57
180.21
177.03
179.95
NA
NA
NA
NA
NA
NA
NA
NA
NA
177.47
178.65
178.69
NA
177.25
179.48
178.83
178.63
NA
NA
178.3
179.65
178.54
NA
NA
NA
179.41
177.84
178.02
178.27
179.35
176.65
179.6
179.65
175.42
NA
180.23
NA
NA
176.72
180.19
177.97
178.88
177.43
178.07
176.53
177.11
NA
178.29
NA
178.12
NA
NA
176.46
178.69
NA
NA
NA
NA
NA
NA
NA
NA
176.32
179.02
NA
176.69
173.82
177.77
178.62
NA
178.16
177.35
178.83
NA
179.66
178.73
NA
NA
179.65
178.54
NA
NA
NA
NA
NA
179.78
NA
179.13
179.53
178.93
180.15
178.0
178.71
NA
NA
179.25
NA
NA
NA
NA
NA
NA
178.49
177.32
177.98
177.77
180.34
178.56
178.29
176.18
175.32
178.07
178.1
178.57
176.92
NA
NA
NA
NA
NA
179.0
177.95
179.18
177.78
179.67
179.47
179.32
178.08
180.4
179.46
179.08
177.45
179.03
179.33
NA
NA
177.15
NA
NA
177.68
178.16
177.06
178.73
NA
179.25
178.0
179.35
175.41
179.22
178.04
179.25
NA
NA
NA
NA
NA
NA
NA
177.97
NA
NA
NA
NA
NA
179.59
179.59
178.97
173.14
173.34
NA
178.2
NA
NA
179.39
177.92
177.81
176.91
NA
NA
NA
NA
NA
NA
NA
178.4
179.24
178.04
177.88
177.11
NA
NA
179.19
NA
NA
178.43
177.42
177.56
NA
NA
NA
NA
177.52
176.79
175.23
178.53
NA
NA
NA
NA
NA
NA
NA
NA
NA
NA