30.96
31.99
NA
NA
31.52
32.35
31.38
31.98
31.95
30.71
31.09
27.67
31.85
31.7
32.27
31.93
NA
30.81
30.69
32.42
32.02
30.8
30.99
30.99
30.26
30.83
31.11
NA
30.95
31.25
32.56
32.78
31.82
30.58
30.76
32.56
32.12
31.54
31.02
NA
NA
32.51
31.47
32.29
32.02
30.91
32.32
32.3
32.44
31.77
31.62
30.51
NA
30.89
32.55
31.49
31.63
31.87
32.09
NA
31.91
27.32
31.03
30.85
31.14
30.96
30.87
30.75
31.63
30.8
NA
31.22
NA
32.04
NA
31.52
30.77
31.39
30.99
NA
31.38
30.88
NA
32.11
31.64
NA
NA
31.48
NA
NA
NA
30.55
30.27
31.61
31.5
31.94
32.29
NA
NA
30.63
30.9
31.26
30.92
NA
NA
NA
NA
NA
30.76
31.48
32.28
31.96
31.88
32.04
30.32
30.9
31.88
30.82
32.13
NA
30.74
32.14
31.85
30.75
30.85
NA
NA
31.35
31.91
31.49
NA
32.07
30.71
32.15
31.51
31.4
NA
29.1
29.82
31.73
32.32
31.66
31.3
31.03
31.79
31.6
NA
32.42
30.37
32.58
32.38
31.48
31.48
NA
31.19
32.61
32.01
30.72
NA
30.61
32.4
31.85
31.36
31.6
31.3
31.78
NA
31.75
32.0
NA
32.25
NA
NA
NA
NA
34.29
NA
NA
NA
NA
NA
NA
NA
NA
33.01
32.93
33.03
31.63
31.25
NA
NA
NA
NA
NA
31.04
NA
NA
32.14
30.67
32.85
NA
NA
NA
NA
NA
NA
32.17
30.79
31.25
30.74
32.69
NA
31.47
30.18
NA
NA
30.5
31.33
31.82
NA
32.27
31.26
32.67
32.37
30.11
32.45
31.52
34.72
31.63
32.16
31.72
29.96
30.15
NA
NA
NA
32.03
32.23
31.33
NA
31.68
NA
31.99
32.17
NA
NA
NA
31.04
31.64
32.94
29.44
31.25
32.32
31.94
NA
31.85
NA
NA
31.13
NA
30.42
31.92
31.72
NA
31.91
31.76
31.22
32.63
28.41
31.61
32.04
31.87
NA
31.08
NA
32.18
NA
31.44
NA
30.45
30.53
NA
30.42
30.5
30.84
31.17
NA
NA
NA
32.17
30.65
31.83
29.96
32.26
31.1
31.79
31.97
31.21
NA
NA
32.24
30.25
31.92
32.25
30.82
31.62
31.52
NA
30.16
30.52
32.12
30.09
NA
32.17
31.37
31.02
31.94
32.99
31.99
32.06
32.34
32.38
31.13
NA
30.76
NA
30.96
32.41
30.71
32.06
32.93
31.58
31.86
30.65
NA
31.68
32.59
NA
30.99
32.02
NA
31.92
31.32
30.66
32.01
32.21
NA
NA
31.74
32.94
31.48
31.2
31.12
31.99
32.24
31.95
30.75
32.06
NA
31.42
30.78
NA
30.64
32.34
30.76
30.76
31.67
NA
30.44
31.52
30.67
31.79
32.33
32.12
30.82
NA
NA
32.54
31.94
31.84
31.86
32.31
30.44
31.44
29.74
NA
26.95
32.13
32.07
32.63
31.25
31.9
32.16
34.08
31.13
30.86
NA
NA
31.53
30.87
31.47
31.53
31.87
31.52
31.35
31.54
32.28
31.06
31.06
30.83
31.9
30.5
NA
31.52
30.72
NA
31.26
31.36
32.54
31.99
32.95
NA
31.97
32.84
33.19
31.43
35.06
31.72
30.21
31.51
30.51
32.21
30.11
30.31
32.11
31.41
30.29
30.49
32.19
30.59
30.19
32.09
31.59
31.96
31.02
31.12
30.66
34.76
30.89
30.69
32.29
30.98
31.65
31.7
31.12
33.77
31.97
30.87
31.56
NA
NA
31.42
NA
31.76
31.19
30.82
31.6
NA
NA
32.09
32.36
32.04
32.34
NA
NA
NA
31.42
30.7
32.31
32.17
31.3
32.28
29.18
30.84
31.8
32.21
30.58
NA
32.17
30.87
30.57
26.66
31.84
31.16
31.16
NA
31.56
31.78
30.52
31.69
30.6
NA
NA
32.21
32.11
31.43
30.1
31.59
31.19
30.16
31.81
30.57
31.64
NA
32.11
NA
NA
30.71
NA
NA
32.01
NA
30.42
31.95
31.02
NA
NA
NA
NA
31.95
32.85
30.75
32.35
30.77
32.67
31.93
32.09
28.69
31.95
31.92
32.12
30.81
30.86
31.97
32.21
32.11
31.43
30.62
31.76
30.1
30.38
31.29
32.3
30.54
31.61
30.93
31.14
31.45
31.57
32.26
31.97
29.68
31.88
31.48
31.44
31.08
31.38
NA
31.24
NA
31.34
31.5
31.73
31.56
31.74
31.57
30.6
31.09
30.61
32.23
30.85
30.62
NA
32.08
30.68
31.92
31.71
30.48
31.68
31.78
32.54
31.14
31.07
31.73
31.76
32.12
NA
29.15
30.95
NA
31.75
30.74
NA
NA
31.04
31.8
31.38
30.96
31.95
30.38
31.77
31.91
30.72
30.57
32.01
31.68
31.84
NA
30.97
31.42
32.25
32.11
30.35
30.45
31.85
NA
NA
31.86
33.71
32.02
31.95
31.11
30.01
NA
31.74
32.21
NA
31.46
31.39
31.13
32.89
31.84
35.19
30.59
31.09
30.53
29.75
30.61
NA
NA
NA
32.53
32.26
30.42
NA
32.16
30.97
30.97
31.39
30.02
31.59
30.69
30.56
32.46
32.26
NA
NA
32.69
32.44
31.87
32.19
30.89
32.51
32.51
NA
31.31
32.66
30.83
35.0
31.55
32.64
31.94
32.39
32.04
31.34
31.8
30.97
31.62
32.5
30.8
32.45
31.51
NA
31.4
30.68
NA
34.28
31.31
31.69
31.85
31.45
31.65
31.04
32.28
32.06
31.67
32.24
32.02
NA
30.7
32.15
32.34
31.19
NA
31.53
NA
30.32
32.26
31.51
30.49
31.82
31.22
NA
32.46
30.54
30.73
NA
31.37
NA
31.79
29.67
NA
31.91
31.55
31.7
30.99
31.37
31.42
NA
31.34
32.54
27.94
30.66
31.75
30.88
30.38
31.95
29.88
31.75
NA
32.17
30.67
31.49
32.33
30.63
32.09
NA
NA
NA
NA
NA
NA
NA
NA
32.17
31.54
30.99
32.05
32.4
31.43
NA
30.61
29.37
32.42
30.68
31.54
29.08
31.6
30.9
31.98
NA
32.19
NA
NA
31.5
31.0
27.81
30.69
30.72
31.95
32.1
32.45
31.36
NA
NA
NA
NA
31.85
30.54
32.04
30.03
31.59
30.63
32.13
30.2
29.88
32.24
31.43
30.46
32.16
30.65
32.65
33.79
31.04
32.74
31.07
NA
32.61
31.64
NA
31.98
31.08
NA
NA
30.97
32.08
31.68
32.28
NA
31.75
NA
32.29
NA
31.85
32.65
33.15
31.82
31.21
30.88
31.75
30.81
31.12
NA
NA
30.48
32.47
31.12
31.41
31.98
31.13
32.07
32.53
31.47
30.47
31.15
NA
NA
31.94
32.78
32.25
32.45
32.11
31.4
33.06
31.64
30.78
31.57
32.14
30.39
30.76
32.71
30.64
32.24
32.6
32.08
31.38
32.14
32.17
31.38
30.62
31.74
32.01
32.22
31.66
31.59
31.94
31.85
32.02
NA
NA
30.95
31.86
31.84
32.31
30.94
31.73
30.87
32.08
31.37
33.03
31.61
30.9
30.5
31.55
NA
30.45
31.2
32.12
31.48
30.28
31.9
30.5
30.8
30.5
31.06
31.92
32.46
32.53
31.39
NA
NA
NA
NA
32.71
31.21
32.41
30.71
NA
32.78
32.21
32.12
32.25
32.48
30.92
30.86
30.82
30.86
31.66
31.58
31.48
32.05
NA
NA
NA
NA
35.44
NA
32.24
30.98
31.65
31.16
32.21
31.04
30.68
32.2
31.07
30.66
31.89
NA
NA
NA