NA
NA
NA
NA
31.69
NA
NA
NA
NA
NA
31.49
31.89
NA
34.4
NA
NA
NA
NA
NA
NA
NA
NA
32.07
NA
32.03
32.56
32.1
32.34
NA
NA
NA
NA
32.15
32.16
NA
NA
NA
NA
NA
NA
NA
NA
NA
NA
NA
NA
31.87
NA
31.83
31.74
NA
NA
NA
31.86
32.02
32.41
NA
31.73
NA
NA
NA
NA
NA
NA
32.46
NA
NA
NA
NA
NA
31.72
32.08
32.08
NA
NA
NA
NA
NA
31.96
NA
31.31
31.46
NA
33.71
NA
NA
32.0
NA
NA
NA
NA
NA
32.23
NA
NA
NA
NA
NA
NA
32.16
32.11
32.05
NA
31.77
NA
NA
NA
NA
NA
32.1
30.9
30.43
30.98
31.99
32.1
31.85
NA
NA
NA
32.28
32.37
34.27
31.92
28.55
31.41
31.96
32.14
32.11
NA
31.5
31.91
31.81
30.61
31.81
31.94
31.94
NA
32.82
31.75
NA
33.21
33.24
NA
33.11
NA
NA
33.23
34.13
31.93
32.03
NA
32.04
32.12
31.84
31.66
NA
32.22
31.97
33.02
56.54
32.56
NA
32.57
NA
32.14
32.3
32.01
32.11
31.94
32.05
32.05
31.95
32.05
NA
31.85
31.85
31.95
31.95
31.85
32.15
32.05
31.95
NA
32.34
32.34
NA
NA
31.96
NA
NA
31.69
32.55
30.66
32.61
31.91
31.84
31.76
NA
31.95
32.1
32.1
31.9
31.88
NA
NA
32.16
32.17
32.08
31.93
32.21
NA
NA
31.7
31.99
31.59
32.02
32.02
32.42
32.02
32.02
32.2
32.1
NA
32.02
32.03
NA
NA
NA
NA
NA
31.73
31.76
32.47
31.99
32.12
32.16
NA
NA
NA
NA
NA
30.77
31.89
31.66
NA
NA
NA
NA
NA
NA
NA
NA
31.26
34.34
NA
31.67
31.96
32.07
32.2
32.29
32.26
NA
NA
NA
NA
NA
31.58
31.78
NA
NA
31.68
NA
NA
32.26
NA
32.09
31.87
31.93
32.15
32.33
32.07
32.07
31.06
NA
31.47
31.42
32.18
27.81
NA
31.63
32.03
31.93
31.89
32.14
31.71
31.61
NA
NA
NA
NA
31.78
32.19
32.09
31.89
NA
NA
31.74
31.87
31.96
NA
NA
NA
31.96
32.06
NA
31.81
31.81
NA
32.13
31.96
32.06
31.87
32.11
31.88
32.36
31.92
32.15
31.85
31.85
31.99
31.99
NA
NA
31.99
NA
32.88
32.14
31.39
32.09
31.82
31.82
31.82
NA
NA
NA
NA
NA
31.67
27.73
32.06
32.0
30.58
31.66
31.49
31.85
31.61
31.85
NA
NA
NA
NA
32.03
NA
NA
32.21
31.91
32.04
32.0
NA
NA
31.87
31.55
NA
30.41
31.97
NA
31.94
31.85
NA
NA
32.23
31.84
NA
NA
NA
31.85
31.96
31.21
31.84
NA
NA
NA
NA
NA
32.39
31.91
31.81
NA
NA
NA
NA
NA
NA
NA
31.85
NA
NA
31.91
30.98
32.17
30.42
NA
31.98
NA
NA
NA
NA
NA
NA
NA
NA
NA
NA
NA
28.5
NA
NA