NA
NA
NA
NA
64.26
NA
NA
NA
NA
NA
63.08
NA
NA
64.8
NA
NA
NA
NA
NA
NA
NA
NA
NA
NA
NA
63.37
63.29
63.4
NA
NA
NA
NA
63.14
63.29
NA
NA
NA
NA
NA
NA
NA
NA
NA
NA
NA
NA
62.73
62.81
62.78
62.55
NA
NA
NA
62.87
62.98
63.57
63.67
62.76
NA
NA
NA
NA
NA
NA
63.51
NA
NA
NA
64.05
NA
64.22
63.42
63.42
NA
NA
NA
NA
NA
62.28
62.42
62.42
64.89
NA
63.59
NA
NA
63.12
NA
NA
NA
NA
NA
63.24
62.86
NA
NA
NA
NA
NA
63.05
63.01
63.68
NA
63.57
NA
NA
NA
NA
NA
62.78
61.41
61.48
61.51
62.88
63.75
63.38
NA
NA
NA
63.08
63.27
64.77
63.8
61.85
66.03
64.54
66.29
63.01
NA
62.6
62.61
62.91
61.41
63.81
63.14
64.04
62.91
62.22
63.62
NA
63.72
63.97
NA
63.77
NA
NA
64.19
62.63
62.63
63.23
62.86
62.99
62.98
63.25
63.17
NA
62.72
62.47
62.16
61.7
62.7
63.03
63.53
64.17
63.02
62.95
63.61
63.21
63.31
62.95
63.55
63.75
63.85
NA
63.45
63.35
63.45
63.55
63.55
63.35
63.15
63.49
NA
63.34
63.64
63.33
NA
63.71
62.88
NA
62.72
65.57
63.06
61.74
63.5
61.24
64.99
62.54
63.53
63.05
63.01
62.96
63.84
NA
NA
62.86
63.0
63.58
63.35
63.16
NA
62.41
63.09
62.44
62.37
63.22
63.02
63.02
63.12
63.32
63.35
63.75
NA
62.81
64.07
NA
NA
NA
NA
NA
62.86
62.95
63.13
62.97
62.89
63.14
NA
NA
NA
NA
NA
61.53
62.9
63.06
63.38
63.41
63.39
NA
NA
NA
NA
NA
62.56
62.33
62.96
62.69
63.0
63.18
63.1
62.94
63.25
NA
NA
NA
NA
NA
62.98
63.08
NA
NA
62.88
NA
NA
62.49
NA
63.38
63.37
63.0
63.11
63.16
63.18
63.47
62.9
NA
62.87
63.02
63.1
58.93
NA
62.78
62.85
63.43
62.9
62.65
63.92
63.87
63.31
NA
NA
NA
63.52
62.31
63.49
63.19
NA
NA
63.02
62.88
63.13
NA
NA
NA
63.04
63.0
NA
63.01
63.46
NA
63.27
62.86
63.36
63.22
63.31
63.43
63.26
63.04
63.05
63.65
63.85
62.88
62.88
NA
NA
63.43
NA
62.26
63.95
63.2
63.36
62.52
62.92
63.62
NA
62.57
63.17
63.67
NA
62.96
59.23
62.88
62.86
61.32
62.67
63.63
63.35
63.53
63.11
NA
NA
NA
NA
63.06
NA
NA
63.1
62.9
63.04
63.13
NA
NA
62.24
62.41
NA
62.6
63.06
NA
63.55
63.31
NA
NA
63.11
62.88
NA
NA
NA
62.71
62.8
65.15
NA
NA
NA
NA
NA
NA
63.48
63.11
62.91
NA
NA
NA
NA
NA
NA
NA
62.71
62.8
NA
64.08
61.71
62.92
62.22
63.82
63.07
61.58
63.48
NA
64.18
64.58
61.38
61.58
NA
NA
63.98
NA
61.18
62.98
62.81