174.53
173.18
174.62
174.52
176.39
175.79
171.69
176.22
174.97
176.0
173.42
174.3
NA
174.35
172.27
173.4
173.47
174.68
173.71
174.77
171.25
173.19
174.69
172.08
173.88
172.58
172.97
174.69
175.32
174.88
172.8
175.49
176.14
175.28
173.52
176.57
NA
NA
174.0
173.42
172.14
175.71
173.14
173.68
174.67
174.82
175.64
174.79
174.52
176.22
174.26
173.31
177.47
176.83
174.99
173.98
173.82
173.96
173.77
174.81
174.2
173.6
174.02
175.73
172.22
175.44
176.79
177.46
172.67
173.81
173.85
176.24
176.67
173.98
175.45
172.67
172.55
173.21
173.79
174.93
175.22
173.6
176.56
175.03
174.49
175.46
NA
173.87
173.67
174.71
NA
174.26
173.53
175.05
174.51
174.7
173.27
175.18
NA
NA
174.5
174.21
171.29
174.57
176.49
174.65
176.47
174.38
175.45
177.24
174.68
175.43
176.36
174.14
174.3
176.29
NA
175.78
173.24
NA
174.35
175.63
NA
174.09
175.87
174.55
174.13
175.76
173.01
172.92
173.15
174.25
173.91
174.71
174.83
174.16
173.13
172.29
177.26
176.39
173.37
175.4
175.42
NA
NA
173.23
175.8
172.51
175.76
175.26
176.49
172.97
174.11
174.36
174.17
174.75
173.78
175.15
174.71
176.45
174.98
175.06
173.92
174.62
176.73
175.34
175.35
174.56
175.36
174.47
174.91
174.96
174.23
174.9
NA
175.5
173.4
176.49
173.15
175.04
174.97
174.94
176.22
174.86
NA
175.12
172.44
175.46
175.99
174.88
175.04
174.88
NA
175.19
175.05
175.89
NA
176.8
174.37
172.43
174.88
175.87
174.07
174.65
174.85
174.04
174.78
NA
174.6
175.53
172.94
176.14
175.23
174.87
174.53
173.96
174.08
175.13
175.1
175.41
174.37
175.07
174.29
173.8
176.69
173.76
174.31
174.69
175.16
174.74
174.68
174.87
175.43
173.75
174.48
173.89
175.91
170.5
176.95
175.38
178.02
NA
NA
174.11
177.05
175.15
175.75
175.67
173.96
173.51
175.42
175.09
177.3
174.15
175.16
176.67
173.8
173.38
174.52
173.74
174.31
174.63
173.54
175.32
174.21
175.0
176.06
176.0
175.92
175.99
175.87
175.37
175.61
173.46
NA
NA
172.68
NA
174.51
NA
174.31
NA
174.01
NA
NA
175.62
174.69
NA
NA
NA
175.9
174.3
173.4
174.3
173.1
174.62
174.7
175.1
174.07
174.27
174.57
NA
174.57
174.27
NA
172.06
174.03
NA
NA
175.45
NA
173.34
176.79
175.3
175.6
175.3
174.3
174.7
NA
NA
174.37
179.07
173.77
NA
NA
174.31
173.98
174.6
NA
174.85
174.05
174.95
NA
174.16
174.64
NA
173.96
174.87
173.47
173.77
175.78
175.59
NA
176.09
174.92
173.28
174.68
NA
174.36
174.88
NA
176.0
173.04
NA
NA
172.38
175.62
175.84
175.23
173.76
175.26
176.52
175.11
176.35
NA
174.27
173.99
174.39
173.16
NA
172.55
173.73
173.65
175.85
176.56
NA
174.82
174.8
174.68
NA
174.56
NA
175.21
174.93
174.4
174.42
172.43
171.86
173.78
175.89
NA
174.95
175.9
174.43
173.45
174.53
NA
NA
NA
NA
174.19
NA
174.42
172.43
171.86
173.78
175.89
NA
175.44
175.74
NA
NA
NA
NA
NA
NA
NA
NA
NA
NA
NA
NA
NA
NA
NA
NA
NA
NA
NA
NA
NA
NA
NA
173.32
175.44
173.59
175.71
NA
175.94
174.11
175.93
175.31
175.23
175.59
175.27
175.19
175.69
175.61
175.84
175.22
NA
NA
NA
NA
NA
NA
NA
NA
NA
NA
NA
174.01
176.66
175.7
NA
178.36
175.02
NA
NA
NA
179.27
NA
174.52
174.82
NA
NA
NA
NA
NA
NA
174.19
176.11
175.07
175.56
NA
174.37
NA
NA
NA
NA
NA
NA
NA
NA
NA
NA
178.52
NA
176.38
174.29
NA
172.48
174.38
175.38
174.48
175.97
173.92
173.66
174.54
173.68
175.54
175.75
175.46
175.54
174.04
174.91
175.64
173.95
178.74
NA
174.44
176.29
176.6
174.79
NA
NA
NA
NA
175.92
NA
174.14
176.14
NA
NA
NA
173.94
173.95
174.01
174.54
173.04
174.08
175.38
174.58
NA
NA
174.44
175.34
176.34
174.24
174.47
172.37
171.87
173.77
175.97
174.43
172.43
171.83
173.83
175.93
NA
NA
174.23
NA
NA
NA
NA
174.16
174.65
173.4
NA
174.95
175.05
173.65
NA
NA
NA
NA
NA
174.89
174.49
176.2
174.75
NA
NA
NA
NA
174.95
175.35
175.45
175.92
174.29
NA
NA
NA
NA
NA
173.94
173.35
174.15
175.95
NA
NA
NA
NA
NA
NA
NA
NA
NA
NA
NA
NA
NA
NA
174.62
175.52
174.68
176.02
NA
NA
NA
NA
174.14
NA
NA
172.79
175.69
NA
NA
173.95
174.96
174.41
173.65
176.01
175.24
NA
NA
175.35
174.35
175.48
NA
NA
NA
NA
174.74
173.74
177.24
175.94
177.25
172.59
177.27
174.77
173.65
174.05
174.77
174.47
176.65
175.25
175.25
175.01
174.31
174.92
174.3
176.12
176.0
NA
NA
NA
NA
NA
173.45
NA
174.32
175.58
174.57
NA
NA
174.88
175.18
175.88
NA
NA
NA
NA
175.17
NA
NA
NA
NA
NA
NA
NA
NA
175.84
174.48
174.95
174.35
173.55
175.35
NA
NA
NA
NA
NA
175.06
174.67
NA
175.2
NA
NA
NA
NA
NA
NA
NA
NA
174.71
NA
NA
NA
NA
173.67
173.44
173.69
172.87
NA
NA
NA
175.44
178.36
174.7
173.9
172.2
NA
173.58
NA
NA
171.65
175.95
NA
NA
NA
NA
173.67
173.44
173.69
172.87
NA
NA
NA
NA
NA
NA
174.89
NA
NA
NA
NA
NA
NA
NA
173.99
175.93
173.99
176.16
176.0
174.86
NA
NA
NA
NA
NA
NA
NA
NA
NA
NA
NA
NA
175.05
175.3
174.86
177.36
174.85
174.78
175.08
175.18
NA
172.57
174.58
174.18
NA
NA
175.44
NA
NA
NA
174.68
176.26
175.79
NA
173.46
175.2
176.85
170.9
NA
173.57
174.4
173.26
173.99
175.95
173.26
173.99
175.96
NA
NA
174.03
176.8
175.32
176.24
172.65
173.9
175.25
174.35
176.66
175.24
176.11
NA
173.82
175.15
NA
NA
NA
NA
173.4
NA
NA
175.3
174.68
173.43
172.98
NA
NA
NA
NA
NA
NA
NA
NA
NA
175.21
174.87
175.37
174.07
175.07
175.37
173.97
176.49
178.35
174.39
NA
NA
NA
NA
NA
NA
NA
NA
NA
NA
174.65
177.2
172.13
173.4
173.83
177.88
172.58
NA
179.45
173.05
173.87
NA
175.27
173.87
175.51
174.89
174.11
NA
NA
NA
175.47
NA
NA
175.69
174.59
173.02
173.77
174.14
NA
NA
175.93
177.23
175.24
173.92
177.38
172.53
176.13
174.83
176.33
174.43
174.63
172.33
NA
NA
NA
NA
NA
NA
173.14
174.44
173.54
174.35
174.45
173.45
174.91
175.01
171.81
173.0
174.86
173.83
172.98
174.42
173.88
176.14
174.81
174.06
175.52
173.83
NA
174.53
NA
NA
NA
NA
NA
NA
NA
NA
NA
NA
174.26
176.15
173.41
174.52
175.19
NA
NA
NA
178.19
175.68
174.47
172.88
170.55
174.8
175.38
NA
NA
173.34
175.33
175.84
NA
175.64
174.99
174.88
NA
175.49
174.89
175.97
NA
175.39
173.67
172.56
175.63
174.63
175.78
NA
174.13
174.18
175.1
170.33
NA
175.95
174.82
173.83
175.28
NA
NA
NA
NA
NA
173.98
174.79
175.26
NA
172.94
NA
173.83
NA
175.37
173.67
173.39
177.61
173.36
173.96
175.06
174.55
172.34
NA
177.45
173.98
177.48
173.98
175.48
173.98
173.18
176.28
172.72
173.12
172.21
174.31
176.27
176.49
174.94
175.36
175.04
175.85
NA
175.95
172.62
174.66
174.65
NA
173.66
175.06
NA
175.35
NA
176.2
176.2
174.25
174.25
174.31
174.1
174.25
174.27
173.63
NA
NA
NA
NA
174.26
175.69
173.43
172.49
NA
NA
NA
NA
NA
NA
NA
NA
NA
NA
NA
NA
175.47
172.87
174.27
173.67
172.77
174.47
NA
NA
NA
NA
NA
NA
NA
NA
174.5
NA
176.07
175.33
175.65
174.2
176.7
NA
174.55
174.66
174.62
173.6
NA
176.59
NA
175.24
NA
NA
173.15
174.19
175.33
NA
NA
NA
NA
NA
NA
NA
175.02
173.46
177.31
177.97
NA
NA
174.16
175.24
NA
174.35
172.91
176.11
NA
176.18
177.1
NA
173.15
NA
173.78
173.68
176.0
173.18
173.37
NA
NA
173.76
NA
NA
174.65
175.58
175.38
175.88
174.98
174.88
173.08
172.88
NA
NA
NA
NA
NA
NA
NA
NA
NA
175.09
NA
NA
NA
NA
NA
173.75
174.82
176.74
178.01
175.48
177.14
NA
174.25
177.42
174.27
175.39
NA
NA
NA
176.01
175.48
174.1
173.87
174.89
176.69
NA
176.19
174.19
173.79
174.59
174.09
NA
175.09
NA
173.6
174.9
176.0
173.86
175.79
173.69
174.09
176.73
NA
174.06
174.99
175.05
NA
174.03
NA
NA
NA
174.91
174.28
172.17
173.91
NA
NA
176.3
175.3
175.79
174.59
174.22
174.42
176.01
172.14
175.74
NA
NA
174.01
175.6
174.32
174.41
NA
NA
NA
NA
NA
NA
NA
NA
NA
174.08
174.72
173.48
172.5
173.17
174.24
172.38
175.09
174.45
174.96
NA
174.36
NA
NA
176.71
175.72
173.42
NA
174.61
NA
NA
174.11
175.13
NA
172.86
175.6
173.41
NA
NA
174.0
172.77
173.6
174.59
NA
174.96
174.31
174.76
NA
175.21
175.87
173.07
174.87
175.67
174.77
172.8
172.91
175.14
173.12
174.78
174.04
173.61
172.74
171.37
174.17
174.17
173.17
NA
174.45
NA
174.17
175.8
174.95
170.86
175.22
175.11
174.92
NA
NA
NA
NA
175.89
174.3
175.3
176.37
176.09
174.93
174.83
174.92
176.16
174.71
179.03
174.54
176.24
NA
NA
173.6
NA
173.5
175.1
175.3
172.5
176.0
174.95
175.15
178.58
174.96
NA
176.15
NA
NA
175.48
NA
NA
NA
NA
173.87
173.11
175.09
174.51
174.85
174.49
173.65
173.78
175.1
174.27
NA
NA
173.8
NA
NA
174.68
174.18
176.99
NA
176.47
173.52
175.55
175.18
176.83
174.05
174.63
174.84
175.04
175.48
175.03
173.55
NA
NA
175.94
173.77
174.09
174.25
NA
NA
NA
174.94
174.05
173.73
173.18
175.08
176.5
NA
NA
175.65
175.11
176.03
175.4
175.11
172.81
175.8
175.2
175.9
175.3
173.65
174.09
173.68
NA
174.18
175.77
173.12
175.82
175.32
172.45
176.15
175.15
174.9
NA
174.38
174.13
NA
NA
NA
174.11
173.33
173.48
175.63
NA
176.68
174.09
NA
173.24
174.38
NA
173.49
NA
177.63
174.64
NA
NA
NA
174.97
174.51
176.5
NA
NA
175.19
NA
175.51
175.93
176.47
171.04
177.34
171.03
NA
173.83
NA
178.74
175.54
NA
NA
NA
175.41
NA
NA
174.23
172.59
175.82
173.65
176.09
174.08
173.34
174.33
NA
NA
NA
173.14
179.69
175.37
174.87
173.77
173.47
173.27
176.97
174.17
173.62
174.96
175.0
175.0
173.84
174.32
175.65
174.41
174.94
176.36
173.33
175.32
174.85
174.38
NA
174.37
NA
NA
NA
NA
NA
175.53
173.07
173.88
NA
175.88
175.82
NA
NA
NA
NA
NA
NA
NA
NA
173.73
174.65
173.32
176.39
174.81
173.28
NA
175.87
174.12
NA
174.18
174.14
174.74
175.54
175.4
172.83
174.92
174.27
174.25
174.21
174.32
174.32
NA
173.36
173.25
173.59
175.29
174.19
175.09
175.29
176.47
171.04
177.34
171.03
174.6
NA
NA
173.42
174.87
174.86
174.31
NA
175.3
174.82
176.14
172.9
175.29
175.7
NA
NA
NA
NA
NA
171.94
172.89
171.86
174.66
NA
173.52
176.23
176.55
174.7
174.72
176.06
NA
172.91
174.71
174.14
172.94
176.27
176.97
176.4
NA
174.36
174.66
175.3
NA
NA
174.72
NA
174.55
176.42
173.03
NA
NA
NA
173.76
174.86
175.69
174.16
175.62
175.46
174.15
175.91
NA
NA
173.57
NA
NA
174.51
173.87
175.87
173.07
175.57
176.12
176.62
176.02
173.72
175.95
174.53
173.09
173.29
174.29
NA
NA
NA
NA
NA
NA
NA
NA
NA
NA
NA
NA
NA
NA
176.59
175.69
175.79
175.19
NA
NA
172.03
NA
NA
NA
175.18
174.68
175.77
174.68
174.58
NA
NA
NA
NA
NA
NA
NA
174.34
175.87
NA
174.89
173.79
174.54
NA
NA
NA
NA
NA
NA
NA
NA
NA
NA
NA
NA
NA
NA
NA
NA
174.62
174.8
174.75