55.17
54.58
55.15
54.38
58.09
54.05
51.53
53.55
55.29
53.79
54.32
55.46
54.77
56.52
53.76
53.31
53.98
53.98
53.9
56.36
55.06
53.42
53.86
51.45
53.48
54.96
54.68
55.51
54.41
53.01
55.43
53.86
54.43
55.02
54.66
59.78
55.63
53.65
54.09
55.61
52.93
54.74
54.03
54.07
56.28
54.35
53.01
54.87
57.09
52.62
54.98
55.29
52.95
55.57
54.47
53.97
54.14
54.03
54.0
53.95
55.6
55.17
53.47
54.27
53.94
53.56
55.62
56.53
52.48
54.33
53.41
53.72
55.04
57.06
53.35
54.49
52.79
53.87
53.67
53.97
56.24
54.51
54.41
53.82
54.69
54.31
55.0
55.0
54.31
55.45
53.35
54.1
55.81
54.48
54.06
54.3
53.16
53.99
52.05
53.95
55.64
53.66
54.51
54.73
55.59
54.76
53.9
54.72
54.47
58.09
57.43
57.79
60.05
54.34
54.57
55.73
NA
54.33
54.48
54.73
52.72
53.98
54.15
55.0
53.37
54.37
54.34
52.9
54.0
55.29
52.17
54.34
55.73
54.12
55.27
54.21
53.58
54.79
55.29
57.08
54.85
54.48
54.12
NA
53.67
55.13
54.86
53.14
54.01
53.54
58.5
55.2
55.16
54.21
54.61
54.88
55.85
53.68
53.92
55.62
54.63
55.36
55.61
54.12
55.69
55.25
54.88
55.05
54.69
54.31
54.66
53.89
55.35
57.75
55.34
55.84
54.51
53.97
54.39
52.88
55.09
52.91
54.67
54.16
56.17
53.81
53.84
55.51
56.99
54.22
56.01
54.82
56.34
54.49
53.92
53.81
53.09
54.02
54.76
54.63
54.34
56.29
55.15
54.08
54.36
55.61
55.99
53.85
56.8
54.4
53.38
56.08
54.48
53.5
54.13
54.26
55.07
52.32
54.79
55.16
54.69
54.09
54.51
54.42
58.38
54.34
54.15
54.08
54.56
55.32
54.25
53.45
54.55
54.65
54.29
54.37
56.19
52.87
54.2
56.3
58.72
54.87
54.86
54.84
53.92
55.22
54.29
55.41
54.71
54.0
55.26
55.44
54.93
55.96
53.25
54.85
54.42
54.19
53.97
52.45
53.98
54.7
54.14
54.35
54.76
53.39
54.85
55.04
54.87
55.03
54.97
56.51
54.24
54.79
52.98
54.13
53.32
NA
54.01
NA
52.21
NA
54.37
53.27
55.67
55.72
54.23
NA
54.23
53.26
54.06
54.21
54.77
53.98
54.71
54.4
54.02
53.78
55.07
58.72
55.32
53.22
55.22
56.32
55.78
54.73
55.54
NA
55.77
54.24
NA
53.55
53.38
55.35
55.65
57.05
58.35
53.35
53.66
54.67
54.12
55.72
53.62
NA
55.88
54.16
54.77
54.04
56.14
54.64
53.64
55.64
54.53
53.38
56.38
54.63
53.81
53.74
54.93
55.38
57.81
56.6
52.61
56.29
56.36
53.98
55.08
53.1
54.54
53.72
52.61
56.39
54.53
NA
NA
53.38
55.09
56.59
55.77
53.93
54.04
54.04
57.08
52.04
54.66
54.41
54.94
54.26
53.98
54.97
52.46
54.85
53.5
53.91
55.3
NA
53.14
54.85
55.63
53.98
54.18
54.37
57.25
53.95
56.04
52.94
53.23
54.64
54.15
53.62
55.29
53.14
54.16
54.16
54.73
54.16
53.14
NA
54.27
54.67
54.14
54.49
52.95
53.24
54.65
54.16
53.63
57.03
56.48
56.82
56.26
56.11
56.33
54.96
54.85
53.84
54.62
54.89
54.78
53.77
54.55
54.88
54.73
53.8
54.51
54.92
54.71
53.82
54.39
54.92
54.71
53.82
54.39
54.09
55.38
54.09
55.38
58.1
52.63
57.69
53.38
57.42
54.76
55.92
57.44
54.62
56.58
55.06
56.72
56.0
55.21
54.3
54.32
54.48
53.56
NA
53.62
54.47
54.69
53.98
53.77
59.36
59.95
NA
NA
53.96
53.24
NA
54.16
54.67
54.77
53.51
54.98
57.6
NA
55.09
55.29
54.49
NA
NA
54.15
59.16
54.91
54.07
NA
55.26
54.13
56.13
55.64
54.0
56.16
55.6
54.08
56.25
55.61
52.41
56.38
52.26
54.5
54.07
NA
55.07
54.07
54.87
52.57
55.71
54.85
54.58
55.2
54.42
54.93
55.66
55.47
56.61
54.96
57.37
54.82
53.46
57.22
54.72
54.92
58.38
54.38
53.69
55.28
54.96
56.58
55.81
56.65
52.25
54.77
58.37
NA
53.72
55.52
NA
NA
NA
56.03
51.43
55.62
52.42
54.82
54.03
54.3
53.47
54.07
55.47
57.17
53.03
53.33
54.69
54.18
53.66
53.05
53.28
54.74
54.22
53.64
54.21
55.11
54.76
56.08
53.68
52.28
52.18
54.47
54.75
55.45
55.25
53.74
56.04
55.84
53.57
53.87
55.0
55.8
53.6
54.01
54.51
54.73
52.54
55.29
54.14
54.46
55.91
54.68
54.18
56.08
53.59
54.48
58.34
53.91
57.86
54.5
54.43
53.02
54.75
53.81
54.2
57.29
52.85
53.23
54.62
54.17
53.58
52.93
53.26
54.68
54.16
53.62
53.59
53.89
56.49
53.58
54.38
55.21
54.64
54.73
54.08
55.05
54.61
57.64
56.06
55.22
54.58
55.58
52.96
56.66
54.38
54.9
54.38
54.34
56.96
54.18
55.35
55.97
53.63
54.73
56.29
53.94
53.64
60.6
54.19
54.05
54.55
59.65
54.88
56.21
52.57
60.03
52.75
54.36
53.46
54.07
53.87
56.72
54.92
54.22
55.02
54.39
55.78
54.24
55.8
53.62
53.81
56.11
NA
55.84
NA
53.9
54.28
53.85
55.82
54.32
54.75
54.15
56.44
54.74
56.44
NA
54.63
56.78
54.15
54.3
55.18
56.12
56.36
53.64
56.14
56.26
53.44
54.04
56.58
54.6
54.82
54.62
53.72
54.42
53.12
54.11
53.32
54.08
53.01
55.07
55.64
55.78
53.88
55.11
54.21
54.11
55.11
53.81
54.31
54.61
54.0
53.55
55.8
55.48
56.47
55.03
54.35
54.78
54.36
54.11
58.15
54.84
53.34
55.57
59.06
54.21
55.38
55.79
54.15
NA
55.73
NA
55.17
56.79
54.49
55.79
55.07
55.88
54.35
54.78
54.36
54.11
53.7
54.22
54.27
55.95
55.28
54.99
53.95
55.8
55.4
56.4
55.1
56.2
53.35
56.39
54.25
53.23
54.21
54.82
54.86
53.38
55.34
53.97
55.14
52.55
52.95
55.25
52.1
53.19
55.26
53.9
53.72
54.84
57.64
54.22
55.7
54.83
55.76
54.69
55.59
52.79
52.03
53.38
NA
NA
55.14
53.93
54.35
54.86
56.37
55.6
54.68
54.11
57.76
55.12
55.28
56.8
51.64
55.54
55.18
54.21
59.92
54.77
54.84
54.17
54.77
54.92
54.12
53.51
54.13
53.58
54.38
54.07
56.26
54.9
55.98
53.84
53.63
54.21
54.13
55.6
54.73
55.61
53.49
53.93
55.33
56.27
53.87
55.56
54.2
56.16
57.83
53.77
53.9
55.39
NA
55.96
NA
54.09
54.09
56.9
54.05
54.05
53.57
55.96
54.45
57.55
55.15
55.75
54.15
53.75
53.72
58.99
55.24
53.51
56.17
53.87
53.7
55.28
55.08
53.76
54.63
54.49
56.4
54.05
52.91
55.96
55.73
53.52
54.51
52.72
54.53
53.36
55.26
53.78
54.82
53.93
54.45
55.45
54.49
54.34
55.15
56.1
56.69
54.22
NA
NA
55.75
54.18
54.48
55.3
54.4
55.24
55.85
54.98
54.28
54.48
54.66
59.37
52.65
55.52
55.62
53.25
54.64
54.7
54.49
54.25
54.01
54.85
54.14
53.78
54.67
54.79
53.29
54.89
54.14
53.84
55.34
54.53
55.33
53.13
55.82
54.08
54.35
55.45
53.89
54.25
55.92
54.38
54.98
53.76
56.52
53.52
56.22
56.32
55.53
59.44
53.44
57.37
56.59
55.57
55.16
53.39
56.61
54.02
55.09
53.36
55.27
56.74
54.4
57.84
55.31
55.77
55.68
55.05
54.83
56.73
53.53
55.04
55.64
NA
54.2
57.02
54.69
55.96
55.51
55.03
53.14
56.28
54.96
54.44
55.1
56.16
54.33
55.32
52.95
52.83
54.02
56.53
NA
53.64
53.92
56.82
52.6
54.0
54.16
54.0
53.71
56.04
53.06
55.46
54.56
54.36
58.56
54.56
53.14
52.53
55.21
54.31
54.61
55.62
NA
54.03
53.53
52.05
59.05
55.13
53.53
56.93
54.81
53.06
54.86
58.87
54.21
52.91
53.81
53.51
54.21
54.01
55.19
53.33
54.11
51.56
55.23
53.94
54.02
55.37
53.36
54.03
54.51
55.68
54.16
54.07
54.27
55.82
54.83
54.15
54.15
53.45
52.88
53.82
57.78
55.98
NA
NA
NA
NA
NA
NA
54.1
55.75
55.58
55.3
NA
53.58
57.25
54.0
55.03
55.27
53.66
53.6
54.0
53.37
55.7
53.77
55.18
54.27
53.69
55.41
NA
53.89
54.29
54.79
54.69
56.19
54.09
53.35
55.94
53.71
54.05
53.82
54.99
53.82
54.52
53.29
52.22
54.02
55.09
53.25
56.54
54.89
53.53
54.91
54.59
58.22
53.61
53.01
55.42
54.43
53.72
55.04
56.13
56.51
55.93
54.28
55.35
55.25
53.75
56.25
NA
53.75
53.15
54.29
54.29
53.22
53.85
55.5
54.36
56.05
53.64
55.98
55.04
52.96
57.01
56.18
55.88
59.25
53.14
54.46
53.14
53.91
54.73
53.56
54.82
55.07
NA
53.49
54.75
54.39
55.72
54.22
53.69
55.59
54.39
52.79
52.69
54.79
54.29
56.14
55.61
55.65
54.9
55.65
55.19
53.29
55.09
54.32
56.05
NA
NA
55.87
NA
NA
53.13
54.21
53.43
54.75
55.04
54.06
NA
54.09
57.25
55.42
NA
55.68
54.01
55.06
53.41
54.74
54.89
NA
54.5
56.5
54.5
53.9
53.9
54.0
53.7
52.7
52.1
53.4
55.7
55.78
53.82
57.22
54.81
56.41
53.81
54.21
54.19
55.57
52.71
54.28
55.39
56.6
52.92
51.67
53.17
54.84
52.12
55.67
52.66
54.36
56.35
51.67
56.33
51.62
54.19
53.29
54.38
53.48
55.7
54.04
54.24
54.8
55.9
52.35
53.53
54.0
54.33
54.62
56.42
54.12
56.22
56.51
56.51
56.62
53.28
53.31
54.32
53.93
55.13
52.9
54.49
54.65
52.9
53.9
53.48
53.94
56.22
54.14
54.94
53.59
53.52
58.07
54.55
53.38
54.39
55.96
53.56
54.44
56.13
NA
54.72
56.27
54.46
51.63
NA
53.06
55.09
53.47
54.32
54.22
55.6
53.75
57.43
54.64
55.81
55.86
54.18
54.22
55.35
55.14
54.45
55.37
53.39
55.61
54.51
53.09
54.45
53.82
54.05
53.25
56.35
54.45
54.3
56.9
NA
54.07
55.57
57.63
53.99
58.9
54.16
51.57
53.47
55.75
53.81
55.67
53.92
55.88
55.47
52.05
53.66
55.67
54.92
51.93
56.4
57.62
53.08
53.03
54.43
NA
NA
54.21
54.41
56.51
58.01
55.81
53.91
55.01
54.42
54.77
53.88
53.83
54.93
56.65
54.14
54.34
54.75
57.28
54.09
54.59
56.69
54.94
56.48
56.22
55.1
55.18
54.24
53.92
53.27
55.16
55.14
53.95
54.26
53.82
54.58
54.21
55.1
53.3
56.01
NA
58.34
54.81
58.06
55.6
59.38
53.95
54.4
53.78
54.77
57.08
58.37
54.74
NA
53.55
54.58
54.67
53.86
57.82
54.7
53.8
54.8
54.05
53.38
53.85
54.35
54.94
55.46
52.7
53.69
55.07
55.63
56.46
55.73
53.73
54.33
55.14
55.54
56.64
55.94
53.34
54.18
54.76
52.52
54.0
56.68
53.92
55.82
55.52
53.69
55.69
55.39
54.23
53.85
56.48
54.23
56.54
53.74
56.14
54.21
55.32
53.87
54.34
53.72
56.12
53.73
NA
54.61
54.98
57.35
54.51
NA
55.63
53.2
55.46
54.56
54.07
54.43
54.94
54.63
58.52
57.87
55.9
53.96
55.45
55.98
54.74
53.7
55.29
54.43
NA
54.97
55.38
52.25
53.76
55.7
54.08
55.86
55.7
NA
NA
54.5
55.37
56.34
54.14
53.86
54.2
54.5
53.77
NA
54.47
54.04
55.65
54.93
54.28
54.36
55.08
55.4
54.14
57.92
53.2
52.3
57.5
54.86
57.58
51.7
56.08
54.43
57.32
53.86
57.01
54.95
54.44
54.59
54.49
55.51
53.45
54.53
53.39
53.36
54.27
53.65
54.96
54.33
54.83
NA
54.95
55.9
NA
54.03
56.36
53.8
55.68
55.02
55.18
58.59
55.6
55.26
54.11
55.41
53.78
55.74
56.8
55.15
53.62
55.4
54.76
53.62
54.92
54.92
55.9
60.21
55.76
NA
NA
54.7
54.56
55.01
55.58
54.77
53.79
56.7
54.4
54.7
54.3
57.3
54.77
53.74
55.2
54.46
54.61
54.17
55.99
53.26
57.17
54.15
56.16
53.84
55.47
54.75
56.15
54.08
54.68
55.92
NA
54.49
55.49
55.59
53.89
54.48
55.1
54.73
54.53
56.49
54.02
52.86
57.19
54.17
54.56
54.2
56.08
54.9
53.94
56.62
54.27
58.2
54.18
56.57
53.59
53.4
54.7
54.79
51.54
NA
55.64
53.45
53.6
52.28
53.57
NA
53.05
55.65
54.98
54.18
56.56
53.62
55.31
53.63
54.93
53.99
53.44
52.01
54.03
56.75
51.43
55.01
55.28
54.68
53.97
54.3
54.9
55.9
56.1
53.22
55.64
53.97
53.71
55.31
56.51
56.69
54.06
54.6
54.46
54.68
53.9
54.16
55.16
54.31
54.12
54.62
54.46
54.68
NA
54.6
55.5
54.7
53.8
55.63
55.17
57.24
54.73
54.2
NA
54.61
54.01
52.17
53.42
53.39
53.49
53.67
56.16
54.11
56.35
53.74
54.19
55.15
59.11
59.96
53.76
55.56
53.95
55.55
55.17
53.98
54.23
NA
54.26
53.3
54.14
53.69
53.38
53.93
54.42
53.48
54.06
54.38
54.77
53.09
53.03
52.94