176.02
175.87
174.47
NA
176.34
175.13
175.33
175.61
177.02
NA
NA
NA
175.21
175.02
NA
175.13
175.4
175.6
NA
174.52
NA
175.17
176.32
170.09
175.55
175.5
175.46
175.78
176.37
175.79
175.07
177.09
173.32
175.54
174.58
174.96
176.56
176.55
NA
173.32
NA
175.0
175.75
174.38
176.77
177.26
175.07
174.88
175.12
174.02
175.03
175.39
173.36
176.95
176.58
177.81
176.99
NA
175.89
174.89
174.68
175.16
174.66
176.24
174.51
171.05
175.82
173.02
174.93
NA
175.72
175.94
NA
175.07
175.41
175.86
175.16
174.56
175.96
177.64
171.45
NA
178.12
174.16
174.57
175.39
174.82
177.98
174.96
175.77
175.83
175.65
177.65
175.74
175.63
177.49
173.88
174.12
172.98
175.72
173.83
NA
175.07
175.81
174.58
173.8
174.56
176.0
176.31
NA
173.34
175.94
174.27
178.39
175.29
176.43
176.13
176.41
175.75
175.85
174.11
175.1
175.77
173.1
177.67
NA
NA
NA
174.83
175.76
174.14
176.1
175.69
175.15
NA
178.67
175.75
175.36
173.62
177.32
178.34
173.92
176.35
174.5
174.79
174.12
174.67
175.9
174.51
173.85
173.36
NA
176.54
174.91
177.62
174.63
177.91
175.33
174.6
NA
176.14
175.11
175.67
175.81
175.07
172.75
173.18
NA
176.15
176.46
174.5
175.79
175.85
175.81
175.38
175.18
175.48
177.39
174.17
174.5
176.22
174.91
174.36
175.21
174.48
176.19
177.14
176.5
175.75
175.69
175.39
175.25
176.38
173.89
175.49
177.2
176.53
177.74
175.87
174.91
176.4
175.57
NA
NA
175.68
173.74
175.48
175.89
176.81
175.87
174.13
175.9
174.81
174.34
NA
175.8
NA
NA
175.49
NA
175.04
176.44
176.07
NA
176.38
174.76
NA
173.46
177.11
175.84
NA
175.51
NA
NA
173.49
172.55
172.36
174.93
NA
174.89
172.97
175.43
175.44
176.35
NA
175.16
176.54
176.04
175.35
175.16
NA
176.5
175.67
173.21
NA
176.81
174.61
176.71
NA
NA
174.42
175.33
175.86
176.06
175.63
175.17
172.6
173.95
NA
NA
175.31
175.92
176.87
175.56
NA
NA
NA
NA
NA
NA
175.91
172.95
173.56
171.91
175.7
NA
NA
176.93
177.31
175.49
175.65
174.55
175.61
NA
174.2
175.91
175.64
175.74
176.99
173.64
175.51
176.75
173.1
175.82
173.29
175.54
NA
177.06
NA
NA
174.85
171.22
NA
175.04
174.01
173.35
172.39
174.6
175.3
175.62
175.1
175.01
174.66
172.67
175.74
175.44
175.4
176.17
176.21
175.87
175.43
171.95
174.94
174.69
NA
178.48
176.13
170.3
177.71
175.68
175.54
171.23
174.81
176.47
175.18
175.37
NA
175.4
174.47
175.19
174.68
176.27
173.39
176.22
172.53
176.24
173.88
176.21
174.53
175.66
175.59
176.55
175.49
175.88
176.25
172.96
174.6
175.87
175.43
175.11
176.57
175.44
175.84
174.87
175.82
174.78
NA
175.78
174.87
NA
175.84
174.78
NA
175.76
174.75
175.62
176.45
175.34
174.15
NA
176.91
NA
175.81
NA
175.37
172.52
177.77
172.41
177.46
174.84
175.22
174.95
175.73
NA
NA
NA
NA
176.57
NA
173.3
176.68
NA
NA
NA
NA
NA
175.53
175.96
NA
NA
177.17
177.17
173.97
NA
173.93
NA
NA
173.64
175.32
174.83
NA
NA
NA
175.8
176.4
NA
NA
NA
176.22
176.58
NA
175.28
175.78
NA
NA
NA
NA
NA
NA
NA
NA
NA
NA
175.89
NA
NA
NA
NA
174.94
170.75
175.25
175.05
173.85
175.35
176.15
176.35
NA
NA
175.66
175.37
NA
NA
NA
175.87
176.27
176.9
175.5
175.18
174.14
175.47
174.53
174.44
178.29
174.86
NA
NA
NA
NA
175.75
175.15
175.69
174.88
NA
174.08
175.68
177.6
176.39
NA
178.0
174.01
NA
175.59
177.72
178.0
175.08
NA
NA
175.42
175.88
175.02
175.48
176.58
177.32
174.99
179.41
175.17
175.29
NA
NA
174.13
174.13
174.12
174.12
174.12
174.57
174.48
179.98
NA
178.03
174.35
NA
NA
176.81
NA
NA
NA
NA
NA
174.52
NA
175.62
NA
173.73
NA
176.58
NA
175.98
175.63
175.82
NA
175.06
175.46
175.26
NA
NA
177.15
175.5
177.25
175.74
177.36
NA
NA
175.65
174.05
173.7
NA
NA
174.73
NA
NA
NA
NA
NA
NA
177.36
NA
176.37
NA
NA
NA
176.24
NA
174.61
176.81
172.41
174.56
NA
NA
174.56
NA
180.14
177.57
176.77
180.08
175.96
174.44
176.65
174.24
175.78
175.9
174.41
176.55
173.07
175.77
175.08
175.41
175.31
NA
NA
NA
177.13
177.11
175.89
176.43
176.15
175.0
NA
NA
NA
174.82
179.84
175.21
NA
177.06
NA
174.22
NA
NA
NA
NA
NA
NA
NA
NA
NA
177.07
178.46
NA
NA
NA
175.65
NA
NA
NA
NA
177.22
NA
NA
NA
NA
NA
175.02
175.22
175.42
177.82
NA
NA
NA
NA
173.28
176.92
NA
NA
NA
NA
NA
NA
NA
NA
NA
NA
NA
NA
176.31
176.46
178.68
NA
NA
177.05
177.01
177.03
NA
NA
NA
NA
NA
177.54
177.24
NA
175.05
174.63
NA
173.24
175.11
NA
NA
NA
NA
NA
174.88
175.98
176.38
175.68
176.98
172.08
178.48
NA
172.55
176.93
176.7
176.61
173.68
174.41
175.47
175.06
175.42
175.56
176.92
174.64
174.31
178.55
NA
NA
176.05
175.63
174.13
NA
NA
NA
NA
NA
NA
NA
NA
NA
NA
NA
174.44
176.88
NA
NA
NA
178.54
174.54
176.94
176.24
177.37
177.43
NA
NA
177.43
NA
NA
176.8
177.0
174.36
174.66
174.56
176.05
175.75
173.0
NA
NA
NA
NA
NA
NA
NA
NA
175.89
176.99
174.6
177.35
NA
NA
NA
NA
NA
NA
NA
NA
NA
NA
174.55
NA
NA
NA
NA
175.97
174.95
175.97
174.95
NA
174.85
174.55
NA
NA
174.93
174.33
NA
172.54
174.65
175.85
176.25
NA
NA
NA
NA
NA
NA
NA
176.72
174.44
176.59
178.28
177.28
177.02
178.34
175.9
NA
NA
NA
NA
175.49
176.89
176.99
NA
175.37
176.67
NA
177.57
176.32
175.19
NA
175.73
NA
NA
NA
NA
NA
175.52
176.37
174.58
NA
NA
NA
NA
NA
174.15
174.65
175.45
173.95
176.15
176.81
174.93
NA
NA
NA
172.95
175.45
NA
175.48
176.51
NA
NA
NA
NA
NA
NA
176.05
NA
NA
NA
NA
175.04
177.44
177.74
NA
NA
173.03
171.73
174.63
177.39
176.87
175.92
174.7
175.75
177.95
176.16
176.65
175.15
176.78
177.09
174.28
175.91
NA
176.77
175.72
176.75
175.55
176.05
176.45
NA
NA
174.1
175.9
176.06
NA
176.04
175.91
174.16
177.46
177.97
176.73
176.09
NA
NA
NA
NA
174.34
175.94
175.29
NA
175.01
NA
175.75
175.44
174.28
175.05
177.05
176.92
181.89
175.63
176.33
176.08
NA
175.21
175.91
NA
NA
NA
NA
176.18
NA
NA
NA
NA
178.78
177.51
173.91
NA
176.02
NA
NA
NA
NA
NA
NA
NA
NA
NA
NA
NA
175.24
NA
176.14
NA
NA
176.35
177.05
175.65
NA
174.61
172.96
175.36
176.1
175.41
175.71
175.14
NA
NA
NA
NA
NA
NA
NA
NA
NA
176.78
176.27
175.87
176.15
175.23
NA
173.96
177.96
175.57
NA
179.6
178.31
NA
NA
NA
NA
NA
NA
NA
NA
NA
NA
175.07
174.23
174.9
176.2
NA
NA
NA
176.18
176.22
176.05
NA
NA
175.57
NA
179.6
178.31
178.37
176.97
180.47
NA
NA
NA
NA
NA
NA
NA
NA
NA
176.91
NA
NA
177.7
174.8
178.19
176.67
177.41
174.96
NA
NA
174.46
176.07
175.77
174.74
NA
NA
NA
176.19
NA
NA
176.16
NA
NA
NA
NA
NA
NA
NA
NA
NA
NA
175.05
174.35
NA
NA
NA
NA
NA
NA
174.74
NA
NA
175.56
NA
180.04
176.17
NA
NA
174.53
NA
NA
NA
174.96
176.06
177.1
175.55
175.7
NA
175.76
NA
175.37
NA
NA
NA
NA
174.21
174.73
175.72
175.69
NA
NA
173.01
176.66
175.62
175.97
NA
175.79
174.92
NA
NA
NA
NA
NA
NA
NA
NA
NA
175.26
NA
174.3
179.3
NA
NA
NA
173.35
175.71
176.4
NA
NA
NA
NA
NA
NA
NA
173.52
NA
176.89
175.34
175.38
NA
NA
NA
176.37
175.17
176.4
NA
174.93
177.26
175.36
178.64
NA
NA
NA
NA
175.46
174.95
178.32
178.06
174.38
176.06
175.35
174.28
176.98
177.88
178.98
176.27
NA
176.07
176.07
NA
176.07
NA
NA
NA
NA
176.54
175.64
175.63
177.23
174.73
175.85
177.46
175.03
173.95
175.25
175.15
175.66
177.02
174.54
175.35
176.42
177.74
174.88
175.45
176.56
NA
NA
NA
NA
NA
NA
NA
NA
NA
NA
175.97
175.97
NA
NA
NA
NA
176.24
177.16
NA
NA
NA
NA
174.64
174.13
NA
174.63
174.24
175.9
NA
175.63
NA
NA
NA
NA
NA
175.42
177.42
177.87
NA
NA
175.17
176.13
NA
NA
NA
NA
NA
NA
NA
NA
NA
174.9
NA
NA
177.17
NA
NA
NA
NA
NA
NA
173.89
175.54
177.09
NA
177.27
176.71
NA
175.91
176.94
NA
NA
NA
175.7
175.11
175.21
174.91
175.81
174.21
174.06
175.64
175.62
175.97
178.02
176.82
173.92
NA
NA
NA
176.7
177.22
176.09
176.42
176.08
176.5
175.0
176.9
172.4
177.3
175.46
176.03
174.75
178.38
175.26
176.16
176.26
176.26
176.36
176.63
175.11
175.76
177.44
NA
NA
173.27
177.2
176.41
175.46
176.16
173.92
NA
NA
NA
NA
NA
NA
NA
175.48
176.49
174.64
NA
NA
NA
NA
176.67
173.73
176.63
175.13
175.27
176.47
NA
NA
NA
176.04
176.37
173.74
175.97
176.27
175.56
174.11
176.17
175.29
175.99
178.58
NA
NA
174.63
178.05
176.7
176.89
174.99
177.26
NA
176.09
175.27
175.93
NA
174.1
175.87
173.27
176.5
176.9
175.27
176.02
175.03
NA
174.53
176.83
175.73
NA
NA
NA
173.57
NA
175.27
176.6
NA
175.65
177.75
171.95
175.65
174.98
176.57
174.58
176.03
175.87
175.22
175.56
176.08
177.45
NA
NA
NA
175.33
174.19
175.9
174.54
174.76
NA
175.11
174.67
175.44
175.77
174.74
174.89
178.59
NA
NA
NA
NA
174.27
176.57
176.57
177.07
173.79
NA
177.71
173.01
NA
173.36
175.59
176.23
176.78
NA
NA
NA
NA
NA
NA
NA
177.75
173.05
175.58
176.62
176.09
NA
172.5
175.17
172.42
175.15
176.35
176.9
175.57
175.23
NA
NA
176.99
173.19
175.09
172.43
175.28
177.48
173.88
175.68
177.1
179.87
NA
NA
NA
173.99
NA
NA
176.02
NA
175.65
177.75
171.95
175.65
NA
175.85
175.22
176.32
175.82
174.48
176.28
NA
174.86
176.06
175.86
173.45
NA
NA
NA
175.35
178.05
NA
177.7
173.8
177.1
178.7
177.1
175.05
175.05
175.01
174.9
174.95
175.37
175.53
172.35
NA
NA
NA
NA
NA
NA
NA
NA
NA
NA
NA
175.2
175.65
175.82
175.07
NA
175.73
174.26
175.91
176.91
NA
NA
NA
175.07
NA
NA
176.97
NA
NA
NA
175.6
175.76
174.58
NA
NA
174.26
NA
NA
NA
NA
177.78
NA
NA
176.58
174.9
175.57
174.51
176.03
175.65
175.87
NA
NA
174.7
NA
NA
175.44
NA
175.89
NA
175.07
175.91
174.02
176.81
NA
NA
176.39
175.39
177.23
177.12
NA
NA
NA
177.97
NA
175.55
175.4
NA
175.92
NA
NA
NA
176.04
177.54
175.54
174.94
NA
175.35
175.91
174.88
176.2
NA
NA
175.1
176.35
178.17
174.47
177.66
174.76
NA
NA
176.11
176.73
174.89
175.19
173.44
172.82
176.5
174.9
NA
174.9
176.04
NA
174.95
172.97
172.91
177.15
173.75
173.67
175.03
176.15
175.02
176.12
177.34
175.75
175.14
173.23
174.83
NA
174.31
NA
NA
NA
171.5
175.69
175.36
174.98
NA
178.48
180.48
173.98
NA
NA
NA
NA
NA
NA
NA
NA
NA
NA
NA
NA
NA
NA
174.95
174.64
NA
174.85
NA
176.53
175.85
178.24
175.18
176.61
174.8
NA
178.75
174.97
NA
176.15
176.46
175.04
NA
177.57
176.04
NA
NA
173.61
176.16
178.1
176.06
NA
177.01
174.99
175.18
174.68
175.63
175.69
173.99
176.89
176.79
177.39
174.39
NA
175.3
178.13
175.7
175.4
175.56
175.86
176.26
176.46
NA
175.09
175.69
176.43
176.43
NA
NA
NA
175.96
176.76
176.28
NA
NA
NA
NA
NA
176.47
NA
176.57
175.75
NA
175.8
174.1
177.6
172.21
173.93
173.19
175.66
173.28
175.37
174.37
NA
175.47
174.41
NA
NA
175.22
174.34
175.09
181.09
175.93
175.6
175.93
175.71
NA
175.81
174.79
NA
174.82
175.57
174.17
175.05
NA
NA
NA
NA
174.6
175.43
NA
NA
176.27
174.72
174.66
172.58
NA
NA
NA
NA
175.56
176.96
NA
NA
NA
NA
NA
NA
NA
NA
NA
173.45
175.17
176.08
175.87
173.32
174.6
176.1
NA
175.79
172.29
NA
NA
NA
175.34
178.21
176.7
176.16
174.1
174.46
177.51
174.55
173.49
NA
NA
175.76
174.45
NA
NA
NA
NA
NA
NA
NA
175.42
175.41
NA
173.69
NA
176.05
NA
175.16
176.46
NA
NA
174.99
176.34
174.66
NA
NA
NA
NA
175.67
176.27
174.67
174.4
NA
174.72
NA
171.32
176.77
174.44
174.96
175.27
175.57
NA
175.37
174.47
174.97
175.47
177.47
175.07
176.77
174.77
175.17
175.04
175.81
175.78
175.49
175.77
176.42
176.42
176.42
176.42
176.42
175.49
175.15
175.55
NA
175.07
174.47
NA
NA
NA
NA
NA
174.69
174.89
NA
176.26
178.05
177.28
173.57
173.05
177.26
NA
177.92
175.53
174.69
174.69
175.49
174.6
174.99
174.29
174.86
175.24
NA
NA
NA
172.32
174.69
177.46
NA
177.46
176.04
175.64
173.24
175.04
174.1
NA
NA
178.82
176.05
NA
177.38
NA
171.4
172.0
174.4
175.36
176.38
NA
NA
173.57
176.1
178.06
176.02
174.26
174.34
NA
NA
NA
NA
NA
NA
175.17
180.37
175.37
173.27
175.9
NA
175.43
174.66
173.92
180.25
NA
NA
NA
NA
NA
NA
176.77
NA
NA
NA
NA
NA
NA
NA
174.68
176.18
175.69
NA
173.95
175.74
176.18
175.88
NA
NA
NA
NA
NA
175.83
174.96
175.14
NA
173.7
NA
177.09
176.61
174.44
173.63
175.32
174.92
175.92
NA
NA
NA
NA
176.11
174.01
176.03
175.45
NA
NA
NA
NA
NA
NA
176.1
174.98
175.44
176.14
NA
NA
NA
NA
NA
175.7
175.18
176.4
175.6
177.34
175.19
175.77
NA
NA
175.92
175.92
178.42
175.92
176.35
178.95
175.85
175.76
172.92
176.46
NA
NA
NA
174.7
176.52
175.28
NA
176.09
175.19
174.93
NA
173.13
NA
NA
175.86
175.32
176.47
175.22
NA
NA
NA
177.11
NA
174.33
175.63
NA
NA
NA
175.93
175.19
175.6
174.06
NA
NA
NA
NA
172.82
NA
175.49
176.14
176.57
173.46
NA
NA
175.83
175.5
NA
NA
177.71
175.98
176.23
NA
176.4
178.11
175.51
175.91
175.91
NA
NA
175.11
174.8
NA
175.56
176.36
177.43
NA
178.44
177.83
NA
175.63
176.43
177.43
174.03
178.33
NA
NA
NA
175.69
NA
NA
174.95
174.28
NA
174.17
NA
176.05
175.5
176.25
173.39
174.78
175.06
NA
NA
NA
NA
NA
NA
NA
NA
176.5
NA
NA
176.2
175.86
NA
NA
NA
176.61
NA
NA
NA
NA
NA
176.09
177.36
173.97
NA
NA
NA
NA
175.26
175.58
175.2
176.08
NA
179.79
179.83
NA
174.87
176.17
177.77
173.97
176.07
177.57
177.61
175.64
174.58
174.59
180.38
176.01
NA
179.48
NA
173.85
176.01
176.49
175.37
177.08
NA
NA
NA
NA
NA
173.06
175.44
NA
NA
179.41
173.64
NA
173.33
175.59
175.94
174.49
173.47
173.81
179.14
176.12
175.77
NA
NA
NA
178.92
177.57
NA
NA
NA
NA
NA
NA
NA
NA
NA
176.0
NA
NA
NA
NA
NA
NA
NA
176.79
NA
176.32
NA
176.23
NA
174.57
175.06
178.25
NA
177.04
176.43
177.23
178.48
NA
176.66
NA
NA
NA
NA
NA
NA
175.3
NA
175.23
NA
175.66
175.36
175.56
175.46
175.88
175.1
NA
176.04
176.22
176.01
NA
NA
NA
NA
NA
175.53
NA
181.23
NA
175.42
175.02
181.01
NA
173.07
173.08
173.31
178.6
NA
175.43
175.23
176.78
174.24
178.79
173.09
173.35
175.28
175.79
175.89
175.79
NA
176.79
176.79
179.21
178.11
176.25
173.39
NA
NA
NA
NA
NA
NA
173.6
NA
176.01
178.06
176.51
NA
176.93
NA
177.37
175.39
NA
173.71
173.66
173.57
NA
NA
176.12
NA
173.47
177.84
NA
NA
175.32
NA
NA
175.84
176.04
175.06
173.39
NA
174.93
174.37
NA
NA
NA
NA
173.85
NA
NA
NA
175.24
175.01
175.1
175.77
176.04
NA
NA
NA
173.3
175.94
NA
175.71
174.92
177.92
174.94
175.12
NA
176.94
174.05
174.38
175.36
175.48
NA
NA
NA
NA
NA
NA
NA
176.6
176.2
176.18
NA
175.92
176.37
176.96
175.69
176.4
177.91
176.71
NA
174.21
NA
NA
NA
176.03
173.8
174.24
175.29
176.4
178.27
175.31
177.56
175.66
NA
177.56
175.07
176.21
177.93
175.53
174.88
NA
175.6
NA
NA
NA
NA
NA
NA
174.96
NA
174.36
172.86
177.16
176.91
NA
175.62
NA
NA
173.68
175.15
NA
NA
NA
174.98
NA
176.3
173.22
175.81
176.31
NA
NA
NA
176.21
175.11
NA
173.76
171.83
177.19
177.21
NA
NA
NA
NA
175.12
176.52
174.56
176.99
178.37
179.53
173.96
175.96
NA
NA
172.83
174.04
NA
NA
NA
NA
NA
NA
NA
NA
NA
NA
NA
175.22
176.11
176.01
177.77
174.98
NA
NA
NA
NA
NA
NA
NA
NA
177.11
175.49
176.0
NA
NA
NA
NA
175.88
NA
175.3
175.47
175.87
NA
175.78
176.89
175.73
175.29
173.68
173.38
178.23
173.94
174.95
176.72
176.19
NA
NA
175.38
NA
173.6
176.1
178.04
NA
NA
NA
NA
NA
NA
178.03
176.6
178.69
NA
NA
NA
NA
176.14
173.74
NA
176.79
NA
NA
NA
177.19
NA
177.21
177.23
176.46
NA
NA
NA
NA
NA
175.99
175.56
NA
175.69
176.3
176.93
173.69
175.72
175.45
NA
NA
NA
NA
174.85
NA
NA
NA
176.79
176.4
176.4
NA
176.4
175.98
NA
NA
NA
NA
NA
NA
NA
NA
175.41
175.88
174.88
175.86
174.72
NA
175.2
174.3
174.75
174.75