178.23
178.74
178.66
176.0
178.87
178.63
178.08
177.89
177.66
177.06
175.09
178.64
NA
NA
178.91
178.64
176.82
NA
179.53
178.93
178.49
178.58
177.27
177.47
178.47
177.5
177.3
178.36
178.48
177.22
179.22
177.87
177.02
177.15
177.64
175.76
178.6
177.87
177.74
177.64
177.3
177.75
177.74
177.87
179.15
177.95
176.21
178.04
178.44
176.87
176.84
178.19
178.28
175.0
177.09
179.71
178.98
177.86
178.25
177.93
179.41
178.42
176.77
178.08
178.61
179.59
174.25
177.19
178.98
178.97
176.41
177.47
NA
178.75
176.52
177.64
178.46
179.29
176.47
177.73
177.92
178.09
177.6
178.66
179.46
177.6
179.52
177.29
176.97
177.79
178.75
178.69
177.23
178.7
177.83
NA
178.95
176.78
177.67
176.91
178.92
177.15
177.32
178.18
176.3
178.52
178.3
177.81
177.18
178.23
180.12
177.9
178.02
178.93
178.89
178.04
178.15
175.61
178.04
178.07
177.79
179.24
176.77
177.82
177.41
177.08
178.89
177.54
175.0
173.53
178.84
179.08
177.65
178.67
175.58
178.28
179.42
179.26
178.52
178.6
178.25
178.07
178.32
NA
178.09
178.83
177.58
178.34
178.36
179.45
178.09
177.62
178.18
178.54
178.22
NA
178.59
177.98
179.14
178.3
NA
177.43
178.6
175.57
178.38
177.34
178.53
178.37
177.04
177.0
178.21
175.17
178.18
179.15
NA
177.53
178.54
177.24
177.09
NA
177.84
177.48
176.85
179.24
178.04
175.9
175.19
178.78
177.13
179.28
178.48
176.87
177.85
179.59
176.42
177.91
178.61
177.54
178.12
177.46
178.17
179.51
178.65
178.97
177.74
178.43
177.9
177.99
178.99
177.5
177.97
176.9
179.19
NA
177.74
178.85
178.12
177.83
177.34
177.9
179.38
179.26
177.88
177.47
179.67
178.4
178.67
176.64
176.79
176.58
178.26
178.4
177.09
176.88
177.83
178.02
176.44
177.29
178.78
177.17
178.38
180.03
178.87
178.12
180.08
178.38
177.06
177.35
178.71
178.67
179.42
179.03
177.64
178.49
NA
177.1
177.52
179.05
178.66
177.11
177.2
178.88
177.83
176.49
178.23
179.03
178.51
178.81
179.39
179.35
178.8
179.38
178.38
178.95
NA
178.52
178.93
NA
177.2
179.17
178.91
177.93
177.88
177.58
176.54
177.5
177.55
177.14
176.69
177.71
176.9
178.14
178.59
178.23
179.02
179.15
179.66
176.59
177.0
176.95
177.92
176.33
177.84
179.17
176.12
178.5
179.23
179.37
178.99
177.16
179.52
174.46
177.21
178.75
178.68
179.74
176.69
178.37
178.16
178.34
178.15
178.3
178.11
178.37
178.12
178.24
178.05
178.99
179.29
NA
180.35
178.64
176.68
177.83
178.7
181.0
180.51
179.22
180.44
177.42
178.54
178.64
180.93
180.26
175.62
180.58
177.66
178.45
179.36
NA
178.66
178.36
180.26
178.86
178.16
NA
178.36
179.69
NA
NA
NA
180.39
178.89
177.99
NA
177.79
179.89
178.29
NA
NA
180.29
179.09
NA
178.39
178.19
NA
NA
NA
NA
NA
NA
NA
NA
NA
177.53
178.32
178.22
178.03
177.42
NA
179.44
NA
NA
NA
NA
177.74
175.62
177.91
178.8
176.44
NA
NA
178.94
178.65
177.59
NA
175.07
174.99
176.85
177.05
177.31
175.83
176.33
176.98
178.35
NA
NA
177.14
NA
178.39
177.68
179.63
177.87
179.07
NA
NA
NA
NA
177.69
NA
179.28
NA
178.7
176.31
177.04
176.98
NA
NA
NA
NA
NA
NA
NA
NA
NA
178.56
176.96
178.82
NA
178.85
176.76
179.35
NA
NA
NA
NA
NA
179.16
176.86
180.37
176.81
178.63
175.33
175.44
176.22
178.86
NA
NA
NA
NA
177.52
NA
NA
NA
178.45
178.8
178.22
178.46
178.56
NA
NA
177.69
176.08
176.47
177.99
179.49
177.08
176.83
NA
176.58
181.05
177.23
175.98
178.36
NA
NA
NA
NA
NA
NA
NA
NA
NA
NA
NA
NA
NA
NA
NA
NA
177.48
178.48
177.68
179.47
179.33
178.78
179.34
NA
NA
174.83
176.73
174.83
176.73
174.72
176.72
174.62
176.72
174.82
176.72
179.94
176.31
176.42
177.83
176.89
176.96
179.35
179.68
180.42
177.46
177.91
NA
176.24
177.65
178.19
NA
179.54
179.66
176.05
174.81
178.98
178.38
177.98
178.18
178.18
178.18
176.28
NA
176.48
177.82
178.62
177.72
178.85
175.4
178.72
178.23
177.38
179.66
177.45
175.46
176.16
177.95
178.35
177.95
179.59
NA
NA
NA
NA
NA
177.17
177.47
177.45
179.14
178.29
NA
NA
NA
NA
175.18
NA
NA
175.94
NA
176.94
NA
NA
NA
NA
NA
NA
NA
NA
178.68
178.95
NA
NA
NA
NA
176.4
177.09
177.75
177.27
176.31
177.08
NA
176.9
178.5
NA
NA
NA
NA
NA
NA
NA
NA
177.73
177.11
177.05
177.87
177.98
178.04
179.24
NA
177.4
176.54
177.38
NA
NA
NA
178.18
179.83
NA
NA
NA
NA
NA
NA
NA
NA
175.93
179.63
NA
NA
177.51
178.35
179.15
NA
176.14
179.52
178.22
NA
NA
NA
NA
NA
NA
178.24
178.03
178.85
177.95
177.78
177.45
177.71
177.46
177.59
178.19
NA
NA
NA
NA
NA
176.82
178.12
177.62
177.02
178.32
NA
NA
NA
NA
NA
NA
NA
NA
175.71
178.57
177.33
NA
NA
NA
NA
NA
NA
NA
NA
NA
NA
179.62
177.17
NA
NA
NA
NA
NA
NA
179.5
NA
179.11
NA
NA
NA
NA
NA
NA
NA
177.68
177.03
177.01
NA
NA
NA
NA
NA
NA
174.57
177.84
174.64
174.77
175.7
NA
NA
NA
NA
172.92
180.35
176.26
NA
NA
NA
NA
NA
NA
NA
NA
NA
NA
NA
NA
NA
NA
NA
NA
NA
NA
177.2
180.48
174.48
178.44
178.22
177.77
176.81
176.89
NA
177.4
NA
178.96
177.81
178.14
176.84
179.24
177.24
179.54
177.69
178.83
NA
179.29
NA
178.23
178.36
179.39
NA
NA
NA
NA
NA
NA
NA
178.24
176.24
176.74
177.44
179.44
175.58
178.78
179.38
NA
NA
176.94
176.44
178.08
179.08
NA
NA
175.7
178.4
177.3
175.7
178.4
177.3
NA
NA
NA
177.36
177.76
179.76
NA
NA
NA
177.4
178.8
NA
NA
NA
NA
NA
NA
NA
NA
NA
NA
NA
NA
NA
178.5
178.1
179.0
178.8
176.7
179.05
178.25
176.95
NA
NA
NA
NA
NA
NA
NA
NA
NA
NA
NA
NA
NA
NA
179.44
176.94
178.34
NA
NA
NA
NA
NA
177.75
NA
NA
NA
NA
178.6
NA
NA
NA
NA
NA
NA
NA
NA
NA
NA
179.45
NA
NA
NA
NA
NA
178.23
179.93
180.44
NA
NA
179.08
178.18
178.08
175.98
177.28
177.45
178.15
177.96
NA
NA
179.19
178.97
176.87
174.94
NA
NA
177.19
NA
177.56
178.2
177.62
176.64
NA
178.15
NA
179.11
175.35
177.05
179.25
178.75
178.75
178.84
178.24
178.61
178.84
177.65
177.89
177.21
177.72
177.89
177.67
177.57
178.71
180.51
176.31
NA
NA
NA
NA
NA
NA
NA
NA
NA
NA
NA
NA
NA
NA
NA
177.25
NA
NA
NA
NA
NA
NA
NA
NA
NA
NA
NA
NA
NA
NA
176.24
180.54
177.94
NA
NA
NA
NA
NA
NA
178.5
178.2
175.1
177.7
178.9
178.64
177.65
176.17
170.87
176.87
175.64
174.78
179.84
177.89
177.97
174.9
NA
NA
NA
NA
NA
177.62
177.76
179.0
180.05
178.9
179.0
178.13
177.07
178.57
177.67
177.07
NA
178.92
175.32
178.55
177.75
178.35
178.65
176.75
178.5
NA
178.8
178.41
177.78
180.06
177.72
177.01
179.23
NA
NA
NA
NA
NA
NA
NA
NA
NA
176.8
178.93
179.73
178.22
177.44
177.65
178.27
179.24
178.82
176.68
NA
NA
NA
NA
NA
179.84
179.0
179.05
176.92
178.5
178.25
179.17
178.23
176.04
178.43
178.53
179.01
177.59
178.79
177.77
178.18
178.35
180.06
174.9
178.71
178.71
NA
179.81
177.71
178.51
179.11
179.81
177.01
NA
174.08
NA
NA
177.6
NA
NA
NA
NA
NA
177.82
178.02
177.69
179.04
178.75
177.95
177.79
NA
NA
NA
NA
NA
NA
NA
NA
NA
NA
NA
NA
NA
NA
NA
NA
176.37
177.95
178.15
178.04
179.05
177.85
177.55
NA
NA
NA
NA
NA
173.4
NA
NA
NA
NA
177.39
178.02
NA
178.04
NA
177.06
176.86
179.16
178.16
177.96
178.16
178.06
177.76
176.86
175.46
NA
NA
NA
NA
NA
NA
NA
NA
NA
NA
NA
NA
177.41
179.71
NA
175.33
179.53
178.73
177.54
NA
178.7
177.8
NA
NA
NA
NA
NA
NA
176.41
177.99
NA
178.31
178.34
175.35
178.39
179.3
175.85
176.09
176.62
176.41
176.15
NA
NA
NA
NA
NA
NA
177.57
175.77
NA
NA
NA
NA
NA
NA
NA
NA
NA
NA
NA
NA
NA
NA
NA
NA
NA
NA
NA
NA
NA
178.44
179.0
177.28
177.66
176.28
NA
NA
NA
NA
NA
178.4
178.55
178.27
177.83
177.82
177.97
178.68
177.97
177.62
174.3
179.53
NA
NA
NA
NA
NA
179.44
NA
NA
NA
NA
NA
NA
NA
178.58
180.32
180.08
179.64
NA
NA
NA
NA
NA
NA
NA
NA
NA
NA
NA
181.27
177.32
179.55
NA
177.94
178.11
177.85
177.88
174.28
179.28
NA
NA
NA
NA
NA
NA
NA
NA
NA
NA
178.99
178.23
NA
NA
179.79
178.57
177.6
173.21
174.45
174.01
173.71
172.09
179.97
178.47
180.58
174.19
174.16
178.1
178.84
179.4
174.04
179.08
178.73
178.13
178.82
173.25
174.72
173.16
176.4
174.19
175.23
174.58
176.95
NA
NA
NA
NA
NA
NA
NA
NA
NA
NA
NA
NA
NA
NA
NA
NA
NA
NA
NA
NA
178.28
178.32
175.5
178.37
176.8
178.3
NA
NA
NA
178.41
NA
NA
NA
176.62
NA
177.03
NA
170.88
179.88
177.48
NA
NA
NA
NA
NA
173.91
178.78
177.33
178.84
177.86
178.06
173.98
NA
NA
NA
177.95
176.63
176.19
176.8
180.06
177.76
177.66
177.96
176.3
179.1
NA
NA
NA
179.14
178.3
179.24
NA
178.48
181.07
NA
NA
178.51
NA
NA
NA
NA
NA
NA
NA
NA
178.8
NA
NA
NA
NA
178.07
177.26
179.24
177.49
179.57
NA
173.65
176.0
176.23
178.74
177.74
176.56
178.87
179.86
179.82
179.07
179.28
178.08
177.33
175.31
179.46
NA
177.56
177.29
176.36
180.46
177.56
NA
177.79
NA
NA
177.68
176.48
178.37
177.87
180.07
177.77
176.97
179.27
178.37
177.77
180.07
178.07
176.27
179.27
NA
NA
178.73
177.93
NA
NA
NA
NA
NA
NA
176.64
178.64
177.04
178.95
176.21
178.22
176.55
178.75
179.13
178.58
178.42
178.47
178.43
NA
178.09
NA
NA
NA
NA
NA
NA
NA
NA
NA
NA
NA
NA
NA
NA
179.44
179.52
177.31
176.34
178.43
176.73
178.03
NA
178.71
180.96
179.86
NA
179.1
176.7
178.0
181.4
177.91
177.93
174.93
NA
NA
NA
NA
NA
NA
NA
NA
NA
NA
179.24
NA
NA
NA
NA
NA
NA
179.09
177.53
177.07
178.17
178.94
177.64
NA
NA
NA
NA
NA
178.14
NA
NA
NA
174.59
176.63
178.24
177.25
178.39
177.25
177.27
180.36
178.74
180.0
177.41
174.79
175.97
177.33
180.34
177.21
177.93
176.53
177.43
179.73
176.93
175.93
178.23
178.63
177.76
177.24
179.7
176.85
178.24
180.14
177.51
NA
179.0
178.2
179.2
178.09
NA
177.86
180.26
178.46
177.27
NA
176.76
178.62
178.32
179.82
178.13
179.59
178.64
179.01
NA
179.21
NA
NA
NA
NA
NA
NA
NA
177.17
178.19
177.64
NA
NA
179.15
NA
NA
NA
NA
178.15
179.6
178.27
178.97
177.17
176.87
177.37
178.78
NA
176.11
175.87
177.13
178.65
176.16
177.28
178.41
178.67
NA
177.63
177.7
NA
178.66
177.97
177.55
178.06
174.89
177.73
177.89
179.31
179.25
179.21
176.28
177.18
174.66
179.15
180.02
178.82
178.75
177.96
NA
177.17
177.71
177.59
NA
NA
NA
NA
NA
NA
176.97
178.67
175.67
177.8
177.37
177.93
178.61
176.88
178.67
177.69
177.81
177.05
177.9
177.28
177.65
174.75
176.05
179.35
178.85
176.85
179.25
179.3
177.04
178.47
179.65
176.68
177.44
178.46
178.62
178.18
176.89
177.08
176.05
177.01
177.56
178.54
NA
176.9
177.95
177.75
177.45
NA
178.28
177.08
178.48
178.78
176.58
178.78
178.98
178.53
177.53
178.09
178.39
179.46
178.2
NA
179.1
178.03
178.0
177.94
179.64
177.94
NA
NA
179.39
176.39
175.47
176.27
178.24
178.63
179.25
176.77
178.49
176.19
178.6
177.1
178.84
NA
NA
177.48
177.88
177.68
NA
178.11
176.87
179.18
178.78
177.61
178.93
176.51
175.86
176.45
178.65
177.64
NA
177.54
178.04
177.23
177.69
180.59
176.29
177.52
178.38
175.38
174.98
176.68
179.18
178.58
177.22
176.21
NA
NA
NA
177.65
174.75
176.05
179.35
178.85
176.85
179.25
NA
178.17
177.02
177.99
178.15
179.63
178.5
175.86
177.56
178.96
177.96
178.62
178.52
179.02
177.52
178.32
177.02
178.55
176.97
178.68
NA
175.66
179.46
179.14
179.04
178.66
180.49
177.14
178.69
178.26
178.35
176.72
NA
178.94
176.83
178.03
177.95
NA
176.95
NA
NA
NA
NA
NA
180.1
178.2
NA
176.15
176.15
176.11
176.0
176.05
175.97
NA
NA
NA
NA
NA
NA
NA
NA
NA
176.14
176.87
178.19
NA
NA
177.01
177.3
176.15
178.39
177.84
177.46
178.28
178.04
178.67
178.37
178.57
176.47
178.98
NA
174.2
173.1
173.1
NA
NA
NA
NA
177.32
NA
178.31
177.79
177.15
175.2
178.75
177.64
NA
NA
NA
NA
178.21
NA
NA
NA
176.71
177.81
178.61
NA
178.9
175.63
178.53
177.77
NA
NA
177.27
177.31
177.83
180.08
178.61
179.8
179.6
176.2
NA
NA
NA
178.11
178.57
178.33
178.24
178.79
178.55
178.31
178.53
178.56
175.91
177.69
179.13
176.62
178.7
NA
171.1
173.27
172.55
177.8
NA
177.33
176.34
176.65
NA
NA
NA
176.51
178.91
175.99
177.95
177.23
179.73
177.74
175.74
177.64
NA
NA
177.97
179.16
177.2
177.06
177.38
NA
177.31
179.42
175.73
177.22
177.43
178.5
177.11
177.63
177.44
178.52
180.33
NA
NA
NA
NA
NA
NA
NA
177.89
180.09
176.01
177.11
178.11
178.81
177.31
177.56
177.43
NA
NA
177.68
178.32
175.02
177.23
179.11
173.85
179.33
181.14
177.86
178.56
177.55
177.22
178.29
176.1
177.68
178.49
176.26
177.25
NA
179.02
NA
178.5
180.27
175.81
180.38
178.66
178.97
178.66
179.87
178.75
NA
179.21
NA
176.48
179.48
179.48
NA
177.48
176.48
176.48
177.48
177.48
NA
175.62
176.88
176.26
177.06
NA
176.99
175.55
177.7
179.5
175.1
179.2
177.8
179.1
179.0
178.4
177.6
175.78
180.01
NA
NA
179.28
177.23
177.96
178.62
176.81
176.31
178.71
178.91
178.61
179.31
178.81
176.81
176.89
178.69
178.49
177.69
177.99
178.5
177.2
178.21
180.78
175.83
178.93
NA
NA
177.19
177.39
175.99
178.19
172.33
NA
177.86
177.06
176.26
179.56
177.6
178.95
177.39
179.2
177.51
NA
179.16
NA
NA
NA
NA
NA
NA
NA
NA
NA
NA
NA
NA
NA
178.1
180.8
176.7
NA
NA
180.18
178.78
177.98
176.57
177.91
178.83
175.51
179.47
177.14
178.21
178.63
NA
NA
178.4
178.57
178.57
179.22
NA
177.35
180.19
179.64
175.91
179.41
176.69
NA
NA
NA
178.17
178.74
177.35
177.66
177.92
179.59
178.41
177.87
NA
NA
177.73
NA
NA
NA
NA
NA
NA
NA
179.42
175.37
174.17
178.78
174.2
177.73
NA
177.79
175.4
177.59
176.79
178.19
NA
NA
NA
NA
NA
177.79
NA
NA
NA
NA
NA
NA
NA
178.64
179.05
176.54
177.01
180.81
175.41
NA
178.81
178.72
177.36
177.69
177.31
179.54
180.79
181.54
175.57
174.98
181.32
179.0
175.54
180.23
175.59
178.48
175.64
178.49
178.6
NA
177.56
NA
NA
NA
178.79
177.51
178.68
177.85
178.27
178.79
177.89
176.89
179.77
178.47
NA
180.38
177.76
175.8
NA
181.46
176.86
176.66
NA
NA
NA
NA
NA
NA
NA
NA
NA
NA
176.92
175.62
177.59
175.43
NA
NA
NA
NA
NA
NA
NA
NA
NA
177.11
178.11
178.21
178.61
177.81
177.01
178.52
NA
176.64
NA
179.73
179.03
178.57
177.92
178.7
178.93
177.69
175.67
177.28
178.4
176.68
179.59
180.27
179.54
177.54
179.04
NA
176.64
177.21
176.44
178.89
179.1
176.95
178.77
179.07
NA
179.19
178.39
179.39
178.79
176.66
178.19
179.8
177.86
176.42
179.29
178.99
179.49
178.79
179.51
178.19
179.24
177.87
NA
NA
177.75
177.81
NA
179.1
179.15
179.24
177.18
177.93
178.56
179.29
178.15
176.76
179.38
NA
NA
NA
NA
NA
NA
NA
NA
179.58
179.18
179.08
179.18
178.88
NA
NA
NA
178.67
NA
NA
NA
NA
NA
NA
NA
NA
176.97
178.83
181.62
177.61
179.16
NA
NA
178.1
NA
NA
NA
NA
NA
NA
NA
NA
NA
NA
NA
NA
NA
NA
NA
177.93
179.42
179.05
179.08
176.61
178.89
178.97
177.15
176.85
178.89
178.18
177.23
178.5
179.69
178.35
178.04
NA
NA
NA
NA
NA
NA
NA
NA
NA
NA
178.54
178.31
178.38
179.2
178.51
177.53
179.47
178.14
NA
174.99
179.17
177.73
176.6
179.71
176.17
176.22
178.38
179.15
180.92
178.73
NA
179.41
179.71
178.71
177.1
175.1
178.4
NA
NA
NA
NA
178.94
179.06
NA
NA
NA
NA
NA
NA
NA
NA
NA
NA
NA
NA
178.62
178.58
179.22
176.47
179.63
178.69
178.72
178.57
179.78
177.02
178.6
177.14
175.66
178.85
178.14
176.44
178.13
176.97
177.57
177.97
175.57
179.42
178.82
180.35
179.55
179.37
178.35
176.71
178.72
177.72
178.04
181.72
178.6
179.3
178.25
NA
178.17
179.47
178.87
177.43
175.63
NA
NA
NA
176.31
177.83
178.57
NA
NA
NA
NA
NA
178.69
176.3
178.0
179.33
178.23
178.41
177.79
NA
NA
NA
NA
NA
NA
NA
NA
NA
NA
NA
NA
NA
NA
NA
NA
NA
NA
NA
NA
NA
NA
NA
NA
NA
175.59
177.06
177.63
177.12
177.42
NA
178.99
177.11
179.24
178.06
177.81
178.31
NA
NA
176.31
177.18
177.84
178.28
178.62
177.57
177.83
NA
179.35
176.43
177.33
177.73
178.03
NA
177.53
177.53
177.03
179.43
NA
NA
NA
176.77
177.46
177.31
178.69
178.81
177.2
178.26
NA
177.55
NA
176.85
NA
NA
NA
178.52
178.42
178.48
178.36
178.61
178.51
176.01
178.51
NA
179.31
177.01
178.01
178.21
NA
NA
178.85
176.39
NA
178.78
176.92
177.68
174.95
176.75
178.35
176.37
NA
177.57
178.77
178.77
175.41
179.46
177.44
177.3
178.83
178.83
179.46
178.76
177.91
177.36
176.12
174.99
178.69
179.96
177.08
177.18
178.15
177.4
NA
177.84
178.39
177.12
177.46
177.4
177.51
176.99
176.4
175.51
180.2
NA
175.54
NA
175.56
178.42
178.52
180.32
177.51
178.03
177.54
179.22
178.68
NA
NA
NA
NA
NA
NA
NA
NA
NA
177.25
176.62
178.87
173.1
177.88
177.65
179.16
177.36
NA
NA
177.59
NA
177.59
NA
178.67
178.64
NA
NA
NA
178.36
175.26
NA
179.06
176.14
177.85
178.52
174.12
178.41
174.21
NA
NA
NA
NA
NA
NA
178.22
180.12
179.42
179.32
178.02
177.72
178.22
NA
NA
179.1
178.13
176.98
176.96
NA
NA
177.9
178.93
NA
NA
NA
177.55
177.43
178.8
176.15
178.29
178.38
179.49
178.95
NA
NA
178.76
177.2
178.26
NA
NA
NA
NA
NA
NA
NA
NA
178.6
176.37
179.45
179.4
NA
NA
178.83
176.83
178.23
178.03
178.83
177.53
177.23
179.66
176.99
179.03
NA
NA
NA
NA
NA
NA
NA
178.23
177.1
177.82
174.62
177.57
179.59
176.84
179.24
177.74
176.1
NA
NA
NA
176.44
177.24
176.44
177.12
177.72
178.64
179.59
179.29
179.1
178.13
176.93
177.84
177.36
178.99
176.74
176.23
177.7
177.52
178.04
177.45
178.02
NA
176.67
178.76
175.63
177.62
176.64
177.88
178.47
177.28
NA
179.2
177.65
178.26
179.69
179.16
176.77
180.11
176.62
177.76
179.52
175.06
NA
NA
NA
NA
NA
176.8
179.3
178.29
178.38
179.24
177.95
178.45
178.06
179.37
179.62
179.62
178.13
179.03
NA
177.24
179.01
178.85
176.93
177.72
179.82
NA
179.52
177.95
NA
NA
176.48
176.82
179.16
177.88
177.84
177.36
177.0
178.02
175.99
176.64
178.01
177.57
NA
NA
178.82
177.81
NA
NA
178.21
179.41
179.21
176.31
176.31
178.62
178.11
178.42
178.59
176.64
178.47
176.27
178.2
179.6
177.42
178.22
179.67
177.45
NA
NA
NA
NA
NA
178.92
176.3
178.92
178.38
176.58
176.99
178.86
176.5
NA
NA
NA
NA
NA
NA
NA
NA
NA
178.82
177.51
175.92
178.39
177.49
NA
NA
NA
NA
NA
NA
NA
NA
NA
NA
NA
NA
NA
NA
NA
NA
175.62
177.72
178.42
176.09
177.89
178.59
176.09
179.69
178.86
NA
NA
NA
NA
NA
175.46
173.28
176.31
NA
NA
177.78
NA
NA
NA
NA
177.36
178.7
179.64
NA
178.18
179.54
179.37
NA
NA
NA
NA
NA
179.22
177.21
177.92
NA
NA
NA
NA
NA
NA
NA
179.32
177.44
178.96
177.19
178.2
178.07
178.38
178.98
178.72
NA
NA
NA
NA
NA
NA
179.24
NA
178.64
177.79
179.0
178.7
178.31
177.46
179.18
178.64
179.19
177.7
177.64
177.65
175.02
NA
NA
NA
NA
NA
NA
NA
NA
177.34
179.25
179.03
178.88
178.29
175.19
177.59
178.19
178.49
177.19
176.36
178.3
179.15
178.94
179.33
177.16
179.72
179.66
NA
NA
179.08
177.04
179.13
178.75
179.53
179.14
177.96
177.57
177.67
177.16
177.38
178.95
177.92
178.9
NA
NA
NA
NA
NA
NA
NA
NA
NA
NA
NA
NA
NA
NA
NA
NA
178.47
177.66
177.62
178.63
179.12
178.03
177.64
177.82
179.2
178.65
178.22
178.0
NA
NA
176.82
NA
177.62
177.6
179.2
177.8
176.95
181.05
178.75