59.22
59.11
58.37
56.41
59.15
59.53
59.47
59.89
59.07
57.7
55.59
59.69
NA
57.55
59.39
59.61
58.09
58.68
59.99
58.97
58.7
58.74
58.62
57.37
58.64
58.11
60.08
58.9
59.76
58.67
59.44
56.81
58.34
59.98
59.38
57.44
59.4
58.39
58.8
59.36
58.8
59.12
57.42
58.3
58.44
59.12
56.32
59.22
58.84
58.32
58.42
59.55
58.42
54.43
60.1
58.86
58.58
58.25
59.83
57.53
58.83
59.63
58.68
58.56
60.89
58.41
62.01
55.57
59.17
57.39
57.41
58.4
59.3
58.97
57.54
58.2
57.75
58.85
56.64
58.47
58.43
60.47
59.16
58.69
59.03
60.19
59.63
58.77
58.71
58.22
59.4
59.17
59.9
59.06
58.66
53.91
57.95
58.53
59.21
58.3
60.28
57.8
55.68
59.19
56.72
57.42
59.77
59.46
57.94
59.56
59.29
60.28
58.72
60.26
59.54
59.29
59.28
58.67
59.22
59.11
60.35
59.81
58.38
59.35
58.73
57.85
59.14
59.82
55.62
60.44
58.97
59.43
59.15
58.8
56.36
58.62
60.3
58.33
59.36
59.8
59.34
58.44
59.65
58.59
59.11
59.15
58.55
59.34
58.92
59.29
59.21
58.4
59.18
59.28
58.76
58.67
58.64
58.61
59.51
58.74
NA
58.32
58.0
55.56
59.03
58.98
59.01
59.72
58.23
59.09
58.55
55.25
59.54
59.68
58.36
58.71
58.73
59.32
59.22
58.01
59.06
58.28
58.11
59.27
57.83
59.81
56.29
58.86
58.7
58.44
58.79
59.55
58.86
58.84
57.02
59.29
58.32
58.4
58.22
58.68
57.3
59.21
59.56
59.3
58.21
58.55
59.02
58.51
59.62
58.88
59.17
59.24
60.11
NA
58.83
58.72
58.86
60.77
58.74
58.85
59.2
59.69
58.04
58.66
58.99
60.01
59.27
58.59
57.39
59.82
59.04
58.58
57.95
57.35
60.14
57.81
56.86
58.8
59.07
57.77
60.74
59.53
59.31
58.87
59.22
58.7
59.2
59.05
58.72
58.69
60.06
59.53
58.82
60.29
NA
59.13
60.42
59.45
59.17
59.45
57.98
59.17
57.84
59.62
58.65
59.23
58.65
59.01
59.28
59.76
59.87
58.82
57.9
59.25
58.68
58.7
58.77
59.57
57.36
59.59
58.49
60.42
59.19
57.19
60.72
58.93
59.62
56.55
57.66
58.86
58.44
60.11
58.91
60.32
58.94
59.65
59.07
58.05
58.51
59.81
58.98
52.24
57.17
59.23
55.4
58.42
58.53
58.88
59.17
58.46
59.58
60.75
58.24
59.15
58.75
59.01
57.57
58.21
57.27
58.29
57.46
58.35
57.48
58.41
57.35
58.33
57.38
59.21
58.91
59.41
59.24
58.32
59.54
58.65
58.75
58.48
58.61
59.74
58.78
57.66
57.35
NA
NA
NA
NA
NA
NA
NA
58.3
58.43
56.48
57.87
58.85
58.32
59.14
NA
58.16
58.23
57.84
NA
NA
58.73
58.48
59.15
NA
NA
58.44
58.5
NA
57.9
58.85
56.69
NA
58.79
58.18
59.2
57.94
58.4
59.54
58.14
58.41
59.53
58.13
58.4
58.79
59.14
58.25
57.61
57.15
58.45
59.99
59.14
60.29
58.61
57.61
59.77
60.24
59.09
58.48
55.25
NA
NA
59.22
59.05
56.85
55.79
56.76
54.81
NA
NA
58.96
58.49
60.5
60.06
59.53
58.06
59.19
59.08
56.06
58.77
57.47
53.97
58.32
58.22
59.99
57.37
58.57
60.98
58.12
60.29
57.32
58.51
58.63
55.41
58.22
56.37
57.94
59.27
NA
NA
NA
NA
NA
NA
NA
58.3
57.71
58.98
56.75
58.89
57.56
59.34
58.64
59.03
59.03
58.77
59.16
58.8
59.42
58.63
59.6
59.0
58.7
58.5
57.6
57.4
NA
NA
NA
NA
58.3
59.22
59.04
59.94
59.66
59.37
59.48
57.35
59.05
58.85
NA
57.97
58.48
56.78
59.72
58.96
57.08
57.13
58.91
55.32
59.17
57.23
58.49
60.5
NA
NA
NA
NA
NA
NA
NA
NA
NA
NA
NA
NA
NA
NA
NA
NA
58.45
59.98
59.11
59.33
58.76
58.98
59.75
59.01
58.85
54.38
56.28
54.38
56.18
54.39
56.19
54.32
56.12
53.96
56.16
58.19
57.87
57.37
58.23
58.21
56.57
59.1
59.25
58.08
57.49
57.49
58.38
58.07
57.99
58.6
57.64
59.19
59.57
58.6
56.34
58.8
58.6
57.7
58.6
59.1
57.6
56.0
NA
56.3
58.47
58.62
58.94
59.6
55.73
58.81
59.26
58.39
59.65
58.46
58.58
57.48
58.52
58.55
58.99
58.61
NA
NA
NA
57.9
58.94
58.34
59.96
58.69
58.11
58.28
59.16
59.78
58.2
58.55
55.67
59.03
58.57
57.05
NA
58.18
56.44
56.88
56.5
58.65
58.83
58.67
58.65
58.65
59.58
59.59
57.52
58.36
59.17
60.16
57.5
57.41
61.69
58.64
57.84
57.22
61.93
58.17
60.09
58.94
59.48
59.44
59.4
59.25
57.71
57.68
56.25
57.06
56.6
56.52
57.9
57.98
58.88
58.09
NA
57.46
66.83
59.42
NA
NA
58.99
58.66
59.14
NA
NA
NA
NA
NA
NA
NA
NA
59.16
59.02
59.48
58.21
59.2
58.98
59.9
59.63
57.04
58.74
58.44
60.09
59.6
60.0
57.26
58.12
61.02
59.06
58.03
58.08
59.19
57.7
57.14
57.53
56.99
56.47
58.81
60.49
60.49
60.52
60.42
60.5
57.42
55.52
58.91
59.54
59.19
NA
NA
NA
NA
NA
57.99
58.79
59.19
54.05
59.63
58.56
NA
NA
NA
NA
NA
NA
NA
NA
NA
NA
60.04
59.53
55.05
59.74
NA
NA
NA
NA
59.19
NA
59.47
NA
NA
NA
NA
56.32
58.81
58.52
56.79
NA
56.44
55.51
59.38
59.55
59.16
59.27
55.25
58.39
59.56
58.92
58.42
58.64
57.57
NA
NA
57.13
58.27
58.69
54.91
58.31
59.19
NA
59.1
58.51
58.91
57.97
60.57
58.98
59.19
58.9
59.53
58.83
58.14
55.69
58.28
57.21
NA
58.46
61.17
57.97
59.22
58.79
58.84
59.38
57.39
58.48
58.29
NA
59.63
59.22
58.92
56.22
59.72
57.32
58.22
57.35
59.03
59.91
59.36
NA
59.6
58.43
58.57
NA
NA
NA
58.52
58.22
58.82
58.08
55.13
59.93
57.63
59.43
59.03
59.02
58.72
59.42
59.19
58.9
58.47
55.47
60.2
59.1
55.28
58.98
53.98
59.68
58.68
53.88
59.68
58.58
59.0
59.8
59.0
58.37
59.37
58.37
NA
58.61
60.71
59.59
59.39
59.33
NA
NA
NA
58.0
58.25
58.25
59.0
58.8
58.6
58.42
58.22
56.61
59.43
58.83
59.33
59.13
58.53
59.24
59.24
59.54
58.75
58.05
59.95
55.39
58.53
58.48
58.64
58.7
58.36
55.22
58.73
58.76
58.94
59.09
58.63
57.81
59.23
58.51
59.0
58.51
58.79
58.35
58.58
58.86
58.67
59.3
58.34
58.67
58.99
58.32
58.51
58.33
57.39
59.3
58.9
60.2
57.1
NA
58.72
55.33
58.73
58.73
58.93
NA
58.58
58.88
57.72
57.61
58.61
56.01
58.71
57.41
59.41
58.11
58.24
59.04
58.03
58.57
59.09
58.78
58.8
57.7
59.85
NA
NA
58.78
55.26
58.44
58.12
58.25
57.13
58.71
58.82
58.51
58.53
57.31
57.01
59.61
58.61
54.71
59.54
60.04
59.98
58.26
57.04
56.97
56.87
56.82
57.2
56.8
57.38
59.44
59.04
55.54
NA
NA
NA
NA
57.94
NA
NA
NA
NA
57.91
58.64
58.34
58.34
59.04
56.74
58.27
59.77
58.78
58.51
58.92
58.26
58.1
58.56
56.54
58.69
57.82
59.28
58.66
58.98
57.74
58.85
59.65
58.85
55.8
58.9
59.45
58.9
56.67
57.87
59.25
58.25
55.35
59.25
58.25
56.51
59.09
55.34
59.3
54.04
52.7
57.68
59.01
58.9
57.86
59.7
57.88
59.25
57.99
58.12
57.08
58.08
58.45
59.29
59.67
59.59
57.99
58.62
58.95
58.95
58.95
57.95
58.92
58.72
55.82
58.66
59.12
59.02
59.42
58.22
59.07
61.17
59.97
58.03
58.66
59.78
58.39
59.45
60.39
58.79
59.23
59.01
59.59
56.56
59.52
59.82
60.62
56.62
60.63
59.3
59.12
59.57
57.77
59.36
58.86
59.98
59.62
57.42
57.68
59.08
58.78
57.98
56.18
58.1
59.2
59.93
60.24
58.95
57.97
60.4
58.79
57.11
58.41
60.21
58.48
57.19
58.99
58.38
59.23
58.89
58.35
55.66
58.79
58.59
NA
59.59
57.59
58.39
58.49
59.49
56.89
58.65
56.14
59.19
59.3
57.29
57.75
58.95
58.55
58.15
56.05
59.24
58.98
59.9
58.9
59.03
60.29
58.27
59.13
60.34
60.01
58.68
58.73
59.02
59.22
57.64
59.04
58.54
57.94
56.14
57.95
45.25
56.25
58.15
58.86
59.02
58.22
59.13
58.31
61.01
58.51
59.02
59.54
58.74
57.08
59.02
55.98
58.88
58.31
59.5
57.43
58.18
59.78
59.36
58.68
59.87
59.61
59.71
55.61
60.61
59.31
59.71
59.01
57.11
59.11
57.41
58.35
59.06
58.46
NA
55.16
58.95
58.35
58.95
55.55
58.24
56.84
58.74
57.88
59.97
57.83
56.13
58.2
58.71
58.68
57.73
57.07
58.92
57.82
59.15
58.85
58.85
59.15
57.65
58.61
59.58
57.76
58.79
59.22
57.86
56.19
58.06
56.57
56.02
56.6
56.11
56.29
55.3
58.6
56.73
60.19
58.56
56.97
58.52
56.82
59.22
58.58
57.62
59.32
58.72
58.42
56.12
59.03
59.0
59.01
58.46
58.98
59.21
58.64
59.51
60.55
60.05
53.82
59.44
58.34
58.34
57.88
58.93
58.45
58.2
56.32
59.26
59.26
NA
57.46
59.26
58.83
58.79
59.22
59.01
58.63
58.25
58.89
57.54
60.74
59.17
58.69
58.07
NA
NA
NA
59.8
59.44
58.57
57.24
58.66
58.76
59.03
58.22
58.29
58.68
58.32
58.62
58.41
58.78
59.22
59.22
59.82
59.22
58.84
59.24
54.64
59.54
58.24
56.24
59.06
58.46
58.36
58.86
58.26
59.36
59.66
59.99
54.99
58.29
58.47
59.37
59.37
59.0
57.63
59.03
58.63
57.63
56.03
57.57
58.38
58.69
58.89
59.95
58.95
59.24
58.67
59.96
57.14
58.69
59.27
59.5
59.64
58.14
59.37
NA
56.45
58.97
59.66
59.54
55.03
59.85
58.98
58.69
58.57
59.4
58.97
58.67
54.99
58.64
57.46
57.91
59.08
NA
NA
57.79
59.6
58.74
57.46
58.74
58.71
59.53
58.46
60.51
59.34
59.28
56.63
60.35
59.92
59.68
59.46
55.29
58.09
59.65
59.17
58.43
58.57
58.31
58.65
59.62
58.99
56.4
57.8
57.53
58.63
56.63
56.92
59.97
57.79
NA
55.89
57.89
59.49
58.96
58.73
58.8
58.41
58.41
55.19
58.9
60.04
58.38
58.25
58.91
55.87
58.24
59.32
58.72
58.37
56.01
52.34
56.86
58.8
57.6
60.6
57.3
56.86
59.06
NA
58.81
60.22
59.7
59.18
58.45
NA
59.11
59.21
58.44
57.2
59.52
59.72
58.77
58.41
59.77
58.78
58.51
58.91
59.13
58.2
59.72
58.77
58.41
59.26
58.14
57.73
59.29
60.52
59.81
NA
57.48
54.45
59.0
58.93
57.63
56.02
59.13
59.19
59.16
54.46
58.46
61.42
58.2
56.11
58.19
58.59
58.84
57.69
59.36
59.66
58.12
56.57
58.22
58.34
58.64
55.52
58.82
58.01
58.91
59.91
58.61
59.61
60.41
57.99
58.69
59.89
57.99
59.09
60.49
58.58
58.05
59.18
58.68
59.32
59.6
NA
59.05
59.05
57.95
56.96
60.06
57.86
58.56
57.13
60.15
59.39
58.79
59.16
59.13
58.71
59.95
59.17
55.46
57.31
57.85
60.35
59.15
59.15
57.75
58.15
57.3
58.2
57.9
58.3
58.5
58.3
59.1
57.0
58.73
58.91
59.27
58.17
58.02
57.72
59.12
58.68
58.92
60.1
59.17
57.86
59.26
60.16
58.16
58.86
58.97
57.99
56.12
57.34
57.04
56.94
61.24
57.94
58.78
58.98
58.72
58.86
59.23
58.11
58.58
58.56
58.62
58.65
56.72
57.86
60.01
58.91
57.01
58.11
58.59
59.09
57.34
57.04
56.94
61.24
57.94
58.87
57.35
59.5
58.92
54.9
56.44
59.23
57.84
58.62
57.88
58.18
59.5
58.73
59.64
58.99
56.36
55.88
58.28
59.29
59.4
59.92
55.52
56.72
59.32
58.22
57.02
58.92
58.82
58.39
58.1
59.5
58.86
58.77
59.44
58.29
58.23
61.05
58.55
58.75
57.95
57.92
59.58
61.03
59.47
58.18
57.89
57.56
60.7
58.65
59.67
60.05
59.06
58.86
58.64
56.49
59.48
59.76
58.53
57.88
60.5
58.52
59.19
58.74
58.47
58.49
58.83
62.38
57.88
60.09
58.76
58.14
59.12
55.68
58.19
58.12
58.43
58.7
58.81
58.92
58.77
59.01
58.86
56.81
56.11
58.25
58.89
56.75
59.66
58.89
58.78
59.33
58.98
58.64
NA
58.84
57.61
60.86
59.16
59.03
58.49
58.83
59.06
58.49
58.83
57.77
57.77
55.54
59.34
58.56
60.5
59.67
57.68
NA
57.2
57.89
57.09
NA
57.5
58.8
58.2
56.7
55.6
58.18
58.98
56.68
58.76
58.09
58.84
59.2
58.44
59.8
57.47
59.28
57.24
58.92
58.08
56.34
55.38
54.72
58.78
58.76
57.85
56.66
59.32
57.31
59.81
58.4
59.67
58.11
58.8
59.19
58.42
57.68
59.72
58.28
59.62
59.14
61.6
56.74
56.71
59.09
58.29
58.89
59.36
58.86
57.06
58.96
58.86
58.86
58.86
58.76
59.05
58.0
58.54
58.64
58.87
58.64
NA
59.26
57.95
57.9
60.61
59.21
57.51
59.02
59.36
59.11
54.61
59.73
55.84
58.7
58.2
59.2
56.59
58.48
59.01
59.04
58.34
59.28
59.33
NA
57.69
58.99
59.79
58.12
58.03
58.23
59.21
58.17
58.98
58.2
57.64
55.49
59.94
57.62
58.98
NA
60.89
58.34
58.3
58.82
58.51
54.76
57.78
57.56
56.36
55.46
57.36
58.86
58.86
58.6
57.88
58.27
59.42
58.79
56.34
55.38
54.72
58.78
58.76
57.85
56.66
59.97
58.42
57.77
60.41
58.57
59.2
58.68
55.65
56.76
59.22
58.83
59.33
59.65
59.27
59.04
59.23
58.49
58.46
57.81
59.2
57.94
55.95
58.55
58.84
58.85
58.89
58.53
58.52
60.08
59.55
58.47
59.69
58.6
58.41
57.4
59.35
59.48
58.48
56.58
57.82
58.82
58.52
58.12
56.22
59.38
58.58
NA
NA
NA
NA
NA
NA
NA
NA
58.2
58.05
59.99
NA
NA
58.03
57.86
58.44
56.86
58.29
58.09
58.93
58.73
59.74
58.09
56.35
59.29
58.38
56.68
59.27
58.92
NA
59.32
58.82
58.52
58.82
58.34
60.16
59.24
59.02
58.29
56.15
NA
57.15
59.6
59.99
58.2
58.0
57.86
54.56
58.7
60.23
58.53
58.07
58.44
58.0
58.1
NA
58.7
57.6
54.9
58.9
58.7
NA
58.41
57.61
59.81
58.98
60.56
59.7
59.74
58.63
57.49
59.47
59.73
59.26
59.73
55.98
58.08
59.8
NA
58.79
58.83
59.16
58.67
58.7
59.01
59.17
58.83
59.21
57.25
60.69
59.17
NA
59.48
58.61
58.97
58.87
61.66
56.22
60.23
60.16
59.14
57.37
59.15
59.15
59.25
60.0
58.73
55.75
58.41
58.14
59.57
58.05
54.65
57.55
58.22
58.95
58.38
58.74
59.11
59.25
58.47
56.2
58.41
58.92
59.0
59.41
58.54
57.63
58.57
58.8
58.96
59.58
59.15
59.97
58.54
57.95
60.73
58.7
58.43
58.77
60.68
59.38
57.16
57.61
57.91
58.91
60.01
59.66
58.77
NA
58.38
59.68
58.3
59.04
59.26
61.75
55.75
59.55
58.94
57.63
58.77
57.39
59.28
58.34
56.87
56.84
58.64
57.56
58.29
59.53
NA
55.21
58.55
59.3
56.72
59.3
58.45
57.68
58.78
59.19
58.2
58.99
58.99
59.65
58.89
57.94
55.3
59.12
59.14
59.23
NA
58.37
59.23
58.63
53.93
57.72
58.19
57.63
57.25
57.05
56.11
58.15
58.75
55.55
58.85
58.25
59.35
58.25
57.55
59.25
58.06
49.5
57.21
NA
58.41
57.49
56.91
58.19
57.24
56.74
60.25
58.45
58.35
59.05
59.15
55.85
57.7
59.4
59.1
57.7
59.0
58.88
58.48
57.91
57.78
55.74
58.64
NA
59.48
57.31
57.51
55.81
59.61
57.89
58.19
58.91
57.31
55.41
58.81
58.64
59.98
59.97
59.11
58.22
58.77
59.59
58.25
58.0
59.89
58.42
58.58
58.8
57.8
NA
59.2
58.26
NA
NA
NA
58.27
58.87
56.97
59.33
56.73
58.54
58.84
58.34
57.95
60.09
59.06
57.25
58.46
58.4
58.18
58.34
55.93
58.5
58.48
58.24
58.55
58.71
NA
60.63
59.02
58.13
54.47
58.93
56.6
60.5
58.3
59.8
57.22
59.01
59.55
60.0
58.49
59.05
59.84
59.0
58.88
59.25
59.92
59.75
55.75
59.12
57.55
59.95
59.03
59.19
58.51
58.18
58.44
59.47
58.26
59.52
57.26
58.63
55.72
59.3
60.4
58.4
58.76
59.56
60.06
58.26
57.36
59.07
58.06
59.06
57.46
56.46
57.26
57.66
57.46
58.89
61.2
55.59
58.92
58.92
59.02
59.02
59.15
58.73
56.53
57.3
57.11
58.96
59.06
58.99
56.63
56.61
59.57
58.24
56.17
58.98
58.56
57.82
55.6
59.46
58.69
59.24
58.49
57.08
58.38
NA
58.78
58.58
59.6
59.06
58.88
59.83
58.83
60.13
58.6
58.89
NA
59.26
59.66
56.78
58.77
59.04
57.91
56.55
59.55
59.2
NA
NA
NA
59.14
58.94
58.44
58.64
57.74
57.39
56.03
58.29
58.24
58.54
59.04
59.24
60.94
58.84
57.64
58.34
58.14
57.44
57.21
59.11
58.61
59.41
58.01
58.51
59.57
58.31
59.73
58.32
59.44
58.64
59.13
58.45
58.85
60.29
58.36
55.55
60.37
59.6
55.61
58.6
60.14
57.83
58.13
59.23
58.56
58.68
58.52
58.29
60.85
59.13
60.41
58.1
59.1
NA
60.02
58.22
59.52
58.92
58.65
58.55
58.65
58.75
57.42
60.06
58.36
59.56
58.96
58.88
59.43
57.9
57.99
NA
59.62
58.69
58.59
57.25
59.91
59.11
58.31
57.38
56.77
58.06
59.23
58.53
59.12
58.65
59.14
57.75
55.58
59.99
58.94
59.44
58.22
60.12
58.75
57.85
58.95
59.15
59.15
58.38
57.08
58.39
58.68
57.45
58.75
58.55
59.05
59.86
58.96
58.96
59.46
58.73
58.16
59.24
59.05
59.37
61.73
NA
60.06
57.78
59.18
58.88
59.08
57.67
58.57
58.77
58.87
57.87
56.17
58.91
57.51
58.91
58.61
59.11
58.32
58.7
58.58
58.56
58.06
59.16
57.27
59.01
56.68
57.89
58.55
57.4
59.7
59.2
58.47
59.41
59.62
59.26
58.63
59.52
57.23
58.63
58.63
59.03
57.43
56.03
58.98
59.11
59.51
59.66
60.1
58.86
58.68
60.53
NA
55.2
59.17
57.95
59.81
58.15
56.09
58.15
58.29
58.54
58.27
57.4
60.46
59.12
56.32
59.92
58.7
55.97
58.98
58.3
NA
NA
NA
59.97
59.18
59.18
58.64
59.1
58.62
58.49
58.29
59.09
58.99
59.39
61.49
59.69
59.89
59.99
59.3
58.66
57.65
59.3
58.93
58.75
58.37
59.84
58.41
60.14
58.42
55.14
59.0
57.73
55.49
59.3
60.58
64.68
59.28
55.68
59.52
59.02
59.39
58.79
59.26
56.77
56.62
60.0
58.56
58.66
59.63
59.41
59.18
59.41
55.37
57.05
60.65
59.05
58.34
58.24
59.46
58.73
57.52
58.08
59.2
57.85
55.99
57.8
55.85
58.5
58.75
60.91
57.1
57.77
57.77
58.63
58.64
58.87
58.48
58.07
59.87
59.15
59.88
58.2
58.52
58.8
59.03
NA
58.37
59.37
58.87
58.98
57.41
58.98
58.97
57.76
55.76
NA
58.74
57.14
55.33
59.13
58.43
56.65
57.98
57.22
58.65
59.09
59.49
58.35
60.07
58.75
58.03
58.34
59.64
58.47
58.12
56.46
56.99
58.74
59.18
58.64
58.08
NA
58.73
58.74
56.58
56.98
58.58
59.18
58.88
57.78
58.98
56.68
58.78
58.52
59.17
59.17
58.39
60.3
58.85
58.58
58.18
57.38
58.75
59.68
59.13
59.28
58.67
58.83
60.76
NA
57.89
58.97
58.99
58.3
59.01
58.81
57.11
58.91
59.21
59.21
58.41
59.01
58.61
58.72
54.62
58.08
57.5
55.39
57.63
57.01
59.53
55.3
60.18
59.0
57.91
NA
59.77
58.87
59.85
57.97
59.0
58.65
57.87
58.85
59.85
58.57
59.07
56.58
59.66
58.1
54.81
61.92
59.4
58.24
57.29
58.72
59.59
59.04
58.59
58.48
58.53
57.89
57.4
60.02
59.8
56.88
56.89
59.55
NA
58.6
NA
55.66
59.37
58.71
59.18
58.45
57.41
60.2
57.95
58.7
57.85
58.59
58.78
55.24
58.64
55.29
57.99
58.55
58.62
58.42
57.86
58.87
54.38
58.16
59.45
59.09
59.07
60.67
59.98
58.79
58.79
58.68
58.32
58.68
58.79
59.06
55.78
57.75
56.94
55.84
58.74
58.44
54.56
58.41
58.31
55.01
58.26
54.96
58.18
58.64
59.81
58.41
59.47
60.42
58.86
59.36
59.56
59.66
58.66
58.76
58.86
58.86
58.08
58.67
58.64
60.52
56.16
57.96
60.0
57.31
57.18
58.53
58.99
57.04
59.53
57.78
58.64
54.69
58.6
59.7
57.4
58.35
59.35
60.37
58.3
57.2
58.95
59.54
60.2
59.23
58.21
58.19
54.96
57.79
58.5
59.13
56.27
58.85
59.49
59.16
NA
59.95
56.25
59.45
59.95
59.15
58.35
57.35
59.36
59.51
59.73
58.51
56.3
52.58
57.04
58.62
58.31
59.32
59.54
58.26
59.69
55.69
59.18
58.92
56.47
60.32
57.68
56.4
55.5
57.89
57.29
56.98
58.98
58.38
57.66
58.32
58.35
59.23
58.61
58.67
58.64
57.48
59.76
58.93
58.93
57.22
57.23
59.51
60.04
59.49
58.29
60.4
56.83
60.74
58.67
58.69
57.84
58.77
57.39
58.38
58.55
58.79
58.65
58.23
58.0
59.81
58.89
58.67
58.54
57.26
60.32
59.02
55.36
58.39
58.15
58.41
57.73
58.65
60.07
59.27
59.15
58.35
59.44
59.26
58.38
58.42
58.77
59.43
59.34
59.34
59.34
56.96
57.76
59.24
59.05
56.84
58.84
58.44
56.24
58.79
58.82
59.04
NA
57.72
57.23
59.0
59.26
59.84
56.64
57.76
59.04
55.7
56.96
58.89
58.29
58.59
58.02
57.56
58.48
NA
59.53
60.11
59.31
57.91
58.81
55.31
59.64
59.23
60.09
58.98
56.65
59.34
57.85
58.67
58.34
59.62
58.68
58.35
59.67
58.36
58.12
58.36
57.7
58.6
59.6
57.92
58.88
59.85
58.21
58.68
58.76
58.12
58.09
58.2
58.87
59.09
58.99
56.39
59.79
59.12
59.9
58.83
60.8
58.19
58.95
57.89
NA
NA
NA
NA
NA
NA
NA
NA
57.47
59.32
58.69
NA
59.36
58.29
56.22
58.12
58.08
58.08
58.38
55.2
59.6
58.3
56.8
58.8
58.8
57.33
58.33
59.23
58.63
58.67
59.34
57.45
58.47
58.48
59.17
56.01
58.95
58.87
59.49
58.23
58.56
58.58
58.82
57.33
59.68
59.05
59.3
59.33
56.33
58.13
59.44
58.84
NA
NA
NA
NA
58.35
60.88
57.67
59.84
54.47
60.14
58.85
58.63
58.87
58.3
59.0
59.4
58.61
58.91
58.79
59.12
57.98
61.26
58.12
56.27
56.04
58.95
54.75
57.15
58.79
58.37
58.62
57.82
58.9
57.57
58.69
59.5
57.76
59.17
59.66
56.39
58.87
57.55
58.69
59.45
57.75
59.15
59.66
56.4
58.3
59.33
59.73
58.75
58.96
56.16
57.96
58.46
58.86
57.16
55.36
60.27
59.2
59.06
59.64
58.66
59.48
59.48
58.53
58.48
58.1
58.12
58.92
59.7
58.23
59.16
55.91
59.22
58.73
57.76
58.39
58.81
57.29
58.59
58.57
56.9
54.07
59.09
59.21
58.04
59.16
58.8
58.5
56.99
54.12
59.14
59.28
58.08
59.18
58.82
58.13
57.73
58.96
60.36
58.18
58.25
58.45
60.43
57.72
58.83
58.11
58.12
58.06
NA
57.59
61.41
58.8
58.18
59.45
58.88
57.55
60.79
58.59