NA
NA
55.46
55.07
NA
NA
NA
NA
NA
NA
NA
NA
NA
55.91
56.04
55.93
56.01
55.9
NA
NA
NA
NA
NA
56.05
54.99
NA
NA
NA
NA
NA
59.4
58.4
55.83
55.98
NA
NA
NA
NA
NA
NA
NA
NA
NA
NA
NA
NA
NA
55.67
55.71
55.74
NA
NA
NA
NA
NA
NA
56.08
56.17
NA
55.5
NA
NA
NA
NA
NA
NA
55.64
55.04
NA
54.46
56.29
52.92
57.27
NA
NA
NA
NA
NA
NA
NA
NA
NA
56.51
NA
NA
NA
NA
NA
NA
56.02
56.03
57.52
56.35
NA
NA
56.04
NA
NA
NA
NA
56.23
NA
NA
NA
59.18
55.67
53.27
55.65
57.46
58.02
58.16
56.73
55.58
58.72
57.76
59.03
59.24
56.38
59.28
57.06
56.74
56.34
55.51
55.99
56.02
55.95
55.96
55.63
55.53
55.73
NA
55.4
54.93
56.01
56.1
55.45
56.09
56.22
55.46
54.98
52.95
54.39
55.78
56.55
57.88
NA
54.91
56.01
56.02
NA
NA
55.81
56.25
55.75
53.45
53.45
53.45
53.45
55.85
56.15
55.74
56.04
53.76
NA
55.88
NA
56.1
56.05
58.98
58.55
57.84
57.59
58.03
58.31
57.07
59.35
55.62
55.85
55.67
55.83
55.62
NA
55.47
55.65
55.69
55.53
55.76
55.82
57.16
55.93
55.79
57.13
55.96
55.88
56.11
NA
55.79
NA
57.65
54.98
55.41
55.54
56.04
54.09
NA
53.45
55.84
54.29
NA
NA
56.08
56.28
NA
55.97
55.47
55.96
NA
55.71
57.32
57.08
55.91
56.08
61.18
55.89
NA
56.33
57.2
55.89
56.03
56.0
NA
55.59
55.8
58.31
57.41
55.91
NA
NA
NA
NA
55.86
55.91
NA
56.16
56.33
56.27
54.5
55.92
55.57
56.03
55.84
NA
NA
53.23
NA
NA
56.4
55.66
NA
NA
NA
56.24
55.67
NA
55.76
58.55
53.29
NA
55.73
55.63
56.24
NA
55.66
55.69
NA
NA
59.0
NA
55.51
57.1
55.39
55.64
NA
NA
NA
NA
NA
55.66
55.69
55.79
NA
55.62
55.58
54.98
55.28
57.58
54.78
54.98
57.88
55.96
55.78