58.55
54.4
56.28
54.75
56.12
55.54
55.39
57.0
56.12
57.09
60.22
57.88
56.76
60.15
57.73
60.36
NA
56.56
59.25
57.73
57.17
54.01
58.5
57.38
55.03
55.62
56.07
57.93
57.24
55.91
53.55
55.77
56.1
55.85
55.12
56.14
56.06
57.15
58.34
57.48
53.85
56.79
58.28
58.35
56.61
NA
NA
NA
53.93
55.94
55.87
55.87
55.0
55.95
55.91
54.73
55.7
54.01
55.05
55.94
54.36
60.67
55.44
57.52
55.96
56.11
57.02
57.94
55.93
56.2
55.96
54.18
58.51
58.28
56.78
56.17
54.65
57.08
54.99
55.88
NA
56.42
57.38
56.04
55.86
55.61
54.28
56.77
NA
53.83
53.06
56.93
57.97
58.17
54.41
54.85
57.61
52.84
56.77
59.2
54.88
55.67
56.24
56.36
55.09
58.78
53.66
56.9
56.35
57.9
55.51
54.8
53.53
57.47
56.25
55.77
56.7
56.27
NA
59.07
55.38
59.53
57.48
55.83
55.9
54.46
55.93
56.02
53.65
52.45
58.46
55.77
55.71
58.54
54.73
55.78
NA
NA
58.73
57.79
56.25
57.24
53.16
54.19
55.13
59.1
54.31
56.43
55.1
55.78
58.52
55.12
56.02
53.34
58.3
56.32
54.33
54.11
58.13
56.88
56.25
55.86
53.85
NA
53.93
54.25
55.92
57.39
59.35
55.47
53.57
53.76
54.56
NA
53.49
59.13
57.0
55.48
54.2
58.63
57.36
55.02
55.43
54.86
56.58
55.95
57.98
53.45
56.13
56.61
58.11
60.61
57.63
55.58
57.97
59.22
56.36
57.14
56.02
56.65
59.12
52.34
55.47
58.68
56.56
55.57
55.79
53.08
56.15
55.62
NA
56.05
54.06
56.38
57.02
54.17
55.79
NA
55.43
58.26
57.5
57.52
55.79
56.23
56.2
55.74
54.75
56.25
56.29
56.13
59.23
56.02
55.58
56.22
56.88
57.13
58.19
55.86
56.28
56.46
56.4
54.38
54.34
56.45
55.3
54.13
56.48
53.75
58.08
56.12
57.25
52.36
57.76
59.06
54.37
56.03
56.0
57.31
NA
NA
55.69
55.66
54.63
53.26
56.06
57.82
54.71
56.05
53.83
56.01
NA
57.79
56.12
55.62
57.79
55.6
57.76
57.66
55.88
53.06
58.05
57.85
55.48
56.64
55.93
56.33
55.7
55.67
56.95
56.93
55.27
56.54
54.06
57.11
55.45
54.71
53.83
52.7
55.8
56.2
52.39
59.13
55.89
55.52
56.85
54.68
58.4
56.48
NA
57.79
55.6
57.02
55.5
NA
NA
56.33
NA
55.71
54.82
57.14
53.86
55.97
55.87
NA
56.13
55.53
NA
56.65
56.48
56.04
56.08
55.0
NA
55.97
56.22
55.86
56.34
NA
58.5
57.0
NA
NA
NA
NA
56.04
56.62
56.47
NA
56.78
NA
NA
NA
NA
NA
NA
55.96
59.02
57.06
NA
56.08
56.1
56.73
55.83
56.23
55.28
55.31
55.45
57.43
55.38
59.18
58.3
56.28
53.0
56.32
56.14
55.0
58.5
55.87
56.03
55.38
59.28
54.76
54.89
56.02
56.13
55.72
57.23
56.05
55.84
58.35
60.11
55.52
58.06
57.69
56.13
58.79
55.37
56.87
56.4
56.33
55.49
53.99
60.92
56.07
56.21
56.25
54.15
53.9
55.37
57.76
53.9
58.01
55.37
59.7
60.23
56.08
54.77
53.89
55.03
55.71
56.15
56.27
54.74
NA
57.75
56.59
58.34
NA
NA
55.82
55.8
55.0
55.29
55.3
54.92
56.74
56.49
55.42
55.75
54.15
55.78
55.89
53.88
54.97
55.73
55.24
53.12
52.85
55.42
57.0
55.37
54.81
53.47
52.13
54.45
57.65
57.75
55.24
57.69
55.08
57.7
55.34
57.67
55.2
56.27
58.56
56.88
56.85
52.8
53.36
55.08
54.9
58.71
56.09
NA
NA
NA
NA
NA
NA
NA
56.61
57.17
53.76
56.08
NA
56.21
55.76
56.06
55.61
56.39
55.9
57.05
55.13
58.31
59.35
56.75
58.33
56.39
58.36
56.26
58.49
55.84
59.31
NA
55.8
60.48
56.86
56.19
52.03
54.71
51.47
55.53
NA
NA
57.13
56.85
58.48
55.62
53.45
60.06
55.35
54.95
NA
57.71
56.8
53.83
55.01
56.48
54.1
57.78
55.35
NA
57.02
56.07
NA
NA
59.44
NA
NA
53.55
55.64
59.47
58.36
55.85
55.54
56.24
55.94
56.36
56.61
54.74
55.19
56.34
52.17
NA
NA
56.12
55.98
58.03
56.79
57.09
55.8
58.25
55.7
56.37
54.2
56.34
53.71
57.53
56.9
55.14
51.54
55.04
NA
55.18
62.47
55.89
56.09
54.78
NA
56.05
56.08
55.85
55.96
56.15
57.12
NA
57.88
55.68
56.86
55.26
57.87
59.13
57.82
54.37
57.25
54.45
56.92
58.98
56.39
54.81
56.15
57.44
55.75
54.62
54.81
55.17
56.88
54.25
56.6
57.67
52.77
56.32
60.15
55.82
56.73
58.48
57.88
58.18
53.08
58.48
57.88
58.08
53.08
58.49
57.89
58.19
53.19
58.42
57.92
58.22
53.32
58.46
57.76
57.96
53.06
58.78
58.5
59.45
54.57
58.4
56.09
55.13
56.02
55.28
59.55
54.6
55.74
53.4
NA
55.04
NA
55.64
53.14
58.25
57.1
NA
NA
NA
55.24
55.41
56.35
59.01
53.98
59.19
57.97
56.36
54.49
53.78
56.18
55.28
53.78
58.48
57.88
56.78
58.28
58.62
56.02
54.56
54.85
55.07
57.08
57.06
54.15
55.79
55.79
53.76
54.33
56.49
59.04
60.62
55.33
56.06
NA
54.7
56.79
56.5
55.4
55.17
NA
57.13
55.54
53.08
54.44
55.52
56.61
56.83
56.72
55.7
55.6
55.44
55.56
55.56
56.24
57.04
58.34
58.25
56.01
56.03
57.21
59.08
56.03
57.22
59.08
56.36
54.8
54.2
54.45
55.09
57.13
53.85
54.05
58.69
57.4
57.42
54.32
56.65
53.66
57.26
57.26
56.13
58.27
60.31
56.7
59.07
56.03
52.61
52.82
57.21
54.58
53.73
55.08
54.92
54.62
55.96
53.58
56.31
55.63
53.2
57.73
59.47
58.56
57.72
59.05
53.78
58.3
53.65
57.99
52.65
NA
57.63
58.99
53.65
58.21
53.64
57.83
52.48
57.85
58.95
NA
58.28
NA
57.98
52.45
58.44
57.92
57.83
57.13
54.46
55.72
57.85
NA
56.89
54.69
57.8
NA
NA
55.0
53.57
56.29
53.84
56.26
NA
58.4
55.6
53.94
54.78
NA
NA
52.6
58.81
59.02
56.73
56.06
56.44
NA
56.22
NA
58.63
58.49
58.46
57.12
55.63
59.58
56.67
NA
NA
NA
58.35
57.27
55.77
62.27
53.87
57.6
56.58
57.66
56.56
NA
56.5
55.06
55.87
55.56
56.99
54.28
58.75
53.7
56.5
55.68
NA
54.24
56.35
56.3
58.41
NA
55.72
55.07
59.87
56.53
NA
NA
NA
NA
NA
NA
NA
NA
NA
60.43
53.93
56.93
53.62
54.52
56.7
56.36
56.53
56.43
57.2
51.8
59.2
55.17
58.57
54.97
56.97
57.09
50.8
54.1
57.34
54.31
55.51
59.11
59.66
54.66
55.28
54.48
56.58
57.38
59.18
57.88
57.78
54.17
58.17
54.67
56.17
55.27
55.95
58.64
53.19
56.29
52.37
54.9
53.2
56.2
NA
57.65
54.35
56.05
54.51
NA
NA
55.81
54.61
56.81
55.7
56.1
57.1
61.3
54.87
56.96
57.81
58.51
57.81
58.53
56.94
53.14
55.34
NA
56.84
56.34
59.65
55.22
60.39
58.95
55.5
55.36
57.36
56.74
58.42
56.85
55.03
59.12
57.5
52.19
55.86
55.79
55.73
52.8
56.63
58.29
57.94
57.84
56.27
54.17
56.92
55.96
57.14
57.14
52.1
55.82
57.13
59.33
55.73
55.73
54.88
56.32
56.12
56.12
56.72
NA
57.87
56.09
57.29
54.71
54.01
57.71
NA
59.41
53.71
56.41
59.47
58.52
57.41
54.29
55.07
56.5
54.2
55.88
54.64
55.02
54.04
55.96
56.89
52.53
55.78
55.5
54.21
59.63
55.71
56.38
57.76
52.76
56.16
56.02
NA
56.48
54.35
55.05
55.0
60.88
54.89
58.83
56.23
58.53
57.81
59.88
56.61
NA
54.92
57.67
53.79
56.36
56.26
56.07
56.21
57.64
55.24
57.3
54.41
55.83
59.23
NA
NA
NA
NA
56.71
53.35
NA
NA
NA
56.12
56.68
53.32
61.54
55.74
59.94
53.64
57.27
55.27
56.94
57.25
55.45
55.06
56.75
63.31
NA
57.25
56.7
55.57
NA
57.31
54.55
NA
55.29
56.29
55.68
58.43
54.31
59.5
55.68
NA
55.06
56.78
56.61
NA
57.05
58.72
57.36
60.16
54.76
54.96
59.26
54.76
55.22
55.92
NA
56.92
54.95
58.51
56.12
61.21
NA
NA
NA
NA
NA
NA
55.07
55.92
55.92
55.92
57.22
57.52
NA
54.43
58.9
56.45
NA
55.9
NA
NA
55.11
56.41
55.01
58.75
55.84
54.88
56.28
56.78
59.52
58.63
54.19
58.2
55.53
55.34
57.62
55.08
60.62
55.95
55.72
54.35
56.89
57.59
NA
NA
NA
55.94
NA
NA
58.91
59.47
54.85
56.25
56.45
58.08
55.48
50.5
NA
NA
54.94
56.24
56.74
56.88
53.85
57.03
56.18
54.88
55.87
56.24
55.84
56.1
56.24
57.35
55.23
56.42
56.04
56.14
53.71
56.01
55.75
53.55
NA
55.71
57.71
56.8
56.65
60.2
57.9
56.2
55.11
55.99
57.42
57.28
54.26
55.87
56.55
55.61
57.34
52.87
55.32
57.22
59.05
57.95
58.15
54.5
NA
54.8
55.8
54.6
56.8
56.26
57.76
56.25
NA
53.94
53.54
57.35
53.64
57.3
56.41
52.63
54.28
60.88
53.21
56.21
55.36
55.72
54.53
58.15
56.36
54.95
56.15
56.17
57.69
56.97
60.57
56.26
55.8
57.65
56.25
56.02
57.12
57.65
57.34
52.87
55.32
57.22
59.05
53.2
56.2
58.7
54.82
56.22
56.72
59.23
56.18
55.97
56.3
54.66
56.11
56.63
57.26
55.16
54.46
54.2
56.5
58.47
58.2
NA
54.5
58.35
54.66
57.74
58.51
NA
53.2
55.73
56.39
55.84
56.52
55.13
55.59
58.15
56.0
57.97
57.71
56.22
56.22
56.22
55.82
55.82
59.54
55.78
60.04
58.3
57.72
58.04
54.34
NA
55.04
55.84
56.24
51.65
51.81
57.3
57.38
57.03
54.47
56.84
56.84
55.94
57.54
56.16
58.16
54.16
55.89
57.57
57.27
56.06
56.8
56.69
NA
NA
57.82
57.61
55.55
54.93
56.23
56.73
57.57
54.57
56.47
56.37
55.6
55.83
56.33
56.04
55.15
56.41
55.61
54.42
54.38
NA
55.48
57.34
60.74
NA
56.24
57.66
56.72
57.04
57.85
56.85
57.05
54.82
57.74
58.33
54.74
56.24
NA
NA
56.56
NA
56.88
54.18
55.78
NA
53.79
56.97
57.95
53.86
57.55
57.11
56.09
56.11
55.49
53.75
57.39
56.1
55.1
55.7
54.6
58.2
56.2
55.03
59.13
55.43
56.33
55.93
NA
54.85
58.48
52.79
58.1
54.55
58.34
52.73
57.53
56.03
57.13
54.58
NA
57.63
NA
56.23
NA
55.72
NA
56.22
53.63
55.69
58.47
57.71
55.55
55.27
53.6
54.2
56.46
54.46
55.66
58.21
56.24
NA
NA
58.72
57.03
56.58
54.72
NA
54.87
55.19
59.28
54.05
57.11
56.78
56.94
56.08
60.1
NA
56.6
58.41
58.15
56.32
56.34
53.87
57.2
52.05
56.78
56.16
58.84
54.04
60.84
57.64
55.84
58.45
59.51
58.11
58.17
55.45
58.96
58.06
56.86
58.98
56.14
59.73
57.96
56.38
60.06
53.2
56.2
58.7
54.09
54.09
58.07
55.26
58.07
55.83
56.83
55.52
54.81
58.61
55.09
58.59
53.49
57.18
55.19
57.67
56.02
NA
NA
55.26
54.76
55.42
54.67
55.4
54.83
54.16
52.56
57.36
56.07
56.7
53.58
53.48
57.0
57.33
56.29
53.74
53.0
56.46
59.63
55.83
54.55
55.75
55.45
56.05
55.65
59.98
54.82
55.04
55.55
52.16
NA
NA
57.76
56.26
54.16
56.26
56.2
55.54
55.87
55.33
NA
55.97
58.27
56.1
56.92
54.52
58.22
55.3
57.12
54.84
54.93
58.99
55.97
NA
55.38
NA
56.08
NA
56.78
59.78
NA
57.23
55.72
NA
NA
58.15
57.06
57.56
59.26
56.26
58.16
NA
55.74
58.56
55.72
58.62
54.14
55.7
55.21
60.36
56.38
54.93
57.46
57.71
53.68
59.67
NA
57.68
NA
56.16
56.41
56.28
55.1
57.66
57.74
53.97
59.67
56.9
59.01
59.57
56.68
54.14
55.65
54.94
55.84
58.8
61.62
58.58
54.1
57.97
56.32
53.82
56.52
55.94
56.94
51.63
55.03
58.7
58.1
58.34
53.57
56.81
52.87
55.75
55.67
54.99
57.71
56.4
56.23
58.74
58.12
53.62
56.42
56.32
55.52
56.42
59.53
58.66
58.42
57.97
57.67
55.61
55.75
58.3
56.21
55.9
55.08
56.46
54.75
54.01
56.35
55.85
56.75
NA
57.96
57.42
NA
NA
54.18
57.5
54.44
58.4
54.6
53.58
57.07
55.98
54.47
57.01
56.91
55.31
55.11
55.19
53.05
54.17
53.91
54.88
55.81
NA
56.21
55.78
57.18
56.18
54.18
56.08
55.97
55.75
55.55
57.36
NA
56.25
57.21
57.63
55.73
53.55
59.15
56.85
55.05
59.86
59.75
55.96
55.86
51.76
54.46
53.86
54.16
56.36
56.28
56.28
54.67
56.21
56.21
53.89
53.98
56.3
56.23
55.98
55.98
52.08
51.93
60.43
58.63
57.55
55.75
58.69
NA
NA
56.14
56.97
55.79
56.58
60.57
57.12
52.23
58.56
56.16
55.09
59.38
55.44
56.98
NA
54.96
57.01
58.02
57.86
NA
56.64
58.54
NA
56.72
58.92
59.04
59.07
56.54
60.15
55.71
54.7
56.2
56.4
56.38
56.28
55.41
59.16
53.88
56.33
55.96
55.87
58.98
55.14
56.42
59.14
53.56
55.79
58.64
55.78
56.97
57.49
56.29
55.69
56.49
58.29
51.59
57.99
56.29
NA
61.56
56.96
54.06
57.56
56.56
53.76
56.06
54.26
54.66
60.16
58.98
57.56
62.45
57.06
59.84
56.28
59.08
57.35
NA
57.04
55.41
55.01
57.21
55.71
56.81
57.01
55.52
50.71
55.03
56.84
57.14
54.21
56.01
NA
NA
57.11
60.28
55.46
55.57
55.49
NA
59.73
57.22
55.35
55.9
55.98
54.43
NA
NA
56.73
55.13
52.63
NA
54.54
53.84
NA
55.94
55.96
56.35
NA
58.08
56.14
55.69
55.47
54.53
NA
NA
55.92
53.56
55.52
55.91
57.81
NA
55.28
54.14
55.62
57.09
56.94
NA
55.38
NA
56.04
55.84
56.82
56.32
54.02
59.45
55.57
58.57
54.07
56.37
56.17
59.81
56.0
56.16
56.23
58.26
55.9
56.16
53.53
59.8
56.09
56.96
56.34
55.3
56.45
56.45
56.35
56.45
56.65
58.35
54.19
60.7
NA
56.58
55.55
55.78
58.84
58.63
58.55
54.02
58.11
57.92
NA
53.88
56.33
55.61
53.86
59.93
57.43
59.87
54.36
58.37
62.12
59.44
52.37
57.69
56.85
57.15
58.25
58.9
54.03
55.48
57.21
56.73
56.86
56.8
57.2
57.05
56.61
57.35
56.15
55.29
56.19
56.22
59.5
NA
58.9
60.36
59.5
54.96
56.88
55.98
57.98
54.82
55.92
56.72
58.68
53.48
53.88
54.88
NA
NA
NA
NA
NA
58.6
55.4
56.45
54.38
57.49
53.21
57.37
57.62
53.09
57.39
56.18
55.87
58.09
54.7
56.48
NA
56.46
52.44
55.18
54.01
NA
54.37
52.0
52.22
NA
NA
56.41
NA
55.24
53.35
55.6
NA
NA
59.48
56.37
54.24
56.92
NA
57.46
56.2
58.34
59.44
58.17
53.36
55.87
58.69
56.9
55.84
NA
55.04
54.83
NA
NA
NA
NA
NA
NA
56.55
54.21
51.61
57.44
56.81
55.82
NA
53.5
54.12
58.53
56.14
57.18
55.63
58.98
55.78
55.7
58.35
54.49
58.29
55.12
57.65
59.57
56.45
55.25
55.03
56.33
56.19
55.75
56.44
54.82
57.34
55.26
NA
NA
54.12
57.85
55.99
53.19
60.21
56.93
58.1
57.63
56.92
56.99
55.64
NA
55.4
53.97
57.06
53.66
56.41
57.51
57.48
55.78
55.74
57.86
55.65
52.95
55.25
NA
NA
54.89
55.77
54.18
54.08
NA
57.76
57.59
53.93
55.3
56.04
59.06
57.07
53.59
NA
56.29
56.29
56.14
59.77
56.32
58.02
53.62
57.32
56.48
55.52
56.78
56.71
56.9
NA
58.15
54.15
56.6
NA
NA
58.79
56.29
54.59
58.78
59.0
57.89
56.14
56.14
58.13
53.66
56.64
57.71
NA
NA
NA
NA
56.89
55.82
57.02
56.62
NA
NA
56.67
NA
NA
56.0
57.36
58.21
54.41
59.69
56.51
NA
59.01
55.57
58.95
54.99
55.93
58.44
56.24
56.03
57.7
57.21
59.75
57.2
56.44
55.95
54.75
57.45
54.09
56.3
NA
56.18
55.29
52.74
54.52
52.51
55.21
54.91
NA
NA
54.22
54.91
56.01
55.71
58.41
56.21
54.71
56.01
54.71
60.29
56.56
55.57
54.0
NA
57.13
56.83
58.09
57.75
55.53
53.54
55.5
59.67
57.49
56.01
55.14
55.37
58.1
57.91
57.8
57.59
56.07
55.78
56.3
NA
58.97
55.99
57.11
NA
NA
NA
59.44
NA
53.17
NA
57.26
56.98
53.0
56.37
58.07
56.04
56.44
55.14
57.44
58.78
54.42
56.66
54.66
55.81
55.86
NA
58.32
57.96
56.36
57.1
57.08
55.48
60.49
59.5
53.5
55.9
59.0
55.56
59.1
56.93
56.96
55.44
56.15
58.84
57.62
56.02
55.49
51.39
NA
56.47
54.35
58.99
55.52
58.48
54.42
54.74
59.65
55.08
NA
55.34
55.51
53.42
53.43
55.85
60.53
55.13
60.91
56.28
53.04
54.97
56.78
59.67
54.26
56.71
53.41
53.86
59.99
NA
55.69
54.89
55.69
56.29
56.11
59.09
56.4
55.7
56.26
54.16
52.63
53.51
57.06
59.92
57.72
53.82
54.75
56.44
57.46
NA
58.0
56.48
57.46
60.21
55.2
56.17
55.99
55.86
56.21
56.08
58.09
56.22
56.37
54.53
53.13
57.33
57.3
55.16
57.08
54.39
54.63
55.58
57.63
57.64
52.84
56.14
56.5
56.13
57.04
56.17
55.92
56.5
55.54
53.24
58.54
57.14
58.11
NA
58.98
55.03
NA
59.24
55.16
56.23
56.31
56.22
56.74
53.75
52.25
54.95
54.91
52.34
56.14
NA
NA
53.24
53.84
57.94
55.74
54.24
56.34
55.74
56.24
56.14
NA
57.61
58.72
57.35
55.51
NA
56.15
55.61
57.12
56.25
56.08
57.26
55.27
54.52
57.06
57.3
56.14
57.97
54.52
58.58
NA
56.63
NA
55.88
57.3
53.93
56.24
NA
57.56
52.55
NA
56.61
56.11
55.11
57.11
57.97
57.61
55.06
57.05
59.6
57.05
NA
NA
55.51
54.4
57.84
NA
56.04
54.32
55.55
NA
56.78
53.99
56.04
58.84
53.54
54.94
57.44
57.94
53.34
NA
54.44
56.04
57.24
57.47
54.95
56.82
54.95
56.65
53.15
56.55
55.85
55.16
56.66
53.06
56.66
NA
NA
56.95
54.58
56.38
57.18
55.17
59.97
56.67
54.71
56.31
56.51
60.4
55.47
54.27
58.83
55.07
52.97
56.77
58.83
55.12
52.89
56.85
56.91
55.13
59.63
56.63
56.73
57.44
59.02
55.15
61.45
NA
53.75
54.69
56.74
NA
NA
NA
NA
NA
53.91
54.7
57.8
57.9
52.1
57.68
58.16
53.73
57.11
54.49
NA
56.69
54.38
NA
57.87
59.21
55.99
57.37
NA
59.03
57.65
59.02
54.24
56.51
58.38
52.83
54.59
56.08
55.61
61.68
56.77
55.22
NA
54.22
55.22
54.62
53.99
54.89
49.99
52.46
56.27
57.43
55.58
55.67
59.2
54.37
55.69
54.1
NA
NA
NA
NA
55.14
55.54
NA
57.68
54.85
NA
NA
56.94
58.73
NA
56.9
57.2
NA
55.03
NA
NA
55.87
57.51
55.11
55.75
NA
58.27
55.71
57.8
56.85
56.17
57.47
NA
53.53
60.13
54.63
59.16
NA
55.55
56.32
56.11
56.13
55.23
52.87
56.36
58.74
59.92
56.51
NA
56.22
56.16
55.75
57.26
55.14
58.64
56.94
54.14
55.34
53.14
56.03
58.43
58.48
59.44
58.98
55.92
53.97
55.8
58.2
57.4
55.1
54.55
58.14
56.22
57.86
57.47
56.44
56.03
NA
58.47
55.39
54.0
NA
54.77
56.61
55.08
56.27
NA
NA
55.92
56.22
59.06
55.82
55.32
55.36
59.2
57.7
NA
NA
55.38
56.64
59.99
59.37
54.89
53.9
57.45
57.05
59.56
55.0
54.34
54.5
55.39
57.82
56.11
58.79
58.19
58.14
55.54
56.73
58.11
53.56
56.7
55.8
56.45
56.31
56.87
56.51
56.04
55.95
55.26
53.4
58.32
52.05
56.9
54.67
54.64
53.19
56.02
58.31
56.79
NA
NA
51.35
58.57
56.68
58.96
58.14
56.35
55.11
58.39
54.64
56.51
57.97
55.75
57.54
57.59
56.4
56.22
56.99
59.53
NA
56.23
53.39
56.45
55.9
54.73
56.5
NA
56.27
59.67
NA
57.68
53.58
57.64
54.42
56.61
53.92
57.14
56.31
55.35
55.98
52.71
56.36
56.86
NA
56.49
57.8
55.39
56.11
NA
58.14
54.44
55.9
NA
54.04
53.87
54.79
56.54
55.37
56.0
56.11
56.81
55.84
55.94
55.44
56.14
56.34
59.61
57.85
54.83
58.47
57.06
57.96
56.36
56.27
56.88
56.13
NA
NA
56.73
55.96
NA
53.01
54.52
54.08
58.9
56.96
55.04
57.29
54.57
56.71
NA
55.78
58.17
56.26
56.53
NA
58.3
55.16
57.62
54.63
57.37
56.64
56.13
55.85
56.01
58.18
56.74
57.12
55.85
55.95
59.75
55.45
57.17
57.17
NA
52.17
56.48
57.99
55.43
55.02
55.2
55.38
56.3
55.88
55.19
55.64
56.25
56.57
56.59
56.58
56.43
53.84
55.87
58.63
57.76
54.79
56.12
55.92
55.67
57.82
NA
52.09
53.93
59.15
NA
56.13
55.87
NA
60.6
56.76
55.98
55.98
55.82
55.78
57.86
58.09
56.1
58.47
55.13
52.82
NA
54.69
56.64
53.79
NA
54.51
55.62
53.99
56.0
58.98
53.28
56.06
54.35
59.43
58.14
56.63
51.06
54.78
54.79
55.79
58.72
54.64
NA
55.43
56.26
55.1
55.93
55.79
59.57
55.79
56.17
56.37
59.27
54.67
52.65
60.53
53.78
56.67
57.45
55.78
56.38
56.05
56.45
56.2
55.85
57.21
57.05
55.65
NA
NA
54.8
55.82
NA
57.24
52.54
52.14
58.04
55.64
54.61
58.59
57.89
56.9
57.05
55.17
58.69
56.89
54.82
NA
56.78
55.23
55.95
56.24
52.81
55.99
55.16
55.42
56.98
59.83
55.43
NA
54.75
53.83
55.56
53.88
54.79
60.15
57.99
54.96
54.87
52.82
55.21
55.72
56.81
58.42
59.36
59.62
58.25
57.19
57.04
59.0
55.16
59.27
57.63
57.47
54.31
56.3
NA
59.0
58.8
59.03
55.33
52.88
54.15
55.47
NA
54.47
55.54
NA
52.12
55.44
53.92
NA
NA
55.54
56.97
NA
53.61
54.41
54.02
55.75
59.54
55.75
53.8
56.51
58.05
55.03
55.68
54.12
54.0
56.98
56.34
54.49
56.72
57.64
60.11
56.22
56.17
56.59
NA
NA
63.19
59.04
58.5
57.07
56.1
55.99
55.95
54.79
NA
56.38
57.3
56.1
56.1
58.11
54.3
58.14
57.54
55.73
57.13
57.73
55.33
58.27
54.28
55.87
57.4
57.92
54.68
52.31
55.87
56.34
57.55
NA
56.29
56.27
58.85
56.44
54.07
54.97
60.73
55.73
54.39
54.29
54.99
55.89
54.94
55.44
NA
54.91
57.35
56.35
NA
NA
NA
NA
54.54
53.48
55.7
55.21
58.97
56.18
55.68
56.21
52.56
56.9
56.75
NA
53.45
56.65
55.39
55.88
55.22
56.08
56.37
56.71
56.07
56.37
57.33
60.52
60.57
59.01
57.48
54.22
55.82
59.32
56.22
NA
NA
NA
54.36
53.8
57.42
56.27
54.34
53.79
57.39
56.24
53.06
56.66
55.88
53.47
54.01
54.37
58.15
53.99
57.98
57.88
58.91
57.09
59.84
58.87
56.89
59.8
54.9
56.28
56.77
55.59
55.29
55.36
56.0
56.12
55.06
56.76
55.61
55.78
57.02
59.86
54.87
54.46
58.02