30.05
30.32
30.05
33.16
30.75
30.69
30.77
29.58
30.8
31.87
30.01
29.4
32.05
30.11
29.72
29.11
NA
30.78
30.37
30.09
31.4
34.31
29.21
30.43
NA
28.13
NA
32.08
NA
30.88
31.77
28.76
29.87
31.11
31.49
30.61
30.71
30.32
29.74
30.17
30.2
30.4
29.64
29.66
30.91
NA
NA
NA
30.59
30.29
30.66
30.7
32.47
30.71
30.91
32.77
30.92
30.68
32.24
30.77
32.02
29.61
31.26
27.43
30.59
30.49
30.77
29.41
31.51
31.35
29.81
31.82
29.92
30.79
30.21
31.99
31.21
30.65
30.18
31.01
NA
30.52
NA
30.82
30.75
31.8
33.41
30.27
NA
30.11
29.82
29.64
29.25
29.56
33.33
28.97
29.28
32.82
30.39
30.37
32.34
31.21
NA
30.41
30.66
29.81
30.93
29.15
30.83
26.18
28.79
31.51
31.49
30.25
30.75
NA
29.83
30.83
NA
28.5
26.21
30.39
NA
29.95
NA
31.01
31.06
31.03
32.77
31.83
29.04
31.2
30.58
29.59
32.13
NA
NA
NA
30.58
30.84
31.33
30.33
32.86
30.53
29.06
30.66
32.76
30.74
30.98
33.5
29.85
31.42
30.28
33.15
30.21
32.02
30.03
32.46
30.43
27.83
NA
30.87
33.08
29.47
30.27
33.3
30.57
28.98
30.73
31.2
30.25
30.46
NA
NA
30.98
29.63
26.46
30.53
31.35
33.52
30.17
30.64
33.34
30.97
NA
30.43
32.1
33.42
31.19
30.94
29.32
29.81
26.58
31.06
30.38
30.04
30.23
30.42
30.92
30.72
30.3
31.5
31.04
29.6
32.76
32.29
NA
31.12
30.81
30.88
NA
30.83
28.63
NA
29.91
34.28
NA
NA
34.09
29.99
29.64
26.63
31.31
30.7
30.77
30.71
31.84
NA
30.66
30.62
30.03
30.52
30.36
30.64
27.22
30.48
29.35
30.78
30.79
30.64
30.45
NA
32.29
30.48
NA
NA
NA
32.71
29.93
30.77
28.65
32.74
29.25
NA
34.54
NA
30.5
30.45
NA
NA
30.78
30.66
31.11
29.6
30.96
31.45
33.65
30.86
30.43
29.86
NA
30.89
29.29
29.0
29.22
30.48
30.09
30.89
29.81
31.43
28.96
31.12
31.15
30.51
28.78
29.04
32.41
32.97
29.07
NA
31.55
31.17
32.35
29.84
32.54
33.19
33.43
31.72
32.26
31.68
31.01
29.08
31.0
33.1
27.19
31.09
30.11
30.77
NA
29.7
32.62
NA
29.46
NA
NA
NA
NA
31.39
30.19
31.05
30.0
30.66
30.96
NA
30.86
30.78
NA
30.51
30.49
30.84
30.57
30.81
NA
30.96
NA
30.73
30.61
NA
28.63
31.57
NA
NA
NA
NA
30.67
30.72
30.5
NA
30.48
NA
NA
NA
NA
NA
NA
30.93
29.5
33.76
NA
30.14
31.56
31.08
31.72
32.32
30.08
30.99
32.47
26.39
32.81
29.34
30.59
30.3
30.1
30.45
31.33
31.49
29.74
33.4
30.83
30.09
NA
32.06
29.53
27.52
30.56
30.57
29.76
30.91
29.91
31.12
28.55
30.5
30.58
26.8
27.75
27.98
30.98
NA
30.48
30.68
33.12
31.43
30.84
30.69
30.35
30.88
32.28
33.05
28.75
28.86
33.05
29.73
31.63
30.13
30.54
31.31
33.05
32.0
27.08
30.29
32.39
30.48
28.98
NA
29.38
30.56
30.18
NA
NA
29.02
27.82
30.61
30.24
31.47
30.49
30.15
31.82
31.44
30.19
28.99
30.92
31.01
33.83
30.43
30.5
32.52
33.23
31.88
28.61
27.36
27.72
27.34
29.16
33.81
36.42
30.79
30.9
31.04
30.77
31.02
30.82
31.13
30.86
31.07
30.66
30.29
30.28
NA
31.94
34.18
32.27
31.48
29.94
30.12
NA
NA
NA
NA
NA
NA
NA
30.51
25.54
31.78
31.81
31.89
30.71
31.07
30.79
NA
NA
31.86
30.56
29.49
32.2
31.22
NA
NA
31.71
30.87
28.51
26.39
31.37
29.27
NA
31.71
30.34
32.12
31.11
34.7
NA
28.64
30.76
NA
NA
30.04
29.8
NA
32.02
30.25
30.65
28.85
28.95
NA
29.82
NA
32.43
31.69
NA
NA
29.18
30.35
NA
NA
30.99
NA
NA
NA
30.68
NA
30.16
30.84
29.84
30.12
30.68
30.74
NA
30.64
31.44
30.4
31.77
31.37
30.49
29.6
35.42
NA
30.64
30.74
30.61
32.17
30.32
30.58
30.32
31.0
26.87
33.74
27.72
33.35
30.53
31.3
28.54
29.04
32.64
NA
32.83
32.83
32.42
30.25
32.2
NA
30.29
30.25
30.46
30.51
30.12
NA
NA
27.18
31.78
30.73
30.69
30.09
29.77
27.52
33.62
26.41
34.65
30.06
29.72
25.61
31.86
30.12
31.0
30.91
28.59
28.78
31.71
NA
32.65
30.55
26.4
30.04
NA
30.19
30.5
30.5
NA
NA
NA
NA
NA
NA
NA
NA
NA
NA
NA
NA
NA
NA
NA
NA
NA
NA
NA
NA
29.36
29.42
30.1
31.5
29.19
NA
29.21
31.73
32.11
29.45
30.8
30.86
NA
NA
28.88
NA
27.32
34.11
29.96
29.9
NA
NA
NA
29.76
NA
29.29
29.08
31.31
30.5
26.38
29.61
31.63
30.78
30.08
34.78
33.28
29.78
30.58
30.48
30.38
30.58
26.79
31.72
30.35
31.18
39.4
30.51
29.28
30.47
30.47
32.82
32.13
30.52
29.67
30.68
31.86
30.36
NA
32.94
26.59
30.53
28.53
27.99
NA
31.25
28.92
31.27
30.88
30.49
31.17
31.4
31.53
30.69
30.79
30.71
30.68
30.68
30.34
32.44
26.64
30.07
30.69
30.8
31.02
29.09
30.8
31.02
29.09
30.19
30.08
33.43
32.74
32.52
27.99
34.61
32.54
30.03
31.18
31.08
32.46
30.33
34.36
32.5
30.34
30.22
30.33
30.22
32.57
29.5
31.66
34.11
30.33
29.96
31.22
31.26
NA
NA
28.59
33.41
31.95
30.6
28.5
30.48
29.16
31.46
28.62
30.39
29.09
30.85
32.15
32.11
29.83
30.13
NA
30.47
29.17
30.6
32.15
32.02
29.63
30.53
30.47
NA
NA
32.09
NA
30.66
27.94
29.8
31.17
31.24
31.78
30.23
30.96
29.47
NA
NA
NA
32.39
NA
NA
29.31
32.03
30.69
28.96
30.42
NA
28.79
31.01
29.27
29.23
NA
NA
31.3
29.38
29.59
NA
30.84
NA
NA
NA
NA
29.64
29.54
29.61
26.19
31.28
30.58
31.64
NA
NA
NA
NA
30.47
29.67
28.77
32.07
30.53
29.81
30.52
29.93
NA
30.65
32.18
31.81
30.79
30.08
29.69
30.62
29.46
30.17
31.1
NA
32.55
30.59
30.68
27.69
NA
27.17
NA
NA
26.14
NA
NA
NA
NA
NA
NA
NA
NA
NA
32.13
NA
33.63
28.02
30.92
NA
NA
NA
NA
31.8
33.1
31.4
NA
NA
NA
NA
30.0
26.4
32.3
31.14
29.21
31.31
29.71
30.46
32.46
28.48
NA
33.78
30.38
30.68
NA
NA
32.97
26.47
29.27
30.07
32.27
30.65
29.74
31.09
30.1
27.87
30.4
32.5
31.0
NA
28.75
NA
31.85
32.31
NA
NA
NA
NA
30.41
30.7
30.7
NA
NA
31.24
31.38
30.11
29.11
29.11
29.93
30.44
32.14
30.24
NA
27.14
30.64
30.85
29.31
68.09
29.37
30.41
31.37
30.27
26.36
29.61
34.16
NA
36.39
NA
31.76
30.23
30.78
30.87
NA
30.56
27.05
29.34
32.84
NA
NA
NA
NA
NA
NA
32.1
30.82
NA
29.53
32.03
NA
32.48
30.42
30.72
30.82
30.22
NA
NA
NA
NA
32.21
32.61
30.41
NA
29.91
34.51
30.51
31.5
28.9
30.12
30.14
32.04
30.96
34.26
31.8
32.49
31.61
31.96
30.1
31.79
31.49
30.68
30.7
31.95
28.9
31.31
31.28
30.26
30.16
30.2
30.38
NA
30.67
33.36
32.31
31.57
30.82
NA
NA
NA
NA
31.9
29.83
30.81
NA
31.91
NA
NA
30.89
31.06
31.13
31.09
29.97
32.2
30.82
31.61
NA
30.53
NA
NA
NA
NA
NA
NA
NA
NA
NA
NA
NA
NA
28.24
28.84
29.84
31.24
27.37
27.67
NA
NA
NA
28.97
30.66
30.81
NA
30.82
25.31
31.56
NA
28.17
NA
NA
31.29
30.79
30.75
29.97
NA
NA
31.49
NA
32.17
30.64
30.64
NA
31.55
30.92
30.16
30.56
27.86
31.86
29.46
31.46
32.22
30.92
NA
29.42
31.62
30.78
31.23
NA
NA
NA
NA
NA
NA
NA
30.63
31.32
31.12
31.32
31.12
25.72
NA
33.45
NA
36.07
NA
30.67
NA
30.74
28.61
31.77
32.0
28.48
33.37
29.48
30.68
30.78
31.02
30.75
30.17
26.56
30.78
29.31
NA
31.44
30.73
31.38
30.44
37.18
NA
NA
NA
NA
NA
31.14
NA
NA
30.2
30.26
29.55
30.55
30.95
NA
29.98
NA
NA
NA
29.44
30.64
30.74
25.79
31.13
30.58
31.38
NA
29.34
30.51
30.68
30.93
30.19
29.8
31.54
NA
30.44
32.56
NA
NA
NA
NA
NA
30.31
29.41
30.8
31.33
29.3
29.0
29.8
30.87
NA
27.31
31.57
32.83
31.23
30.64
31.01
29.84
27.01
28.72
29.98
29.74
29.35
32.85
32.3
NA
NA
NA
NA
30.4
NA
NA
NA
NA
33.24
30.24
27.62
29.82
31.98
30.72
NA
28.98
27.44
28.89
27.44
31.53
29.43
31.39
30.2
28.81
29.65
30.85
31.37
30.36
30.37
29.38
30.9
31.35
29.62
30.17
31.34
31.17
31.92
29.84
27.01
28.72
29.98
29.74
NA
NA
28.0
29.42
30.62
30.72
NA
29.89
30.99
27.2
29.58
30.42
30.51
30.96
31.46
30.06
32.3
30.6
31.54
31.13
NA
32.45
26.96
31.56
30.55
29.72
NA
31.2
30.57
30.38
30.65
30.75
30.85
30.77
31.86
30.75
29.42
28.08
30.77
30.62
30.62
30.89
31.39
30.4
NA
31.93
29.85
30.82
NA
NA
NA
NA
NA
NA
30.25
30.57
31.29
29.26
30.84
30.17
29.84
NA
31.24
28.54
31.06
25.66
31.16
NA
31.57
30.63
30.9
30.33
30.24
NA
32.15
28.77
29.58
NA
29.73
30.63
30.83
31.1
NA
NA
NA
31.5
29.96
30.54
30.88
31.28
30.93
29.96
32.52
32.37
NA
31.78
31.64
NA
NA
30.14
NA
NA
NA
29.55
28.85
29.45
30.13
31.72
29.84
NA
NA
NA
NA
30.36
NA
30.38
32.48
30.18
NA
33.19
31.86
29.74
29.05
NA
28.63
30.55
29.51
30.39
31.15
32.36
27.3
31.5
NA
31.2
29.9
28.5
30.83
30.43
NA
NA
30.73
NA
30.0
26.8
30.12
30.12
27.22
NA
30.01
29.83
30.23
30.13
30.08
NA
31.07
NA
31.17
NA
30.62
NA
30.02
30.55
31.15
29.95
31.23
30.41
NA
32.6
30.8
30.46
31.46
30.86
31.85
30.22
NA
NA
30.0
28.74
NA
32.35
NA
30.49
30.16
26.94
NA
31.11
33.44
31.8
NA
NA
NA
NA
NA
NA
NA
NA
33.1
26.67
32.08
33.44
31.46
28.24
33.14
30.04
28.84
31.24
27.95
30.66
NA
NA
33.18
29.66
31.06
32.96
26.73
30.46
29.49
NA
30.45
30.94
NA
NA
29.72
32.11
29.71
27.83
31.35
27.13
NA
NA
30.92
32.51
30.81
31.09
30.79
31.7
31.18
30.96
26.55
32.06
NA
NA
29.66
30.06
29.65
NA
30.26
33.16
32.86
32.86
27.96
NA
30.99
30.48
29.27
30.27
29.85
30.75
30.69
30.61
30.66
29.78
31.04
29.95
30.45
30.45
29.75
30.15
29.77
31.81
31.36
30.18
32.96
NA
NA
29.36
31.96
30.86
30.46
30.6
28.13
29.34
30.82
NA
30.47
29.97
29.82
30.72
29.32
34.82
31.4
NA
NA
32.75
29.31
30.56
NA
NA
NA
30.58
NA
27.08
29.68
NA
31.38
30.82
NA
NA
29.75
29.16
30.26
29.66
27.26
30.56
NA
30.23
29.65
30.82
30.42
30.24
29.3
30.8
27.21
27.05
29.82
27.14
29.17
32.25
29.55
NA
32.75
NA
29.25
26.46
27.04
29.99
27.04
29.25
32.51
29.99
29.2
NA
30.23
30.78
30.24
30.72
31.13
30.01
28.93
32.21
28.12
29.46
29.06
31.12
33.22
31.12
29.64
30.84
32.13
34.43
31.01
28.23
31.46
32.51
30.26
31.94
30.59
NA
NA
NA
NA
NA
28.94
32.42
30.72
NA
31.02
31.42
30.52
30.72
28.98
32.4
29.13
29.66
31.05
33.92
29.93
30.47
30.58
28.75
28.55
30.39
33.15
30.65
28.95
32.85
NA
29.73
NA
NA
NA
NA
30.54
32.08
29.68
31.31
32.24
28.33
NA
30.71
NA
NA
NA
NA
30.5
30.67
NA
30.38
33.44
29.81
NA
30.01
29.88
28.78
NA
NA
30.28
30.94
29.68
30.7
31.35
NA
NA
27.53
32.0
31.35
31.75
29.65
29.05
32.25
29.9
30.83
30.66
30.96
33.76
33.6
30.46
33.76
30.36
30.47
30.56
29.48
30.59
30.59
30.08
30.23
30.85
30.99
30.68
30.58
NA
30.83
30.43
29.23
30.75
30.75
41.62
NA
NA
30.54
30.54
30.62
29.66
30.22
NA
30.26
30.56
33.93
31.28
30.42
31.46
29.3
NA
30.32
30.78
30.57
29.76
NA
NA
NA
NA
34.42
28.32
NA
30.12
31.06
30.48
31.51
29.5
30.5
30.6
30.78
30.88
31.33
29.49
35.16
27.91
30.36
30.95
30.79
27.01
33.25
30.11
30.59
25.28
30.03
NA
NA
31.79
31.19
32.89
32.19
29.89
30.39
30.99
31.09
NA
NA
29.26
30.06
26.46
31.46
31.96
29.76
32.26
31.76
29.76
29.59
27.02
30.85
31.54
30.24
31.04
30.45
29.96
NA
32.27
NA
NA
NA
32.91
NA
NA
31.16
29.96
29.36
NA
NA
30.51
30.91
NA
NA
29.53
30.64
NA
NA
NA
NA
NA
NA
30.65
26.5
30.45
31.25
NA
NA
30.53
NA
NA
NA
32.04
29.54
NA
31.44
30.59
30.02
NA
29.36
30.42
30.18
30.73
32.29
NA
NA
32.48
29.87
30.11
32.71
30.44
NA
30.42
NA
31.32
29.38
30.82
NA
30.49
NA
NA
NA
32.36
30.72
34.92
30.7
30.97
30.07
33.77
30.57
30.77
29.77
30.49
30.54
30.25
31.86
30.61
30.46
29.87
29.87
27.02
31.56
27.59
31.21
30.05
NA
30.75
30.85
30.15
28.95
33.52
NA
NA
32.06
29.13
30.5
29.3
29.2
28.69
29.92
29.49
30.21
NA
35.16
27.91
30.55
30.25
29.55
33.56
28.84
31.36
29.05
33.12
32.06
37.49
31.19
30.25
32.45
26.95
30.07
33.86
31.99
30.67
31.01
30.73
30.75
26.49
30.95
33.2
31.35
30.74
30.28
32.71
31.46
29.0
NA
29.89
30.33
29.96
29.56
30.73
NA
29.38
29.62
30.32
30.62
30.08
30.68
33.48
28.58
NA
NA
NA
NA
NA
30.0
32.5
32.7
35.68
27.54
28.78
31.6
27.51
28.78
31.67
30.69
30.8
30.0
32.97
32.08
NA
26.4
NA
30.84
31.45
NA
30.57
32.03
31.79
NA
NA
29.61
NA
31.46
32.87
31.03
NA
NA
29.6
27.36
32.31
NA
NA
30.64
31.43
29.74
29.74
30.86
30.68
31.23
29.78
30.57
30.14
NA
32.91
32.3
NA
NA
NA
NA
NA
NA
31.24
31.01
30.01
30.04
31.13
NA
NA
34.15
33.56
31.48
30.95
30.68
31.94
30.44
30.48
30.0
28.85
33.56
29.68
32.93
27.86
30.86
30.15
32.85
NA
NA
30.62
29.46
31.41
NA
NA
NA
NA
NA
NA
NA
NA
NA
NA
NA
NA
NA
NA
26.13
30.28
NA
30.53
30.42
30.96
28.76
NA
31.41
NA
NA
30.87
32.93
30.95
35.05
33.85
NA
NA
31.72
29.19
30.81
28.99
NA
30.95
30.79
30.56
32.06
30.81
31.59
27.94
NA
NA
32.29
31.82
31.21
31.24
30.42
29.92
31.12
29.72
31.04
NA
30.8
31.66
31.16
NA
NA
28.26
30.63
NA
NA
30.09
32.19
32.19
NA
30.09
30.51
30.76
30.26
31.01
30.51
26.74
30.76
NA
NA
NA
NA
31.59
29.22
30.82
30.19
NA
NA
30.34
NA
NA
29.81
30.13
29.92
32.81
29.17
27.12
NA
31.24
33.02
29.64
NA
34.37
29.74
30.5
30.71
27.9
30.19
29.42
NA
30.44
30.75
NA
27.45
29.66
32.2
NA
30.58
31.49
35.14
NA
31.01
31.11
32.11
NA
NA
30.28
NA
NA
30.91
28.41
30.21
31.21
30.21
31.41
NA
29.73
30.56
31.19
NA
30.25
31.31
29.27
32.78
31.34
31.77
30.98
28.09
30.2
33.32
29.89
31.22
NA
NA
29.48
32.74
31.23
31.78
30.69
NA
30.33
31.26
NA
NA
NA
NA
32.14
NA
NA
NA
29.54
29.02
31.31
30.47
NA
30.69
30.54
33.64
27.94
29.91
34.16
29.14
33.88
31.18
30.66
NA
30.26
29.86
31.06
31.26
31.31
32.38
30.0
29.8
29.9
24.8
29.5
31.5
29.87
26.42
31.43
30.34
31.15
29.58
26.44
30.71
30.5
33.79
NA
27.89
29.68
29.91
32.08
26.18
NA
29.8
29.08
32.03
NA
30.86
31.0
NA
NA
30.72
30.02
NA
29.79
30.92
27.85
NA
29.38
NA
NA
30.35
31.12
29.91
NA
NA
33.29
31.99
NA
30.39
30.87
30.01
30.8
32.5
30.76
30.16
31.19
38.9
32.3
30.52
30.32
30.82
32.4
28.85
31.19
NA
29.78
27.2
31.71
29.63
30.6
31.13
31.05
31.43
31.23
31.19
30.09
30.32
30.93
31.13
30.93
31.63
31.4
31.47
29.79
31.4
31.89
31.25
31.5
31.7
33.74
30.24
30.05
31.1
30.35
31.25
29.09
NA
30.44
31.14
31.44
29.94
30.11
NA
NA
27.3
NA
NA
NA
29.75
30.89
30.92
27.65
30.85
31.15
32.55
31.23
31.66
30.64
NA
NA
30.84
33.14
30.54
32.74
NA
30.84
31.04
30.54
30.64
NA
29.16
30.07
26.82
30.19
NA
30.4
30.94
27.42
29.58
31.6
28.26
29.49
29.75
26.25
NA
31.35
29.59
32.22
35.7
NA
30.63
NA
30.64
31.58
33.5
31.91
NA
29.38
37.15
NA
31.21
31.31
32.21
31.41
29.93
NA
34.24
30.46
29.72
NA
NA
NA
NA
28.35
29.94
NA
30.84
30.22
31.55
NA
30.78
30.39
30.64
29.84
32.44
32.84
28.34
31.04
30.54
NA
34.04
30.94
31.34
30.35
32.68
27.29
29.15
30.35
29.95
30.25
30.65
29.16
30.56
30.16
30.86
NA
NA
30.47
28.88
30.98
30.48
28.77
29.37
30.57
29.51
30.81
30.71
29.9
28.71
33.22
29.5
32.29
30.15
29.5
29.65
32.13
27.2
29.43
NA
29.13
29.43
30.53
29.13
29.18
29.9
31.49
30.47
NA
34.23
29.02
30.6
NA
NA
NA
NA
NA
33.2
33.5
31.8
NA
33.0
31.42
29.57
28.79
30.08
29.59
NA
31.09
32.64
26.52
29.62
29.9
30.17
31.32
NA
26.33
33.25
28.95
32.74
30.33
29.93
34.72
31.78
30.94
31.69
31.61
29.74
30.27
NA
33.42
28.92
30.22
NA
NA
NA
27.93
30.63
30.66
30.96
30.82
29.53
30.64
31.24
33.66
NA
NA
NA
NA
31.44
32.44
NA
29.11
32.22
NA
NA
27.83
29.54
NA
30.18
30.64
NA
31.01
NA
NA
29.89
28.42
30.35
32.53
NA
29.75
NA
32.42
33.38
29.57
30.57
NA
30.33
30.03
31.43
NA
NA
30.67
30.51
30.64
30.73
30.73
31.55
30.19
28.44
29.74
29.93
NA
30.98
30.98
31.35
30.22
30.04
31.24
29.64
33.54
31.04
NA
30.93
27.23
NA
NA
NA
30.87
31.2
31.6
30.2
30.8
NA
32.8
26.98
31.38
30.24
29.96
30.92
31.59
NA
25.43
NA
NA
NA
NA
29.57
32.45
28.97
NA
NA
30.92
NA
NA
NA
30.37
30.06
31.13
30.29
NA
NA
31.33
26.32
30.02
30.08
NA
28.08
29.71
30.03
30.53
30.45
29.78
32.67
31.22
29.25
29.88
NA
NA
29.5
31.22
30.12
29.98
31.14
32.35
NA
32.18
NA
NA
34.0
29.95
30.5
30.5
29.88
30.5
29.08
29.38
31.67
29.16
31.64
31.08
29.39
30.14
NA
NA
31.25
29.6
30.53
29.52
29.9
27.08
31.33
29.95
33.26
30.19
30.13
29.64
29.46
31.8
NA
31.52
NA
30.08
NA
31.7
NA
NA
31.25
33.15
31.08
NA
31.75
30.22
NA
31.51
30.35
31.63
33.39
29.83
33.56
29.94
29.7
33.9
30.93
NA
30.07
NA
NA
29.95
29.31
31.0
30.75
NA
20.77
31.34
30.91
NA
29.31
32.58
NA
30.29
30.79
30.79
30.92
26.49
30.64
30.64
30.64
29.44
31.04
29.65
29.87
31.92
30.9
29.96
30.06
30.6
30.8
30.12
30.98
NA
NA
33.14
30.66
NA
35.12
32.01
33.05
31.46
31.64
31.24
31.06
35.06
30.58
NA
30.73
26.7
31.42
32.51
NA
30.94
31.41
27.35
32.7
30.12
30.01
30.36
32.43
NA
30.04
30.18
27.68
31.27
31.05
30.85
30.85
NA
NA
NA
28.6
29.57
NA
31.31
28.96
31.74
33.65
30.45
31.04
34.55
32.09
30.87
29.1
30.9
30.85
30.72
30.53
31.03
29.75
31.18
31.62
31.32
32.12
33.72
30.52
NA
32.09
30.33
29.14
NA
30.98
30.78
NA
29.5
NA
30.48
30.48
30.61
30.32
26.07
29.03
30.32
29.95
30.72
30.46
NA
31.86
31.3
NA
NA
34.52
31.96
30.08
31.97
NA
30.24
30.01
29.73
30.17
30.47
NA
NA
32.83
28.76
30.98
27.25
32.4
NA
28.9
32.25
NA
31.12
30.93
31.73
31.17
30.87
30.27
28.97
30.57
33.96
30.43
31.28
29.74
30.57
31.26
30.75
30.77
30.64
30.6
30.83
30.34
30.38
30.68
NA
NA
31.1
30.32
NA
29.74
29.04
33.04
29.84
29.94
30.3
31.21
29.75
29.99
31.03
31.24
30.21
29.57
30.65
NA
33.6
30.48
31.88
31.0
30.76
30.68
32.48
28.18
27.34
30.22
30.72
NA
32.27
34.16
NA
32.88
29.36
29.72
29.7
NA
31.13
NA
28.94
30.72
NA
30.2
30.03
30.03
28.71
26.99
27.17
30.23
33.74
29.72
31.55
29.25
33.22
31.92
NA
NA
NA
29.74
28.71
31.06
32.61
30.43
NA
32.17
28.74
NA
NA
31.07
NA
NA
NA
30.44
31.11
30.22
30.31
32.51
29.92
30.9
31.37
31.14
32.8
31.17
29.52
31.52
NA
33.61
32.71
30.36
30.43
33.76
30.49
32.37
28.2
30.67
30.86
27.09
NA
NA
31.99
30.95
31.26
32.97
31.08
NA
NA
28.76
28.3
30.78
32.3
34.0
31.6
29.49
29.84
30.86
30.14
26.63
NA
30.63
30.73
29.47
31.16
30.03
29.88
30.1
29.01
32.11
30.75
28.79
27.31
NA
30.7
NA
30.44
30.32
31.91
31.41
28.03
28.13
31.69
31.89
31.99
31.19
NA
30.54
NA
31.16
29.86
29.26
NA
NA
NA
NA
32.25
31.89
32.53
30.87
30.04
31.08
30.68
31.25
31.33
25.77
31.75
NA
30.15
30.85
32.64
29.14
42.41
30.83
30.41
32.52
NA
30.41
30.83
28.28
NA
29.63
28.04
32.39
30.0
30.52
30.82
NA
NA
NA
25.86
30.67
29.65
29.53
25.83
30.64
29.68
29.51
32.56
31.16
30.14
26.44
29.86
32.65
30.26
33.75
NA
27.8
26.2
29.56
29.61
26.15
29.52
29.57
30.16
NA
30.36
NA
30.52
31.17
26.44
26.46
30.86
NA
31.03
30.7
30.76
29.21
32.09
30.02
NA