29.45
29.59
30.18
29.09
32.92
29.74
NA
29.9
29.16
NA
NA
29.21
29.5
29.85
30.27
30.0
30.24
30.68
29.22
29.82
29.38
29.69
NA
29.84
29.45
30.9
30.07
30.85
30.16
27.86
29.35
29.62
30.01
29.68
30.0
29.42
29.53
29.92
29.49
29.69
30.04
29.43
30.0
29.71
27.44
NA
30.12
30.11
NA
29.51
29.63
30.14
30.57
29.63
29.34
28.93
28.92
29.65
29.98
29.28
30.76
29.54
29.26
29.94
30.2
29.31
30.66
30.66
30.18
30.39
30.12
31.12
NA
30.66
28.88
29.57
29.81
29.36
29.98
30.56
29.32
29.72
29.13
29.65
31.12
30.09
29.5
29.72
28.74
29.63
28.62
29.25
29.75
28.89
NA
30.5
29.43
30.47
30.15
29.68
30.09
29.26
29.7
30.01
30.75
29.68
30.37
29.15
31.5
30.17
30.3
NA
30.41
29.05
29.95
NA
29.12
29.9
28.16
30.41
29.89
30.76
30.08
29.72
29.63
30.08
29.84
29.75
30.54
30.08
28.52
29.89
30.37
28.43
29.42
29.34
29.48
30.36
30.08
30.2
30.83
30.35
29.96
30.38
30.96
30.04
31.79
30.55
29.9
31.52
29.02
28.82
31.65
29.33
29.66
30.02
30.23
29.77
29.49
30.74
29.74
29.24
29.78
29.35
29.73
29.57
31.06
31.2
30.08
30.56
NA
NA
NA
31.3
29.67
30.05
30.38
29.97
30.0
NA
30.61
29.72
NA
30.19
29.3
29.77
29.68
29.24
NA
30.19
30.4
31.22
30.35
29.87
29.86
29.41
29.75
29.97
28.75
29.83
30.31
28.79
29.96
30.33
28.47
29.54
30.34
29.66
30.27
28.76
30.25
28.85
30.88
31.15
30.18
29.61
27.86
31.48
30.38
30.14
NA
30.38
30.91
28.23
31.19
30.5
30.5
29.75
29.67
29.98
30.41
29.88
29.49
31.36
29.36
29.68
NA
30.26
NA
29.91
30.33
30.26
29.07
30.57
NA
29.34
29.9
29.66
29.57
29.0
29.82
27.95
31.5
31.29
30.96
29.89
31.1
29.23
29.4
31.13
30.14
29.6
30.19
28.01
30.67
NA
30.24
30.49
30.66
30.36
29.76
29.4
29.87
27.95
31.23
30.02
29.7
30.01
31.32
30.12
30.25
30.13
31.64
29.56
28.39
NA
NA
28.8
30.27
27.88
31.86
31.34
30.59
28.25
32.0
NA
NA
29.75
30.74
29.92
29.67
30.27
29.66
29.71
30.91
31.28
38.25
30.76
30.44
28.99
28.85
30.02
29.71
29.29
29.27
30.15
30.45
30.5
29.49
NA
30.5
30.46
30.6
31.27
29.99
30.34
30.72
NA
28.22
30.18
29.78
29.89
29.63
30.13
29.83
30.31
29.5
29.41
30.51
29.91
30.51
29.99
32.06
26.01
29.52
28.79
28.15
32.06
26.27
30.01
NA
28.45
NA
NA
NA
29.88
NA
NA
29.94
NA
29.75
NA
29.27
30.19
NA
NA
NA
29.84
29.21
NA
29.85
NA
29.9
NA
29.78
NA
NA
NA
37.41
30.03
29.22
NA
NA
NA
NA
NA
NA
NA
30.5
29.84
30.2
30.92
30.81
30.91
29.24
NA
30.26
29.59
30.31
30.29
NA
29.58
29.15
29.07
30.68
29.52
30.75
30.12
28.98
30.17
28.66
30.31
30.74
29.15
29.95
30.23
30.14
NA
NA
NA
NA
NA
NA
NA
NA
NA
NA
30.32
30.86
29.62
31.46
NA
32.16
NA
30.83
NA
NA
NA
NA
NA
NA
NA
NA
NA
NA
NA
30.92
29.87
30.41
30.64
31.28
29.75
29.91
29.62
30.04
30.32
30.32
30.4
29.1
29.12
30.08
31.34
30.42
29.22
28.5
29.1
NA
NA
29.74
30.34
28.45
29.75
30.84
30.14
30.03
30.01
30.75
29.35
30.15
29.85
31.25
29.77
30.76
30.72
29.36
30.32
30.34
29.95
30.08
30.45
28.91
NA
28.96
29.67
28.45
31.71
30.11
30.72
NA
NA
NA
NA
NA
NA
NA
NA
NA
NA
30.81
30.03
31.67
28.91
29.65
NA
29.76
29.97
30.98
29.46
30.91
29.69
NA
NA
NA
NA
NA
NA
NA
NA
NA
NA
NA
NA
NA
NA
NA
NA
NA
NA
NA
NA
NA
NA
NA
NA
NA
29.34
31.02
NA
30.21
30.56
30.56
30.56
NA
31.02
30.85
30.65
29.92
29.7
30.1
29.7
29.5
30.2
29.5
NA
NA
NA
NA
NA
NA
30.06
29.83
29.75
29.91
29.92
29.91
30.39
30.19
30.18
30.6
31.62
30.21
28.9
29.3
29.57
NA
29.95
NA
30.42
28.69
30.58
29.38
29.69
29.9
30.02
30.39
29.82
30.22
30.15
30.24
34.71
29.69
30.19
27.52
NA
29.89
29.85
29.38
30.44
30.86
30.78
31.33
29.55
29.48
29.6
29.49
29.49
29.68
30.65
31.31
30.99
28.19
30.66
NA
30.96
28.13
30.33
30.33
29.87
31.73
29.17
30.77
29.76
NA
NA
NA
NA
NA
30.34
29.77
NA
29.43
29.71
NA
NA
NA
NA
NA
NA
28.71
29.84
NA
27.62
31.09
29.36
29.62
29.58
29.86
NA
31.06
30.89
29.29
30.11
29.63
29.56
29.82
NA
31.05
30.92
29.3
30.08
29.3
29.95
29.82
28.53
31.05
30.99
29.3
30.02
31.64
NA
30.02
30.25
29.14
30.37
30.37
30.42
30.5
30.32
30.13
31.66
30.5
29.43
31.13
NA
NA
30.1
NA
NA
NA
NA
NA
NA
NA
NA
28.27
29.2
NA
NA
NA
NA
NA
NA
NA
28.97
NA
NA
NA
29.23
30.57
NA
NA
NA
NA
29.59
NA
NA
28.76
31.38
30.49
28.88
31.03
30.42
28.95
31.34
30.36
30.13
30.24
29.72
29.06
31.57
30.8
28.56
29.88
NA
28.71
31.13
28.74
28.26
29.45
30.46
NA
30.63
30.53
NA
30.65
NA
NA
32.51
30.28
30.34
30.21
30.48
NA
30.7
30.01
29.39
29.88
29.99
30.44
NA
32.07
31.42
29.36
30.16
31.31
30.63
29.42
31.26
NA
31.06
NA
29.73
30.08
33.12
29.62
29.32
30.02
30.12
26.96
30.08
30.43
29.92
28.99
30.46
29.34
NA
NA
NA
NA
NA
NA
NA
27.52
NA
NA
NA
30.33
30.32
NA
NA
NA
NA
NA
29.52
30.35
NA
30.6
29.0
29.9
29.3
29.71
30.01
29.21
31.68
NA
31.78
32.18
31.5
29.97
29.47
NA
30.11
29.91
31.11
28.64
31.24
30.44
28.79
30.69
29.29
29.8
30.37
27.33
29.82
NA
29.81
29.51
30.01
30.11
29.47
30.07
30.7
29.65
31.21
32.31
29.91
30.41
30.71
30.11
NA
29.91
30.01
NA
29.0
NA
29.78
31.39
30.0
30.22
29.84
29.87
30.43
29.83
NA
29.83
30.33
29.73
28.73
29.83
29.54
30.24
31.64
29.64
30.64
30.85
29.82
29.56
29.45
29.91
29.76
30.67
28.71
30.09
31.19
29.73
30.33
29.55
28.23
28.65
29.59
29.18
30.46
30.2
29.8
31.23
30.44
NA
NA
NA
NA
NA
29.73
NA
29.73
NA
NA
NA
38.4
28.7
29.2
30.0
29.52
29.83
30.63
30.03
29.83
29.53
27.52
NA
29.72
NA
30.31
29.68
30.5
NA
30.51
28.81
30.91
29.01
30.31
29.91
29.36
30.55
29.58
28.98
29.98
29.28
29.6
29.0
30.1
33.6
27.35
30.38
29.26
27.46
30.22
30.43
29.68
NA
NA
29.83
31.38
29.83
NA
30.31
30.31
30.81
31.61
31.5
31.56
32.03
31.46
31.62
29.51
29.61
28.73
NA
NA
NA
30.44
30.44
29.84
28.84
29.94
30.74
NA
NA
NA
NA
NA
NA
31.54
29.94
31.44
30.64
NA
NA
NA
NA
NA
29.79
29.59
30.48
30.27
29.72
31.17
30.45
30.65
30.15
30.15
29.75
31.95
32.02
29.67
29.92
29.67
30.39
29.44
30.15
28.97
30.61
29.65
31.07
30.5
NA
30.36
29.84
NA
NA
29.56
30.32
30.16
30.99
28.46
29.97
30.64
29.17
30.06
29.04
30.51
NA
NA
29.94
29.65
29.65
30.45
29.95
30.25
30.25
29.82
30.12
29.86
29.87
NA
NA
30.47
NA
30.07
29.91
29.44
29.97
29.86
NA
NA
NA
NA
30.85
30.02
29.02
30.52
30.72
30.92
29.92
27.81
29.8
28.77
29.46
33.6
29.69
30.28
29.3
29.44
29.47
29.85
29.98
29.98
29.98
30.38
29.57
30.5
30.67
29.69
NA
NA
NA
30.31
30.59
31.24
NA
NA
29.81
29.81
28.61
30.21
28.31
29.87
29.22
29.69
30.27
30.17
29.82
NA
30.31
NA
NA
NA
NA
NA
NA
NA
NA
NA
NA
29.05
NA
30.34
30.64
30.44
30.08
29.78
29.9
29.95
29.85
30.05
30.25
29.77
28.87
30.63
31.4
30.69
30.1
29.36
29.54
30.13
31.23
NA
NA
29.48
29.28
29.58
30.38
29.88
29.58
30.93
29.94
29.94
29.94
30.34
29.01
30.42
29.62
29.42
29.32
NA
30.03
29.23
29.21
30.21
31.11
32.11
31.39
28.39
29.49
30.09
30.23
30.16
29.65
30.56
30.71
27.2
30.45
31.2
NA
29.9
NA
30.7
NA
NA
NA
30.0
30.46
30.06
32.06
30.46
30.55
30.15
32.85
30.55
29.76
30.06
29.66
29.58
29.08
30.01
30.71
31.02
29.75
30.38
29.95
29.45
30.05
30.25
30.31
28.71
31.01
28.97
30.05
30.35
31.26
30.88
NA
NA
30.47
30.88
30.26
30.83
30.47
31.24
30.29
29.93
27.2
NA
29.92
29.76
29.92
30.02
29.92
29.74
29.65
30.18
30.05
30.03
29.72
29.57
30.85
30.59
30.33
30.34
30.54
31.14
30.54
31.34
30.54
29.8
29.78
29.9
30.03
30.26
NA
NA
29.76
31.96
30.56
30.26
30.23
30.88
30.17
29.26
28.92
NA
NA
NA
NA
29.85
28.58
30.88
29.87
29.0
30.09
NA
31.02
29.72
30.14
29.9
28.72
31.32
30.82
31.14
NA
NA
29.84
NA
29.84
30.14
29.74
29.34
29.46
30.26
29.49
29.09
29.49
NA
29.57
30.07
28.45
29.68
30.11
30.14
29.65
29.73
29.93
30.23
30.63
NA
29.61
31.12
33.55
27.29
29.77
29.77
29.24
29.36
29.86
30.36
30.31
30.17
30.15
30.51
30.51
NA
28.93
28.08
NA
NA
NA
NA
29.59
30.25
30.06
30.37
29.96
30.83
29.63
30.8
29.5
30.4
29.93
29.73
29.93
28.63
30.73
29.83
29.93
32.13
30.93
29.83
29.48
29.66
29.99
32.14
30.21
27.67
29.91
31.0
30.09
30.75
30.25
30.32
29.79
30.29
30.17
31.47
31.51
28.49
29.68
28.79
29.66
28.89
29.91
30.1
28.92
NA
31.92
28.2
30.13
30.91
29.31
29.7
30.7
30.5
29.06
30.76
31.16
31.09
29.31
29.92
28.07
31.69
NA
30.99
29.96
30.36
29.36
30.36
28.84
30.04
31.04
30.04
30.01
NA
31.67
29.65
31.15
30.23
30.41
30.5
29.02
30.24
29.02
30.34
31.54
30.59
30.24
30.59
NA
30.32
29.36
30.06
30.17
29.85
NA
28.32
30.12
28.22
29.92
30.92
30.71
29.31
29.91
29.91
33.79
28.79
29.29
29.99
29.36
29.88
29.88
29.58
30.58
NA
29.46
29.76
30.06
29.38
30.4
29.11
29.36
30.56
NA
29.96
29.16
30.36
29.76
29.66
30.28
30.17
30.31
32.2
30.61
30.76
30.21
29.95
30.49
30.5
29.52
31.35
30.25
30.55
29.15
29.55
29.95
29.65
28.75
31.45
29.65
29.65
29.85
30.45
31.06
29.66
29.66
31.26
30.26
30.76
29.86
30.2
29.11
30.42
NA
29.21
28.14
30.28
30.64
NA
30.07
31.37
29.82
30.22
29.9
30.04
31.06
29.86
33.06
30.56
NA
29.42
29.62
30.32
30.24
29.84
30.64
30.58
NA
NA
27.9
30.2
30.59
29.63
31.86
30.85
29.82
28.44
30.84
30.3
31.44
30.45
NA
NA
30.31
32.11
30.94
29.98
28.35
31.23
30.23
31.37
29.82
NA
NA
NA
29.49
30.01
29.12
30.09
30.2
28.41
30.24
29.84
30.64
29.46
29.88
30.44
29.65
29.05
30.22
30.68
30.04
31.11
29.61
30.33
29.53
30.04
31.34
31.59
30.03
30.27
29.49
NA
NA
NA
NA
NA
NA
NA
NA
NA
NA
NA
NA
NA
NA
NA
NA
NA
NA
NA
30.02
29.72
29.62
30.22
30.13
29.77
30.16
29.54
30.97
29.85
29.75
30.15
32.35
30.05
30.65
NA
NA
NA
30.62
27.95
29.45
29.9
31.45
NA
28.25
31.9
32.4
30.9
NA
30.7
33.41
31.2
29.7
30.21
29.25
29.61
28.97
30.33
30.08
29.85
30.05
30.17
30.19
30.29
NA
21.88
30.54
30.12
32.36
29.45
30.85
30.13
29.43
30.16
29.61
29.19
30.02
23.86
29.86
31.16
30.32
30.04
29.25
30.33
NA
29.58
28.98
29.48
30.66
30.36
30.18
NA
29.63
30.23
NA
30.02
NA
30.2
29.13
28.89
29.7
29.21
29.42
29.98
29.18
41.06
29.42
28.94
29.74
NA
NA
NA
NA
NA
NA
NA
NA
30.74
28.92
29.56
29.4
30.42
NA
30.62
NA
29.65
30.75
30.58
29.8
29.8
29.8
29.8
29.88
29.08
30.48
30.33
30.4
27.06
29.54
29.61
28.67
30.21
31.43
29.87
30.49
30.57
28.97
30.33
28.91
30.24
30.89
29.38
29.66
31.02
30.09
30.3
29.06
NA
NA
NA
30.19
29.36
29.46
29.66
30.26
29.96
30.36
29.26
29.46
29.96
29.56
28.06
29.66
29.86
29.95
NA
NA
NA
NA
NA
NA
29.53
30.63
NA
30.99
30.29
28.83
32.51
31.61
31.31
29.09
29.1
29.38
30.86
30.41
NA
NA
NA
NA
30.27
30.25
30.03
29.85
28.25
30.25
NA
30.13
NA
30.39
31.38
30.56
28.83
29.38
29.77
28.47
30.17
NA
29.91
30.31
28.49
29.82
NA
29.12
30.18
30.82
29.71
30.15
29.93
29.41
29.98
30.46
29.15
NA
29.9
30.37
NA
30.07
30.96
28.8
30.33
29.72
29.47
30.22
31.04
28.97
31.35
30.59
30.3
28.73
28.96
28.91
29.49
30.16
30.16
30.46
30.56
30.26
29.47
29.69
30.85
30.55
30.65
30.15
30.85
30.16
29.58
29.48
30.92
30.12
31.43
29.87
30.49
30.57
28.97
30.33
29.5
29.15
30.15
29.69
29.86
28.0
29.14
29.32
30.4
29.57
29.83
28.41
30.65
30.65
31.23
NA
30.08
28.16
28.94
30.86
30.66
29.38
30.37
30.38
29.88
29.18
29.98
29.78
NA
29.72
29.82
30.12
30.32
28.48
29.58
29.38
27.88
28.58
28.68
NA
29.48
30.98
30.38
30.28
29.08
30.48
29.58
29.75
30.25
29.61
29.68
30.58
29.99
29.76
29.51
29.51
29.79
29.4
29.08
30.0
28.84
28.99
29.39
29.75
30.15
29.8
30.22
29.32
30.47
30.01
30.11
30.14
30.44
30.14
30.04
29.93
30.48
29.63
27.39
29.78
29.86
30.79
30.48
NA
29.29
30.88
29.52
30.38
29.51
29.81
30.33
32.47
29.52
30.11
29.16
30.63
29.96
30.09
29.94
NA
29.48
30.12
29.18
30.59
30.06
NA
NA
29.0
29.8
29.5
NA
30.22
30.11
29.61
30.31
30.41
30.21
29.14
30.04
31.04
29.97
29.19
26.79
29.12
32.47
29.98
NA
32.58
30.68
29.84
30.73
29.48
30.66
29.18
29.3
30.62
30.26
30.2
30.2
30.2
29.57
31.03
27.15
26.55
29.65
28.25
29.25
30.27
30.15
30.15
30.65
30.36
31.04
30.63
31.09
30.9
30.57
30.43
30.77
30.61
NA
NA
NA
NA
NA
NA
30.13
30.44
30.27
30.45
29.94
29.84
29.74
30.21
29.63
29.88
28.5
NA
30.54
30.68
29.08
30.98
26.98
29.28
29.28
29.68
30.18
29.28
31.68
30.76
30.91
30.16
NA
NA
30.73
30.55
29.65
29.35
28.19
30.43
29.69
30.11
29.84
29.95
29.78
NA
NA
NA
NA
NA
NA
NA
30.62
30.42
30.25
26.43
29.12
NA
30.25
29.79
29.66
31.8
31.02
29.76
30.29
27.72
29.7
29.31
28.99
29.73
30.1
32.03
30.65
29.7
29.15
30.6
29.74
29.69
29.69
29.93
29.22
30.4
29.69
29.93
NA
NA
29.47
NA
30.19
29.91
29.61
31.08
30.95
29.34
28.8
29.51
29.79
NA
30.77
30.64
30.12
31.18
29.95
31.2
30.04
30.72
NA
31.41
32.55
29.95
NA
29.75
NA
30.63
31.02
29.76
28.48
30.43
30.5
29.57
29.94
30.14
29.74
30.25
31.35
29.75
30.05
30.25
29.4
29.2
28.2
30.28
29.18
29.79
25.94
29.14
29.54
30.14
29.54
29.84
29.81
29.71
30.61
NA
30.11
29.61
29.61
29.41
28.29
29.99
29.69
29.3
30.84
29.91
30.02
30.01
30.31
29.96
29.94
30.42
29.89
NA
29.47
29.18
29.47
29.61
29.23
NA
30.52
30.7
NA
30.07
29.17
30.27
NA
NA
31.17
30.92
30.24
30.34
29.62
29.83
30.1
29.93
30.3
29.72
29.7
27.17
30.06
31.29
29.59
29.98
29.75
NA
27.8
NA
30.64
30.84
32.12
32.89
29.14
28.8
29.41
30.42
29.81
30.67
30.42
30.17
30.59
30.42
NA
29.62
29.64
29.67
NA
NA
32.04
29.92
30.97
29.49
29.92
29.4
NA
29.21
29.03
29.91
29.09
30.29
30.09
29.79
30.39
NA
32.29
NA
28.85
31.16
28.93
29.8
NA
29.59
28.4
29.86
30.14
29.83
30.16
30.46
30.06
30.66
30.56
30.76
30.46
29.92
29.33
29.83
31.81
30.18
27.42
29.32
30.04
29.79
30.61
30.27
30.41
30.27
30.41
30.41
31.09
29.62
30.26
30.26
28.19
29.93
29.39
29.7
30.82
30.26
NA
NA
31.24
30.44
30.47
30.13
29.03
29.89
30.55
30.42
30.44
30.24
30.62
30.65
30.38
30.23
30.89
29.3
30.48
29.84
29.84
29.84
29.54
28.97
30.32
28.58
30.98
29.91
28.51
30.02
30.22
30.46
30.54
29.57
27.78
29.21
30.44
30.84
29.94
30.64
30.51
30.81
29.81
29.91
29.65
29.58
31.05
30.32
29.94
29.84
31.04
29.54
28.99
31.26
30.65
30.2
27.06
29.98
NA
31.43
30.14
29.94
33.14
29.63
30.02
28.67
29.35
30.1
30.83
NA
28.92
29.87
30.05
30.66
30.5
29.81
29.66
30.02
30.37
28.86
30.93
29.61
NA
NA
30.38
29.48
30.53
29.63
31.17
30.1
29.51
29.29
30.51
30.01
28.29
30.59
29.97
30.03
28.62
30.79
30.86
29.83
29.83
29.33
29.83
29.83
30.47
29.71
30.44
31.14
29.64
28.34
30.44
29.62
30.32
30.22
29.65
NA
29.98
30.78
29.48
30.29
30.39
30.19
30.99
29.63
29.63
30.34
30.81
29.85
29.75
32.35
29.85
29.86
29.66
30.16
29.96
29.56
29.86
29.71
30.93
29.41
30.75
29.86
29.78
30.08
30.08
29.87
30.07
30.47
30.47
29.91
29.81
30.01
30.21
29.82
30.16
30.09
30.85
30.89
29.98
30.37
30.21
29.43
30.13
29.99
NA
29.37
29.36
30.11
29.93
30.9
30.02
29.87
30.19
29.93
30.22
30.26
29.93
29.73
30.53
30.53
29.73
30.8
28.17
30.49
29.58
28.93
29.44
28.81
30.09
30.22
32.06
31.29
28.91
29.47
30.16
30.3
30.11
28.93
NA
28.57
30.32
NA
30.92
30.32
29.32
29.52
29.32
29.82
31.02
NA
NA
29.2
30.0
29.79
29.81
29.85
31.8
30.17
NA
NA
NA
NA
NA
NA
NA
NA
NA
NA
29.78
29.68
29.82
30.09
30.09
30.19
31.19
29.89
NA
30.19
28.02
30.02
29.9
29.43
30.17
30.11
29.87
29.82
30.41
27.6
30.31
29.12
29.89
29.8
29.73
31.09
28.97
29.81
29.34
30.45
31.36
29.22
NA
30.66
32.42
32.35
29.7
29.92
30.1
27.9
29.7
29.65
30.21
NA
NA
29.85
29.65
29.45
30.05
30.55
28.24
29.54
31.44
30.27
NA
29.4
30.06
30.4
30.14
29.02
NA
29.87
29.42
27.81
30.71
29.0
29.37
29.78
29.92
29.57
29.9
30.15
29.84
30.4
28.67
29.18
29.59
NA
30.17
30.27
28.77
29.87
29.47
30.17
30.62
30.27
30.79
NA
NA
NA
29.53
28.93
NA
30.04
29.5
29.5
29.05
29.9
29.16
30.13
25.88
30.85
29.89
28.88
30.06
30.45
29.8
30.91
29.12
29.74
30.21
29.89
29.85
29.85
30.04
NA
NA
NA
NA
NA
NA
NA
NA
NA
NA
NA
NA
NA
NA
NA
NA
NA
NA
NA
NA
NA
NA
NA
NA
NA
NA
NA
30.87
30.55
30.22
29.7
30.06
30.14
30.45
30.27
28.98
29.49
30.44
29.93
30.13
29.9
29.8
NA
30.03
NA
30.11
30.11
30.11
29.62
29.41
29.92
30.49
29.19
29.7
29.95
30.41
29.3
29.87
29.56
30.44
29.6
30.4
30.04
29.93
30.29
30.19
30.73
29.3
NA
29.98
29.52
29.05
30.59
28.23
29.64
30.22
30.57
NA
30.05
28.77
29.71
28.5
29.67
29.84
30.71
30.27
28.69
NA
27.08
30.11
30.1
NA
30.26
28.31
28.78
28.49
31.37
31.33
28.83
30.56
30.52
NA
30.19
30.16
30.2
29.45
NA
30.63
31.28
30.11
31.0
NA
30.44
30.68
30.7
29.98
29.75
29.79
29.8
29.57
30.59
29.12
30.44
30.31
30.39
28.89
29.64
31.26
30.67
29.69
NA
30.84
31.04
31.04
29.64
30.84
28.84
29.54
26.74
31.14
NA
30.11
30.16
31.06
29.96
29.96
29.51
NA
29.97
29.56
29.86
31.56
30.06
29.96
28.56
27.86
29.76
30.16
29.76
30.66
29.37
29.35
30.01
28.9
29.9
27.03
29.76
30.67
29.68
29.17
30.77
30.23
30.11
30.23
30.47
32.4
NA
29.64
31.25
30.08
30.83
29.85
28.41
30.17
30.64
29.8
30.6
31.22
30.36
30.48
30.3
29.01
29.95
30.11
29.24
29.1
29.85
30.11
29.36
28.81
30.28
30.93
29.86
29.12
30.22
31.11
30.27
30.04
29.96
29.75
30.45
30.65
29.91
30.37
28.91
31.98
28.02
29.85
NA
30.64
30.8
28.75
29.67
29.46
29.59
31.22
27.62
31.26
28.62
30.42
NA
29.89
29.93
31.03
29.83
30.23
29.55
30.35
29.58
NA
28.9
29.9
NA
NA
NA
30.05
30.12
30.95
29.95
29.95
30.77
30.25
29.27
29.61
30.58
30.86
30.03
29.76
28.65
29.32
28.92
29.05
32.43
30.2
31.31
30.4
29.1
29.65
29.47
30.44
30.13
30.09
29.22
30.56
29.54
30.18
30.04
30.84
30.51
29.75
29.98
29.41
29.98
30.27
29.67
29.87
29.57
29.67
26.07
30.05
29.91
30.34
30.16
31.27
30.15
29.9
30.9
30.2
30.7
30.5
29.95
29.93
30.11
29.84
29.55
30.02
30.05
30.41
29.44
30.01
30.34
30.34
30.24
31.29
30.05
30.64
30.58
NA
30.54
NA
30.2
29.95
29.27
29.86
29.9
29.4
31.04
30.12
29.4
30.12
30.3
30.59
30.61
30.04
30.27
30.13
30.47
NA
NA
NA
30.14
NA
30.48
NA
29.63
30.11
29.87
30.02
29.22
30.16
29.7
29.71
29.95
29.48
29.95
30.16
30.92
29.36
30.62
30.43
30.38
30.11
29.86
30.16
30.49
NA
NA
NA
NA
NA
NA
NA
NA
NA
NA
NA
30.12
28.44
29.75
29.92
30.64
29.8
29.88
29.98
29.48
30.7
29.64
29.96
30.28
32.53
NA
29.77
29.47
29.47
29.35
31.54
29.93
30.31
30.01
30.22
30.71
28.04
29.92
29.93
29.78
30.26
30.69
29.14
30.11
30.16
30.64
30.21
30.04
NA
NA
NA
NA
NA
30.61
29.57
31.44
30.19
29.82
29.61
29.61
29.12
29.73
29.38
29.17
28.91
30.25
28.65
31.15
30.25
NA
29.75
30.2
29.32
30.43
30.68
29.78
30.27
29.17
30.03
29.82
30.12
29.72
29.62
29.83
29.02
27.74
NA
28.38
27.19
29.8
28.98
27.67
NA
28.37
27.18
29.67
30.24
30.1
26.25
30.38
30.1
30.36
29.96
29.91
29.84
29.04
29.86
29.85
29.61
30.3
29.93
29.1
NA
25.5
28.52
30.61
28.47
30.57
29.9
30.08
30.08
29.77
29.22
30.17
29.92
29.73
29.95
33.74
30.63
30.44
29.56
29.88
29.81
29.61
29.58
29.93
29.76
29.57
30.19
31.17
NA
29.84
30.64
30.27
31.07
29.52
30.26
30.75
31.0
30.33
30.06
30.51
NA
30.7
31.36
29.61
30.39
29.78
29.77
30.32
30.12
29.71
30.11
NA
30.49
NA
NA
NA
NA
NA
NA