177.96
179.9
176.72
177.57
180.97
178.0
179.46
177.6
179.36
NA
NA
NA
NA
178.95
179.16
179.14
179.02
178.72
175.27
176.58
176.84
177.35
180.94
178.65
178.48
179.69
177.78
NA
177.03
177.54
180.21
177.42
179.21
178.82
177.68
178.14
178.96
178.18
178.18
177.46
177.34
177.9
177.23
177.49
174.4
178.97
177.42
179.42
174.44
176.59
178.12
178.36
177.13
178.01
178.72
178.96
178.57
178.37
178.42
177.66
178.47
179.73
177.06
178.43
176.86
178.97
180.28
NA
178.54
177.15
NA
NA
178.72
177.99
177.3
178.89
177.92
177.87
179.76
179.11
179.44
178.93
179.06
179.35
180.36
179.1
176.95
178.12
175.75
178.93
178.91
176.91
177.08
177.71
177.86
179.59
178.43
177.65
178.08
178.72
179.37
179.24
179.54
178.38
178.2
179.36
178.79
177.96
178.23
179.97
178.86
178.56
178.34
178.99
179.29
177.71
179.17
176.45
174.9
180.59
177.81
178.7
178.18
176.93
177.86
178.93
NA
NA
NA
179.47
177.38
177.75
176.56
175.22
179.46
174.33
177.77
179.27
179.47
177.48
178.26
178.61
179.26
176.99
177.64
179.21
176.89
179.03
177.69
180.16
180.21
177.89
179.26
NA
179.63
180.39
178.12
181.14
178.38
176.61
176.55
177.71
NA
NA
177.33
177.14
177.17
177.11
176.49
175.67
NA
NA
NA
177.96
178.23
180.27
177.43
178.33
NA
NA
177.43
NA
178.51
176.94
177.63
177.48
179.25
175.87
175.96
177.47
178.88
179.33
178.47
176.19
178.53
178.34
178.87
179.35
177.79
178.4
177.88
179.26
178.46
179.42
177.98
178.45
177.68
179.57
177.8
176.8
176.4
180.01
176.88
178.06
179.25
179.25
179.74
178.35
179.05
178.47
NA
176.55
178.36
178.62
178.77
177.36
176.7
178.9
177.93
178.19
176.52
177.88
177.85
178.41
177.99
177.47
179.03
177.38
176.18
178.59
177.21
179.17
178.08
178.93
178.11
179.1
178.66
179.53
178.36
177.78
179.14
178.85
178.12
176.32
178.23
177.92
176.32
180.2
178.99
180.18
178.09
177.78
179.28
177.77
177.67
178.64
178.63
176.53
176.71
178.75
178.26
178.12
178.87
178.97
177.33
176.9
179.18
178.03
178.5
177.16
177.18
177.32
177.98
179.12
179.29
NA
NA
177.61
177.49
179.6
178.15
178.08
179.1
NA
178.32
NA
NA
179.74
176.15
177.5
177.89
177.5
178.78
176.73
175.95
177.5
NA
NA
NA
NA
179.16
177.22
178.78
178.27
176.77
177.12
177.46
176.81
179.31
178.15
176.83
176.58
177.65
179.7
179.4
179.07
179.55
178.98
178.99
NA
178.0
178.79
179.01
178.79
177.52
177.16
177.84
180.6
177.09
178.89
177.84
179.09
179.41
178.95
178.93
181.27
179.56
179.34
178.66
179.04
181.55
179.61
179.36
180.06
177.96
180.06
177.76
NA
178.46
NA
NA
178.26
177.76
177.56
NA
179.89
178.19
180.09
177.69
NA
178.49
177.09
NA
NA
177.79
177.49
NA
180.09
178.39
180.19
177.79
NA
178.39
NA
NA
178.39
177.99
177.59
NA
180.07
177.26
178.3
177.07
177.03
177.76
NA
NA
NA
NA
NA
NA
180.45
178.15
179.34
177.53
178.81
175.52
175.91
177.45
177.92
176.64
176.73
177.9
177.24
NA
NA
NA
179.69
177.48
NA
NA
NA
NA
NA
NA
NA
177.64
178.23
179.62
180.12
179.43
NA
176.67
176.86
176.15
NA
NA
NA
NA
NA
NA
NA
NA
NA
NA
NA
177.15
178.14
176.78
179.24
177.35
NA
NA
NA
177.32
NA
NA
176.86
178.16
177.22
177.65
173.45
177.14
177.75
179.19
177.52
NA
NA
NA
NA
178.37
178.36
179.39
178.62
176.8
177.62
179.36
178.16
180.06
179.66
NA
177.99
175.04
176.62
178.12
176.77
178.28
178.19
177.61
178.65
178.51
177.45
178.35
177.53
177.58
177.72
174.29
176.52
NA
NA
NA
NA
NA
NA
NA
NA
NA
NA
175.57
176.15
176.37
178.78
181.31
NA
180.47
NA
NA
NA
NA
NA
178.03
177.03
177.13
180.13
179.63
178.03
177.03
177.13
180.13
179.63
177.92
177.02
177.12
180.22
179.62
177.92
177.02
177.12
180.22
179.62
177.72
177.02
177.02
180.22
179.72
178.92
179.39
NA
177.87
178.86
179.14
178.06
NA
177.49
NA
NA
178.9
178.58
180.08
178.88
179.48
178.48
178.48
NA
NA
178.68
NA
NA
NA
181.42
177.82
179.22
177.12
NA
178.62
177.44
178.16
179.53
177.54
176.18
177.24
177.28
179.87
178.64
176.22
176.02
177.32
178.68
179.39
180.16
177.76
179.04
177.24
181.05
178.15
178.15
177.45
178.55
178.25
NA
177.89
179.76
NA
NA
NA
NA
NA
NA
176.54
176.14
NA
NA
NA
NA
NA
NA
NA
178.47
178.89
177.17
178.84
178.44
NA
177.13
179.0
NA
NA
NA
178.23
178.24
178.07
177.48
NA
NA
NA
NA
NA
178.4
178.89
NA
177.71
178.97
181.42
176.12
179.12
177.02
178.62
179.02
NA
NA
NA
NA
NA
177.61
179.72
180.43
178.57
178.05
177.37
178.24
177.41
177.96
NA
NA
NA
NA
NA
NA
NA
NA
179.24
180.36
178.63
178.12
177.37
177.88
177.65
177.88
177.71
177.61
179.2
177.96
177.17
NA
NA
NA
NA
NA
178.42
178.02
178.12
179.02
176.62
NA
NA
NA
NA
NA
NA
NA
NA
NA
NA
NA
176.12
179.74
NA
NA
NA
NA
NA
NA
NA
NA
NA
NA
NA
180.08
178.69
NA
NA
NA
NA
178.96
NA
NA
NA
NA
NA
NA
NA
NA
NA
NA
NA
NA
NA
173.92
173.15
175.86
176.68
NA
171.11
NA
170.7
172.9
NA
170.69
178.58
NA
NA
NA
NA
NA
NA
NA
NA
NA
NA
NA
NA
NA
NA
NA
NA
NA
NA
NA
NA
NA
179.28
176.7
NA
178.48
178.06
178.08
178.95
176.71
NA
174.82
NA
179.54
178.19
176.24
179.74
177.24
178.24
177.54
178.51
NA
NA
NA
NA
NA
182.44
177.84
175.48
NA
NA
177.94
177.24
NA
NA
179.86
179.88
179.99
176.24
178.28
NA
NA
NA
NA
NA
NA
NA
NA
178.48
177.58
179.08
179.08
NA
NA
NA
176.1
179.6
176.1
179.7
NA
178.16
178.76
NA
NA
NA
NA
180.05
175.05
179.25
177.9
176.7
178.5
NA
NA
NA
NA
NA
NA
NA
NA
NA
NA
NA
NA
NA
NA
NA
NA
NA
NA
NA
NA
NA
NA
NA
NA
NA
NA
NA
NA
NA
NA
NA
178.4
180.0
179.3
179.9
178.5
180.0
178.9
179.2
179.65
179.05
176.95
179.25
177.75
NA
NA
NA
NA
NA
NA
NA
NA
NA
175.64
178.34
178.34
NA
NA
NA
NA
176.15
NA
NA
NA
NA
NA
NA
NA
NA
NA
NA
179.67
180.67
179.67
180.67
NA
NA
NA
NA
NA
NA
178.55
NA
NA
NA
NA
NA
174.64
177.24
178.34
NA
NA
177.56
178.4
NA
179.88
179.48
175.18
179.58
175.48
178.18
177.51
177.93
178.69
178.49
179.19
177.49
178.47
178.27
179.07
177.37
178.89
177.49
NA
177.63
177.3
NA
NA
NA
NA
178.93
179.08
178.41
177.26
177.95
175.95
178.95
178.05
178.15
177.82
177.92
178.36
178.18
NA
NA
177.65
175.41
175.31
NA
179.51
180.31
178.31
177.41
177.51
178.01
NA
NA
NA
NA
NA
NA
NA
NA
NA
NA
NA
NA
NA
NA
NA
NA
NA
NA
NA
NA
NA
177.5
178.3
179.2
179.3
179.4
178.2
180.53
177.28
179.66
180.6
177.6
178.4
181.07
181.22
177.56
173.96
173.27
172.06
179.35
179.51
178.28
181.11
NA
NA
NA
NA
NA
NA
NA
NA
NA
NA
178.2
176.94
176.21
174.7
178.17
179.57
175.87
177.57
179.37
179.57
177.27
178.62
178.12
179.75
178.37
178.8
177.0
179.1
179.6
179.2
177.49
179.78
178.43
178.67
NA
NA
NA
NA
177.25
NA
NA
NA
NA
NA
NA
NA
NA
178.65
180.12
178.39
178.91
178.23
178.81
177.67
177.77
178.94
NA
NA
NA
NA
176.05
178.48
177.79
178.23
175.7
177.78
179.0
177.21
179.02
177.14
176.6
177.69
178.43
179.83
180.03
179.63
176.73
178.63
178.97
179.02
179.22
177.59
178.69
NA
179.22
179.71
178.21
NA
179.01
177.41
178.41
178.51
179.41
178.71
NA
NA
NA
176.98
177.08
177.28
NA
180.89
178.4
NA
NA
NA
NA
178.54
178.3
177.92
NA
NA
NA
NA
NA
NA
NA
NA
NA
NA
NA
NA
NA
NA
NA
NA
NA
NA
NA
NA
179.8
177.01
177.85
177.65
179.25
177.85
178.96
178.13
178.45
177.75
NA
176.75
NA
NA
NA
175.1
177.64
177.81
NA
177.74
177.06
174.05
NA
NA
NA
NA
NA
NA
NA
NA
NA
NA
NA
NA
NA
NA
NA
NA
NA
NA
178.39
178.51
180.9
179.13
178.26
178.41
177.8
NA
NA
NA
NA
NA
NA
NA
NA
NA
177.41
178.03
178.84
178.38
175.02
177.54
176.45
179.65
178.55
176.97
NA
NA
NA
NA
NA
NA
174.05
NA
177.27
NA
NA
NA
NA
NA
NA
NA
NA
NA
NA
NA
NA
NA
NA
NA
NA
NA
NA
NA
NA
177.69
179.54
179.29
179.73
NA
NA
NA
NA
NA
NA
NA
179.51
178.75
175.4
178.5
179.09
NA
NA
NA
NA
179.56
173.66
177.01
NA
NA
NA
NA
178.34
179.1
NA
NA
NA
NA
NA
NA
NA
NA
NA
NA
NA
NA
NA
NA
178.03
178.03
178.08
180.18
178.98
178.28
NA
NA
NA
NA
NA
NA
NA
NA
NA
NA
NA
NA
178.15
NA
177.33
175.52
172.77
172.78
180.97
176.01
175.53
NA
178.25
179.29
179.56
177.52
177.68
175.67
174.21
NA
NA
NA
NA
NA
177.85
176.91
NA
178.86
176.59
177.99
NA
177.21
177.01
176.91
NA
NA
NA
NA
NA
NA
NA
NA
NA
NA
178.75
180.82
178.14
176.82
179.8
174.18
178.97
181.84
175.08
NA
NA
176.53
179.76
174.03
175.09
181.73
177.52
179.44
NA
NA
NA
NA
NA
NA
NA
NA
NA
177.3
179.44
NA
NA
178.36
177.46
178.66
176.2
176.9
NA
179.34
176.4
178.12
NA
177.63
NA
179.01
NA
NA
NA
NA
180.67
178.87
179.57
177.07
179.01
178.62
NA
180.22
180.68
179.24
174.72
176.69
178.71
177.97
179.05
179.52
180.25
176.91
177.18
176.67
NA
179.54
177.48
178.37
178.13
180.08
NA
177.98
180.98
177.68
177.58
179.78
177.57
179.97
178.77
178.67
178.07
180.47
178.07
178.97
NA
179.13
178.33
178.63
179.23
NA
178.74
180.84
178.14
179.23
176.63
181.33
179.4
176.85
181.61
176.25
177.15
172.85
179.65
179.75
178.61
178.39
178.61
178.85
177.22
175.38
178.08
180.34
178.95
178.72
178.38
178.22
NA
NA
NA
NA
NA
NA
NA
NA
NA
NA
NA
NA
NA
NA
NA
NA
NA
NA
NA
NA
180.14
178.43
NA
178.15
178.41
178.6
177.95
NA
178.74
178.34
178.53
178.03
NA
NA
176.5
NA
177.7
178.0
179.47
178.25
176.73
173.33
NA
NA
NA
NA
NA
NA
NA
NA
NA
NA
NA
NA
NA
NA
NA
NA
NA
177.85
180.17
178.45
NA
176.87
179.51
177.6
179.71
177.51
177.77
175.96
NA
179.54
176.76
177.6
178.34
NA
NA
NA
NA
NA
NA
NA
NA
177.82
178.87
NA
NA
NA
NA
NA
176.55
177.93
176.91
176.98
180.11
179.59
177.2
177.0
178.22
179.22
177.89
177.66
180.63
178.67
178.44
179.57
180.2
178.64
179.43
176.53
177.89
179.0
178.67
179.41
178.1
178.39
179.69
177.12
178.97
179.59
177.61
180.03
179.83
177.93
179.23
177.85
NA
177.03
176.3
178.9
179.0
179.5
179.0
177.5
176.1
NA
177.95
174.63
178.38
179.17
179.26
177.59
177.88
175.51
177.98
174.66
176.56
176.86
176.06
176.36
175.09
178.27
179.18
177.97
174.93
NA
NA
NA
181.14
178.57
179.24
177.69
178.62
178.44
NA
NA
NA
NA
NA
177.33
177.93
178.77
177.67
178.47
178.17
179.27
178.77
NA
NA
NA
176.43
178.17
179.39
179.39
179.69
177.29
177.79
179.19
175.88
177.88
181.09
177.69
179.79
178.99
177.49
179.34
176.9
175.42
178.75
178.98
177.5
179.43
178.72
179.1
176.79
178.6
178.9
177.41
178.74
176.87
179.24
180.46
175.71
NA
179.33
180.64
178.2
178.7
179.28
179.81
178.11
178.36
178.23
178.38
NA
178.36
179.93
178.59
NA
NA
NA
NA
178.17
179.57
179.27
177.44
177.4
178.18
179.09
177.99
178.15
178.7
177.65
177.45
179.45
177.15
179.25
175.75
177.79
177.03
176.8
178.76
178.74
176.23
177.96
177.96
178.69
178.82
NA
179.52
177.95
NA
NA
NA
177.38
178.68
177.78
178.88
179.58
178.58
179.68
176.88
178.78
178.68
178.93
180.89
177.59
179.09
178.09
178.59
179.09
179.57
180.35
NA
176.24
177.45
177.85
174.94
177.74
178.54
NA
NA
NA
177.01
177.89
174.27
NA
NA
171.31
177.56
177.63
178.71
178.41
179.31
177.71
178.21
178.66
NA
176.38
179.74
178.42
NA
NA
178.25
179.35
177.75
178.25
180.18
178.08
178.18
176.37
NA
177.28
177.07
178.31
179.74
177.48
179.06
177.34
178.18
177.03
179.28
177.26
179.42
178.08
177.1
179.15
180.1
176.94
177.64
178.39
178.59
NA
178.01
177.69
178.4
177.15
178.19
179.45
179.62
177.44
176.87
178.68
179.18
178.98
177.78
178.18
177.46
179.42
NA
NA
NA
NA
178.28
NA
NA
NA
NA
NA
177.65
177.45
179.45
177.15
179.25
175.75
179.47
178.42
NA
179.66
178.26
178.66
176.96
179.56
177.73
177.78
179.63
179.38
179.39
178.51
177.61
NA
178.37
178.27
176.05
178.94
179.42
178.23
177.09
177.94
NA
179.05
178.05
179.25
178.75
NA
NA
NA
NA
NA
179.2
179.1
179.2
178.1
178.5
NA
178.9
NA
178.9
177.6
NA
178.6
177.7
NA
NA
NA
NA
NA
NA
178.2
NA
NA
178.67
179.38
176.86
178.78
177.94
180.14
177.42
179.61
179.74
176.48
179.77
178.37
177.97
179.5
178.56
NA
NA
NA
NA
172.0
173.4
173.5
NA
NA
179.59
NA
NA
179.36
177.33
176.4
177.75
178.47
179.24
178.17
178.77
NA
NA
NA
NA
NA
NA
NA
NA
NA
NA
NA
NA
NA
NA
NA
NA
178.51
178.11
177.51
NA
180.09
178.13
179.93
178.43
179.13
177.63
177.03
178.23
174.93
177.03
NA
NA
178.87
175.24
178.21
177.81
NA
NA
177.42
177.81
179.2
171.88
NA
174.0
176.98
177.58
178.82
179.39
180.11
178.08
174.26
175.34
175.84
178.54
175.54
179.34
NA
NA
NA
177.95
177.97
176.66
179.49
NA
NA
178.21
178.08
176.85
179.68
178.86
176.25
176.73
177.14
NA
178.08
177.34
177.97
179.32
180.63
178.22
178.25
178.49
178.65
179.46
178.5
NA
NA
NA
177.19
179.09
177.79
178.29
178.39
177.49
178.99
177.69
179.29
179.59
176.71
178.09
179.29
179.08
177.38
178.32
178.8
176.9
176.8
178.43
174.28
178.7
178.49
178.39
179.28
177.06
175.63
177.49
179.77
178.55
178.71
180.31
178.71
178.4
181.5
175.37
170.92
178.0
NA
179.23
177.59
177.21
NA
178.38
178.19
179.0
175.23
180.06
177.53
178.08
180.16
179.65
177.54
178.65
179.39
178.24
176.74
179.03
175.96
178.9
179.26
178.46
178.65
178.21
179.18
180.48
NA
NA
178.48
176.48
176.48
176.48
NA
NA
NA
NA
NA
NA
177.4
176.78
178.12
NA
176.31
177.58
176.19
177.35
177.28
175.08
177.65
178.5
179.1
177.6
179.8
177.3
182.33
NA
179.53
178.84
178.67
177.64
178.97
178.41
177.31
177.81
180.21
177.41
178.41
179.01
178.51
177.59
178.09
178.79
175.1
177.52
177.14
175.03
179.13
176.53
176.93
177.43
177.43
178.06
179.06
177.86
NA
176.79
178.29
179.59
178.29
173.73
172.73
172.33
NA
NA
177.36
175.46
178.26
179.06
177.09
177.06
176.46
178.18
178.75
180.49
180.83
178.05
177.89
179.11
NA
NA
NA
177.57
178.02
177.82
178.12
NA
177.54
176.8
NA
179.08
177.08
176.82
177.3
179.22
177.46
178.87
177.46
178.9
177.57
178.94
179.48
177.36
179.44
178.24
181.05
177.83
177.61
179.58
180.32
179.02
180.45
176.57
NA
177.22
NA
NA
178.07
177.69
179.69
178.44
NA
NA
NA
NA
NA
NA
NA
NA
NA
NA
NA
NA
175.12
173.27
173.17
172.47
NA
179.27
177.22
180.12
178.62
180.22
179.02
175.52
NA
177.99
177.0
177.68
178.3
179.42
178.06
176.29
NA
179.39
176.82
NA
NA
NA
NA
NA
NA
NA
176.35
176.21
179.83
178.05
177.13
175.61
180.91
176.86
178.51
179.53
179.67
180.76
181.27
181.75
180.74
176.21
179.02
179.09
177.95
175.21
178.76
177.88
NA
NA
NA
NA
NA
177.94
177.77
179.43
179.69
178.09
NA
177.86
177.46
179.66
178.06
179.86
176.26
NA
NA
NA
NA
NA
NA
NA
NA
NA
178.73
179.0
177.57
176.43
179.07
178.11
179.92
178.81
179.52
178.47
NA
173.96
178.38
NA
NA
NA
NA
177.91
179.71
179.41
179.31
179.23
178.68
176.21
NA
177.83
177.83
178.23
178.43
176.67
180.21
179.14
177.56
178.99
177.22
177.91
176.54
179.78
180.27
175.67
178.34
176.05
179.23
178.46
179.27
NA
NA
178.49
178.74
176.56
180.56
177.16
178.66
177.76
180.23
176.93
178.59
179.0
NA
174.42
174.45
175.47
NA
178.14
177.04
177.75
NA
177.53
177.78
177.9
178.45
NA
176.95
178.45
179.45
178.78
178.59
177.57
178.92
177.36
178.26
178.96
178.79
179.12
NA
NA
NA
NA
NA
NA
NA
NA
NA
177.98
177.78
NA
NA
NA
NA
NA
NA
NA
177.33
NA
177.45
177.03
NA
NA
NA
NA
NA
NA
NA
NA
176.88
178.97
180.0
176.67
180.86
NA
178.29
NA
NA
NA
NA
NA
NA
NA
NA
NA
NA
NA
178.13
179.91
180.55
180.58
180.76
179.76
178.19
177.73
177.76
NA
176.57
177.47
177.44
178.65
NA
176.05
179.04
178.37
NA
NA
NA
NA
NA
NA
NA
NA
NA
178.7
174.95
178.14
176.75
180.58
180.03
178.66
180.68
180.28
178.04
176.04
177.77
179.16
179.14
179.14
177.35
179.56
176.0
NA
177.69
176.51
178.51
178.11
177.91
178.81
180.11
177.61
177.11
176.81
NA
NA
177.67
178.2
NA
NA
NA
177.1
176.34
NA
NA
NA
178.84
180.24
NA
NA
176.94
NA
NA
178.71
NA
NA
NA
NA
NA
NA
NA
NA
NA
178.0
178.99
178.37
176.46
179.68
180.31
176.65
177.0
178.39
178.58
177.8
178.53
179.76
178.56
178.8
177.04
178.64
175.14
178.91
176.6
174.8
176.92
177.55
178.66
180.29
NA
179.66
178.91
179.78
177.81
179.11
176.87
178.93
NA
NA
176.77
177.97
178.07
178.47
NA
179.13
178.33
180.13
NA
NA
NA
179.39
178.04
177.36
179.13
NA
NA
NA
175.64
176.15
179.07
178.57
181.07
177.62
179.22
178.1
178.55
179.29
NA
NA
NA
NA
NA
NA
NA
NA
NA
NA
NA
NA
NA
NA
NA
NA
NA
NA
NA
NA
180.47
178.23
178.9
176.9
176.19
177.87
NA
NA
NA
178.6
177.32
178.36
177.94
NA
NA
175.09
176.97
177.73
178.4
178.66
178.75
177.11
178.51
177.32
178.67
178.25
178.4
NA
177.83
178.49
178.03
178.46
178.32
179.37
178.55
178.53
178.63
177.63
178.83
178.43
177.73
178.53
178.13
179.03
178.23
178.63
178.43
179.53
178.63
NA
NA
NA
177.09
178.02
180.0
177.34
177.7
179.09
178.35
179.95
178.94
179.72
NA
NA
NA
NA
NA
177.01
177.01
178.41
NA
177.38
178.17
177.08
179.29
177.29
179.36
177.95
177.3
179.14
178.22
NA
177.66
178.89
NA
178.94
177.24
177.96
176.1
176.47
NA
176.77
180.17
177.16
176.63
178.67
177.19
178.29
176.64
176.38
178.49
178.11
178.47
177.82
179.06
175.42
177.73
179.52
178.41
NA
178.58
180.69
179.04
NA
181.34
177.42
179.3
178.27
180.01
176.39
NA
177.3
179.35
178.96
179.02
177.87
179.43
178.04
NA
NA
NA
NA
NA
NA
177.49
176.07
176.22
178.35
177.22
178.31
178.24
178.11
177.53
178.29
178.98
177.73
NA
177.6
NA
175.52
NA
NA
NA
178.36
175.86
177.26
NA
178.86
177.26
177.36
179.56
176.66
178.01
178.72
177.41
176.31
178.01
NA
NA
NA
NA
177.52
179.42
176.42
177.62
179.22
178.12
181.62
179.92
179.22
178.72
176.62
NA
NA
NA
177.46
180.1
NA
180.38
178.55
179.49
179.08
179.56
NA
180.34
175.38
178.04
176.61
NA
179.48
177.53
NA
NA
NA
181.16
176.7
177.07
179.19
177.69
NA
177.26
177.34
177.7
179.09
178.35
NA
NA
NA
NA
NA
NA
NA
NA
NA
178.4
178.52
178.75
178.89
176.95
177.42
173.74
178.33
177.73
177.13
177.64
177.69
177.68
177.93
NA
NA
NA
NA
NA
NA
177.51
179.3
178.22
178.36
178.64
178.64
177.52
178.15
NA
NA
177.36
177.96
181.26
176.76
178.99
177.54
177.88
178.4
177.46
180.1
179.16
177.76
178.96
178.05
178.93
174.74
178.39
NA
177.37
177.25
179.61
NA
178.86
180.89
178.21
176.74
177.93
178.1
177.74
178.89
175.87
176.41
176.1
178.29
178.22
177.27
178.68
176.2
178.81
178.04
178.63
178.31
179.12
178.72
179.56
178.53
176.5
NA
NA
NA
NA
179.7
178.5
180.1
181.1
179.0
176.5
178.63
178.72
178.97
179.26
175.86
177.83
177.36
NA
178.36
178.46
176.96
179.45
179.29
179.29
178.46
178.88
179.47
179.16
177.8
178.61
178.24
178.7
177.0
177.32
177.64
179.17
176.48
176.46
176.06
178.78
177.41
178.25
177.77
179.01
177.11
178.9
178.51
179.91
178.5
177.97
179.42
NA
NA
178.38
177.96
NA
177.56
177.1
177.96
NA
NA
177.76
NA
NA
NA
NA
178.11
179.03
179.54
178.93
179.64
179.57
NA
NA
NA
NA
174.2
178.16
176.99
176.27
NA
NA
NA
NA
NA
NA
177.77
178.77
179.45
177.9
178.82
177.87
NA
NA
NA
NA
NA
NA
NA
NA
NA
NA
NA
179.02
176.42
178.52
179.39
179.03
178.27
179.35
NA
NA
NA
NA
NA
173.39
NA
NA
NA
NA
NA
NA
NA
NA
NA
177.9
179.58
175.44
NA
177.42
176.15
176.0
NA
NA
179.48
178.79
178.58
NA
NA
NA
NA
NA
NA
NA
178.37
176.94
178.39
NA
NA
NA
NA
179.04
176.24
176.54
NA
177.04
177.84
178.02
178.64
179.28
179.73
181.25
178.69
178.57
176.98
178.67
177.81
179.7
177.75
180.13
179.68
177.27
176.84
177.85
179.61
NA
NA
NA
NA
NA
NA
175.89
176.93
177.79
175.36
177.24
179.17
178.59
178.49
179.54
177.69
176.57
178.62
176.55
177.25
178.46
178.41
177.76
178.92
178.96
NA
NA
NA
NA
178.21
177.8
176.62
178.36
178.41
179.1
179.72
177.21
179.43
NA
NA
NA
NA
NA
NA
NA
NA
NA
NA
NA
NA
177.52
178.06
177.97
179.85
178.28
179.78
179.02
178.71
179.64
176.52
178.77
178.29
178.55
NA
182.02
178.92
179.42
177.32
178.32
178.42
181.4
178.1
178.0
177.4
NA
178.1
178.55
NA
179.35
177.55
NA
178.05