60.73
59.89
60.99
57.49
59.99
58.9
58.98
58.76
59.58
NA
NA
59.83
59.1
59.98
60.98
59.88
61.16
57.56
58.29
59.76
57.37
59.22
59.15
59.21
56.6
60.75
59.49
55.57
59.0
57.33
59.03
59.2
59.46
59.11
60.16
60.28
58.48
58.67
58.76
59.27
60.49
58.94
60.78
58.33
61.42
61.36
59.84
59.68
55.71
59.25
58.44
60.36
60.89
58.72
59.82
59.04
59.81
60.04
61.21
59.59
62.47
58.42
60.96
59.99
58.34
58.26
59.61
60.05
59.6
60.5
58.3
58.19
58.84
58.75
58.97
59.17
59.49
58.24
60.35
60.39
59.2
59.22
59.37
59.84
59.06
60.25
58.79
58.82
54.41
59.86
59.77
60.48
58.08
60.16
59.51
59.64
59.6
58.51
58.68
58.96
59.38
59.47
60.46
59.97
58.47
60.16
58.7
60.08
58.51
60.47
59.64
58.3
59.75
59.36
60.31
58.47
60.23
59.05
58.03
60.06
59.96
60.1
58.76
58.86
59.16
60.24
59.58
58.87
59.4
59.25
57.38
58.97
57.39
61.97
59.3
55.07
59.86
60.23
60.03
59.12
58.64
58.53
59.56
58.19
60.2
59.88
56.86
59.95
59.6
59.45
58.87
59.33
60.86
58.37
60.59
59.34
59.46
58.69
58.74
59.99
60.61
59.11
NA
60.23
58.85
56.88
58.78
58.92
57.42
55.72
58.83
57.39
55.8
58.24
59.13
59.38
58.57
58.51
58.46
NA
57.86
59.46
58.17
57.63
60.8
58.73
59.58
60.29
56.38
60.69
59.16
59.21
58.36
60.33
59.35
59.26
59.01
61.07
60.71
60.51
58.58
58.25
59.4
60.04
55.72
59.15
59.77
59.31
59.09
61.51
60.91
58.16
58.62
60.92
59.25
57.86
56.33
60.85
59.53
59.2
58.43
56.72
61.1
57.37
60.38
57.61
57.17
59.64
59.05
59.25
56.57
59.04
59.09
59.93
59.86
58.69
59.65
57.69
56.62
59.2
60.95
61.09
59.21
60.18
59.55
58.61
59.14
59.61
60.14
59.05
59.23
56.58
59.83
57.35
60.76
60.38
56.08
59.53
58.56
60.06
58.31
57.31
59.34
56.89
59.97
59.95
60.3
58.66
57.56
59.43
60.17
59.47
59.19
56.31
59.86
57.39
59.47
59.0
60.8
57.9
57.8
59.08
60.77
57.61
56.85
NA
NA
57.01
60.04
56.31
60.6
61.28
58.67
56.66
60.79
NA
NA
60.8
58.3
59.99
60.2
58.14
58.62
57.41
56.62
56.91
53.12
55.66
59.59
56.75
58.31
60.46
59.14
56.92
59.95
58.67
58.89
56.98
60.54
58.37
58.71
59.57
59.87
59.53
59.55
59.47
58.85
58.89
59.05
57.94
60.02
59.44
59.46
57.93
60.34
57.76
60.56
57.7
60.81
58.28
58.07
59.22
57.09
58.81
58.76
58.54
60.85
NA
NA
NA
NA
NA
58.95
60.26
55.32
59.65
58.93
NA
59.32
NA
59.16
58.79
60.28
59.99
NA
60.12
54.72
59.47
58.87
NA
59.36
58.19
59.34
58.78
60.26
59.74
NA
60.28
55.08
59.56
58.96
NA
59.39
NA
NA
58.84
60.72
NA
59.11
60.12
60.18
58.59
57.24
56.8
58.66
NA
58.81
58.8
60.36
59.67
NA
58.27
58.26
59.8
60.1
58.79
55.53
57.55
57.95
58.66
59.57
NA
59.71
NA
59.05
60.26
57.83
57.06
56.79
NA
NA
58.88
NA
NA
NA
60.41
59.49
62.15
60.42
58.19
59.38
NA
56.27
56.14
56.05
NA
NA
NA
NA
NA
NA
NA
NA
NA
NA
NA
56.8
58.22
58.55
60.37
58.87
57.7
60.66
60.66
59.32
60.45
59.8
58.0
60.2
60.08
59.88
54.2
59.9
59.76
59.2
59.5
NA
NA
58.94
57.14
60.04
58.62
60.87
58.75
59.28
59.11
59.85
59.95
60.05
59.35
61.15
59.27
54.82
56.71
60.3
57.4
59.31
59.48
60.79
59.94
58.03
55.59
57.74
58.82
58.98
58.41
53.89
56.71
NA
NA
NA
NA
NA
NA
NA
NA
NA
NA
56.67
59.88
56.24
57.59
59.13
NA
59.1
60.16
58.71
59.08
59.38
59.5
58.98
57.78
54.88
59.68
60.58
58.88
57.78
54.88
59.68
60.58
58.99
57.79
54.89
59.59
60.69
59.02
57.82
54.82
59.62
60.62
59.36
57.66
54.76
59.66
60.66
58.35
59.35
NA
59.98
59.84
59.25
59.25
60.77
60.02
55.83
60.18
58.36
60.1
59.7
59.9
59.8
59.7
59.2
NA
NA
57.3
58.3
NA
NA
58.73
59.1
60.39
58.6
59.97
59.71
60.44
59.52
59.37
58.6
55.42
59.99
60.62
57.3
59.76
55.13
58.94
56.28
59.96
59.67
61.58
59.58
60.08
60.43
58.87
58.52
60.28
58.84
60.06
59.6
59.97
58.07
59.99
58.55
NA
60.15
59.11
58.83
59.25
57.56
57.48
56.81
59.66
59.91
59.51
59.39
59.39
61.97
59.02
59.59
60.31
58.82
58.8
NA
60.25
58.86
60.7
59.87
58.82
58.65
60.03
58.49
59.02
NA
NA
NA
NA
NA
58.33
60.1
60.48
59.04
59.61
58.84
56.54
60.24
58.64
59.94
59.74
59.04
59.02
NA
57.17
60.56
60.04
60.36
59.82
60.51
56.65
56.55
60.36
60.16
59.3
60.36
59.74
60.5
56.64
56.54
60.37
60.15
59.29
61.38
59.72
60.6
56.64
56.52
60.29
60.27
59.19
57.37
57.17
60.35
60.15
59.2
58.22
58.22
58.24
58.21
58.18
58.32
57.01
60.57
59.54
58.83
NA
NA
59.0
NA
NA
60.79
59.19
54.89
59.19
59.19
59.39
57.1
60.56
NA
NA
NA
NA
NA
NA
NA
56.48
59.46
NA
NA
59.32
59.54
NA
NA
NA
NA
59.37
59.04
58.63
58.86
55.9
59.64
58.67
55.43
59.84
58.67
55.95
59.87
58.96
60.02
60.0
60.23
60.57
57.59
60.62
59.59
59.41
59.48
60.19
59.59
60.19
60.05
58.26
NA
60.34
60.34
NA
59.09
58.53
NA
59.78
58.33
59.43
60.1
60.49
NA
59.38
59.16
59.6
61.14
58.39
58.25
NA
59.87
56.55
58.57
58.72
56.98
60.67
59.45
58.73
NA
55.64
NA
57.96
60.47
58.12
59.32
60.52
58.82
60.62
58.6
59.54
60.95
59.22
58.22
58.97
61.17
59.63
55.84
56.95
60.25
60.57
57.77
61.02
58.05
NA
NA
NA
56.53
59.42
59.01
57.07
56.19
58.16
60.2
60.36
58.71
59.53
60.8
59.1
59.1
58.5
59.21
60.11
60.71
56.98
60.28
57.08
60.28
58.8
60.37
58.37
59.81
60.51
60.21
57.61
58.64
55.54
59.94
60.39
59.89
59.99
59.49
58.37
59.14
59.24
NA
NA
NA
NA
NA
59.77
58.77
59.7
59.15
55.41
54.51
60.41
58.11
58.71
58.91
NA
59.71
58.81
59.3
55.4
59.3
60.19
60.28
58.97
60.81
59.34
58.91
60.13
58.43
59.53
59.93
58.93
59.33
58.53
59.73
59.64
59.64
56.34
59.74
57.74
59.81
59.99
58.35
60.79
60.01
61.38
59.93
59.1
59.61
55.2
60.41
60.22
59.71
53.91
60.59
60.93
57.78
60.32
59.43
59.99
59.83
58.74
60.21
60.67
56.45
59.73
58.8
59.77
55.98
59.77
55.98
57.8
60.1
59.1
57.6
58.5
59.9
58.42
59.43
59.83
60.53
59.13
59.53
62.82
59.12
60.32
57.39
55.61
59.13
60.41
NA
61.01
57.11
59.71
60.51
59.51
58.11
59.98
60.08
59.58
60.48
59.08
60.48
59.6
60.5
58.9
60.5
59.96
60.98
57.76
56.32
57.3
60.35
58.85
60.6
58.72
59.88
59.36
59.88
57.8
59.71
55.31
59.71
57.41
57.56
57.01
57.7
57.37
57.8
60.81
58.71
59.43
55.14
57.04
NA
60.74
59.14
59.44
59.24
57.54
59.64
59.28
59.63
55.53
59.25
59.6
55.5
59.64
59.54
55.74
59.74
60.68
60.64
56.63
59.97
59.07
59.43
59.81
58.45
60.56
58.35
56.07
59.95
59.85
59.45
59.45
59.45
58.95
59.81
58.87
59.57
58.63
60.16
60.28
59.56
60.03
59.56
59.29
58.12
59.76
59.49
60.68
58.75
60.06
56.0
60.05
59.1
59.39
57.76
58.9
60.36
60.28
60.73
58.36
59.13
58.79
55.69
55.19
60.38
59.85
58.25
58.55
60.85
59.85
59.15
59.32
58.02
59.16
58.97
59.47
59.07
60.27
59.47
59.37
54.97
58.5
60.32
58.89
60.19
58.24
NA
58.93
59.88
59.52
57.52
58.42
60.42
61.92
57.72
60.12
58.98
61.75
59.31
61.26
58.54
57.96
59.96
60.32
58.98
59.52
59.68
60.08
58.48
59.08
56.18
59.4
59.49
58.42
57.65
60.5
60.41
57.61
59.91
60.03
59.31
56.55
61.51
59.21
58.21
59.51
58.11
59.93
58.33
59.29
58.86
59.78
60.01
NA
59.69
59.49
60.39
59.99
58.79
57.09
59.09
58.89
61.39
59.19
60.05
59.35
59.65
57.24
57.14
57.04
58.72
58.96
57.84
59.65
59.95
58.45
59.25
59.49
58.37
60.26
60.64
60.78
60.04
60.01
59.12
60.82
58.13
NA
NA
61.68
57.38
60.18
59.78
61.58
57.08
58.46
59.64
60.04
58.54
59.14
58.31
55.44
59.62
59.82
59.92
59.42
60.08
57.88
60.31
58.31
58.31
55.61
59.1
59.52
59.53
58.73
59.28
60.64
59.41
58.66
57.71
59.26
58.75
55.4
54.5
60.4
NA
58.7
58.9
59.7
NA
58.8
61.86
57.36
57.36
59.56
61.95
58.75
57.35
59.65
58.68
61.01
58.35
60.08
59.01
58.95
59.78
60.38
58.69
59.72
59.65
59.85
58.75
59.15
59.61
58.74
58.14
57.69
59.08
58.98
56.36
59.51
58.27
59.07
57.97
56.39
59.28
59.6
60.56
59.84
58.97
56.33
59.26
59.2
59.62
59.12
59.62
60.02
58.42
59.77
60.31
59.15
55.75
59.92
59.98
60.75
59.65
58.15
58.39
59.44
58.34
57.14
59.74
58.24
56.34
59.48
59.67
58.27
58.98
59.56
55.06
58.06
59.56
58.76
56.86
61.2
61.03
58.16
59.25
60.69
58.51
59.77
60.77
58.77
57.37
60.14
54.88
58.94
60.18
59.59
58.68
58.13
57.7
60.11
59.72
59.57
58.22
57.72
60.32
55.64
60.84
59.24
59.04
59.54
58.84
57.64
60.14
59.14
59.06
59.96
59.99
60.19
59.39
59.59
59.47
56.27
56.16
60.63
61.12
59.8
59.21
59.73
59.73
58.33
59.23
60.07
58.57
60.52
53.77
53.67
60.23
60.04
59.74
54.67
54.89
58.79
59.53
59.3
59.66
60.34
61.09
59.15
55.64
58.58
NA
NA
NA
NA
58.82
60.11
59.43
60.42
59.32
58.29
60.18
60.4
58.8
59.9
60.23
59.33
59.53
57.03
58.83
59.53
60.03
60.53
59.53
59.13
59.8
59.49
58.28
59.55
60.53
62.43
59.04
59.42
59.99
59.04
59.9
59.83
60.55
61.75
59.15
59.21
58.99
60.1
58.68
57.65
59.6
57.49
59.81
59.65
61.02
59.12
58.92
56.26
59.78
60.23
57.94
59.5
60.9
59.5
58.66
59.86
57.97
60.43
57.04
58.86
60.21
58.3
59.21
57.74
59.56
59.46
60.06
59.16
59.64
59.04
60.14
57.74
59.89
59.19
60.02
59.51
60.52
60.53
56.33
56.46
60.37
57.68
60.38
58.32
60.68
57.07
56.68
56.2
NA
60.34
57.72
58.92
60.78
60.18
59.2
57.82
59.72
60.22
60.42
59.22
55.31
58.51
60.11
59.01
56.09
58.79
60.49
59.09
59.66
59.68
59.28
59.08
58.98
NA
59.86
59.56
58.36
59.27
57.88
59.83
59.29
57.71
59.95
60.26
58.86
57.16
59.26
60.36
59.27
58.79
59.4
57.83
58.46
55.88
59.59
60.54
60.49
59.09
59.66
59.2
60.05
59.95
57.85
59.95
59.35
59.15
57.85
56.05
59.45
59.45
57.95
56.35
60.86
60.26
59.36
57.66
59.36
57.66
58.26
59.1
58.33
59.64
NA
58.37
56.41
60.52
58.37
NA
58.97
58.47
59.72
60.72
58.9
59.32
57.22
58.86
57.66
60.76
60.73
58.8
59.22
59.92
59.84
56.24
58.84
55.98
NA
NA
56.12
60.64
58.42
60.06
60.9
60.02
59.07
58.14
58.24
59.62
54.59
58.42
NA
NA
59.07
60.82
60.06
59.22
58.25
58.73
59.61
54.76
61.18
60.01
57.41
58.01
58.89
58.97
58.77
57.12
59.38
56.9
59.84
56.24
58.84
60.07
59.47
67.52
58.3
56.8
60.51
59.57
58.54
59.26
58.04
55.25
59.87
60.89
57.91
58.13
60.85
60.28
58.67
59.82
60.2
59.06
58.14
60.64
60.47
60.5
60.24
59.27
59.01
59.84
59.26
58.83
58.64
60.34
60.38
60.07
59.72
59.62
59.21
60.12
59.72
58.22
59.33
60.46
59.18
54.09
59.17
59.15
58.85
60.25
59.65
56.15
58.65
NA
60.68
56.13
58.58
58.04
61.57
60.74
59.8
56.51
57.99
55.21
56.71
56.51
56.41
56.71
58.49
59.16
60.0
58.05
59.02
60.77
59.83
59.41
58.93
58.71
60.17
58.49
59.93
59.6
59.08
53.88
62.03
58.58
59.97
60.15
59.25
60.34
59.9
59.31
58.89
60.36
60.09
59.46
58.46
57.66
56.89
60.68
57.31
59.44
60.28
59.18
56.58
59.48
55.96
59.76
58.83
59.03
58.93
59.53
56.83
60.94
58.24
59.13
60.69
58.34
59.61
59.68
60.08
59.59
57.54
59.74
59.32
61.05
59.7
59.97
59.69
57.82
54.21
NA
59.16
60.05
59.94
59.1
58.71
60.16
57.2
58.39
59.04
59.42
58.36
60.26
59.7
58.35
59.5
59.9
58.3
58.3
60.58
57.28
59.48
58.77
59.54
59.3
59.38
60.81
59.58
59.49
62.05
60.88
58.69
60.99
59.84
56.08
60.22
58.04
57.54
58.66
59.48
57.82
57.5
60.61
59.05
58.77
59.01
58.96
58.99
60.06
59.66
59.76
60.26
57.96
60.56
59.76
59.56
60.76
60.56
59.96
59.76
59.26
59.95
59.04
57.94
60.04
58.74
59.84
59.74
59.89
60.17
NA
56.57
58.21
59.48
55.71
58.01
59.91
58.96
60.2
59.15
58.92
58.41
NA
NA
NA
59.28
58.38
58.17
60.07
58.85
58.65
61.15
58.15
59.33
57.73
56.38
59.26
59.37
60.3
59.28
58.87
58.67
61.27
58.17
59.71
60.11
60.39
59.43
55.07
58.96
57.67
57.7
59.83
59.15
59.9
59.84
58.37
57.06
59.11
59.16
58.39
59.52
59.42
58.78
60.45
58.02
60.38
59.82
59.9
58.62
57.12
59.28
59.19
59.06
59.54
58.59
58.67
60.83
58.87
60.66
59.86
60.16
61.16
58.86
57.36
60.26
56.45
57.15
59.15
60.15
58.69
59.34
59.43
56.78
60.34
59.5
62.05
60.88
58.69
60.99
59.84
56.08
60.11
59.51
59.1
59.92
58.16
57.52
58.3
59.87
59.89
59.32
59.29
60.17
59.46
59.98
58.25
58.91
58.99
60.72
57.85
60.57
59.99
57.81
58.32
58.2
59.78
59.48
59.98
59.98
56.98
59.22
59.52
58.32
58.92
60.08
60.08
59.08
57.18
58.08
59.78
NA
59.28
55.18
58.98
59.78
58.28
60.38
60.88
59.04
61.0
58.36
59.13
60.95
58.65
61.72
60.04
59.87
59.07
59.53
60.72
58.99
56.8
57.14
58.81
59.58
59.46
59.87
59.42
57.72
60.63
59.36
59.46
59.44
59.44
58.34
59.44
60.86
58.36
57.76
56.07
59.53
59.29
55.53
59.29
56.79
58.11
56.29
58.09
59.24
59.18
59.3
58.68
56.06
59.14
60.37
59.8
57.55
60.13
59.87
57.72
NA
59.09
60.31
59.73
57.5
60.13
NA
NA
58.8
60.3
59.2
NA
59.82
59.91
59.91
58.91
59.91
58.71
58.54
59.04
55.94
58.84
59.65
58.83
58.57
59.15
60.96
57.82
59.33
55.89
59.79
58.44
59.08
58.78
59.33
58.38
59.77
58.05
58.1
58.73
60.0
59.36
57.66
51.05
51.65
57.65
52.55
58.35
61.14
58.87
60.12
60.31
60.36
60.11
59.11
56.83
57.11
60.18
60.44
60.34
59.3
58.58
56.46
60.21
58.1
55.76
59.04
58.49
58.19
59.38
59.63
58.96
60.88
59.16
59.49
60.51
59.71
60.69
59.58
59.39
60.58
58.48
58.68
56.18
59.88
60.18
59.48
58.88
58.38
60.38
57.56
61.67
59.48
60.18
58.38
58.73
59.05
59.35
59.25
60.27
59.73
59.98
59.37
59.5
58.7
59.27
57.31
61.25
59.91
58.06
60.66
58.65
59.0
59.32
60.52
NA
59.14
58.34
60.64
60.69
59.77
60.13
55.53
58.58
60.22
59.2
62.56
59.09
59.4
57.7
59.55
60.5
57.57
60.22
60.48
58.87
57.11
60.62
58.52
59.7
60.18
59.23
59.7
58.76
58.76
57.93
59.31
59.37
59.98
59.78
60.68
59.76
58.73
60.89
58.37
55.49
60.87
60.19
58.77
61.66
59.01
58.82
56.01
59.64
56.04
59.53
58.86
56.3
57.11
56.85
59.05
59.25
59.05
57.75
59.61
59.29
59.28
60.73
60.28
60.62
59.12
59.34
60.64
59.34
59.05
57.75
61.05
59.35
59.15
57.7
58.5
57.3
55.38
58.99
57.3
57.34
56.74
58.44
60.94
56.34
58.44
59.91
60.41
58.51
NA
57.31
60.21
59.61
59.11
58.89
58.89
58.79
59.08
58.38
59.81
57.55
60.01
59.71
57.44
57.27
56.12
56.92
61.22
59.89
60.12
60.65
58.53
59.69
58.58
58.56
58.1
59.45
59.77
59.27
60.67
NA
58.69
59.17
59.6
58.54
56.94
61.39
59.95
60.7
59.33
57.45
57.65
61.69
56.03
60.43
60.1
59.33
59.33
59.65
58.98
57.05
57.48
58.57
59.75
59.59
58.43
60.52
59.5
58.77
59.9
59.65
59.84
60.4
59.36
60.08
57.55
NA
59.22
58.5
58.84
67.63
58.72
60.3
59.43
56.14
59.28
58.63
58.28
61.28
59.32
58.83
59.36
59.09
59.79
60.79
59.69
59.49
59.69
55.69
NA
58.4
57.96
57.69
58.93
59.17
58.47
57.4
59.26
58.82
60.14
59.06
60.26
57.76
58.56
57.86
56.76
58.96
57.77
59.3
58.7
58.63
58.15
54.22
58.22
59.28
58.49
58.84
58.81
59.4
59.31
59.27
59.06
56.44
59.78
58.88
58.25
62.43
60.21
59.05
58.38
58.95
57.82
NA
58.68
60.62
58.44
59.41
59.23
57.83
61.24
60.24
58.84
59.31
58.16
59.32
56.73
58.9
57.83
57.41
59.78
60.38
59.34
61.94
58.94
56.14
59.31
59.37
57.48
57.46
59.58
57.26
59.74
59.9
59.73
59.69
59.25
53.24
59.64
59.24
58.54
59.74
59.74
57.61
60.21
59.71
59.81
58.84
59.46
57.8
59.06
59.94
58.94
58.54
59.64
58.19
59.68
59.06
57.65
55.98
60.04
59.63
57.45
59.2
60.94
54.04
59.83
60.24
60.84
60.19
58.9
58.83
56.15
59.82
59.9
56.95
57.75
59.75
60.65
60.55
59.16
57.99
59.76
61.25
58.11
61.38
58.68
59.28
59.58
58.23
58.13
59.28
58.72
59.19
59.6
60.21
58.68
62.75
58.9
59.58
59.13
60.61
60.15
60.55
58.99
60.23
58.93
59.93
59.93
60.48
59.86
60.44
57.34
59.74
60.04
59.34
60.12
57.72
57.82
60.15
55.55
60.18
60.38
57.48
59.29
58.79
60.39
59.89
58.46
59.64
58.46
55.42
59.25
59.65
59.55
58.25
59.66
59.66
59.46
58.66
60.01
60.07
59.95
55.93
59.5
60.6
59.12
59.98
59.98
58.58
59.37
58.47
59.17
56.67
59.61
59.81
58.71
59.11
60.47
60.18
59.36
58.77
58.74
59.07
60.39
57.79
59.81
60.33
57.12
60.46
57.51
58.71
59.6
55.35
60.37
60.7
59.9
59.61
55.44
60.75
59.78
59.53
58.23
58.93
56.53
59.59
56.22
60.05
61.82
59.91
61.58
60.31
58.79
60.78
58.43
56.43
59.78
59.71
60.64
58.75
60.11
59.3
58.77
NA
60.64
56.22
60.12
58.12
60.22
60.72
59.32
61.52
60.62
60.52
NA
NA
60.68
58.98
60.2
59.61
59.03
57.12
56.07
NA
58.07
NA
60.27
59.37
61.27
60.87
60.47
NA
NA
58.07
60.36
60.69
59.89
59.89
59.89
55.49
59.39
60.59
59.19
57.75
56.56
58.94
59.67
60.42
60.21
59.9
60.76
59.04
59.14
60.54
61.09
59.09
60.53
59.14
59.44
59.19
55.4
58.25
55.95
55.93
57.52
56.89
59.02
60.64
58.15
60.24
59.51
59.47
57.61
56.39
58.26
58.96
NA
NA
57.75
55.95
58.35
59.85
55.65
60.34
59.64
59.74
57.8
NA
58.59
58.88
60.22
57.92
59.45
NA
59.79
56.87
56.55
57.46
58.92
59.83
59.15
58.18
60.12
58.86
59.89
59.75
58.59
58.75
59.29
58.98
NA
58.27
57.87
58.87
58.17
57.47
57.07
59.85
60.28
55.67
59.73
59.63
58.86
59.53
58.53
57.83
57.81
60.51
59.33
57.66
58.07
61.21
60.27
54.88
60.1
58.92
59.88
60.8
59.08
60.21
58.44
58.62
57.19
58.4
59.86
59.14
59.88
59.64
58.53
57.84
59.52
59.38
57.85
59.11
59.94
58.53
59.23
60.19
60.3
59.04
57.37
57.64
58.28
58.18
59.48
59.28
57.08
59.68
59.98
58.68
59.08
60.28
60.18
58.88
57.48
59.82
61.12
58.2
57.3
58.41
60.19
60.07
58.61
57.29
59.12
60.33
59.34
59.29
59.1
58.6
NA
58.47
NA
59.01
60.11
59.51
60.62
59.75
58.24
57.02
59.08
58.91
58.25
59.39
59.1
58.71
59.37
59.69
59.17
59.11
58.65
59.91
58.81
57.94
56.49
59.34
NA
59.76
58.69
61.87
57.26
57.08
59.02
59.15
57.76
57.29
58.6
56.69
59.42
59.08
58.86
57.23
59.43
60.6
59.35
58.35
58.07
59.38
58.94
NA
58.49
59.9
56.93
59.81
59.44
56.38
59.43
57.63
60.58
59.73
58.86
58.23
59.7
57.2
60.55
60.35
59.94
59.76
56.03
NA
59.39
55.88
55.96
58.77
57.21
58.6
58.86
59.87
60.64
58.95
58.9
60.5
58.24
58.79
60.66
56.0
58.79
60.01
59.62
61.34
60.24
56.54
59.54
61.14
59.94
60.84
56.44
59.74
58.44
58.91
59.36
55.96
58.86
54.89
58.41
60.38
58.89
58.76
58.66
59.96
58.06
58.76
57.96
56.86
59.36
59.46
60.56
57.66
60.47
58.73
59.82
58.64
58.94
60.06
60.41
60.5
59.85
60.92
58.77
60.48
59.06
54.59
58.57
57.34
61.2
60.93
59.98
60.19
55.08
59.54
57.0
59.83
60.18
60.0
57.7
60.52
60.83
60.11
58.47
57.32
59.15
58.29
58.37
59.45
56.31
60.72
59.01
58.24
58.83
59.75
58.92
59.75
59.42
58.28
58.9
60.64
58.91
59.25
60.95
57.55
58.18
58.68
61.63
59.38
56.48
60.01
58.94
59.99
59.55
58.84
60.03
59.83
59.19
59.36
56.82
61.0
57.67
59.23
NA
59.19
60.63
60.43
59.73
59.03
59.52
58.71
58.77
58.55
58.64
58.94
NA
NA
59.2
61.52
59.26
56.45
59.25
58.73
60.21
58.7
58.91
59.01
58.87
60.14
59.51
58.72
59.41
60.32
59.95
59.36
56.25
56.37
54.8
59.47
61.76
59.24
59.59
56.28
58.38
58.44
60.28
59.65
55.43
60.46
60.24
57.91
56.65
60.61
57.29
59.37
59.1
59.57
59.57
60.67
59.27
59.17
56.97
59.65
58.8
59.28
60.64
56.38
58.35
59.8
60.1
59.5
59.3
56.9
59.15
59.63
59.71
58.29
58.82
59.55
60.12
58.11
58.84
60.23
59.74
57.84
58.04
58.85
60.42
56.34
55.08
59.38
59.84
58.15
60.1
59.17
60.04
58.86
59.43
57.13
58.76
59.09
60.23
59.34
59.83
59.72
59.35
59.81
60.37
58.06
57.49
58.56
58.25
58.08
60.6
60.47
60.25
NA
60.14
59.11
60.09
60.2
58.63
59.65
59.56
60.55
57.41
59.62
59.07
57.99
60.57
61.12
58.82
60.88
58.8
59.69
59.94
60.93
58.19
58.09
59.79
58.66
59.85
58.49
58.02
NA
NA
NA
NA
NA
58.06
59.56
58.84
60.3
59.49
59.06
60.98
59.58
59.98
59.7
59.66
59.33
60.23
61.43
NA
60.57
59.37
60.37
58.98
59.29
58.99
58.72
59.01
59.04
60.01
56.32
59.39
58.56
59.83
59.57
55.49
58.84
59.57
56.31
56.44
58.57
61.06
NA
NA
NA
NA
NA
59.2
57.67
58.17
59.3
60.14
59.25
59.32
59.27
58.13
58.32
59.42
59.4
59.55
56.05
55.25
58.45
58.95
60.55
59.8
58.82
58.74
60.1
60.09
58.87
58.11
60.4
59.58
60.12
59.22
59.52
59.51
60.72
56.22
56.77
60.65
58.94
59.5
60.71
56.17
56.76
60.62
58.94
59.11
58.71
59.37
57.39
59.7
60.13
59.26
59.76
59.51
58.13
57.02
59.79
58.72
59.92
59.25
58.86
61.06
59.78
59.78
61.36
61.4
61.14
61.36
60.09
59.55
57.23
58.75
59.08
58.97
59.62
57.72
58.95
58.68
59.33
59.13
58.15
58.09
59.14
59.27
58.23
58.16
59.22
59.44
60.29
58.78
60.3
58.16
59.8
57.05
60.53
59.3
62.72
60.74
56.61
58.56
57.89
59.31
NA
59.6
60.06
60.66
58.94
59.93
59.57
59.34
58.25
60.17
58.84
59.94
59.57
59.6
NA
60.25
58.8
59.79
59.33