NA
NA
NA
NA
NA
NA
NA
NA
55.65
54.53
57.31
NA
NA
NA
NA
NA
55.23
55.49
55.48
56.36
57.29
NA
NA
NA
NA
NA
54.68
56.02
NA
NA
NA
NA
NA
NA
NA
NA
NA
NA
NA
NA
57.34
NA
NA
56.3
53.93
55.8
NA
NA
NA
NA
NA
NA
NA
NA
NA
NA
53.7
55.74
NA
NA
NA
NA
NA
56.7
NA
NA
55.63
NA
57.36
NA
NA
NA
NA
NA
NA
55.22
56.6
52.31
NA
NA
NA
NA
NA
NA
NA
NA
NA
NA
57.44
NA
NA
NA
NA
NA
53.78
56.17
NA
NA
56.14
56.15
59.78
59.75
58.9
57.85
61.79
60.98
61.08
59.5
56.14
56.41
55.91
56.94
57.22
56.1
NA
54.7
NA
55.94
57.74
55.63
NA
56.16
55.89
NA
56.07
56.19
55.66
56.04
56.12
55.48
61.21
NA
NA
56.24
56.14
56.61
57.5
56.33
53.95
56.05
56.05
55.5
55.86
57.37
56.27
56.4
55.9
56.48
56.35
59.44
58.62
56.82
56.74
57.68
60.12
59.34
60.53
57.66
54.92
56.72
59.07
53.75
58.53
57.64
NA
56.24
NA
NA
NA
55.88
NA
NA
55.98
57.14
56.93
56.15
53.78
56.11
56.57
55.91
55.96
56.26
NA
NA
NA
56.2
NA
NA
56.05
NA
NA
NA
NA
56.28
NA
55.96
55.51
NA
NA
55.87
55.82
57.14
56.29
56.75
56.66
56.52
NA
NA
NA
NA
56.35
NA
62.85
54.15
54.76
NA
55.56
56.5
55.77
NA
55.98
56.09
56.25
55.89
NA
NA
56.63
NA
56.33
56.47
55.59
56.22
57.4
56.42
NA
NA
NA
NA
57.31
57.01
56.71
NA
NA
NA
56.27
56.49
56.19
NA
55.78
56.25
56.05
NA
56.21
54.43
55.75
57.52
57.17
56.45
56.64
57.61
NA
NA
56.06
55.66
55.75
NA
NA
NA
NA
NA
NA
NA
NA
56.62
NA
NA
56.36
56.54
NA
57.31
56.16
NA
54.98
55.59
NA
NA
56.06
NA
NA
56.36
56.54
NA
NA
NA
57.82
56.19
56.28
NA
NA
NA
NA
NA
NA
57.82
55.81
56.0
55.68
55.57
55.64
NA
NA
55.57
56.58
55.94
56.0
55.27
NA
NA
NA
NA
NA
57.53
55.99
NA
55.97
NA
56.37
56.09
59.48
59.68
NA
NA
NA
NA