62.68
65.57
65.91
62.67
66.46
65.31
68.02
NA
66.17
69.12
65.04
66.66
64.59
65.85
65.0
65.28
65.85
64.28
66.55
63.29
65.89
64.73
64.73
63.9
64.45
62.5
67.07
64.16
63.79
63.5
66.47
65.04
65.98
65.34
NA
62.14
63.46
67.88
66.38
64.89
65.86
66.8
64.43
65.43
63.07
64.31
66.05
65.11
64.96
63.88
65.98
62.3
62.12
64.84
64.5
65.01
65.77
64.35
64.86
64.25
64.97
63.9
65.79
65.83
63.51
64.24
63.15
NA
66.1
NA
NA
63.37
65.02
63.29
64.82
NA
66.68
64.83
65.13
63.98
65.12
65.77
65.63
65.94
66.89
66.14
67.62
NA
66.89
NA
NA
66.23
66.84
64.21
63.85
NA
63.91
63.05
65.23
65.45
63.67
64.34
64.98
NA
64.96
65.6
65.26
65.57
65.15
63.4
65.33
NA
64.3
NA
65.31
65.72
65.21
67.24
64.54
67.8
66.47
63.32
66.39
NA
65.27
64.86
66.91
NA
65.25
NA
NA
68.24
62.58
64.56
67.68
66.07
64.3
64.59
67.02
63.87
66.07
65.79
65.36
64.03
64.87
63.05
62.73
65.09
66.78
64.71
64.42
65.35
63.44
NA
66.25
64.76
63.23
64.23
64.25
66.62
NA
64.6
64.11
67.01
62.83
62.83
63.79
63.8
63.03
65.84
64.43
64.73
63.77
65.14
64.96
NA
65.51
64.04
66.59
63.42
64.6
64.66
63.84
63.45
64.66
61.83
62.55
65.28
64.92
66.68
64.13
69.54
63.68
65.74
63.79
65.46
64.05
66.07
65.11
66.36
64.95
NA
64.39
64.52
62.86
64.5
63.65
NA
63.39
63.87
64.2
66.17
67.17
64.51
63.78
NA
65.28
NA
68.78
63.39
64.44
64.34
65.3
65.55
64.52
65.34
66.22
66.04
65.91
NA
63.26
66.51
62.15
65.27
63.99
63.51
63.9
67.86
66.07
65.91
65.01
66.04
65.17
65.54
67.99
63.21
66.3
66.59
64.79
66.31
63.86
67.76
64.81
64.61
66.11
64.08
66.9
65.52
64.53
66.81
67.24
64.29
66.42
64.27
63.34
65.16
64.65
63.34
64.76
66.16
65.99
65.0
66.27
64.01
65.76
64.04
64.59
65.52
67.25
63.61
63.57
63.63
66.54
63.23
63.89
NA
62.88
67.61
66.24
66.51
64.12
63.78
66.25
66.0
68.17
66.46
63.19
64.97
63.87
64.58
64.07
66.42
62.45
64.86
66.01
65.0
64.61
68.4
64.11
62.57
66.96
64.13
63.97
66.01
62.77
64.72
64.45
62.5
63.61
63.89
65.25
64.22
NA
65.45
64.18
63.3
63.53
67.31
67.11
65.41
66.32
64.38
66.35
65.23
66.18
64.56
62.66
66.75
65.64
64.54
62.26
66.61
63.52
66.52
64.61
62.58
64.05
64.29
66.07
68.25
62.94
65.41
66.29
65.11
66.51
64.87
65.41
NA
NA
63.17
64.56
NA
64.59
66.07
65.21
66.79
64.11
65.52
NA
63.21
62.13
63.87
68.03
66.62
65.75
65.14
64.63
NA
67.0
62.1
63.34
63.45
64.66
64.8
65.28
63.68
64.83
64.41
67.22
66.76
65.02
65.44
64.77
62.26
NA
NA
63.45
66.78
NA
64.4
63.87
64.9
65.56
66.72
66.11
66.85
65.87
62.86
64.07
63.93
62.91
64.07
64.05
63.06
63.57
64.08
63.06
63.81
63.94
63.08
63.89
64.02
61.9
65.06
NA
64.53
65.62
65.26
64.22
63.56
NA
63.41
NA
66.51
66.21
65.31
66.59
65.12
64.51
64.41
65.63
65.22
65.62
66.43
66.27
NA
NA
NA
64.25
NA
64.8
67.33
64.84
64.2
65.61
65.87
66.66
66.63
63.23
63.71
65.46
65.16
63.32
64.16
64.65
64.8
68.71
65.15
65.95
67.32
67.81
NA
NA
64.85
64.35
64.83
63.84
NA
NA
63.77
NA
66.42
66.82
64.42
66.02
67.01
65.1
63.53
NA
66.41
NA
64.73
64.74
64.04
65.14
NA
61.9
64.85
64.9
65.06
65.5
64.82
66.63
66.07
64.77
64.04
64.84
64.24
63.94
65.94
64.81
64.34
66.05
66.3
63.96
66.31
64.3
66.57
65.75
66.01
64.49
66.06
65.96
62.97
65.22
66.28
64.28
66.73
67.23
65.32
63.88
64.39
65.61
63.89
63.52
64.32
64.76
63.67
63.88
63.88
63.42
63.6
66.57
63.18
63.89
63.52
64.33
64.76
63.6
62.83
62.41
64.85
64.72
66.09
63.16
65.14
63.84
64.37
NA
NA
NA
NA
NA
NA
NA
NA
NA
NA
NA
NA
NA
NA
NA
NA
NA
NA
NA
NA
NA
NA
NA
NA
NA
NA
65.21
65.93
66.34
NA
64.69
64.94
65.37
65.76
62.79
NA
66.13
61.8
64.59
64.87
65.04
64.94
64.27
66.0
66.19
65.9
63.74
64.62
NA
65.09
65.01
66.93
64.2
63.62
65.72
66.83
NA
NA
66.76
64.64
64.49
64.26
63.65
64.72
60.07
64.05
64.69
66.76
64.56
63.71
NA
64.96
64.4
63.98
63.98
63.48
66.15
63.85
66.03
63.96
48.83
63.83
63.2
65.18
64.52
64.89
67.46
70.85
63.62
65.88
64.44
66.74
66.28
66.93
64.73
65.74
66.49
67.08
65.28
64.12
70.05
66.21
63.97
66.29
64.95
NA
67.47
NA
63.63
NA
NA
65.37
64.35
63.91
66.81
64.66
63.92
64.28
64.26
64.35
64.38
64.35
64.52
65.82
NA
65.22
67.27
65.82
64.43
65.75
68.07
65.08
67.2
65.75
64.68
65.84
67.79
65.09
67.35
65.84
64.68
65.91
67.8
65.05
67.45
65.89
64.68
65.91
67.8
65.05
67.45
65.89
66.04
64.75
63.95
63.73
64.22
67.22
65.89
NA
66.17
NA
65.37
64.91
64.22
65.09
64.59
63.15
64.86
64.24
64.16
63.18
63.22
64.31
64.0
63.04
63.03
NA
66.54
63.76
63.3
64.75
65.9
65.04
64.14
65.29
65.33
66.56
64.39
64.96
65.31
67.29
65.77
65.31
64.67
64.43
NA
65.92
66.04
64.0
62.85
63.52
67.09
66.86
64.99
63.52
65.27
65.33
64.49
65.86
NA
65.22
65.48
64.57
66.38
NA
64.7
65.48
64.77
66.32
64.05
64.83
64.16
65.57
65.3
NA
NA
NA
NA
NA
65.88
66.07
64.01
66.31
63.55
67.23
64.44
63.1
66.25
65.73
65.74
66.19
65.26
63.23
64.16
62.42
64.19
62.4
64.22
62.38
65.25
63.01
63.37
65.39
64.74
62.59
63.07
66.86
63.21
66.14
66.14
64.95
NA
62.87
64.47
62.97
66.47
63.47
65.57
65.03
62.87
67.43
65.54
65.26
65.11
64.83
62.88
65.98
65.96
NA
63.38
65.38
64.99
64.55
63.76
63.06
64.18
65.57
65.3
65.04
64.04
62.79
65.11
65.12
62.46
64.85
64.43
63.43
64.62
65.55
NA
NA
NA
NA
NA
NA
NA
NA
NA
NA
NA
NA
63.23
64.43
62.83
65.63
64.53
63.73
64.03
70.83
66.93
66.33
65.93
66.13
66.13
63.63
64.42
64.82
64.62
63.02
66.42
NA
67.25
64.49
65.32
65.3
65.7
64.2
65.7
65.3
65.3
65.3
65.6
NA
NA
67.59
66.93
63.67
67.61
68.71
63.68
63.81
65.81
66.41
67.21
65.96
65.18
66.47
67.15
64.15
63.95
65.25
62.95
64.15
67.35
64.65
67.35
67.35
65.35
NA
64.05
64.85
64.95
64.44
61.54
66.19
66.31
65.37
64.87
64.17
68.07
63.8
NA
62.95
65.4
67.0
66.6
66.31
65.51
62.41
66.73
64.71
64.33
64.6
63.15
63.61
65.48
63.98
64.48
67.08
64.98
64.51
63.36
64.94
63.34
NA
64.77
NA
62.92
62.92
64.12
NA
63.62
63.46
65.83
67.7
64.11
64.63
66.11
65.48
65.63
NA
NA
NA
NA
NA
NA
NA
NA
NA
NA
NA
64.41
64.78
NA
64.68
67.68
66.48
65.16
62.95
64.57
65.89
62.61
66.18
66.59
66.24
66.08
65.53
64.21
64.22
67.45
66.87
65.34
65.72
67.2
62.44
65.24
65.44
63.21
64.18
63.56
62.55
63.85
NA
65.78
65.46
64.96
64.61
63.53
NA
NA
NA
65.06
66.09
63.51
62.99
62.99
64.91
63.91
66.48
64.83
63.13
67.83
66.43
65.03
66.53
64.03
66.33
63.93
63.73
65.69
NA
63.19
NA
67.57
65.73
NA
NA
67.39
65.7
NA
65.74
65.84
NA
64.05
NA
NA
NA
NA
NA
NA
NA
NA
NA
NA
NA
69.46
66.85
62.83
NA
NA
NA
NA
66.05
65.75
64.12
67.02
66.32
64.32
64.52
65.12
66.46
66.56
65.06
65.26
67.16
65.17
63.57
62.97
65.72
NA
65.72
NA
65.42
65.12
65.62
64.63
67.35
66.49
64.92
66.2
66.18
63.95
69.73
65.55
65.83
63.54
NA
NA
66.61
65.01
61.08
65.27
62.98
65.21
66.01
65.64
65.3
63.94
63.83
NA
63.17
62.71
64.85
66.61
65.8
65.28
65.6
63.92
66.4
63.05
63.31
65.78
65.18
64.5
64.29
63.68
64.54
64.3
63.72
NA
63.04
67.78
64.48
65.78
63.58
66.05
68.11
65.18
65.93
NA
63.92
59.82
66.42
66.65
65.94
63.68
64.2
63.2
66.35
NA
64.57
64.26
64.78
65.18
65.98
65.61
64.65
62.4
66.49
64.95
63.35
66.66
66.15
66.44
63.04
62.34
61.54
65.64
65.0
62.3
64.23
64.34
NA
67.9
64.82
62.33
66.02
65.2
63.85
62.95
65.14
63.9
67.12
62.4
66.49
62.92
66.25
64.19
63.25
63.85
66.86
64.46
65.16
64.46
63.3
64.6
63.37
NA
64.09
NA
63.51
67.74
66.76
64.13
63.86
66.55
66.17
64.77
64.89
66.66
65.69
65.38
67.29
64.95
66.05
63.82
64.09
66.6
65.7
66.24
67.69
66.55
65.05
65.65
NA
66.65
65.35
64.55
NA
67.05
66.75
67.15
66.58
64.94
65.58
NA
66.29
65.12
64.22
NA
66.88
66.7
67.25
65.05
64.28
64.44
66.63
67.22
63.21
63.96
64.97
64.44
63.36
65.96
65.25
67.26
66.83
64.03
61.9
67.84
60.43
64.52
64.26
65.26
64.23
64.75
66.98
63.88
64.08
65.28
62.88
63.98
65.28
64.58
64.58
67.28
64.68
63.78
NA
65.11
63.72
66.1
64.17
65.36
65.16
64.14
67.04
66.68
65.28
63.68
66.68
68.58
63.78
64.45
63.78
63.15
NA
NA
64.35
66.35
65.4
66.34
NA
64.48
66.28
67.58
63.47
64.96
65.65
65.65
64.24
65.77
65.84
64.19
66.0
65.2
NA
64.53
64.01
63.93
65.61
63.94
64.25
63.66
66.14
63.65
63.91
63.85
64.31
NA
66.36
NA
62.98
NA
NA
NA
65.54
64.84
NA
65.55
65.26
63.76
63.06
NA
65.52
64.11
65.07
65.67
65.07
NA
65.26
63.64
NA
62.79
NA
NA
64.99
NA
64.04
65.46
NA
66.26
65.94
65.75
64.35
63.05
64.45
65.65
66.25
67.35
66.55
68.62
63.56
63.55
67.82
64.65
67.86
64.46
NA
64.82
65.46
63.73
64.1
63.57
65.79
67.03
67.38
65.6
65.6
63.63
65.34
64.59
66.28
65.08
60.65
65.1
NA
62.99
64.17
65.57
60.41
64.46
63.25
68.0
66.86
66.21
64.62
67.82
65.62
NA
67.61
66.51
65.01
66.51
67.29
66.69
64.59
66.09
66.21
64.37
NA
64.06
63.96
NA
62.37
63.76
65.66
65.85
64.99
65.42
63.7
67.4
65.87
64.71
63.92
NA
63.25
65.4
65.85
65.86
63.89
66.34
62.77
66.42
64.63
66.36
62.75
64.48
66.16
64.36
66.46
63.96
NA
65.17
66.32
NA
NA
66.12
63.2
67.22
65.05
65.32
63.95
64.23
63.28
NA
64.88
62.98
62.48
64.11
66.57
65.13
65.22
64.16
65.98
67.09
65.32
65.48
65.81
65.98
66.12
NA
63.76
NA
64.92
66.74
65.03
64.43
66.44
64.88
64.85
64.01
66.18
66.37
64.68
63.32
63.41
64.29
61.09
65.21
67.06
64.14
65.03
64.33
67.02
64.56
68.6
63.82
64.95
64.67
64.99
61.79
65.2
63.58
NA
NA
NA
66.3
68.58
64.68
65.94
64.62
65.42
NA
63.62
64.02
65.42
67.45
66.96
64.04
63.48
67.28
65.19
64.24
65.54
66.48
NA
65.95
65.45
65.65
65.75
62.65
65.8
NA
64.75
66.78
64.33
62.81
64.71
65.02
NA
NA
62.8
63.21
66.64
66.38
64.08
63.33
NA
70.22
65.8
66.65
66.25
67.35
67.36
64.66
66.31
65.68
66.15
64.45
65.85
66.35
NA
NA
NA
66.18
66.48
65.77
65.48
63.44
67.04
59.28
67.34
66.62
66.24
63.56
64.69
64.8
62.08
67.01
63.49
67.66
66.86
65.57
62.92
63.0
66.18
65.78
66.08
NA
65.81
65.37
65.6
64.35
64.74
66.66
64.26
NA
65.09
64.59
64.76
63.46
65.16
62.96
63.76
64.36
64.36
63.65
64.55
NA
63.65
63.52
63.64
67.1
66.26
65.46
NA
NA
NA
64.81
64.91
64.31
66.53
66.15
64.75
64.87
66.64
65.67
65.36
67.27
64.93
66.03
NA
64.71
66.06
66.43
NA
NA
NA
NA
NA
NA
NA
NA
NA
NA
NA
NA
NA
NA
NA
64.03
64.03
63.73
64.53
63.23
NA
NA
65.09
64.35
63.85
64.53
67.33
64.93
63.33
65.94
63.44
64.24
63.64
64.34
NA
NA
NA
65.92
64.74
68.27
65.85
67.75
64.74
64.27
63.97
65.11
67.31
66.11
66.49
64.98
65.59
65.59
64.24
63.05
64.97
64.48
63.15
65.77
65.86
66.82
NA
64.85
NA
65.61
NA
67.29
64.27
64.05
65.28
65.58
62.86
65.69
65.25
65.55
64.35
63.95
63.05
64.92
66.44
66.1
63.68
66.6
65.18
66.08
62.92
67.08
NA
NA
NA
NA
NA
NA
66.87
66.38
65.48
64.72
62.11
64.7
64.09
65.8
64.9
62.3
64.79
64.08
68.43
NA
NA
64.05
NA
64.55
66.95
66.07
66.57
66.17
64.07
65.27
63.27
67.37
66.67
64.67
64.18
64.84
65.76
66.88
67.19
66.85
64.53
NA
64.73
64.02
65.06
66.75
66.63
64.73
NA
NA
64.99
62.39
NA
66.59
63.99
64.99
66.82
65.9
65.84
62.73
63.31
64.19
62.96
NA
62.86
66.6
65.72
67.5
64.42
64.02
63.42
63.49
63.56
64.7
66.47
65.64
64.16
63.44
66.1
64.79
NA
NA
63.53
NA
NA
66.85
65.05
66.9
64.52
64.13
64.12
63.22
65.3
63.8
64.67
63.67
64.15
67.39
NA
63.38
64.82
64.44
64.65
64.56
63.6
67.35
65.54
64.25
64.35
66.85
65.9
63.92
63.39
NA
NA
NA
67.31
NA
NA
NA
NA
63.96
64.66
63.66
63.56
65.06
NA
65.11
65.55
64.85
62.76
64.43
64.13
67.66
67.07
63.84
65.1
61.18
66.87
65.23
66.6
65.16
63.45
65.84
NA
63.32
66.43
65.18
63.91
66.78
NA
63.8
NA
63.39
65.79
63.94
63.99
64.29
64.39
64.39
65.12
63.72
66.28
66.6
65.09
65.09
65.39
64.32
65.92
64.48
64.26
64.45
64.49
63.91
65.21
65.81
64.9
62.46
64.89
65.22
65.34
66.16
65.9
64.87
66.16
66.42
NA
NA
66.86
65.72
67.17
67.12
65.04
64.1
64.77
68.54
65.91
NA
NA
67.31
65.25
64.25
66.84
NA
64.13
65.38
65.45
67.15
64.65
NA
66.9
64.1
65.4
64.7
63.24
66.02
63.42
64.72
64.91
65.21
NA
65.61
65.01
65.71
65.9
65.21
64.11
63.79
63.81
65.11
NA
65.13
66.26
NA
64.96
64.58
64.1
63.3
65.44
64.01
64.27
NA
65.34
67.44
66.34
64.76
64.66
63.36
65.06
64.2
64.32
65.69
64.89
65.18
65.18
65.08
65.2
64.95
65.3
65.7
64.61
65.08
61.6
64.29
68.07
65.25
68.13
67.96
65.04
64.87
65.89
65.62
65.83
66.8
63.45
63.08
64.13
66.6
63.98
63.18
64.15
66.79
64.07
63.21
65.22
66.25
62.55
65.6
NA
NA
NA
64.44
67.07
63.06
66.31
63.51
65.11
63.41
67.01
66.81
65.31
64.29
67.47
63.67
63.39
65.61
65.14
63.76
62.98
65.49
64.35
66.06
63.05
65.25
66.29
64.5
65.82
64.86
66.66
63.62
65.02
66.02
63.77
64.22
64.91
64.26
65.37
NA
65.62
65.67
64.23
65.36
64.01
NA
64.78
65.12
68.3
64.81
67.11
65.7
64.04
65.4
63.28
65.02
65.45
64.56
63.92
65.21
63.69
65.54
63.52
65.51
64.79
63.95
62.85
63.7
62.91
67.31
NA
64.64
62.74
NA
NA
65.74
NA
63.69
63.47
65.14
64.78
65.08
66.42
63.52
NA
63.95
65.45
64.53
NA
64.65
64.82
65.31
66.26
64.26
63.9
65.51
61.76
65.93
66.67
65.14
65.81
66.39
66.27
65.26
64.4
64.93
64.5
63.67
65.18
65.5
NA
65.93
64.63
63.61
67.81
65.71
64.61
65.21
66.91
66.61
66.91
63.53
66.61
66.31
63.24
62.96
66.91
NA
64.12
65.43
64.73
NA
66.19
64.84
64.84
66.64
64.24
66.44
66.18
65.69
66.99
65.79
66.09
62.34
63.74
63.44
NA
63.65
63.86
64.31
65.03
66.01
65.51
65.49
63.42
64.48
63.76
63.46
66.9
64.92
67.82
63.28
63.81
64.2
64.2
65.74
64.87
66.59
64.87
65.11
66.25
67.56
64.01
66.55
63.23
66.27
63.34
66.02
63.74
65.08
63.97
64.13
65.14
64.7
65.92
63.87
66.42
NA
65.93
69.26
64.26
66.23
64.43
NA
NA
NA
64.31
64.43
62.91
63.92
64.82
64.07
66.79
64.99
67.59
64.9
66.68
63.75
64.93
65.89
66.03
66.73
NA
65.44
62.35
64.42
63.77
62.64
62.86
62.34
63.39
65.2
65.02
65.5
67.62
NA
68.31
66.48
62.84
61.72
64.66
63.75
65.95
63.43
65.26
64.62
65.83
64.64
65.24
63.81
63.3
66.23
64.76
64.66
66.27
63.14
64.93
66.57
66.7
66.07
63.75
66.45
64.42
65.68
64.89
63.83
63.1
64.77
64.05
63.66
64.49
64.87
66.41
64.73
64.03
65.9
63.75
66.17
63.89
68.02
66.87
64.47
62.94
NA
63.34
64.63
63.43
65.51
66.71
64.46
66.41
66.14
65.45
64.26
66.76
65.26
64.24
65.19
67.16
65.86
66.45
64.02
64.93
64.53
63.7
64.09
63.5
NA
64.4
NA
66.17
NA
64.07
65.47
69.93
64.33
NA
63.82
62.97
NA
NA
NA
NA
66.24
66.51
65.24
64.1
67.28
66.4
64.3
63.55
64.81
66.53
64.58
NA
65.66
66.49
64.68
70.5
64.5
65.63
64.07
64.72
NA
63.95
63.98
66.27
NA
64.72
63.93
66.95
66.28
65.41
65.0
63.97
66.01
64.36
62.43
65.37
65.74
67.77
63.71
62.98
65.39
65.59
64.43
66.66
NA
NA
65.12
64.93
NA
65.68
64.18
63.91
63.12
65.54
65.26
64.7
65.44
64.31
NA
66.18
NA
63.37
64.03
NA
61.72
64.25
68.95
67.07
65.24
63.54
64.07
63.99
64.14
63.81
62.92
64.31
67.31
66.42
64.94
66.21
64.48
64.38
63.58
67.02
66.84
70.16
63.96
61.95
NA
63.75
64.97
65.16
63.65
NA
62.16
63.85
65.64
64.36
66.56
64.56
64.66
64.89
62.86
65.74
63.89
62.4
65.79
66.44
66.54
62.82
NA
NA
64.05
66.73
64.09
67.93
67.31
66.41
65.72
62.6
65.2
65.4
63.9
67.4
66.2
64.46
64.06
63.78
66.15
63.14
62.5
67.74
65.24
65.84
63.38
NA
NA
NA
NA
NA
NA
NA
64.42
66.72
64.52
63.55
64.69
64.21
65.8
63.62
NA
65.48
67.77
65.23
65.59
66.06
65.08
64.08
64.36
65.69
67.09
66.19
66.73
63.53
67.13
66.76
64.28
67.3
NA
63.54
65.67
64.11
64.9
67.21
66.11
65.62
65.63
65.52
66.19
65.35
63.97
63.37
63.82
64.86
66.5
63.56
64.86
66.5
65.9
66.7
63.34
66.44
64.84
63.94
63.19
64.99
62.14
63.43
66.16
62.4
65.56
66.7
62.77
NA
65.71
65.09
64.06
64.56
64.76
65.48
NA
NA
63.27
65.51
66.73
64.54
64.98
NA
63.28
63.46
65.29
63.48
64.54
63.93
68.09
65.76
65.14
63.74
64.19
63.69
68.11
65.57
64.4
64.74
64.76
66.46
64.13
64.89
64.84
66.82
62.17
65.94
63.8
62.91
62.49
62.4
64.34
63.9
66.8
64.78
66.37
63.87
NA
65.74
63.31
64.56
63.52
64.92
63.69
63.41
66.81
63.71
65.31
NA
67.5
65.84
66.09
64.2
64.2
64.4
66.58
64.19
66.59
65.59
67.09
67.83
65.03
NA
65.51
66.06
64.59
63.18
65.24
65.19
65.21
65.06
65.74
NA
64.12
65.91
NA
65.58
66.1
64.65
63.17
65.28
65.24
65.28
65.1
65.78
64.7
64.5
NA
66.6
66.0
65.5
65.94
64.94
62.93
66.53
62.73
63.13
65.77
64.47
63.62
63.26
63.11
66.02
64.32
65.7
64.97
66.0
64.71
67.36
63.16
64.08
64.62
65.28
64.82
64.83
63.89
64.89
63.49
64.29
64.99
63.74
65.59
70.08
64.19
65.1
NA
NA
NA
NA
65.07
64.82
65.07
65.6
63.75
NA
64.0
67.25
67.27
63.1
63.71
65.06
64.26
66.56
65.19
65.14
NA
64.05
64.69
66.76
65.16
67.32
64.53
65.0
67.8
64.47
65.01
68.18
64.67
63.71
64.94
64.86
63.73
65.0
64.95
66.09
62.69
63.89
65.84
65.6
66.5
64.34
66.54
66.62
66.82
NA