57.14
58.07
58.27
60.65
56.45
56.15
56.2
56.53
56.92
58.5
56.48
57.06
58.31
57.1
55.13
58.21
55.24
60.79
55.4
58.84
57.24
55.83
57.74
58.6
54.94
58.53
58.52
58.69
58.13
55.85
56.23
55.56
56.96
56.7
57.55
60.35
61.07
57.02
56.62
55.72
57.14
58.41
59.35
57.25
56.54
58.69
57.08
54.75
56.86
56.92
56.94
56.33
53.36
55.89
57.36
57.11
56.9
58.09
56.61
56.91
57.3
59.2
57.5
56.78
60.16
60.67
56.22
58.16
57.32
NA
NA
56.77
56.98
56.92
56.76
57.89
57.74
57.5
57.87
58.2
55.91
57.26
57.39
57.42
56.71
57.73
56.72
57.9
57.98
56.17
NA
56.89
58.16
58.8
56.92
54.28
60.49
57.79
58.67
56.71
57.75
57.67
55.83
59.02
59.3
58.16
54.97
57.16
57.25
57.36
57.06
NA
58.37
56.52
58.31
56.85
55.81
56.64
59.46
57.47
59.08
61.65
56.6
58.29
57.84
59.96
56.51
NA
59.07
56.97
58.33
57.06
57.93
58.28
57.14
55.86
58.93
56.83
58.3
57.38
55.99
58.29
57.52
57.11
58.59
56.02
58.63
58.9
57.18
57.22
57.11
57.14
60.82
NA
55.39
58.4
56.44
59.03
57.02
58.36
NA
57.49
58.08
57.37
58.93
61.43
59.82
57.07
57.78
56.83
58.67
58.62
58.42
56.62
57.49
57.23
57.72
55.41
57.01
58.63
57.06
57.29
58.63
58.13
55.3
55.6
56.31
56.26
56.16
57.78
56.51
57.33
57.9
58.03
60.55
56.96
58.74
56.58
57.64
55.46
58.38
58.49
58.03
57.77
57.98
57.59
55.18
NA
59.05
58.87
60.06
56.22
55.0
57.6
61.34
NA
59.2
57.1
56.64
59.38
58.02
56.93
57.2
57.41
57.48
54.91
55.86
57.56
NA
59.11
58.63
56.8
57.7
55.92
57.6
58.6
57.29
57.08
56.76
57.73
57.71
56.6
57.99
56.73
56.53
56.27
58.01
57.96
55.56
55.97
58.11
57.67
56.33
57.13
57.2
57.31
57.72
57.37
54.48
56.74
58.38
57.49
57.89
57.85
55.85
56.89
56.99
58.2
58.16
56.62
56.02
56.83
56.04
58.86
56.43
59.54
58.38
56.17
57.08
56.65
56.4
59.32
58.21
58.01
57.38
57.71
59.17
56.97
56.74
55.78
58.39
57.91
57.91
59.05
57.87
57.42
58.54
55.62
58.09
56.74
58.31
56.66
55.03
56.13
57.13
55.76
60.37
57.18
58.21
54.69
56.01
57.32
55.95
56.73
56.38
57.52
56.78
54.41
61.75
54.6
57.13
58.72
57.16
56.26
58.23
54.64
57.96
56.88
56.25
57.99
55.69
55.12
57.0
57.54
56.0
56.68
54.96
56.56
58.65
56.38
54.84
56.51
59.1
57.97
56.72
54.78
58.4
53.14
56.44
56.47
56.45
60.26
59.58
57.06
56.57
57.55
57.63
57.67
57.34
63.19
57.41
57.32
58.58
57.21
57.21
55.68
59.17
56.75
52.45
58.86
58.25
57.79
55.88
55.3
57.09
54.42
57.13
57.48
57.02
53.77
57.86
60.67
57.25
56.23
57.6
59.82
58.35
59.03
56.05
58.15
57.81
57.13
58.13
61.17
56.03
56.55
57.75
57.37
56.72
59.13
55.29
58.73
58.64
55.58
57.54
58.26
57.57
58.21
58.25
56.95
57.85
58.1
57.28
57.74
58.61
57.33
57.9
58.21
57.19
57.88
58.31
57.32
59.66
57.36
NA
58.14
58.51
55.18
57.5
60.9
NA
58.21
NA
56.61
55.81
57.81
57.5
56.2
59.51
56.56
56.74
57.16
56.14
54.61
NA
NA
59.82
59.81
57.37
NA
56.43
56.8
55.6
56.41
56.63
57.54
57.98
56.47
56.66
58.56
58.79
56.71
58.22
57.94
57.2
56.15
56.61
57.05
56.95
56.4
58.73
54.0
57.12
59.45
55.65
55.69
60.01
NA
NA
59.18
NA
56.62
56.82
56.42
56.12
56.73
57.12
57.72
56.28
56.03
NA
57.16
56.1
55.84
57.74
58.84
57.39
58.28
57.03
56.96
57.34
56.6
57.85
57.94
58.6
57.34
58.34
58.14
58.94
57.34
56.79
59.72
57.68
56.34
56.27
55.97
56.82
56.27
58.64
55.15
58.51
57.02
57.28
57.97
57.01
58.79
60.05
56.13
55.73
55.95
57.41
57.1
55.49
58.32
57.79
56.8
56.85
58.68
58.18
57.48
59.85
59.4
55.39
57.48
58.32
57.79
56.8
56.86
58.66
56.36
61.08
60.9
57.7
54.54
55.11
56.0
58.87
56.97
58.18
57.38
56.68
57.28
58.08
57.38
56.68
57.28
58.19
57.29
56.69
57.29
58.12
57.32
56.62
57.32
58.16
57.46
56.56
57.36
57.82
57.29
56.73
57.04
57.02
56.55
58.68
54.83
56.35
58.35
56.81
59.36
57.06
57.87
56.3
NA
57.62
57.73
58.23
57.24
57.24
57.59
57.11
58.29
58.05
56.8
58.05
58.3
57.05
58.07
57.11
56.27
58.58
60.37
57.48
56.62
NA
NA
55.76
57.09
54.29
57.71
59.9
62.09
54.53
59.43
56.81
58.41
55.24
55.21
57.91
56.06
56.21
57.88
58.68
59.28
56.14
55.69
55.75
59.99
57.06
57.15
57.18
55.88
57.92
57.28
55.54
58.01
58.82
56.71
57.79
56.67
57.33
55.68
57.1
56.51
57.68
57.68
57.78
61.51
56.52
56.46
59.1
58.69
56.68
NA
55.55
58.02
58.83
58.63
58.12
57.41
59.49
55.9
56.7
55.79
58.61
58.9
58.99
58.68
58.78
58.91
57.22
56.95
NA
55.89
56.66
56.66
57.18
56.88
58.04
55.79
56.59
56.59
57.22
56.84
58.04
55.89
56.55
56.55
57.22
56.81
58.04
55.95
56.52
56.48
57.22
56.81
58.04
55.95
56.52
56.48
56.74
58.55
59.72
56.44
56.13
55.5
56.67
59.2
57.19
60.23
56.87
59.9
58.16
60.02
57.84
60.33
60.18
58.62
59.08
57.22
60.15
58.95
58.02
58.62
57.3
NA
58.0
57.75
58.11
60.97
59.1
56.42
56.55
56.62
57.26
57.95
56.88
56.7
61.03
57.79
57.29
57.14
55.58
54.65
55.64
58.02
56.04
57.96
57.44
58.29
56.97
56.79
57.25
57.91
56.96
56.97
59.16
56.51
58.57
56.95
56.86
59.07
56.22
58.3
56.85
56.98
59.49
56.22
56.22
57.85
57.03
60.6
56.47
NA
57.59
57.99
56.29
NA
58.1
55.97
58.2
56.95
58.29
56.94
57.01
56.49
56.36
56.52
56.49
56.86
59.22
58.45
55.4
57.53
55.36
57.53
55.45
57.6
56.49
57.79
58.0
57.45
56.16
58.19
57.51
56.57
61.2
56.9
55.53
56.57
NA
57.37
56.97
59.47
56.97
57.67
57.07
56.29
59.64
57.01
57.41
57.24
56.14
56.73
59.71
57.11
57.15
61.14
57.79
57.67
57.68
57.94
61.95
56.18
57.0
57.05
57.55
58.28
59.2
55.84
57.03
56.7
60.97
60.74
59.06
62.07
59.94
54.9
56.29
55.57
59.17
54.57
57.57
61.22
56.82
57.02
57.12
55.82
56.38
54.18
57.03
56.53
56.03
55.93
57.73
58.23
62.53
56.73
56.03
56.93
57.63
56.43
58.63
58.63
58.62
57.82
57.12
57.42
57.12
56.18
59.26
57.06
56.78
56.7
54.2
57.2
58.0
57.3
56.7
55.7
57.4
57.57
56.97
55.72
58.07
58.83
55.67
57.78
58.74
55.21
56.91
56.51
57.71
57.26
57.38
56.87
57.85
57.15
59.65
56.45
60.65
59.55
57.35
57.05
58.55
57.35
58.25
56.85
56.55
57.95
57.05
55.24
57.64
56.49
NA
57.37
56.97
56.37
57.17
58.6
58.15
56.75
58.2
55.0
57.0
56.81
56.21
59.31
55.93
56.72
56.73
59.92
56.19
58.33
57.98
55.88
58.38
56.18
57.38
58.23
58.11
55.94
58.24
57.87
57.17
56.21
57.87
57.87
62.62
55.33
59.62
57.81
55.52
58.18
56.53
56.27
57.68
56.47
57.18
55.7
57.77
58.63
55.67
57.79
58.63
58.19
55.19
56.39
57.49
56.69
58.01
56.86
62.48
57.68
58.38
56.98
58.08
61.25
58.51
56.89
54.11
56.07
57.32
57.15
56.48
55.62
57.04
58.28
57.48
56.24
57.83
58.32
56.75
56.34
56.34
57.7
58.95
58.35
56.61
55.58
60.4
56.95
57.98
57.06
57.26
57.92
59.27
57.09
59.53
57.93
57.8
58.32
56.25
59.88
59.36
57.61
57.91
56.26
56.73
61.23
56.73
57.23
55.03
58.53
58.43
56.73
56.03
60.23
55.79
57.99
59.29
NA
57.25
59.27
59.84
NA
57.22
59.24
59.81
57.04
54.74
56.16
58.35
56.35
56.25
55.85
57.65
54.95
56.15
56.75
56.65
56.75
56.75
57.15
57.21
57.81
58.35
56.6
56.97
57.77
56.57
57.25
55.65
58.22
55.12
57.62
57.02
57.92
54.72
55.96
57.16
57.56
56.66
55.66
56.67
57.07
51.47
57.12
NA
55.92
57.52
57.12
57.22
57.65
55.47
57.21
56.71
62.17
58.83
55.65
54.6
57.7
56.5
56.68
58.27
62.34
57.95
57.56
57.05
59.31
56.38
58.58
56.93
57.64
56.58
56.71
58.31
58.39
58.03
58.09
58.3
59.55
57.07
57.56
57.88
56.58
58.42
55.82
58.65
57.71
55.68
55.48
56.03
56.6
61.13
56.09
56.58
60.97
NA
58.64
57.38
57.88
57.28
60.28
58.15
56.18
55.19
56.32
NA
54.42
56.32
57.82
57.73
56.73
58.88
57.23
60.67
55.16
NA
56.54
57.91
57.88
57.78
57.68
56.74
61.1
59.98
55.52
55.55
58.25
56.16
56.55
58.64
58.74
58.34
61.54
56.36
58.65
58.64
57.1
58.41
58.96
58.48
57.98
56.66
58.2
60.87
58.45
58.35
58.37
57.7
58.12
59.98
55.52
58.52
56.95
56.68
58.17
58.22
56.57
56.06
NA
56.66
57.6
61.1
56.39
57.05
56.27
58.31
54.75
60.15
55.65
59.24
58.98
57.62
56.06
56.36
58.37
56.44
56.68
57.65
59.02
56.86
55.95
58.69
55.5
56.84
56.2
57.25
56.27
56.65
57.45
52.25
57.55
58.35
56.25
58.65
56.35
56.35
57.55
56.85
56.56
57.38
52.36
57.69
58.44
56.19
58.67
55.78
56.33
57.37
56.62
57.78
58.31
57.61
55.69
57.52
55.71
58.09
58.15
56.21
57.03
58.56
56.07
56.12
NA
58.63
57.77
57.66
57.43
57.21
55.97
55.07
57.53
60.72
57.48
56.98
59.58
56.28
60.38
59.58
57.58
56.78
58.38
57.18
58.28
58.78
NA
57.16
59.38
56.12
58.45
56.81
60.09
58.44
57.74
56.28
57.58
62.08
56.68
57.48
57.08
56.89
60.62
59.0
57.16
55.99
57.35
55.25
55.63
57.86
57.78
58.28
56.38
56.28
58.49
59.24
57.81
58.42
56.65
58.59
58.52
58.37
57.9
60.9
55.13
57.93
60.19
58.48
61.93
58.57
58.38
57.05
57.3
55.89
58.13
58.44
57.97
NA
56.74
55.74
57.88
56.48
NA
NA
57.25
57.77
NA
57.09
58.96
59.46
58.36
57.85
56.95
57.84
59.17
58.43
57.02
NA
58.88
57.74
NA
57.82
53.59
60.71
58.33
57.38
57.85
57.38
56.48
58.28
57.74
57.25
57.65
56.65
58.75
57.75
56.65
58.55
56.85
57.48
55.97
58.8
58.22
57.77
57.16
58.96
56.16
58.88
57.13
58.49
59.03
61.08
57.77
56.26
56.9
57.93
57.04
59.81
57.88
57.33
57.88
55.18
57.13
57.6
56.66
57.6
56.43
56.43
58.23
57.87
57.1
56.65
56.23
58.15
56.02
56.22
56.82
54.62
57.51
56.71
62.01
58.81
57.19
56.69
62.19
58.99
58.22
57.39
NA
60.26
58.46
57.92
57.66
58.06
56.36
57.41
57.88
56.99
60.85
55.83
57.97
55.32
56.65
57.45
60.25
56.63
56.2
57.31
61.0
56.15
57.09
56.86
56.69
56.37
59.15
57.0
56.35
57.46
57.66
58.86
NA
56.05
56.82
59.69
NA
55.75
60.0
56.22
56.57
57.12
59.03
58.76
55.83
NA
58.78
59.18
57.08
58.58
56.53
56.52
55.54
57.91
55.97
56.38
57.19
56.92
56.92
57.0
57.33
59.06
58.46
59.49
57.82
57.57
55.86
56.79
57.07
60.66
55.97
56.25
58.11
57.37
60.75
58.42
58.33
56.59
56.69
57.57
55.95
58.44
57.63
57.43
58.48
57.55
57.01
57.69
57.76
56.78
57.55
56.79
56.79
58.04
56.24
57.81
56.4
54.96
57.28
56.72
57.24
57.62
58.12
57.12
55.32
57.42
56.18
56.19
56.54
58.65
57.93
58.21
57.22
59.21
57.47
56.69
56.49
56.15
55.65
56.55
58.05
62.45
57.16
NA
58.17
57.75
59.69
59.69
56.78
57.39
57.84
56.89
60.98
61.91
55.55
58.08
58.68
57.58
57.1
59.59
55.86
56.95
57.15
56.45
56.16
57.76
57.59
57.33
57.2
56.85
59.45
60.25
56.43
57.84
57.27
58.41
56.98
56.61
57.11
57.19
58.1
56.82
56.77
56.31
56.99
57.06
56.86
58.12
54.84
57.19
55.15
57.91
56.99
56.56
61.31
58.4
57.78
57.38
57.38
58.24
56.86
56.66
57.02
57.02
58.6
56.37
61.32
57.82
56.49
59.09
59.46
59.56
55.76
57.56
60.06
57.06
56.76
56.75
58.15
55.84
60.52
60.4
55.65
57.65
56.58
57.93
NA
58.41
57.51
57.31
57.61
60.51
57.6
56.04
56.34
58.35
56.42
56.66
57.63
59.0
56.84
55.93
57.94
61.41
55.43
55.81
55.42
57.64
58.11
57.86
55.34
57.67
58.14
56.58
55.31
57.65
58.11
62.26
NA
NA
55.17
58.03
55.93
54.03
57.03
60.83
NA
NA
55.99
56.25
56.25
58.93
57.33
57.13
55.33
56.64
57.84
59.14
57.94
59.34
57.6
58.83
54.95
57.1
57.21
56.27
57.39
57.64
56.74
56.37
56.37
57.31
57.61
56.91
58.09
51.88
58.86
58.59
56.59
58.84
60.89
58.34
60.77
56.72
55.25
56.52
57.16
57.25
NA
56.67
NA
58.26
57.87
56.01
54.95
55.52
53.03
57.64
57.45
56.75
58.15
56.85
57.05
56.82
56.48
56.73
59.1
56.04
57.98
57.68
58.32
56.08
NA
NA
NA
NA
NA
NA
57.9
56.63
56.34
58.83
58.62
57.07
58.58
55.73
58.79
58.6
56.94
58.62
54.05
55.61
NA
57.18
59.05
57.25
57.55
58.99
55.87
56.97
56.97
56.47
56.87
56.67
55.37
58.17
59.94
58.03
56.04
57.29
55.68
56.97
60.01
55.98
64.95
59.46
58.7
56.7
56.58
60.07
55.87
56.15
57.49
56.39
NA
57.19
57.69
58.29
56.46
56.89
56.44
60.98
59.99
55.56
58.6
NA
56.41
55.45
57.04
56.59
58.82
58.6
57.84
61.25
58.23
56.71
58.26
58.6
57.32
58.14
56.81
57.06
NA
NA
59.59
NA
57.77
56.34
57.53
56.18
57.6
56.76
58.92
58.62
57.52
58.3
56.26
60.77
56.01
56.84
57.06
57.58
56.69
57.15
57.1
55.85
59.42
57.79
56.15
61.15
56.85
58.25
57.02
58.29
59.0
57.64
56.01
56.69
56.52
NA
NA
NA
NA
57.76
57.86
55.56
55.96
56.46
57.08
56.18
58.65
57.75
56.64
56.28
57.45
56.5
56.5
56.2
57.26
57.85
59.22
56.8
56.45
57.61
62.1
56.38
57.88
56.96
56.43
57.61
62.08
56.8
57.69
57.2
57.8
59.99
57.59
57.37
54.19
56.59
55.59
58.57
58.73
58.46
57.11
56.86
56.39
58.59
58.19
58.12
58.12
58.11
55.8
58.53
55.53
57.61
57.11
56.61
56.13
59.35
59.93
56.8
55.41
56.0
57.05
57.71
56.67
58.08
NA
NA
57.0
59.14
56.25
58.58
58.42
58.74
57.04
57.0
57.3
NA
NA
58.39
57.09
59.04
57.94
57.23
60.0
59.05
58.35
57.05
58.45
NA
57.6
55.9
57.0
56.5
55.34
57.32
57.12
58.82
57.11
57.21
55.31
57.61
55.41
55.91
56.56
56.81
57.91
55.99
57.81
58.11
57.7
57.81
58.99
56.24
55.75
58.58
55.8
56.1
56.12
57.56
57.27
NA
55.84
55.94
56.54
56.86
58.16
58.56
56.36
54.91
54.89
56.49
57.49
57.38
56.88
55.88
57.6
56.4
53.98
58.1
57.81
55.86
58.14
56.49
56.25
56.64
56.91
55.29
58.92
58.65
59.62
62.72
56.56
57.37
52.2
57.5
59.68
58.62
56.51
60.46
59.7
58.7
56.51
60.48
57.84
58.29
61.35
54.2
NA
NA
NA
57.09
57.55
58.08
56.81
56.71
56.21
56.91
56.31
55.31
58.21
57.76
56.96
58.43
57.19
57.26
56.96
58.24
56.98
57.34
58.96
58.48
58.92
56.72
56.49
58.0
56.17
55.46
56.86
59.12
57.02
57.04
59.88
57.88
57.11
58.64
57.21
NA
56.75
58.95
58.05
59.26
54.45
58.38
57.2
61.08
56.17
56.62
57.58
56.69
58.64
57.14
58.97
56.49
59.58
55.98
58.95
56.65
56.65
57.15
58.88
56.57
58.51
55.75
58.85
57.3
60.82
58.22
NA
56.84
59.44
58.34
56.14
58.24
NA
60.94
58.45
57.36
58.01
57.82
56.82
57.81
58.6
59.15
56.85
57.95
58.68
56.9
59.19
56.99
56.86
55.97
58.07
57.03
63.26
57.23
58.34
57.13
56.22
57.04
56.49
57.62
58.08
56.95
56.88
62.12
57.23
57.0
56.33
57.43
57.23
58.91
55.41
55.21
57.31
56.21
56.51
57.81
56.81
58.66
58.11
57.71
51.27
55.84
57.73
NA
59.81
58.75
54.63
NA
57.35
57.34
55.64
56.54
56.94
55.74
57.48
55.59
56.39
57.49
56.19
57.64
58.84
57.74
55.95
58.11
57.56
57.76
56.12
56.17
57.22
57.23
57.74
56.69
58.46
58.96
57.27
58.1
58.22
59.08
58.41
56.0
58.6
56.72
55.58
56.75
55.95
56.45
57.52
57.04
60.25
56.98
61.23
56.45
57.83
56.06
57.66
57.99
58.06
57.88
57.7
59.09
58.58
56.64
56.3
NA
57.73
55.37
58.21
56.53
58.13
NA
NA
NA
56.36
57.62
58.69
58.86
58.08
58.11
57.09
57.79
57.99
60.88
57.65
55.84
58.94
55.44
56.73
56.33
54.44
60.94
58.09
59.64
60.33
55.23
58.57
59.1
56.4
56.41
57.92
56.11
54.12
53.69
58.06
55.59
55.61
60.11
58.07
58.95
56.75
58.29
59.02
59.03
55.7
57.84
56.04
58.43
57.8
56.31
57.45
57.13
56.94
61.14
55.58
56.77
56.82
56.61
57.51
57.58
57.42
56.65
56.7
56.54
61.12
55.98
60.54
57.7
58.33
57.62
55.91
58.65
56.28
54.61
59.44
57.04
58.43
56.56
55.87
58.78
59.14
57.04
58.64
58.33
58.33
56.13
57.4
56.24
57.87
56.72
56.84
56.61
56.74
57.48
57.07
56.29
55.28
58.8
56.49
57.36
58.8
58.55
61.0
56.35
53.39
NA
56.94
57.43
59.36
NA
57.0
57.09
56.02
58.25
56.02
58.72
57.03
56.68
56.4
56.44
57.53
57.5
57.03
57.75
56.95
57.58
57.26
57.31
59.65
58.11
58.59
59.89
NA
56.15
57.03
54.98
60.56
59.34
57.24
59.1
58.2
58.49
59.13
58.89
57.39
58.07
59.28
57.07
56.6
55.25
57.08
57.0
58.03
55.99
56.7
54.8
56.77
56.85
57.39
60.23
57.76
56.52
58.91
58.18
55.83
56.75
55.61
56.99
58.22
58.7
56.73
56.59
55.6
58.51
56.59
57.13
58.08
57.3
57.43
NA
55.89
58.62
58.49
58.29
NA
58.16
53.59
56.69
57.49
56.17
58.52
59.32
54.16
58.61
59.07
58.09
58.44
57.18
56.63
62.24
58.81
58.65
56.8
56.63
57.95
58.21
57.91
59.03
56.76
NA
58.8
61.24
56.15
60.32
NA
57.42
57.7
58.21
58.06
55.46
56.86
57.06
56.88
58.26
56.07
60.05
58.44
58.49
57.04
56.7
58.26
56.27
57.46
56.96
57.19
59.47
57.16
56.28
55.85
56.62
57.1
57.1
58.7
56.7
58.0
56.7
54.97
59.23
60.55
57.51
57.75
61.13
57.16
58.47
57.03
56.42
60.04
57.07
57.22
57.17
55.71
58.48
NA
57.94
58.14
60.45
59.66
57.69
59.44
55.51
59.66
55.33
55.3
57.58
56.81
57.17
57.76
NA
58.38
57.09
57.99
56.09
57.79
56.83
58.23
58.68
57.6
57.56
56.86
57.56
58.2
56.68
58.57
54.42
55.22
56.95
56.86
56.78
56.96
56.21
55.62
57.67
59.37
59.58
56.81
56.55
58.34
57.93
56.72
56.8
57.1
57.64
57.14
56.44
60.24
60.44
56.93
60.27
56.4
58.22
61.1
55.71
57.66
57.31
62.72
57.25
55.45
58.41
57.08
59.47
57.19
NA
NA
59.16
57.51
55.42
55.84
56.93
NA
60.08
59.17
57.79
59.15
57.9
55.03
56.25
56.57
57.89
58.74
57.95
55.13
56.17
56.63
57.3
58.31
56.3
56.62
57.65
56.41
60.02
56.01
58.12
57.19
57.67
57.99
57.56
57.98
59.46
55.84
56.68
55.77
56.67
59.57
59.07
56.81
57.7
55.52
58.28
56.54
60.21
57.51
57.11
56.31
56.21
57.23
57.27
56.57
56.76
56.9
56.92
60.3
56.09
58.59
57.99
57.99
55.99
57.1
58.34
56.08
57.52
57.22
58.95
59.83
56.65
57.82
57.04
56.88
56.63
57.15
59.72
56.35
56.55
57.56
57.2
58.96
59.98
56.67
57.83
57.04
56.88
56.57
58.1
57.0
57.2
55.6
57.6
57.68
54.97
55.34
60.83
58.43
56.53
61.43
57.67
56.97
56.79
59.99
59.31
55.95
59.07
56.93
57.56
58.05
57.21
58.16
60.03
57.53
57.98
57.96
61.58
58.33
57.29
57.99
58.79
57.69
56.99
57.44
56.89
56.06
58.53
55.97
NA
NA
NA
NA
56.19
59.4
57.43
55.45
61.44
NA
58.43
56.22
56.25
58.66
57.53
57.56
57.56
57.66
59.23
58.92
59.48
59.43
56.81
58.41
56.42
56.78
55.67
56.36
57.01
55.93
56.47
56.78
55.46
55.95
55.36
54.87
56.01
55.47
54.86
56.79
57.79
58.09
56.49
56.17
56.11
57.05
56.42
55.72
55.57
55.44