NA
173.62
173.58
173.2
173.68
174.35
174.42
172.2
172.32
171.31
172.07
171.64
173.79
172.77
171.75
172.51
174.09
171.45
174.83
172.86
171.15
NA
173.92
174.49
175.15
176.56
173.8
174.33
172.89
172.61
172.59
173.91
173.02
177.31
173.67
172.31
173.06
171.94
172.76
173.2
174.56
169.58
171.89
171.97
175.08
174.17
NA
174.72
173.63
171.5
170.65
172.46
NA
174.02
172.62
173.61
173.12
174.21
172.91
172.94
172.05
173.43
171.82
172.09
171.37
174.99
174.43
173.8
172.86
NA
NA
171.25
171.64
172.01
171.68
171.84
173.52
172.41
172.16
174.54
174.09
173.35
172.05
171.33
170.66
172.16
172.75
171.53
NA
174.75
NA
171.45
170.2
174.82
174.77
175.22
173.32
NA
173.12
173.34
172.22
175.23
172.88
173.92
172.09
171.31
172.99
172.98
171.19
173.65
173.18
NA
174.07
172.83
174.99
172.64
172.0
173.03
175.82
171.64
172.78
174.38
172.2
174.28
172.93
172.84
NA
NA
175.04
173.39
174.45
171.89
173.43
NA
171.05
173.57
NA
175.13
NA
NA
172.61
174.09
175.13
172.95
173.95
174.99
170.99
172.16
173.94
172.63
173.63
172.05
174.68
NA
174.0
174.12
173.69
173.4
173.03
173.3
NA
NA
173.94
NA
175.49
175.83
NA
173.27
173.66
171.16
173.11
NA
172.88
173.1
173.57
173.06
172.43
175.9
173.38
172.52
172.04
176.16
174.12
176.18
171.52
174.41
173.6
173.07
173.19
172.61
173.42
176.73
174.53
173.73
170.45
172.85
174.8
172.86
173.07
173.12
170.79
NA
172.82
172.02
177.82
NA
173.83
NA
174.4
174.86
175.28
173.26
174.62
172.29
171.57
NA
172.56
172.76
172.97
173.05
NA
173.7
173.18
172.08
171.86
173.59
173.09
NA
NA
174.94
175.4
172.6
174.57
174.32
NA
173.13
172.0
171.95
172.45
173.96
171.16
174.65
173.54
173.52
171.47
171.91
171.05
174.07
171.29
173.0
172.13
175.06
173.65
171.48
172.27
175.39
170.82
173.61
172.73
NA
171.58
172.04
173.65
174.28
173.46
174.01
173.52
174.39
173.23
174.12
173.5
173.39
174.14
173.03
172.55
173.53
173.15
174.31
173.36
175.55
173.23
171.59
170.49
176.77
NA
NA
175.6
NA
172.72
173.53
173.45
172.68
171.3
174.94
173.38
172.01
173.5
174.7
173.89
172.6
172.8
172.85
174.67
174.44
174.4
174.81
174.64
172.39
172.08
174.51
174.31
176.21
173.79
172.36
173.66
172.4
173.31
173.77
175.95
174.35
172.22
173.44
171.71
174.18
172.76
173.72
174.05
173.66
172.48
172.09
173.38
173.99
171.72
172.1
172.68
173.24
NA
172.91
174.57
173.36
174.63
171.61
174.42
172.16
172.77
NA
174.59
175.22
171.22
173.79
172.86
173.8
172.35
172.95
172.64
174.48
173.26
172.64
174.13
175.93
176.5
172.64
173.52
171.4
171.83
172.55
173.94
NA
NA
177.65
173.01
174.01
173.59
172.26
172.56
172.37
173.23
172.79
174.55
173.62
174.35
173.31
174.65
174.7
173.86
174.71
169.81
176.8
173.41
174.35
171.64
171.68
171.71
174.57
173.35
172.95
172.04
173.62
172.3
174.59
174.15
174.09
170.61
NA
173.11
170.59
172.72
174.49
177.07
172.75
174.44
176.44
172.62
174.43
176.33
172.62
174.52
176.04
172.63
174.37
176.91
172.51
NA
NA
NA
174.64
171.56
174.94
NA
174.42
NA
174.51
NA
171.61
172.91
171.39
172.39
175.68
172.37
172.89
172.17
173.09
173.02
174.42
NA
NA
NA
NA
172.75
NA
NA
NA
NA
173.1
172.5
172.0
172.0
171.14
173.87
176.27
172.98
172.89
176.07
175.4
172.81
174.6
173.61
NA
NA
173.25
173.87
186.27
NA
171.9
NA
NA
NA
NA
NA
174.98
NA
174.37
173.27
172.87
173.47
NA
NA
NA
175.06
174.69
NA
172.68
174.48
175.06
173.56
175.56
172.92
175.64
170.56
172.63
171.46
172.3
173.73
173.49
172.74
170.85
175.35
176.25
172.65
172.15
NA
171.88
171.05
174.4
173.6
172.5
173.36
172.84
NA
NA
171.93
172.87
172.58
172.74
173.54
172.37
172.19
174.17
172.87
174.55
173.36
173.82
173.77
173.83
173.77
174.37
172.89
174.8
173.08
173.88
NA
173.72
174.23
175.81
173.74
173.67
174.27
172.8
174.69
NA
177.93
171.71
176.7
174.11
178.85
176.55
NA
NA
175.13
172.63
171.03
173.13
175.23
172.63
170.93
173.03
175.22
172.62
171.02
173.02
175.22
172.72
171.02
173.02
175.32
172.72
171.02
173.02
175.92
173.51
174.27
174.26
174.28
173.29
171.82
174.56
175.97
174.46
175.78
173.36
171.18
171.87
173.84
174.59
NA
172.88
175.68
170.66
173.35
171.48
172.41
174.14
173.21
175.95
NA
174.3
NA
176.48
172.56
173.35
174.37
172.55
170.67
173.07
176.12
NA
175.12
172.28
173.94
172.15
175.48
171.21
174.13
171.82
173.06
171.28
175.18
176.02
173.02
NA
NA
173.16
174.06
172.86
NA
NA
NA
174.46
172.3
173.37
177.34
176.47
175.12
173.5
174.2
170.91
175.32
NA
NA
NA
NA
175.05
173.48
172.59
NA
172.49
NA
NA
173.48
174.61
175.22
171.8
NA
NA
174.2
170.91
175.32
NA
NA
174.22
172.29
173.21
176.0
NA
172.33
173.94
174.54
173.74
NA
NA
NA
NA
NA
NA
NA
NA
NA
NA
NA
NA
NA
NA
NA
NA
NA
NA
NA
NA
NA
NA
NA
NA
NA
NA
NA
NA
NA
NA
NA
NA
173.71
173.6
174.29
NA
NA
NA
NA
NA
NA
NA
172.97
173.17
174.86
173.34
172.12
174.1
172.05
174.28
172.34
171.48
172.84
172.31
174.78
173.59
171.31
NA
NA
174.73
173.19
171.68
NA
NA
NA
NA
NA
NA
NA
NA
NA
NA
172.7
175.45
173.1
177.22
175.42
NA
NA
NA
NA
NA
NA
NA
NA
NA
173.47
173.51
173.11
173.11
176.14
NA
NA
NA
NA
NA
173.54
173.55
173.12
173.21
176.58
173.03
173.02
175.42
171.32
NA
NA
NA
NA
NA
173.7
171.23
173.12
171.42
176.61
172.34
NA
NA
174.26
174.63
173.05
175.55
172.42
174.15
NA
NA
NA
NA
NA
NA
179.33
NA
NA
179.23
173.83
NA
175.94
176.4
177.14
171.03
175.33
NA
NA
175.28
173.18
175.48
170.58
175.68
172.28
174.81
173.59
174.59
174.56
170.8
NA
174.75
173.27
174.13
171.68
173.6
NA
171.19
172.29
174.52
177.11
NA
173.06
175.45
171.36
172.58
171.74
173.89
174.53
175.36
NA
NA
NA
174.94
172.45
172.7
175.76
173.74
171.74
174.04
175.94
NA
NA
NA
NA
NA
NA
NA
172.34
173.04
172.74
173.64
172.74
171.84
NA
175.94
173.44
174.94
172.64
176.74
174.24
171.14
172.88
176.78
175.18
174.58
173.48
NA
NA
NA
NA
NA
NA
NA
NA
NA
NA
NA
NA
176.24
171.54
174.17
170.97
175.27
174.23
170.73
175.33
NA
NA
NA
NA
173.13
NA
171.96
172.08
174.36
173.82
173.53
172.7
174.74
174.12
176.5
173.14
174.12
174.19
173.27
171.62
176.03
171.07
NA
NA
172.5
NA
NA
NA
NA
NA
NA
NA
NA
NA
NA
NA
173.69
175.49
173.39
174.3
NA
NA
NA
173.84
NA
171.75
173.95
172.55
173.25
171.05
176.84
173.74
NA
NA
169.2
172.8
NA
172.61
172.61
174.55
NA
174.64
174.45
174.25
171.05
NA
173.05
173.15
174.25
171.65
NA
NA
NA
NA
NA
NA
NA
NA
NA
NA
NA
NA
175.76
173.42
NA
171.12
173.62
173.97
175.58
173.62
172.19
176.48
NA
NA
NA
NA
NA
NA
NA
NA
NA
NA
NA
NA
NA
173.42
NA
NA
NA
NA
NA
175.88
171.36
172.09
NA
NA
NA
NA
NA
NA
171.05
172.67
171.24
173.67
172.83
175.29
175.05
176.55
175.09
171.55
174.65
172.35
172.55
176.35
173.55
175.45
NA
174.15
173.95
173.78
174.28
NA
NA
NA
NA
NA
NA
NA
NA
NA
NA
NA
NA
NA
171.74
175.54
172.04
176.54
174.34
171.54
171.94
171.84
172.24
173.14
173.84
175.54
177.32
172.37
172.73
172.81
173.11
176.41
172.67
175.77
NA
NA
NA
NA
NA
173.92
173.45
172.15
172.95
173.45
173.65
NA
NA
173.27
173.35
NA
171.25
NA
173.05
174.75
NA
NA
171.96
174.64
173.53
170.68
173.35
176.07
170.94
171.61
171.63
173.81
NA
NA
NA
NA
173.3
173.48
NA
173.45
172.87
175.53
177.47
174.15
174.44
173.97
173.49
174.77
173.74
174.04
171.42
173.38
NA
NA
175.45
NA
174.34
NA
NA
NA
NA
NA
NA
NA
NA
NA
NA
173.04
174.94
174.94
NA
NA
173.52
172.0
174.14
NA
175.45
172.15
172.15
NA
NA
173.32
174.03
172.74
173.9
NA
NA
NA
NA
NA
170.2
174.28
NA
171.57
172.6
NA
NA
NA
NA
NA
NA
NA
NA
173.56
174.3
176.23
173.21
173.12
176.29
170.84
171.85
172.42
NA
NA
NA
NA
NA
NA
NA
171.57
172.6
NA
NA
NA
NA
175.09
NA
NA
NA
NA
NA
NA
NA
172.16
NA
174.66
174.26
174.66
175.56
NA
173.99
175.85
175.24
172.38
172.12
172.72
172.72
171.62
173.19
173.59
172.15
173.4
NA
172.57
NA
NA
NA
NA
NA
NA
NA
NA
NA
NA
NA
NA
NA
NA
NA
NA
NA
NA
NA
NA
NA
NA
NA
NA
NA
NA
NA
NA
NA
NA
NA
NA
NA
NA
175.51
170.38
172.78
173.79
174.66
NA
NA
173.82
175.63
172.82
175.72
173.57
171.46
NA
172.88
174.38
174.08
173.58
172.68
174.78
171.68
176.48
173.18
174.08
174.68
175.18
NA
179.15
177.27
178.48
176.08
179.89
173.33
174.47
172.07
172.96
172.46
176.06
172.26
171.06
173.96
173.93
173.79
NA
175.03
173.89
175.26
173.56
173.54
171.59
NA
172.45
171.95
NA
175.13
172.4
171.91
172.46
173.74
173.6
173.61
NA
172.01
174.81
NA
NA
172.64
174.05
175.04
172.58
NA
NA
173.19
175.3
175.12
172.42
177.33
173.53
173.23
175.21
NA
NA
NA
NA
NA
NA
NA
NA
172.5
174.0
175.2
NA
173.57
174.53
172.85
172.2
173.96
NA
NA
NA
NA
NA
173.29
NA
NA
NA
NA
NA
NA
175.11
171.87
174.97
173.47
173.17
174.17
175.27
172.97
172.77
173.97
171.78
171.78
179.5
170.86
171.71
171.66
173.26
176.66
171.66
NA
NA
NA
NA
NA
NA
NA
NA
NA
NA
NA
NA
NA
NA
173.82
173.4
NA
174.24
172.13
174.38
172.13
173.34
173.09
172.09
177.08
177.08
172.88
173.98
174.28
171.58
171.77
174.67
173.67
170.87
172.07
174.67
174.27
170.57
NA
NA
NA
172.64
174.04
NA
171.81
173.15
173.35
173.19
172.96
171.78
173.96
172.44
171.46
173.26
177.04
NA
NA
NA
NA
NA
NA
171.37
171.87
172.97
173.97
NA
174.37
172.47
172.57
NA
NA
NA
NA
172.49
NA
172.88
NA
NA
NA
173.83
172.09
172.1
172.87
173.2
172.15
NA
172.73
175.83
NA
172.4
171.85
175.7
171.74
176.84
172.71
173.93
171.64
172.16
172.64
173.29
174.16
175.6
176.5
172.55
NA
173.73
NA
NA
NA
NA
174.98
NA
NA
171.34
174.94
NA
NA
172.64
172.44
174.1
172.97
176.55
171.31
173.91
175.01
172.58
170.73
173.0
172.42
173.64
172.37
173.65
172.95
174.61
174.02
173.48
172.39
173.26
170.44
173.27
172.56
172.83
174.93
173.63
175.33
175.03
NA
NA
NA
NA
NA
173.23
172.19
173.5
171.51
172.11
NA
171.3
175.5
171.9
174.7
175.0
172.03
NA
174.63
171.78
176.37
174.11
173.74
175.13
172.57
174.76
174.31
172.86
175.74
NA
NA
172.91
NA
NA
171.44
169.43
172.03
170.73
NA
NA
174.47
171.86
173.45
174.24
171.14
175.64
173.46
176.53
174.62
171.49
172.3
172.44
172.35
172.87
175.22
175.0
172.26
171.25
172.61
173.34
174.38
173.85
174.11
171.79
176.83
173.49
172.34
174.74
177.59
NA
174.47
171.87
173.47
NA
176.12
175.64
172.5
175.03
173.17
175.27
173.69
174.19
173.45
171.65
NA
NA
NA
NA
NA
173.58
173.78
172.43
173.23
175.29
174.82
174.74
174.34
171.09
170.63
172.28
NA
171.84
177.44
172.84
172.84
NA
175.85
175.24
172.38
172.12
172.72
172.72
171.62
173.19
173.59
172.15
NA
172.19
173.63
172.63
NA
NA
NA
NA
NA
NA
NA
NA
NA
NA
NA
NA
NA
179.51
178.86
NA
NA
NA
177.87
174.17
174.83
174.78
173.35
175.01
173.61
172.96
173.16
173.66
172.06
173.7
174.2
172.3
174.4
174.0
173.05
172.1
174.09
NA
NA
NA
NA
NA
175.96
175.05
173.95
171.88
173.68
172.58
173.18
NA
173.97
173.19
172.87
175.14
176.94
NA
177.09
170.99
175.29
NA
NA
NA
NA
173.75
NA
174.58
173.12
173.76
172.66
174.56
NA
175.46
173.78
173.26
174.36
173.06
169.95
171.71
174.31
175.2
NA
NA
171.95
172.85
NA
173.1
172.85
172.85
172.81
172.4
172.65
172.66
170.16
172.1
NA
NA
NA
NA
NA
NA
NA
NA
NA
NA
NA
NA
NA
NA
NA
172.79
171.68
172.77
173.15
174.11
172.61
172.91
172.41
170.61
175.71
172.61
NA
NA
NA
NA
NA
NA
NA
NA
NA
NA
NA
NA
NA
NA
NA
NA
175.27
NA
NA
171.27
175.47
172.47
NA
172.97
173.46
173.71
171.52
177.16
173.91
NA
NA
NA
NA
172.95
172.67
173.1
177.74
174.39
175.45
173.46
171.29
172.3
174.89
NA
178.5
172.9
NA
NA
NA
174.02
173.7
172.04
171.52
172.85
172.33
175.05
175.89
175.69
NA
NA
174.47
174.35
171.94
173.44
173.4
173.7
176.0
176.74
170.94
172.88
172.96
171.43
173.79
NA
NA
NA
179.29
179.06
174.93
171.78
NA
175.12
173.64
180.32
173.36
180.5
173.45
174.11
173.81
167.51
175.81
171.51
NA
174.88
176.0
175.4
NA
175.66
175.54
NA
176.98
NA
171.77
NA
174.92
173.28
173.0
172.57
176.06
174.13
171.26
174.14
173.05
172.52
176.05
172.89
171.28
174.06
174.41
173.43
172.93
173.71
175.58
173.08
177.48
NA
NA
NA
NA
NA
NA
NA
NA
NA
NA
176.06
176.89
NA
176.78
174.05
171.85
173.85
172.78
172.38
175.1
176.27
175.1
178.64
179.39
178.72
177.55
177.87
NA
NA
NA
172.67
172.06
171.68
173.71
174.51
172.61
173.64
172.32
NA
NA
NA
NA
NA
172.05
174.18
175.05
174.66
174.51
173.81
174.81
NA
172.29
172.09
173.09
174.89
174.93
171.4
174.5
175.7
175.86
172.26
174.46
171.06
NA
171.66
NA
173.19
174.39
NA
172.26
173.36
173.71
171.56
173.03
NA
NA
NA
NA
NA
172.74
171.54
173.5
NA
174.48
173.88
173.88
173.07
174.47
171.21
174.71
NA
175.09
174.89
175.89
175.22
174.82
175.32
172.52
172.8
NA
NA
174.55
173.11
179.01
173.65
171.69
172.59
171.74
NA
NA
NA
NA
NA
NA
NA
NA
NA
NA
NA
NA
NA
NA
NA
NA
NA
172.57
173.29
174.19
173.34
NA
NA
NA
175.26
NA
NA
173.86
172.76
172.76
172.36
170.86
175.86
172.76
NA
NA
NA
171.64
175.23
172.75
173.23
169.95
175.57
174.66
171.21
NA
173.59
171.82
173.19
175.19
NA
NA
173.01
NA
173.64
175.42
176.51
173.14
172.66
173.66
NA
172.83
170.99
172.3
178.7
NA
NA
172.52
172.22
172.46
173.46
173.06
173.06
NA
172.61
172.13
170.7
172.93
173.92
173.48
NA
174.57
170.96
174.35
173.23
173.72
170.97
173.57
174.05
173.89
175.46
NA
173.47
172.97
172.27
173.57
173.57
NA
174.59
176.19
173.28
NA
NA
174.89
174.02
172.23
175.07
171.64
175.56
NA
175.34
173.27
171.25
174.89
173.29
174.87
173.49
175.68
172.6
170.63
174.83
173.56
173.62
173.79
171.91
172.58
172.33
174.5
173.59
171.0
NA
173.94
172.64
173.64
172.3
NA
174.6
173.0
171.5
173.8
172.8
172.8
172.0
171.6
172.6
NA
176.78
172.06
NA
175.01
174.59
NA
175.83
NA
NA
NA
NA
NA
NA
NA
NA
NA
NA
NA
174.17
176.27
176.17
174.75
173.14
NA
172.04
174.64
173.03
170.65
173.89
173.41
173.13
NA
NA
171.75
173.92
174.86
NA
NA
174.18
176.08
171.22
175.54
173.34
171.73
171.63
171.67
170.7
174.26
171.67
172.73
174.04
171.55
172.66
173.51
171.97
172.62
177.69
173.32
NA
173.45
173.68
173.29
NA
174.97
176.58
173.29
172.09
173.09
NA
NA
NA
170.51
174.96
174.38
176.41
174.1
174.23
NA
NA
NA
171.89
171.8
173.39
174.05
171.71
170.71
173.61
174.98
171.8
174.34
172.5
NA
NA
175.09
173.7
175.39
174.08
169.97
172.74
173.22
172.45
172.25
173.25
176.3
172.67
171.92
NA
NA
175.61
172.71
172.81
173.87
NA
173.89
174.43
174.6
172.68
175.05
172.06
173.7
174.43
175.19
173.11
172.87
NA
177.62
173.38
172.56
172.79
172.7
174.01
173.09
173.25
172.38
NA
173.15
174.6
175.16
NA
NA
NA
NA
NA
NA
NA
NA
171.64
174.61
177.41
171.71
173.8
177.1
NA
171.54
NA
NA
173.18
173.18
173.93
NA
172.23
174.8
174.12
178.54
176.75
176.57
175.69
172.75
172.88
NA
NA
NA
NA
173.48
173.11
177.0
175.85
176.36
NA
NA
NA
NA
NA
173.81
NA
172.64
NA
172.83
171.36
NA
172.96
173.17
172.57
173.67
173.42
174.35
174.81
173.79
172.69
NA
175.15
175.12
171.14
171.67
172.19
172.45
172.3
171.76
175.98
173.48
NA
NA
171.53
173.63
NA
NA
NA
NA
NA
NA
NA
NA
NA
173.54
175.45
172.22
173.71
NA
175.75
170.9
172.27
174.42
NA
NA
NA
NA
NA
NA
NA
NA
NA
NA
NA
NA
NA
NA
NA
NA
NA
174.6
NA
NA
171.57
NA
173.19
172.69
173.28
174.3
171.73
173.59
NA
NA
172.92
174.41
NA
NA
NA
NA
175.53
176.63
174.03
174.83
NA
171.33
174.73
NA
NA
NA
174.03
NA
175.73
NA
172.83
NA
177.03
178.12
174.12
171.82
173.22
172.93
173.02
172.94
176.07
177.64
173.02
172.58
173.7
174.05
172.11
176.93
174.64
172.01
172.63
172.28
173.88
173.51
172.7
172.59
171.09
172.99
175.69
171.09
176.57
NA
NA
NA
172.79
NA
NA
NA
NA
171.15
174.51
174.48
172.11
173.2
177.23
176.42
174.85
NA
NA
NA
NA
176.19
176.37
172.72
175.7
174.25
174.25
174.33
175.17
173.34
175.76
175.81
172.24
173.79
172.71
172.92
NA
NA
173.36
174.06
174.59
171.99
173.39
173.92
171.79
NA
174.27
174.12
NA
174.72
172.08
174.16
175.83
172.0
173.38
173.11
174.0
174.7
173.76
174.51
171.94
171.96
171.75
173.22
172.46
173.56
172.11
174.52
174.92
173.22
173.76
173.86
172.98
174.29
173.51
174.19
172.66
NA
175.08
NA
172.27
NA
174.51
175.4
173.54
171.2
NA
NA
NA
NA
NA
NA
NA
NA
171.76
172.48
NA
NA
NA
NA
NA
NA
NA
NA
NA
NA
NA
NA
173.08
174.51
174.33
173.35
173.73
171.38
173.15
171.57
173.45
172.33
174.11
172.97
174.11
174.32
172.36
173.28
176.07
NA
174.1
NA
171.8
171.01
NA
NA
NA
173.19
NA
178.01
173.71
173.01
170.91
172.87
NA
172.27
172.67
173.65
173.67
171.52
175.1
NA
NA
NA
NA
NA
NA
NA
NA
NA
NA
NA
NA
NA
NA
NA
NA
NA
NA
NA
NA
NA
NA
NA
NA
NA
NA
NA
NA
NA
174.39
173.39
173.59
171.89
NA
173.19
171.2
174.77
NA
NA
NA
NA
NA
NA
NA
173.76
173.58
174.53
175.42
171.44
171.43
171.87
174.66
173.72
173.57
173.79
173.55
171.7
172.11
NA
NA
NA
NA
NA
NA
NA
NA
NA
NA
NA
172.03
174.05
175.05
174.59
NA
NA
NA
NA
NA
NA
174.26
171.15
NA
175.11
175.83
172.99
173.09
171.49
NA
NA
176.69
171.82
173.06
171.28
NA
NA
NA
NA
NA
NA
NA
NA
NA
NA
NA
NA
NA
NA
NA
NA
NA
NA
172.72
175.17
175.23
175.27
174.37
175.02
174.9
174.85