58.35
57.0
NA
57.12
59.61
54.97
60.54
58.32
59.35
56.81
NA
NA
NA
NA
57.98
57.08
55.23
NA
58.82
56.92
NA
NA
NA
58.95
56.88
56.31
59.85
NA
NA
NA
58.26
58.63
58.28
58.47
NA
NA
NA
NA
NA
58.35
NA
NA
58.35
NA
NA
NA
58.67
NA
57.67
58.02
58.25
58.0
57.82
58.27
57.79
61.05
58.59
57.29
58.1
58.21
NA
58.19
57.42
58.27
NA
NA
NA
58.6
56.11
61.18
58.64
NA
NA
NA
NA
NA
58.3
NA
60.46
57.86
NA
NA
NA
NA
58.05
58.55
58.62
57.52
56.99
63.54
57.1
58.2
NA
NA
NA
NA
NA
NA
60.94
61.37
62.03
58.65
NA
NA
NA
NA
NA
NA
58.76
58.68
NA
NA
NA
NA
NA
NA
NA
58.36
58.16
NA
NA
NA
58.37
58.59
58.25
58.73
58.91
58.3
57.67
60.59
58.2
58.33
58.32
58.55
58.8
NA
NA
60.96
58.71
58.5
59.27
59.03
58.71
58.46
58.46
58.3
58.54
58.26
58.67
58.2
59.09
58.47
57.81
59.41
58.32
58.19
58.34
58.32
NA
NA
NA
NA
56.21
58.7
58.43
NA
NA
NA
NA
NA
NA
58.55
56.33
59.91
56.78
60.87
54.61
56.38
58.01
NA
NA
NA
NA
58.28
58.54
58.09
59.96
59.99
59.22
58.77
58.44
NA
NA
NA
NA
NA
NA
58.78
56.39
NA
NA
NA
NA
NA
NA
58.76
61.7
59.25
59.34
NA
NA
NA
NA
NA
NA
57.75
56.91
60.95
57.2
NA
NA
NA
58.25
58.56
58.32
58.97
58.52
57.56
58.15
NA
NA
NA
NA
NA
58.09
58.41
NA
NA
NA
NA
58.16
58.44
58.06
58.13
58.13
58.38
NA
NA
NA
NA
NA
NA
NA
57.31
57.42
56.81
NA
NA
NA
NA
NA
NA
NA
NA
NA
NA
58.55
57.75
58.04
NA
NA
NA
NA
NA
58.26
55.02
58.48
57.17
NA
NA
NA
NA
NA
NA
NA
57.43
56.95
61.55
57.04
59.05
NA
NA
58.9
56.35
NA
57.7
58.3
NA
58.84
61.04
53.46
57.92
58.28
58.28
61.71
58.32
58.19
58.16
60.36
60.36
58.2
58.23
58.44
NA
55.74
58.31
58.71
58.63
58.56
56.93
58.88
58.54
58.41
NA
NA
NA
NA
56.42
60.21
58.73
NA
NA
NA
NA
NA
NA
58.6
57.8
57.74
58.44
NA
NA
NA
NA
NA
NA
NA
62.89
NA
NA
NA
NA
NA
58.79
57.93
58.22
NA
NA
NA
NA
58.3
58.57
58.37
58.46
58.97
NA
NA
NA
58.45
58.03
59.12
57.69
58.15
58.96
60.22
NA
NA
NA
NA
57.09
60.64
58.74
59.41
NA
58.7
NA
NA
NA
NA
NA
58.07
57.65
57.65
58.7
58.1
58.63
56.35
NA
NA
NA
NA
58.61
58.18
58.61
55.8
58.3
59.25
57.84
58.61
NA
NA
NA
NA
58.5
57.97
NA
NA
NA
NA
NA
59.88
58.55
58.23
61.27
60.17
NA
NA
NA
NA
NA
58.85
56.75
59.03
58.28
NA
58.5
58.16
58.29
58.16
58.48
57.06
57.33
58.39
58.4
NA
NA
NA
58.3
NA
58.21
57.31
57.83
NA
NA
NA
NA
NA
NA
NA
NA
58.54
58.4
59.41
58.74
NA
NA
NA
NA
NA
NA
NA
58.82
61.15
NA
NA
NA
57.99
57.99
56.76
NA
NA
NA
NA
NA
NA
NA
58.33
59.52
57.21
60.69
NA
NA
NA
NA
NA
NA
NA
61.24
NA
NA
NA
NA
NA
NA
58.78
56.78
58.4
57.53
58.25
58.44
58.4
NA
NA
NA
NA
58.69
56.02
58.89
59.07
NA
NA
NA
NA
NA
NA
NA
59.1
NA
58.43
59.74
58.61
61.85
NA
NA
NA
NA
58.67
58.64
62.58
58.78
NA
NA
NA
NA
NA
NA
57.05
58.61
61.01
60.39
57.73
57.73
58.28
58.26
58.53
58.27
58.55
58.38
58.28
58.52
60.09
58.85
58.14
58.44
58.4
58.3
58.29
58.56
58.16
58.26
58.57
57.93
58.8
58.45
59.32
58.54
58.21
58.32
58.38
NA
NA
NA
58.34
56.37
56.72
60.65
58.91
56.34
NA
NA
NA
NA
NA
NA
56.93
61.7
58.09
NA
NA
58.56
NA
NA
NA
NA
NA
NA
58.22
58.69
61.33
NA
NA
NA
58.31
57.03
56.21
56.12
NA
NA
NA
58.73
58.47
58.66
58.29
58.31
58.49
NA
NA
NA
NA
NA
NA
NA
NA
58.66
58.39
58.41
58.37
58.06
NA
NA
NA
NA
NA
58.54
57.07
60.05
56.28
61.02
58.57
NA
NA
NA
NA
NA
NA
58.11
58.75
53.96
NA
NA
NA
58.25
58.28
NA
58.71
57.49
60.24
58.27
58.68
58.52
NA
NA
NA
NA
NA
58.49
56.97
56.47
NA
NA
NA
NA
NA
NA
NA
57.03
57.7
58.54
58.97
56.78
61.26
NA
NA
NA
NA
58.0
58.01
NA
NA
58.4
58.57
58.61
58.68
58.75
59.77
57.67
57.16
58.88
58.64
58.4
58.36
NA
NA
NA
58.66
57.82
NA
NA
NA
NA
NA
NA
58.2
57.88
57.6
58.68
NA
NA
NA
NA
NA
NA
NA
57.27
57.63
57.88
NA
58.27
58.78
NA
NA
58.61
58.94
58.27
58.27
58.55
58.34
58.69
58.67
58.76
59.03
59.36
58.48
58.39
58.38
NA
NA
NA
NA
57.13
NA
58.52
58.26
58.65
57.36
62.42
58.43
58.59
58.35
57.82
58.26
58.25
59.41
62.08
56.29
61.21
58.96
57.72
58.39
NA
NA
NA
NA
NA
NA
58.2
58.51
57.81
58.05
56.05
56.57
NA
60.94
58.29
NA
NA
NA
NA
NA
NA
57.52
NA
NA
NA
58.4
58.79
58.49
58.48
58.02
56.79
58.46
58.51
58.44
58.32
58.4
58.26
58.64
59.14
60.21
58.1
58.22
58.36
58.42
NA
NA
NA
NA
58.3
59.43
59.92
58.18
58.52
58.27
58.68
58.63
58.47
58.2
58.26
58.22
58.54
58.27
58.71
56.95
57.61
58.52
60.9
56.41
58.4
NA
58.28
NA
NA
NA
NA
58.49
58.38
NA
NA
58.75
58.32
58.21
58.38
54.91
60.66
58.07
NA
NA
NA
NA
58.32
58.75
58.35
58.69
58.17
58.49
60.49
56.43
NA
NA
NA
58.56
58.23
58.52
59.5
58.57
58.34
NA
NA
58.46
58.18
58.83
59.29
58.85
58.27
NA
NA
NA
NA
NA
57.87
57.78
NA
NA
NA
NA
58.52
58.42
55.93
56.36
58.54
58.17
NA
NA
NA
NA
NA
58.38
58.62
60.49
NA
NA
NA
NA
NA
NA
58.23
58.17
NA
NA
58.23
58.39
58.28
58.44
58.1
60.17
56.54
58.37
58.93
57.87
58.24
58.29
NA
NA
NA
NA
58.19
57.95
58.38
58.16
58.28
58.37
58.14
58.29
55.66
58.22
58.27
58.32
NA
NA
NA
58.63
59.88
58.75
NA
NA
58.25
58.49
57.96
57.85
60.0
58.37
58.41
56.07
57.85
58.1
58.16
58.19
58.25
NA
NA
NA
58.21
56.46
56.31
57.17
59.47
58.06
NA
NA
NA
NA
NA
58.66
58.27
55.77
57.92
56.66
NA
NA
NA
NA
59.01
57.59
56.77
NA
NA
NA
58.2
58.2
NA
58.48
58.21
58.16
NA
NA
NA
NA
58.41
58.64
58.36
NA
NA
NA
NA
NA
58.02
NA
NA
NA
NA
NA
NA
NA
58.58
60.51
60.92
NA
NA
NA
NA
NA
58.47
56.67
58.78
NA
NA
NA
NA
NA
NA
NA
58.98
59.2
NA
NA
NA
NA
NA
NA
NA
60.07
60.88
NA
NA
NA
NA
NA
NA
NA
59.94
NA
NA
NA
NA
NA
NA
NA
NA
NA
NA
NA
58.35
58.03
NA
58.46
58.05
NA
NA
NA
NA
NA
NA
61.05
59.42
58.44
57.48
57.15
NA
NA
NA
NA
NA
NA
NA
58.34
58.34
59.69
59.29
56.73
59.96
56.82
NA
NA
NA
NA
NA
NA
NA
57.4
NA
NA
NA
NA
NA
NA
58.47
60.19
60.79
58.55
NA
NA
NA
NA
57.55
58.72
58.58
58.28
57.87
59.99
55.88
NA
NA
NA
NA
NA
NA
NA
55.59
NA
59.87
59.06
58.3
NA
NA
NA
NA
NA
NA
57.62
58.51
60.23
59.51
56.66
55.81
NA
NA
NA
NA
NA
NA
60.17
58.73
NA
NA
NA
NA
NA
58.38
58.21
NA
NA
58.2
58.21
NA
58.51
58.41
57.79
57.9
NA
NA
NA
NA
57.71
60.78
58.82
56.73
61.14
NA
NA
NA
NA
NA
NA
NA
NA
58.31
57.23
55.03
NA
58.25
58.23
NA
NA
58.6
58.07
58.16
58.27
58.27
NA
58.68
56.46
58.62
58.24
NA
NA
NA
NA
NA
NA
59.95
59.91
NA
NA
NA
NA
NA
NA
58.73
58.42
60.3
NA
NA
NA
NA
NA
58.55
NA
56.87
58.62
58.53
NA
NA
NA
NA
58.6
58.48
60.24
57.97
57.12
58.69
NA
NA
NA
NA
NA
NA
58.34
58.09
58.42
58.44
NA
NA
NA
NA
NA
NA
57.86
NA
NA
NA
NA
NA
NA
NA
NA
57.48
NA
NA
NA
NA
NA
NA
NA
NA
54.74
56.44
NA
NA
NA
NA
NA
NA
NA
NA
58.49
NA
NA
NA
NA
NA
NA
NA
58.67
NA
NA
NA
NA
NA
NA
NA
56.94
56.76
NA
NA
NA
NA
NA
NA
NA
NA
NA
NA
NA
NA
NA
NA
55.88
58.92
59.71
NA
NA
NA
NA
NA
NA
NA
NA
56.47
NA
58.83
NA
NA
NA
NA
NA
NA
NA
56.81
NA
NA
NA
NA
NA
57.02
56.86
NA
NA
NA
NA
NA
58.01
58.93
57.39
58.88
NA
NA
NA
NA
NA
NA
NA
NA
NA
57.35
NA
NA
NA
NA
NA
NA
NA
NA
NA
NA
NA
NA
NA
NA
NA
56.97
56.11
NA
NA
NA
NA
NA
NA
NA
NA
NA
NA
NA
NA
NA
58.67
NA
NA
NA
NA
NA
NA
58.26
56.42
58.34
57.99
NA
NA
NA
NA
NA
59.76
58.19
58.38
58.49
58.29
56.37
NA
NA
NA
NA
NA
58.03
NA
NA
NA
58.58
NA
NA
NA
NA
NA
NA
58.42
NA
58.39
56.94
60.97
59.35
58.21
55.05
57.51
NA
NA
NA
NA
NA
58.53
59.98
60.33
58.32
58.62
59.89
58.0
58.37
58.04
58.39
58.93
NA
NA
NA
NA
58.87
57.61
NA
NA
NA
NA
NA
NA
58.41
61.33
56.44
58.9
NA
NA
NA
NA
NA
58.61
58.12
58.58
NA
61.14
NA
NA
NA
NA
NA
NA
63.41
56.64
57.98
56.52
NA
NA
NA
NA
NA
NA
58.03
59.26
57.05
62.35
61.23
NA
NA
NA
NA
NA
58.77
58.58
58.88
58.6
56.68
59.13
54.0
NA
NA
NA
NA
NA
58.53
56.08
60.99
NA
NA
NA
NA
NA
NA
NA
58.8
NA
60.61
58.33
NA
59.29
58.42
NA
NA
NA
NA
62.58
60.0
NA
NA
NA
58.46
NA
NA
NA
NA
60.01
57.63
60.24
NA
NA
NA
58.54
60.61
58.97
62.65
60.39
54.7
60.07
NA
NA
NA
NA
58.53
56.97
62.12
59.88
58.8
NA
NA
NA
NA
NA
NA
NA
60.87
NA
NA
NA
NA
NA
59.62
58.52
57.72
61.04
59.66
58.39
NA
NA
NA
NA
58.71
58.37
58.77
56.4
54.13
NA
NA
58.3
58.41
60.93
59.16
61.16
59.09
58.76
58.37
58.23
58.52
NA
NA
NA
58.39
59.67
53.77
NA
57.94
58.2
58.28
NA
NA
NA
NA
59.28
59.38
57.18
59.81
58.35
58.46
58.38
NA
NA
NA
58.42
59.23
58.87
59.37
59.46
58.38
58.2
58.36
58.38
NA
NA
NA
NA
58.61
57.13
54.99
NA
58.53
NA
NA
NA
58.49
62.31
58.55
55.89
55.87
57.39
57.82
NA
58.27
NA
NA
NA
58.65
57.02
54.93
58.35
NA
58.48
NA
NA
NA
NA
60.84
58.4
NA
NA
NA
NA
56.23
55.12
62.01
52.66
58.27
59.05
59.92
58.25
58.34
58.3
58.0
55.18
NA
58.11
60.25
56.84
56.07
62.61
57.36
58.83
56.77
NA
NA
NA
NA
58.06
56.58
61.73
56.67
58.57
58.47
57.98
NA
NA
NA
NA
NA
NA
58.72
57.17
57.98
62.49
60.94
56.39
58.53
NA
NA
NA
NA
NA
58.65
NA
58.66
58.48
57.25
57.78
58.1
58.25
NA
NA
NA
NA
58.47
58.68
56.5
61.0
54.74
NA
NA
NA
NA
58.76
60.85
58.48
NA
NA
NA
58.69
58.44
57.22
60.61
58.76
60.43
57.56
NA
NA
58.19
58.69
NA
NA
57.55
58.86
58.29
58.39
58.36
NA
NA
NA
58.8
57.05
57.14
62.0
57.37
NA
NA
NA
NA
NA
NA
60.43
53.82
57.45
NA
NA
NA
NA
NA
NA
58.33
55.94
57.82
56.24
55.16
NA
NA
NA
NA
NA
58.24
58.59
58.1
57.27
58.8
59.33
58.13
NA
NA
NA
NA
58.22
58.56
58.17
57.15
NA
NA
NA
58.73
57.15
57.9
57.3
60.28
58.48
NA
NA
NA
NA
NA
NA
58.35
NA
NA
NA
NA
58.6
58.0
57.96
57.96
NA
NA
NA
NA
NA
NA
57.16
60.63
61.85
NA
NA
NA
NA
NA
58.43
59.03
60.99
55.27
58.43
NA
NA
58.53
58.61
58.77
58.41
58.12
58.21
NA
NA
NA
NA
NA
NA
61.48
56.47
56.8
NA
NA
NA
NA
NA
NA
NA
57.67
NA
NA
NA
NA
NA
58.22
58.54
58.26
58.63
57.9
57.87
NA
NA
NA
58.67
58.34
60.05
60.52
56.34
59.42
56.77
60.0
56.85
58.17
58.31
60.04
56.92
58.35
58.2
60.11
56.78
58.25
58.25
NA
NA
NA
NA
60.04
56.8
58.09
58.37
NA
NA
NA
NA
NA
NA
58.72
56.67
56.39
59.38
58.26
NA
NA
60.36
58.13
59.34
60.9
60.07
58.26
59.66
57.56
57.76
57.02
58.32
58.12
57.32
58.29
58.49
59.47
59.08
NA
57.61
NA
NA
60.71
60.61
58.91
58.41
63.19
57.12
57.62
55.88
58.58
58.66
NA
61.08
58.57
58.02
56.09
57.77
58.27
58.45
58.64
58.23
NA
58.74
61.1
56.6
62.51
58.16
59.35
NA
NA
NA
NA
NA
NA
58.21
59.64
57.1
58.32
57.92
56.86
NA
59.59
57.35
57.97
57.85
56.85
NA
59.61
56.98
58.31
57.88
56.82
58.61
59.96
58.0
56.92
58.14
57.26
58.13
57.71
56.15
59.93
55.42
57.46
57.18
59.27
58.74
NA
57.65
57.6
59.99
NA
NA
57.29
58.6
55.77
59.07
57.35
54.44
60.63
59.52
58.23
58.3
61.11
59.77
56.77
57.42
59.57
NA
NA
NA
60.53
59.12
NA
NA
58.05
57.87
56.74
58.17
NA
57.28
57.29
58.24
NA
NA
54.16
56.14
54.36
60.98
58.98
58.22
58.12
58.48
61.58
58.15
56.95
56.45
56.65
61.55
60.05
60.85
59.85
56.85
NA
60.16
NA
61.07
NA
60.07
58.47
60.72
58.52
57.02
57.62
58.73
59.5
57.44
56.36
58.49
56.59
55.63
57.4
NA
62.0
57.48
58.31
58.46
61.23
NA
55.34
58.04
57.48
60.48
60.24
57.57
58.24
58.04
58.44
58.54
58.69
NA
58.29
58.23
57.64
58.93
59.2
58.91
61.61
58.52
57.71
58.21
NA
NA
NA
57.63
58.24
58.3
59.47
60.79
59.08
58.17
59.8
54.57
NA
NA
56.59
60.12
58.2
58.69
56.83
55.53
56.18
58.25
58.38
58.6
58.1
59.59
57.06
NA
57.03
61.93
57.23
58.1
NA
NA
NA
NA
57.12
61.11
59.75
59.93
59.44
58.82
58.52
59.13
58.72
60.14
NA
58.57
57.94
58.42
58.5
NA
56.82
NA
58.21
58.94
60.28
57.86
57.7
59.14
NA
59.14
59.27
58.24
57.79
59.58
58.53
58.05
58.24
NA
58.08
57.9
58.38
NA
55.91
57.97
60.42
60.82
59.52
58.04
57.79
59.58
58.53
60.66
58.51
60.3
61.27
58.25
58.35
NA
58.25
58.38
NA
58.26
58.31
58.41
57.36
58.12
54.66
57.41
58.28
59.06
53.96
62.38
59.3
58.75
NA
56.58
58.68
60.28
57.58
58.18
57.78
60.48
58.58
56.58
58.48
60.38
57.68
58.18
57.78
60.48
58.29
56.59
58.49
60.39
57.69
58.09
57.79
60.49
58.12
56.62
58.52
60.42
57.72
58.12
57.82
60.52
58.46
56.56
57.06
60.36
57.76
58.06
57.76
60.56
59.92
60.06
58.14
62.74
58.65
56.56
60.7
58.91
57.15
59.24
62.33
57.43
58.64
58.6
NA
NA
57.6
60.36
60.58
59.67
NA
57.2
58.8
57.2
59.0
57.5
57.7
61.8
62.2
NA
58.34
59.89
58.72
58.08
59.25
58.08
61.01
56.91
59.66
58.46
56.85
56.99
57.62
NA
NA
55.1
58.1
NA
59.5
NA
61.05
59.61
59.59
62.08
56.99
60.23
59.81
59.0
58.73
58.21
58.49
62.14
57.56
56.9
62.34
57.04
57.9
NA
57.5
56.71
57.98
57.48
60.06
60.48
57.42
61.25
60.71
58.7
61.31
60.75
58.23
58.74
57.26
58.19
56.21
56.5
60.26
59.38
63.11
58.27
59.74
59.94
60.38
56.38
57.32
57.78
59.83
58.06
57.37
59.45
58.22
58.44
56.34
57.94
61.35
59.43
60.03
55.34
56.61
58.97
60.49
58.06
60.44
NA
58.43
60.35
57.95
58.24
58.7
56.27
58.19
58.69
59.57
58.56
59.68
58.36
59.12
59.38
59.31
59.57
59.82
59.92
58.56
59.78
59.09
58.72
59.02
58.9
58.98
58.81
58.86
58.95
59.01
58.62
59.01
58.65
58.61
58.74
58.87
60.34
56.84
58.04
57.62
58.35
59.72
58.07
58.36
60.89
58.93
57.43
NA
57.69
62.25
57.48
59.75
56.87
55.86
58.09
57.16
58.12
60.27
61.21
58.33
58.98
58.22
59.64
61.12
NA
NA
58.22
59.68
62.22
57.35
58.82
57.07
56.71
56.12
58.43
58.86
NA
59.2
60.65
58.56
61.13
55.22
60.0
56.48
58.08
57.76
56.63
59.07
61.04
58.25
58.35
NA
NA
NA
59.08
58.64
58.34
60.83
60.38
61.61
57.66
59.08
58.24
56.9
62.21
56.09
58.55
56.71
56.96
58.15
59.8
61.58
58.32
61.36
59.81
59.97
NA
61.27
59.3
61.06
59.17
58.96
58.84
59.94
58.85
59.87
58.1
55.88
55.88
NA
56.0
55.94
59.97
58.56
45.59
NA
56.29
NA
NA
56.1
NA
NA
58.59
NA
NA
58.31
58.56
NA
58.33
60.82
60.4
61.56
57.76
59.27
58.03
57.7
58.93
58.64
58.35
58.63
58.58
NA
NA
59.25
59.13
59.66
NA
61.59
57.31
NA
57.38
56.43
62.49
60.61
61.44
58.35
56.62
NA
59.21
57.84
58.42
61.02
59.61
53.58
58.39
NA
59.04
59.57
NA
58.92
NA
58.88
58.7
59.4
54.39
56.69
54.43
56.84
54.36
60.68
58.91
57.07
55.84
61.19
61.53
59.39
56.74
55.3
61.13
61.12
57.95
59.1
58.63
57.06
59.66
57.24
64.02
58.48
57.9
NA
58.32
57.29
58.23
NA
NA
NA
NA
NA
NA
54.57
57.27
59.27
60.07
57.97
60.77
56.77
60.76
57.09
60.3
60.53
58.03
59.89
60.33
58.54
56.68
59.93
56.92
55.46
60.03
57.18
59.94
58.55
55.61
58.81
55.96
53.23
58.82
61.82
56.52
55.22
60.12
59.02
56.83
57.7
61.02
56.8
60.69
59.54
61.01
58.79
NA
56.94
57.21
57.5
59.82
NA
57.31
57.3
NA
57.17
58.27
59.17
58.05
NA
59.9
61.45
NA
NA
NA
NA
NA
NA
NA
NA
60.23
59.93
59.43
56.33
59.13
61.13
59.23
56.83
56.53
60.83
56.33
60.22
59.82
59.72
58.62
57.62
60.82
62.02
58.12
57.42
57.42
57.72
59.22
57.63
56.97
58.61
56.23
57.7
61.6
58.6
57.4
60.77
58.17
60.97
58.36
59.2
57.26
57.71
55.81
59.96
57.06
60.28
59.98
59.18
58.48
61.28
NA
NA
58.0
59.07
54.57
56.67
55.27
58.07
57.07
58.47
58.35
57.25
61.45
57.75
58.45
57.25
60.65
59.05
60.55
61.45
56.85
56.84
54.54
57.69
59.59
60.49
58.99
57.61
61.52
56.82
NA
NA
NA
55.27
59.97
61.57
56.57
57.97
57.6
58.2
NA
57.45
57.95
58.21
61.81
55.01
56.1
56.6
58.41
58.23
58.09
57.71
61.11
56.01
59.11
58.11
58.21
59.11
58.63
57.43
58.33
60.13
61.04
56.04
NA
56.74
59.64
56.14
58.04
57.45
60.55
56.89
53.86
60.36
58.05
61.6
57.68
59.01
60.8
NA
58.9
57.21
55.67
56.02
58.48
58.84
58.35
60.3
NA
57.67
57.81
57.19
58.29
59.29
56.87
60.18
57.15
58.66
57.22
58.84
59.45
56.73
59.87
57.21
NA
55.45
58.73
58.22
56.86
60.86
58.26
56.44
58.24
NA
NA
61.67
60.17
56.57
58.27
57.77
56.77
58.47
60.97
NA
NA
57.39
57.58
58.92
59.35
59.35
NA
58.92
59.35
59.35
NA
59.1
62.4
NA
58.6
63.4
NA
58.12
58.42
57.12
58.92
58.02
61.82
59.63
57.13
58.53
57.38
58.28
56.78
59.17
55.93
56.93
57.0
59.49
60.89
57.59
60.49
58.99
56.29
60.39
56.49
59.99
58.61
58.71
59.71
57.81
60.88
56.3
60.01
60.38
56.68
59.68
59.98
57.11
58.71
59.14
59.64
NA
59.08
60.21
61.56
58.14
57.63
57.97
58.19
58.0
59.23
56.9
57.98
56.48
55.76
58.77
59.67
58.34
60.84
58.44
62.54
NA
57.6
56.2
60.49
57.13
NA
60.68
59.45
62.12
56.98
57.0
62.3
58.18
55.83
58.68
56.39
58.28
58.18
58.78
58.16
60.96
56.21
NA
57.05
NA
58.12
61.49
59.41
58.52
NA
58.12
57.99
58.71
58.13
58.54
NA
57.77
61.47
59.2
58.56
NA
57.97
59.03
60.83
60.93
58.83
59.03
58.84
59.36
54.7
58.21
58.31
57.71
58.31
58.81
58.41
60.81
59.38
58.09
57.76
59.11
56.83
54.88
58.26
56.51
58.35
57.37
57.61
56.08
60.39
58.7
58.69
58.41
58.33
61.23
60.63
60.43
56.43
61.43
62.13
58.33
57.83
55.83
56.03
57.99
58.59
59.89
56.19
56.14
55.94
57.64
NA
NA
57.62
NA
57.59
57.44
58.74
57.94
59.24
61.47
56.57
56.57
57.99
57.03
NA
57.44
57.36
58.58
61.65
62.45
NA
59.65
57.45
56.35
55.75
58.55
58.75
NA
60.0
54.5
55.6
58.35
61.22
53.21
59.58
61.46
58.74
60.74
60.56
56.75
57.89
58.89
57.89
59.61
56.81
58.97
59.03
56.85
56.71
58.09
56.27
59.97
NA
NA
NA
58.34
NA
57.57
57.03
59.75
58.16
57.11
61.95
57.35
57.52
56.92
58.42
55.72
55.42
58.72
58.92
58.92
57.92
54.76
60.36
57.96
61.66
58.37
58.87
57.77
61.47
57.67
61.97
58.67
58.97
58.52
56.52
NA
58.42
56.62
58.52
NA
NA
NA
58.17
56.72
59.82
56.19
57.48
60.44
56.9
59.56
56.92
59.88
57.29
57.33
58.32
58.42
57.22
NA
56.77
60.08
NA
56.38
61.6
58.09
NA
56.87
57.85
59.02
NA
56.45
59.14
58.48
56.58
58.98
57.11
61.98
57.81
59.76
55.16
56.05
56.75
58.05
58.57
60.46
57.76
59.76
57.41
57.41
54.51
60.41
57.61
57.81
60.41
59.39
58.1
57.64
62.15
55.11
58.49
58.49
58.09
NA
58.84
NA
NA
NA
59.31
59.32
56.2
60.03
58.55
56.65
59.05
57.62
58.67
56.49
57.11
53.53
57.17
57.68
56.17
57.76
62.04
56.75
NA
58.18
56.48
57.98
56.47
58.03
56.44
56.68
57.58
60.35
NA
53.9
53.9
51.7
NA
53.0
58.54
56.54
58.84
60.78
58.98
NA
57.95
58.25
57.35
58.32
58.14
57.16
60.96
55.42
57.72
60.02
56.25
54.97
61.95
61.75
56.78
56.58
57.98
59.21
NA
59.61
58.11
NA
58.18
60.27
58.36
59.88
58.24
62.05
60.04
57.81
56.81
58.17
56.28
58.11
57.29
57.59
55.86
60.19
56.3
58.44
56.32
56.71
58.35
58.2
NA
NA
62.48
60.4
61.2
58.3
58.62
57.31
59.37
56.06
57.98
57.85
58.02
59.33
58.72
57.36
60.73
58.61
58.71
NA
56.27
60.75
56.26
56.95
54.32
57.77
57.25
57.95
56.75
59.0
61.8
55.0
61.46
58.86
60.06
61.55
58.95
NA
58.74
60.44
54.44
56.74
60.47
57.19
60.74
57.49
57.98
56.57
58.27
59.79
NA
NA
NA
58.2
57.13
60.64
56.85
59.25
54.69
56.45
58.77
58.26
61.13
54.25
54.46
NA
59.93
57.66
56.9
58.46
58.12
56.25
59.6
57.7
60.94
56.52
56.53
57.81
58.36
57.42
59.23
NA
56.27
60.75
56.26
56.95
54.32
57.77
55.7
56.42
62.62
61.02
59.32
58.54
58.42
56.52
58.92
56.84
NA
58.72
57.15
55.93
57.2
56.74
56.34
58.34
58.43
56.42
58.33
56.56
58.46
58.01
59.92
58.12
57.27
59.95
58.65
59.05
60.5
61.46
53.89
56.33
58.61
NA
54.54
58.06
56.92
58.19
57.26
60.01
59.62
58.22
59.53
59.71
59.71
58.45
58.44
57.65
56.95
58.0
56.46
NA
55.56
60.76
57.22
57.72
NA
NA
58.84
55.14
NA
58.75
57.75
59.35
56.45
NA
58.58
57.56
59.15
56.81
58.0
58.07
54.98
56.83
57.51
60.36
58.31
57.13
57.44
55.65
55.34
57.24
58.98
59.49
57.34
58.41
NA
58.04
58.14
NA
NA
58.04
NA
58.84
60.04
56.96
54.76
58.56
56.86
NA
NA
57.5
59.23
60.51
59.53
58.53
56.73
59.03
63.07
58.67
56.31
63.16
59.1
NA
57.19
60.61
57.76
61.54
60.96
60.25
56.27
57.18
58.28
62.62
57.75
58.81
58.57
58.56
57.14
58.04
NA
58.98
56.68
57.98
57.78
57.62
63.03
59.1
59.28
57.93
60.81
58.4
58.05
58.14
58.65
57.95
59.35
56.9
57.95
58.19
54.72
60.22
57.06
NA
58.14
58.05
58.49
59.38
57.18
59.58
56.88
60.78
57.38
58.08
56.58
NA
NA
NA
NA
NA
NA
59.09
NA
58.16
60.97
60.01
56.37
55.49
60.29
58.5
58.48
57.43
56.32
57.99
58.5
58.8
58.1
58.2
57.1
60.7
55.33
57.09
57.01
NA
59.4
NA
55.96
60.85
57.22
57.22
57.29
57.49
59.84
NA
55.36
60.14
NA
56.57
59.42
55.84
57.13
58.43
58.13
57.53
55.73
NA
58.98
57.28
57.18
58.18
55.78
NA
62.12
60.61
NA
62.25
60.82
56.87
60.78
59.02
NA
54.41
56.52
58.65
57.36
65.17
57.35
57.91
60.97
60.26
59.02
58.83
56.55
60.99
62.49
59.58
57.47
55.27
63.2
58.36
56.06
60.96
55.96
56.96
60.76
57.96
57.16
57.26
55.99
60.69
NA
61.46
56.58
56.18
60.97
59.33
61.5
NA
62.85
58.44
NA
58.44
62.87
58.55
62.31
55.5
59.28
58.27
56.71
59.76
57.99
57.03
59.33
58.67
55.74
57.87
60.05
56.14
58.27
56.71
59.76
60.44
NA
54.75
59.25
59.05
NA
59.78
57.36
60.23
60.02
61.53
61.53
NA
56.53
56.81
NA
NA
57.58
57.04
57.75
56.32
58.13
59.59
60.36
60.36
58.36
58.36
59.56
61.37
59.91
56.16
55.97
59.4
55.7
59.91
58.89
59.81
57.57
62.52
57.22
58.65
58.37
57.8
56.68
59.88
58.02
58.31
NA
58.07
NA
56.66
57.37
58.54
61.54
58.83
59.23
60.1
57.72
58.43
59.48
58.68
56.12
59.12
57.92
60.42
NA
56.31
56.29
56.88
60.05
58.38
58.58
58.88
56.29
NA
60.7
57.76
60.85
NA
NA
56.96
56.96
59.26
59.26
58.92
59.13
61.56
62.06
58.35
56.83
57.47
56.03
57.86
58.69
62.49
60.39
58.65
55.8
59.36
56.41
58.91
58.61
60.25
58.95
58.65
56.25
59.65
53.15
55.15
NA
58.25
58.35
56.75
60.95
58.95
57.95
60.97
59.34
60.79
NA
55.96
60.15
59.69
58.95
55.55
NA
NA
56.14
57.98
56.88
NA
58.16
58.07
NA
NA
NA
61.16
56.76
NA
58.86
NA
NA
56.3
58.4
55.5
58.09
60.88
57.84
58.2
NA
NA
NA
NA
NA
NA
NA
NA
NA
NA
58.27
NA
61.18
NA
57.5
60.8
60.8
58.12
62.52
55.62
56.22
57.76
56.3
54.93
60.91
58.48
57.94
59.03
59.3
57.12
58.68
56.81
58.99
60.87
61.49
58.99
59.3
56.38
57.88
56.28
58.28
NA
58.38
58.58
NA
NA
59.71
NA
58.03
56.16
60.27
60.39
57.9
58.86
55.96
58.77
59.21
60.06
59.82
NA
59.17
59.19
57.11
58.02
57.22
57.62
55.52
57.69
61.13
61.17
59.66
57.33
58.3
60.95
57.73
59.74
56.43
58.53
59.62
59.27
56.42
57.54
58.03
57.39
NA
58.06
57.96
NA
NA
58.32
56.28
58.49
57.51
58.01
57.57
59.66
60.91
58.39
58.59
59.49
56.89
63.19
61.12
58.5
57.64
59.55
56.27
57.57
59.82
59.22
60.12
58.44
58.04
59.54
58.24
58.14
57.24
58.73
60.63
59.03
59.83
57.83
58.33
58.84
56.81
59.25
60.62
57.98
NA
58.14
60.81
58.97
59.23
58.83
56.99
61.5
61.02
54.66
59.52
61.55
59.1
56.38
NA
56.88
58.78
NA
58.62
NA
63.62
62.42
58.22
NA
NA
58.82
59.12
59.12
63.22
58.42
58.12
57.38
60.25
59.03
59.58
58.86
58.88
56.91
59.35
60.66
59.66
NA
58.7
57.06
61.23
58.35
60.51
57.38
58.92
58.32
60.05
60.45
NA
56.75
61.05
58.23
56.56
NA
58.33
58.32
57.28
56.96
60.42
56.63
61.79
58.71
58.71
58.01
59.21
NA
58.71
56.51
56.99
58.29
54.23
57.55
58.18
58.64
57.64
56.07
57.94
60.11
60.37
60.44
59.46
58.4
61.55
57.33
56.48
59.18
57.58
NA
59.28
58.47
58.02
60.61
NA
58.48
58.58
59.58
57.18
58.18
57.74
55.36
58.28
56.77
NA
NA
55.9
58.76
58.35
56.71
59.69
56.13
63.05
57.75
62.05
61.75
60.25
58.45
59.05
58.55
55.75
58.94
55.83
56.36
58.27
56.22
58.3
56.25
58.47
56.21
58.94
58.84
59.04
58.73
58.2
58.6
58.74
58.64
58.66
58.61
58.31
58.09
58.26
57.78
60.93
56.63
56.83
60.33
NA
58.55
58.75
58.75
58.65
60.66
58.16
NA
60.07
58.63
59.12
NA
59.02
59.17
59.21
61.63
NA
NA
NA
59.17
58.33
NA
59.13
57.69
60.65
59.11
57.01
60.53
56.77
56.41
57.5
57.24
62.49
58.64
58.63
58.42
57.02
58.38
NA
NA
58.25
58.3
55.94
56.22
NA
58.33
58.3
56.5
58.4
58.08
58.03
61.08
NA
57.42
57.67
58.28
63.65
57.27
58.25
56.15
56.96
60.37
57.75
NA
61.46
58.54
57.6
58.8
59.74
57.96
60.64
58.22
58.89
NA
58.24
57.26
NA
58.7
59.65
NA
57.69
58.21
58.01
58.55
58.53
58.16
NA
58.79
59.16
61.46
63.26
58.96
57.96
61.26
58.86
59.16
57.16
57.69
57.11
61.55
56.05
62.95
57.45
58.0
60.34
56.6
58.38
58.94
57.97
61.29
61.31
57.84
60.75
61.19
59.46
55.81
61.43
NA
61.85
NA
63.08
57.01
60.45
59.28
60.18
60.42
53.91
56.81
56.21
59.21
58.31
58.41
58.53
NA
54.52
58.04
59.04
58.54
58.64
59.81
59.21
60.41
56.51
56.18
59.53
57.07
57.5
54.92
57.23
57.33
57.17
57.53
54.91
57.25
57.15
57.11
57.66
54.83
57.23
57.33
53.35
57.23
59.03
59.83
NA
NA
NA
NA
NA
NA
61.0
56.67
58.19
59.84
60.38
58.07
61.67
57.63
59.64
57.05
59.74
56.95
58.15
56.95
57.25
60.25
60.45
56.23
60.83
NA
NA
NA
NA
NA
56.73
53.83
57.94
58.02
57.88
58.66
55.68
58.5
NA
NA
58.42
60.07
59.08
60.51
57.73
58.41
NA
57.13
NA
53.29
57.64
56.16
57.64
57.98
NA
NA
58.44
56.97
58.07
57.27
57.27
60.27
60.47
NA
57.29
59.79
62.19
58.15
55.71
55.23
59.53
59.82
55.29
58.07
57.79
60.16
59.66
NA
61.17
NA
NA
58.04
62.59
58.34
56.12
57.42
58.62
58.89
58.49
56.94
59.66
57.03
64.03
61.02
56.75
57.02
59.68
59.51
56.84
56.42
55.66
57.96
55.93
57.64
58.35
58.55
58.65
NA
59.35
NA
58.92
59.18
56.14
56.12
57.69
61.07
56.8
58.33
56.15
56.96
60.37
57.75
NA
58.33
58.66
58.37
58.77
55.48
57.4
63.02
58.59
58.32
56.27
57.24
NA
57.82
60.05
57.55
58.55
58.67
58.19
57.45
58.15
56.45
59.55
58.25
NA
58.08
NA
NA
61.35
58.35
57.73
57.98
58.89
57.72
59.74
58.52
57.57
59.48
63.38
60.78
59.88
60.38
63.78
57.08
58.48
58.98
58.52
56.62
58.82
56.68
58.18
59.58
59.68
57.28
NA
NA
NA
NA
NA
NA
59.8
59.9
60.44
57.83
58.93
58.22
NA
58.16
NA
63.08
60.6
57.09
61.47
60.51
56.96
62.04
NA
NA
59.66
58.14
56.37
56.0
58.39
58.3
56.94
60.97
56.67
60.97
56.07
55.67
61.87
58.07
60.07
57.25
59.24
59.03
57.11
60.27
59.39
57.79
60.99
56.89
57.19
60.69
58.13
57.49
56.79
58.51
58.22
NA
NA
NA
58.23
56.63
59.76
55.36
58.52
60.17
57.82
NA
62.61
58.72
57.53
56.62
57.42
59.02
55.82
58.59
56.93
58.55
57.38
59.22
54.14
60.86
57.18
59.65
57.37
58.83
NA
NA
NA
NA
NA
57.45
NA
NA
58.04
55.22
NA
56.49
60.39
58.69
59.37
56.72
56.33
61.41
57.59
55.49
56.4
56.55
59.08
NA
56.7
NA
NA
NA
NA
NA
NA
NA
NA
NA
NA
58.0
NA
NA
57.01
61.01
62.41
56.81
56.77
59.43
57.01
59.61
58.02
60.52
57.11
56.91
57.34
59.04
58.14
58.04
60.04
NA
NA
58.08
58.26
58.04
58.33
57.97
NA
NA
57.09
57.4
61.34
58.75
60.13
56.94
60.18
61.67
59.48
57.15
56.27
61.49
57.85
61.03
56.76
58.7
58.26
58.45
58.29
58.47
56.01
60.51
58.28
58.28
58.29
NA
56.88
63.68
57.38
55.78
60.08
56.68
58.16
61.31
59.34
57.01
58.48
58.62
58.45
58.64
58.88
59.35
58.54
57.26
58.39
58.38
58.23
57.7
60.02
58.67
61.95
56.48
60.55
65.01
58.13
56.88
56.88
58.76
57.43
60.46
56.95
59.95
56.35
59.15
56.85
58.44
58.58
NA
57.59
58.32
58.32
58.12
57.63
58.55
57.11
59.84
60.52
55.95
57.76
58.85
60.45
57.12
59.5
60.98
56.13
57.77
NA
60.44
56.69
NA
56.23
58.82
58.8
NA
58.11
58.54
56.49
58.47
63.01
57.69
58.99
57.71
NA
NA
60.43
NA
59.47
58.51
NA
NA
NA
NA
NA
NA
58.18
59.78
53.88
59.38
59.08
58.08
NA
NA
58.16
58.36
57.36
61.36
58.86
58.36
58.16
58.16
58.16
NA
61.51
56.71
58.71
60.51
60.51
60.13
57.98
56.18
NA
59.78
58.2
56.73
56.32
58.88
58.29
56.79
58.31
58.15
59.75
60.45
58.35
54.85
57.39
58.83
59.7
56.2
59.26
NA
NA
57.78
NA
57.67
57.67
NA
57.87
58.95
58.64
58.15
56.81
58.41
59.48
56.75
58.18
57.93
59.15
56.76
58.08
57.96
58.13
57.61
58.55
58.59
58.09
60.09
56.99
NA
56.99
58.3
58.44
58.16
61.86
58.28
58.02
57.54
57.12
56.12
60.02
57.93
NA
58.82
58.48
57.0
59.7
58.89
56.89
59.5
60.07
56.3
59.0
56.84
60.34
NA
58.21
NA
57.59
56.79
61.19
NA
NA
58.69
63.21
60.56
55.91
58.32
59.02
57.92
59.22
58.32
61.12
59.72
57.32
57.07
58.09
59.41
57.61
58.11
NA
57.85
56.99
58.05
61.62
NA
60.85
58.45
57.35
59.97
56.81
58.75
58.61
60.11
58.66
61.31
57.87
58.08
NA
NA
NA
62.47
60.29
NA
60.24
58.66
NA
NA
NA
NA
58.42
60.5
57.48
59.04
56.99
55.62
59.05
60.94
58.94
58.74
59.84
58.85
57.88
56.25
57.97
62.3
57.88
57.4
58.1
59.4
57.08
63.68
59.68
58.26
58.3
56.33
59.15
56.64
56.54
54.52
60.42
56.32
59.52
NA
58.22
58.42
59.41
59.21
57.81
59.11
56.01
NA
NA
NA
56.56
60.64
58.89
57.14
58.89
64.73
61.23
NA
58.51
57.61
60.11
59.61
55.21
60.21
59.71
59.61
59.31
55.51
57.91
57.41
57.59
61.59
56.49
59.45
57.11
57.73
58.07
57.41
57.51
58.01
57.31
60.36
56.99
59.21
NA
NA
61.32
60.64
56.99
57.35
57.0
61.12
56.99
58.1
58.21
56.42
58.15
57.97
58.42
58.42
58.58
NA
57.9
NA
58.67
58.16
60.1
59.1
59.81
NA
59.89
58.51
59.6
59.08
NA
59.07
58.3
58.47
58.57
60.42
NA
61.04
56.34
56.0
59.97
58.28
58.8
57.52
58.26
58.65
56.44
58.06
57.86
57.46
58.16
58.16
57.86
62.06
59.76
58.64
58.23
58.56
56.56
58.66
54.99
55.15
55.79
57.79
58.69
58.39
56.05
58.24
56.48
57.55
NA
59.43
60.26
60.57
55.57
58.76
NA
58.9
61.0
60.1
56.84
59.9
57.81
61.33
56.44
59.37
57.76
58.97
56.63
61.16
56.63
60.6
55.64
58.29
57.86
61.45
57.51
59.08
57.48
58.74
60.5
58.28
58.78
58.83
60.53
58.3
58.58
57.85
55.19
57.9
59.32
57.95
57.39
57.39
56.29
NA
58.39
56.4
59.61
58.08
56.63
58.3
58.8
60.04
60.91
57.11
60.91
56.01
55.51
61.61
57.91
61.18
57.07
57.47
NA
57.74
58.1
59.17
60.09
58.27
58.03
58.84
61.35
58.2
58.04
NA
61.09
58.49
60.75
56.34
NA
61.28
58.28
57.94
58.74
62.61
56.8
55.34
59.46
58.41
57.97
57.17
59.04
58.77
58.24
61.33
59.19
57.54
57.54
58.09
57.49
61.09
55.49
62.89
58.29
NA
56.35
58.5
58.1
60.86
54.07
54.38
57.56
58.06
59.24
56.9
61.4
58.6
56.96
57.16
59.96
NA
59.21
58.86
NA
56.42
56.32
58.75
53.78
59.64
58.16
57.56
60.27
58.65
59.35
58.73
60.63
58.5
58.38
57.63
58.44
57.48
57.34
57.79
62.85
59.18
59.34
55.58
58.6
58.5
58.98
57.06
56.53
60.13
58.53
59.74
57.82
58.38
60.07
58.38
58.38
54.77
59.8
60.94
58.83
58.83
58.33
NA
57.6
60.87
61.0
60.31
55.95
58.24
NA
58.03
61.01
56.6
56.56
59.33
NA
59.91
60.81
60.13
57.99
58.24
59.34
56.34
59.14
58.64
60.04
58.25
58.85
56.86
60.63
60.88
54.4
62.36
54.35
55.47
60.14
NA
58.14
58.14
58.34
60.74
57.84
58.54
NA
59.51
58.51
NA
58.37
57.62
58.82
NA
NA
55.64
NA
58.27
57.03
58.09
56.09
NA
NA
NA
58.71
58.63
60.56
56.95
58.17
NA
56.87
57.12
61.07
59.06
54.84
58.25
NA
59.45
59.95
54.35
59.95
59.95
58.25
58.35
56.35
59.57
57.56
63.06
58.49
56.83
61.6
60.0
61.16
NA
58.7
58.37
57.48
60.89
NA
58.44
57.94
58.54
57.84
58.24
57.04
NA
57.74
58.74
59.14
57.21
60.08
60.02
60.9
56.83
59.03
57.92
57.75
58.37
55.75
58.41
57.43
49.84
57.62
58.5
58.4
61.4
55.47
57.82
NA
57.61
56.91
58.04
58.42
58.52
NA
NA
NA
58.59
60.16
55.8
55.82
59.91
57.49
NA
NA
58.89
60.93
58.86
57.34
59.26
62.32
63.43
58.57
57.32
NA
58.26
58.66
55.4
54.05
NA
59.02
60.72
57.68
58.07
58.78
57.84
58.67
NA
58.28
58.53
58.22
60.79
57.05
60.82
58.62
58.47
57.98
57.84
55.48
NA
58.38
NA
NA
NA
NA
NA
57.93
57.13
58.43
57.13
NA
NA
60.41
60.71
58.71
57.81
58.71
58.01
NA
58.5
62.45
59.41
60.72
57.58
57.95
57.61
NA
57.21
58.91
57.81
59.11
60.04
57.88
58.28
57.65
57.2
58.58
58.78
56.78
55.48
58.88
60.76
58.8
59.16
NA
60.45
60.49
57.14
57.34
57.24
58.32
58.72
59.42
57.32
58.72
57.72
59.72
56.25
58.25
58.55
NA
58.48
56.88
58.58
57.49
59.89
57.99
58.24
58.24
59.64
56.84
57.54
61.34
58.44
59.29
62.62
61.26
56.14
56.95
58.44
57.76
60.02
57.53
59.57
57.75
55.4
58.25
58.35
58.65
NA
NA
59.46
59.66
57.71
58.22
63.07
58.16
59.37
58.58
56.68
NA
NA
59.78
58.27
58.57
59.17
59.77
58.31
58.6
60.1
61.0
59.2
59.8
57.6
55.5
57.2
58.8
58.72
58.41
55.25
58.25
57.62
58.24
58.99
58.21
59.08
58.79
60.46
NA
58.18
58.06
58.43
58.83
58.13
59.53
60.83
57.33
61.68
58.07
59.51
61.25
NA
56.88
56.73
59.92
57.58
58.25
NA
57.38
56.9
58.76
58.72
58.61
58.42
58.43
NA
60.52
60.02
61.12
58.89
58.49
57.56
57.34
58.16
57.06
57.88
NA
NA
NA
NA
NA
NA
61.23
NA
NA
NA
NA
58.14
54.93
NA
NA
NA
60.64
60.06
60.47
59.97
61.27
NA
58.06
59.16
57.39
57.99
62.59
57.69
59.19
56.85
57.39
61.07
57.0
57.19
NA
NA
58.47
58.17
56.71
57.44
61.14
58.18
56.52
57.93
58.11
61.74
57.46
58.03
56.27
58.23
58.23
57.18
57.19
58.46
57.99
58.34
56.52
59.79
59.83
NA
56.68
60.28
58.08
56.98
60.12
59.22
59.69
58.89
58.56
58.55
55.14
57.39
56.15
58.25
60.85
58.06
60.79
60.01
56.35
56.6
58.18
58.37
61.35
61.88
57.51
60.78
NA
NA
56.04
NA
58.75
58.47
56.92
58.62
NA
NA
57.25
57.34
58.98
56.86
60.84
NA
56.55
57.29
60.46
57.11
57.44
59.21
57.23
NA
59.31
56.69
60.43
60.05
56.82
57.48
NA
58.58
58.44
58.66
61.74
57.59
58.68
61.74
61.7
57.83
58.42
59.1
58.18
57.54
59.26
57.72
55.93
56.37
58.03
61.58
61.01
59.19
59.73
61.03
57.73
62.53
58.35
60.16
57.53
58.89
57.97
58.89
58.13
58.21
58.1
57.35
57.75
61.19
57.1
60.62
57.87
59.26
NA
60.92
58.76
59.17
60.24
56.64
57.04
58.04
57.34
60.94
58.44
57.74
58.14
58.44
58.34
57.04
58.74
58.24
57.44
56.43
58.73
58.83
58.63
57.03
61.53
58.33
57.3
61.71
60.12
64.57
55.97
59.53
61.14
56.08
59.68
61.78
58.62
57.78
56.53
61.29
59.55
58.13
58.04
58.2
58.85
60.15
57.87
59.5
58.2
59.9
58.4
56.6
59.1
58.18
57.41
58.42
58.46
58.24
58.58
57.27
57.05
57.42
61.74
58.35
57.91
61.13
59.64
56.46
60.7
61.1
61.1
55.1
NA
56.5
NA
63.79
NA
60.29
61.29
59.29
NA
NA
NA
NA
54.75
58.6
NA
56.65
57.85
55.61
NA
60.58
NA
60.12
57.39
NA
NA
58.55
58.29
59.38
60.0
57.36
58.31
58.01
NA
57.22
59.42
58.19
56.69
59.8
59.44
57.54
61.09
58.67
57.05
NA
59.06
56.57
58.28
NA
NA
58.03
NA
55.78
60.17
59.37
56.59
NA
61.34
56.38
58.77
56.09
58.46
58.18
60.34
59.32
55.61
NA
NA
NA
NA
57.58
61.64
59.76
57.89
56.95
NA
57.85
57.9
54.13
58.18
60.1
63.35
58.37
57.88
57.15
58.69
57.05
61.03
57.87
59.79
61.7
61.34
60.53
60.58
61.51
59.3
57.09
59.36
59.43
57.01
59.1
60.95
59.09
58.11
60.44
NA
58.79
59.99
59.29
56.2
57.12
58.4
56.94
56.34
57.36
59.87
58.2
57.17
58.43
56.34
56.73
56.46
55.81
56.66
57.54
58.27
NA
58.61
58.44
NA
63.39
59.69
58.07
NA
58.92
58.6
58.26
59.4
59.19
55.78
58.8
58.56
59.01
57.2
56.5
60.1
58.58
58.33
59.76
58.35
56.53
59.48
58.2
56.45
57.45
NA
58.94
58.54
57.48
62.32
56.53
NA
NA
NA
NA
56.1
58.41
56.36
58.78
58.99
58.59
56.04
NA
58.27
56.41
56.04
58.35
56.41
58.64
62.46
56.5
58.47
NA
57.35
NA
61.33
55.28
58.43
59.57
59.3
58.62
61.79
56.63
58.57
NA
56.44
58.41
60.8
59.42
59.18
57.22
57.62
60.46
59.23
58.65
NA
58.7
NA
56.76
57.57
59.34
59.86
59.4
58.89
57.48
60.53
58.21
61.17
56.19
58.16
NA
NA
NA
60.58
56.47
56.55
59.5
58.68
57.7
57.22
59.4
NA
57.55
57.11
57.92
57.88
58.15
57.95
56.77
57.92
NA
58.88
58.06
NA
NA
57.74
61.14
54.04
59.44
56.32
61.11
60.96
59.16
56.27
58.67
NA
NA
NA
NA
NA
NA
NA
58.18
58.26
58.21
59.11
58.32
55.71
59.01
57.54
61.73
57.31
61.77
58.26
59.96
59.46
59.26
58.06
58.06
58.06
60.56
59.06
57.86
57.95
56.79
60.09
60.12
60.91
58.92
NA
57.93
57.91
NA
59.8
58.01
56.78
58.11
56.03
58.06
58.25
60.32
58.15
58.56
59.52
57.65
58.64
56.96
59.24
58.61
61.57
58.52
54.88
59.93
57.69
57.54
57.77
59.05
58.7
56.7
61.7
58.16
60.69
NA
57.08
57.46
61.77
58.38
60.7
55.44
58.39
58.61
56.98
57.81
58.04
61.0
NA
56.18
NA
61.27
60.81
59.19
60.32
58.31
57.34
55.38
60.05
60.05
58.3
58.49
56.05
58.37
58.95
56.02
NA
57.15
57.15
62.15
59.85
57.05
58.08
NA
54.78
60.36
59.06
56.79
58.31
60.58
58.38
60.65
55.08
56.87
NA
NA
NA
56.69
60.34
60.59
58.3
61.1
60.12
56.52
57.43
60.03
58.36
58.33
58.72
58.75
58.2
NA
57.74
58.26
58.41
58.5
58.53
58.78
58.2
58.54
58.48
58.43
58.33
NA
58.2
58.27
58.25
58.28
NA
59.88
58.38
59.88
58.68
57.54
59.11
59.43
56.68
58.8
60.89
62.35
59.69
56.59
58.39
60.27
58.39
58.49
60.29
58.59
58.09
57.39
56.79
58.37
59.99
59.49
59.46
58.79
57.63
58.53
58.03
58.13
58.13
57.93
NA
57.7
58.03
61.52
60.09
60.12
56.63
NA
58.28
NA
57.88
57.91
56.33
58.48
57.97
59.0
60.75
60.62
58.33
57.99
58.59
58.89
58.43
58.67
58.61
56.94
57.89
61.56
58.47
58.47
NA
58.25
56.15
58.85
NA
56.75
NA
NA
58.41
57.26
55.49
58.13
60.81
58.72
57.32
59.45
NA
59.91
58.53
55.78
58.6
58.79
58.23
58.36
58.69
57.31
58.21
NA
56.31
55.43
58.24
60.13
58.15
58.27
NA
56.25
59.58
60.38
59.78
59.27
57.61
57.71
59.68
58.67
60.94
59.3
58.46
58.51
56.33
57.88
58.1
58.11
57.68
58.71
59.6
59.99
61.2
57.0
59.02
58.81
56.96
57.91
NA
58.34
56.24
58.64
56.14
58.54
57.92
59.52
56.65
59.54
58.44
60.34
59.74
57.04
59.84
61.14
58.49
58.88
59.02
NA
55.63
58.31
58.51
58.38
60.13
55.69
61.47
57.43
58.95
59.33
59.05
57.55
59.47
62.32
57.44
58.83
58.7
58.14
58.12
59.45
58.92
56.53
58.73
58.21
58.53
NA
NA
56.98
57.98
59.84
57.4
58.66
59.74
NA
57.36
58.1
56.61
58.69
56.44
58.63
56.68
NA
NA
55.35
57.82
60.39
59.33
55.33
57.83
60.27
55.19
NA
59.0
59.66
NA
60.77
60.08
58.28
58.82
55.94
55.01
56.58
NA
57.68
58.99
58.89
61.38
57.32
59.99
56.87
61.58
57.58
58.56
59.67
NA
58.67
59.27
59.37
57.77
NA
NA
NA
NA
NA
NA
NA
58.21
59.05
58.47
58.52
61.23
58.33
58.21
58.13
NA
NA
NA
58.75
NA
62.17
59.35
60.85
61.76
58.21
58.31
57.11
55.71
58.21
57.2
55.93
57.83
60.59
64.02
58.28
58.31
57.28
58.38
57.36
NA
60.1
58.12
57.0
61.6
56.02
56.0
59.48
56.97
58.83
58.61
57.21
56.71
59.36
56.95
58.77
NA
58.33
56.63
59.35
57.29
56.29
NA
58.99
60.6
60.05
NA
58.03
59.27
58.52
58.41
58.41
57.98
58.03
57.7
61.02
58.34
60.02
NA
57.49
NA
NA
58.03
55.67
58.42
58.4
57.95
58.03
57.69
61.06
58.18
58.23
58.36
NA
NA
60.43
60.66
NA
58.58
59.28
59.28
NA
63.1
61.7
58.29
57.1
56.77
58.08
60.54
56.54
57.13
59.93
NA
60.03
NA
NA
NA
56.83
58.77
60.57
55.77
NA
NA
NA
58.26
62.09
58.57
62.14
62.39
57.5
59.24
56.84
58.48
NA
60.11
58.28
58.31
58.79
58.13
58.5
56.22
57.85
57.65
59.61
58.26
57.35
56.54
60.73
58.06
58.55
59.5
60.46
61.01
58.43
NA
59.14
59.59
60.48
54.58
57.17
59.43
59.69
61.19
NA
58.59
58.09
57.99
56.04
58.84
NA
NA
59.76
NA
NA
58.23
58.23
58.55
54.95
59.26
60.12
NA
NA
NA
NA
NA
NA
57.85
58.17
54.47
59.65
59.55
58.16
58.17
57.92
55.73
57.52
56.91
59.41
56.95
58.57
58.12
NA
59.85
NA
NA
58.65
56.92
58.14
58.3
62.03
NA
60.84
57.49
56.41
58.4
NA
59.22
59.62
58.67
56.2
58.93
56.56
56.33
55.35
NA
54.45
58.75
NA
57.32
57.64
58.95
56.5
56.32
55.34
NA
54.42
58.69
NA
57.31
57.63
57.76
56.71
58.71
63.86
NA
58.86
58.26
62.13
60.17
54.72
58.29
62.93
57.3
56.32
60.01
58.53
58.66
58.63
58.71
57.78
NA
56.58
57.98
60.58
56.68
61.29
61.25
59.07
58.57
57.08
56.51
60.71
57.36
59.59
62.06
60.74
55.47
58.23
58.74
57.26
58.19
56.21
56.5
56.22
56.23
56.15
57.69
59.26
59.37
59.31
56.19
57.73
59.24
59.36
59.28
56.26
57.46
58.56
58.76
58.57
59.01
59.57
56.4
58.37
58.68
55.61
57.4
57.76
61.91
57.51
57.86
58.28
62.13
57.68
62.41
60.82
59.56
59.52
59.63