NA
173.43
174.88
175.39
173.8
174.49
173.31
175.43
171.36
174.22
NA
NA
NA
NA
174.34
172.91
NA
NA
174.17
173.9
NA
NA
NA
174.75
174.44
170.9
176.09
NA
NA
NA
174.93
175.12
175.37
173.8
NA
NA
NA
NA
NA
174.05
NA
NA
173.67
NA
NA
NA
174.97
NA
174.19
174.53
173.61
172.64
174.24
174.41
175.57
175.97
173.53
173.58
174.19
173.7
NA
174.48
173.41
176.06
NA
NA
NA
NA
177.28
174.01
NA
NA
NA
NA
NA
NA
NA
176.23
175.48
174.27
NA
NA
NA
NA
174.69
174.89
174.24
173.19
172.75
174.02
173.39
174.3
NA
NA
NA
NA
NA
NA
174.56
173.27
176.28
174.32
NA
NA
NA
NA
NA
NA
175.85
175.02
NA
NA
NA
NA
NA
NA
NA
174.38
174.48
NA
NA
NA
174.76
174.94
174.75
175.01
174.48
173.81
174.31
172.74
174.27
174.53
173.81
174.51
174.52
NA
NA
173.88
174.38
176.01
173.2
174.03
174.32
174.32
173.55
NA
NA
NA
174.49
174.32
176.23
173.33
173.46
174.3
NA
173.9
174.08
NA
NA
NA
NA
NA
175.26
174.5
173.83
NA
NA
NA
NA
NA
NA
174.54
177.15
173.51
172.57
172.55
174.47
176.13
173.9
NA
NA
NA
NA
174.92
175.09
174.3
175.09
175.18
174.38
173.83
174.8
NA
NA
NA
NA
NA
NA
173.62
175.29
NA
NA
NA
NA
NA
NA
174.08
172.47
174.07
174.23
NA
NA
NA
NA
NA
NA
174.27
172.52
173.81
173.7
NA
NA
NA
174.65
175.03
174.88
175.73
175.24
173.73
174.26
NA
NA
NA
NA
NA
174.39
174.1
NA
NA
NA
NA
174.37
174.62
173.52
174.21
173.51
174.62
NA
NA
NA
NA
NA
NA
NA
174.28
174.78
173.8
NA
NA
NA
NA
NA
NA
NA
NA
NA
NA
174.55
176.3
174.39
NA
NA
NA
NA
NA
174.51
173.65
173.59
172.06
NA
NA
NA
NA
NA
NA
NA
172.52
172.65
175.13
177.94
174.03
NA
NA
175.1
NA
NA
175.99
174.62
NA
179.02
174.92
175.57
173.38
174.65
173.92
174.55
174.9
173.92
173.7
175.51
175.68
174.01
174.69
175.0
NA
NA
174.79
174.87
174.61
174.02
173.18
174.59
174.64
173.89
NA
NA
NA
NA
175.42
173.52
NA
NA
NA
NA
NA
NA
NA
NA
173.94
176.36
174.65
NA
NA
NA
NA
NA
NA
NA
173.62
NA
NA
NA
NA
NA
174.98
174.24
174.27
NA
NA
NA
NA
174.64
174.84
174.33
174.27
174.37
NA
NA
NA
174.67
174.04
174.93
175.03
172.61
174.26
178.79
NA
NA
NA
NA
173.75
174.96
175.08
175.64
NA
174.38
NA
NA
NA
NA
NA
174.0
174.02
173.44
174.85
174.39
177.31
172.52
NA
NA
NA
NA
174.97
174.8
174.92
172.5
174.03
174.51
174.22
174.68
NA
NA
NA
NA
173.95
172.59
NA
NA
NA
NA
NA
172.07
174.18
175.4
175.94
172.23
NA
NA
NA
NA
NA
NA
173.51
174.6
174.41
NA
173.84
174.67
174.93
174.76
174.93
173.74
173.14
174.45
173.77
NA
NA
NA
174.27
NA
173.49
175.12
173.54
NA
NA
NA
NA
NA
NA
NA
NA
174.29
173.87
175.99
172.92
NA
NA
NA
NA
NA
NA
NA
175.4
174.85
NA
NA
NA
174.46
174.35
173.87
NA
NA
NA
NA
NA
NA
NA
174.31
173.25
172.93
174.55
NA
NA
NA
NA
NA
NA
NA
175.43
NA
NA
NA
NA
NA
NA
174.72
172.53
173.49
174.45
174.19
174.34
173.6
NA
NA
NA
NA
NA
181.36
174.34
173.95
NA
NA
NA
NA
NA
NA
NA
173.39
NA
174.6
173.92
174.7
177.39
NA
NA
NA
NA
NA
174.16
177.45
174.93
NA
NA
NA
NA
NA
NA
NA
NA
174.21
173.96
173.84
172.21
NA
174.33
174.64
174.43
174.59
174.0
173.76
172.22
175.45
174.94
174.84
174.57
174.2
173.44
174.4
174.61
174.26
173.66
172.66
173.66
174.21
174.2
174.92
174.31
174.14
174.36
173.64
NA
NA
NA
173.58
172.51
174.81
175.92
175.93
173.88
NA
NA
NA
NA
NA
NA
174.6
NA
174.49
NA
NA
173.68
NA
NA
NA
NA
NA
NA
174.08
173.29
173.03
NA
NA
NA
174.3
175.33
173.62
173.15
NA
NA
NA
174.77
174.47
174.78
173.79
NA
174.16
NA
NA
NA
NA
NA
NA
NA
NA
174.56
174.03
NA
174.03
174.56
NA
NA
NA
NA
NA
174.63
175.09
174.92
177.54
175.41
172.59
NA
NA
NA
NA
NA
NA
174.12
175.57
174.9
NA
NA
NA
174.58
173.93
NA
174.96
174.85
175.34
174.55
NA
174.6
NA
NA
NA
NA
NA
174.41
175.85
174.09
NA
NA
NA
NA
NA
NA
NA
NA
NA
174.55
175.08
175.3
175.68
NA
NA
NA
NA
174.21
174.46
NA
NA
NA
NA
174.69
174.86
173.96
173.77
NA
173.67
173.36
174.55
174.45
NA
NA
NA
NA
NA
NA
NA
NA
NA
NA
NA
NA
NA
174.59
174.61
174.54
NA
NA
NA
NA
NA
NA
NA
173.6
174.94
173.53
NA
174.38
174.62
NA
NA
175.69
173.92
174.09
174.39
174.71
174.6
174.83
174.42
174.45
173.43
176.28
174.23
174.25
173.53
NA
NA
NA
NA
174.26
NA
175.03
174.84
174.94
173.54
174.57
173.59
174.4
NA
173.88
174.67
174.69
175.34
174.88
176.0
173.83
174.34
174.19
173.47
NA
NA
NA
NA
NA
NA
174.54
174.74
174.83
173.5
171.23
173.17
NA
172.39
173.96
NA
NA
NA
NA
NA
NA
173.08
NA
NA
NA
174.53
174.87
174.38
173.63
174.44
172.58
174.19
174.26
173.65
174.59
174.72
174.52
174.72
173.3
176.41
173.83
174.08
174.3
173.57
NA
NA
NA
NA
174.7
174.6
NA
174.66
175.0
174.85
174.93
174.59
174.61
174.53
173.84
174.7
175.1
174.81
174.95
NA
178.0
174.38
NA
174.72
174.18
174.51
NA
NA
NA
NA
NA
NA
174.67
174.7
NA
NA
174.38
174.51
173.51
170.92
NA
NA
NA
NA
NA
NA
174.84
175.08
174.52
NA
NA
174.53
174.38
174.84
NA
NA
NA
NA
174.92
175.11
175.83
174.77
174.63
NA
NA
174.87
174.61
174.77
173.56
174.24
174.54
NA
NA
NA
NA
NA
172.78
174.0
NA
NA
NA
NA
174.98
174.94
172.53
173.04
174.8
174.37
NA
NA
NA
NA
NA
174.74
174.59
174.31
NA
NA
NA
NA
NA
NA
175.04
174.3
NA
NA
174.73
175.07
174.83
174.96
174.68
172.68
172.45
174.44
175.45
174.37
174.64
173.92
NA
NA
NA
NA
174.5
174.28
174.4
173.71
174.42
174.24
174.41
174.43
172.09
174.43
174.39
173.69
NA
NA
NA
174.99
176.29
173.63
NA
NA
174.24
174.5
173.67
173.5
174.88
174.74
174.29
172.2
174.03
173.86
173.92
174.13
173.42
NA
NA
NA
NA
170.42
NA
169.61
176.51
174.5
NA
NA
NA
NA
NA
174.8
174.32
174.1
175.24
174.34
NA
NA
NA
NA
173.3
172.08
173.35
NA
NA
NA
174.47
173.73
NA
174.77
174.22
174.45
NA
NA
NA
NA
NA
NA
174.91
NA
NA
NA
NA
NA
175.54
NA
NA
NA
NA
NA
NA
NA
174.77
173.93
173.62
NA
NA
NA
NA
NA
172.63
178.53
NA
NA
NA
NA
NA
NA
NA
NA
173.06
175.99
NA
NA
NA
NA
NA
NA
NA
175.45
NA
NA
NA
NA
NA
NA
NA
NA
174.84
NA
NA
NA
NA
NA
NA
NA
NA
NA
NA
NA
174.56
173.88
NA
174.42
174.1
NA
NA
NA
NA
NA
NA
175.87
174.2
174.92
173.32
172.9
NA
NA
NA
NA
NA
NA
NA
174.34
174.73
175.05
173.71
176.12
173.49
174.09
NA
NA
NA
NA
NA
NA
NA
172.89
NA
NA
NA
NA
NA
NA
174.4
175.28
175.46
175.17
NA
NA
NA
NA
175.23
174.33
175.22
NA
174.2
173.95
173.02
NA
NA
NA
NA
NA
NA
NA
172.1
NA
174.77
174.84
177.77
NA
NA
NA
NA
NA
NA
NA
NA
172.14
NA
174.34
172.91
NA
NA
NA
NA
NA
NA
175.56
174.47
NA
NA
NA
NA
NA
NA
174.91
NA
NA
174.07
173.32
NA
174.57
174.54
175.81
173.89
NA
NA
NA
NA
NA
176.23
174.65
172.25
NA
NA
NA
NA
NA
NA
NA
NA
NA
NA
174.55
172.05
NA
174.51
173.75
NA
NA
174.46
174.4
174.32
174.42
173.69
NA
174.7
174.56
174.62
174.23
NA
NA
NA
NA
NA
NA
176.07
174.58
NA
NA
NA
NA
NA
NA
174.88
NA
NA
NA
NA
NA
NA
NA
174.51
NA
175.87
172.62
173.93
NA
NA
NA
NA
174.99
174.24
174.96
173.93
170.96
NA
NA
NA
NA
NA
NA
NA
174.3
175.39
172.49
175.44
NA
NA
NA
NA
NA
NA
173.65
NA
NA
NA
NA
NA
NA
NA
NA
175.14
NA
NA
NA
NA
NA
NA
NA
NA
174.14
174.82
NA
NA
NA
NA
NA
NA
NA
NA
174.33
NA
NA
NA
NA
NA
NA
NA
173.77
NA
NA
NA
NA
NA
NA
NA
174.44
171.5
NA
NA
NA
NA
NA
NA
NA
NA
NA
NA
NA
NA
NA
NA
174.37
174.52
173.94
NA
NA
NA
NA
NA
NA
NA
NA
172.85
NA
174.72
NA
NA
NA
NA
NA
NA
NA
174.9
NA
NA
NA
NA
NA
174.77
174.68
NA
NA
NA
NA
NA
173.5
171.97
174.76
174.02
NA
NA
NA
NA
NA
NA
NA
NA
NA
173.45
NA
NA
NA
NA
NA
NA
NA
NA
NA
NA
NA
NA
NA
NA
NA
174.14
176.23
NA
NA
NA
NA
NA
NA
NA
NA
NA
NA
NA
NA
NA
174.9
NA
NA
NA
NA
NA
NA
NA
NA
NA
NA
NA
NA
NA
NA
NA
174.7
174.56
173.66
NA
NA
170.75
NA
NA
NA
NA
NA
174.95
NA
NA
NA
NA
NA
NA
NA
NA
NA
NA
174.88
NA
174.93
175.74
174.15
174.95
174.04
171.59
174.36
NA
NA
NA
NA
NA
175.06
174.66
174.58
175.44
173.76
175.49
171.84
175.16
NA
174.62
174.09
NA
NA
NA
NA
174.87
172.77
NA
NA
NA
NA
NA
NA
174.12
NA
174.72
174.02
NA
NA
NA
NA
NA
174.8
174.09
174.87
NA
174.75
NA
NA
NA
NA
NA
NA
176.59
173.63
174.12
171.53
NA
NA
NA
NA
NA
NA
173.74
174.15
173.29
174.4
176.04
NA
NA
NA
NA
NA
175.06
174.75
NA
NA
NA
173.34
NA
NA
NA
NA
NA
NA
174.97
173.12
174.17
NA
NA
NA
NA
NA
NA
NA
174.84
NA
175.3
NA
NA
174.59
173.81
NA
NA
NA
NA
175.49
176.0
NA
NA
NA
173.86
NA
NA
NA
NA
175.06
172.16
178.59
NA
NA
NA
174.73
175.45
175.38
176.57
173.86
174.32
178.59
NA
NA
NA
NA
174.04
172.1
176.52
174.5
174.98
NA
NA
NA
NA
NA
NA
NA
174.85
NA
NA
NA
NA
NA
174.81
173.12
173.93
174.92
175.85
174.13
NA
NA
NA
NA
174.74
175.05
175.02
171.7
173.17
NA
NA
174.61
173.85
175.32
174.26
172.1
173.05
174.65
174.42
174.63
174.79
NA
NA
NA
174.58
176.05
173.47
NA
NA
174.35
173.64
NA
NA
NA
NA
174.29
175.55
172.8
174.89
174.37
174.49
173.78
NA
NA
NA
174.89
174.81
173.08
174.86
173.97
174.27
174.35
174.38
173.61
NA
NA
NA
NA
173.8
172.7
173.99
NA
173.78
NA
NA
NA
175.12
171.43
174.1
172.17
177.06
NA
NA
NA
173.9
NA
NA
NA
174.68
172.91
174.22
174.37
NA
173.92
NA
NA
NA
NA
175.27
174.63
NA
NA
NA
NA
173.93
174.44
174.23
175.32
174.43
173.67
173.18
174.33
174.52
173.75
NA
NA
NA
174.11
175.2
171.05
NA
176.31
175.46
174.13
172.63
NA
NA
NA
NA
173.38
174.55
175.11
173.96
175.37
174.62
173.84
NA
NA
NA
NA
NA
NA
174.97
172.52
176.01
177.07
173.41
174.43
174.1
NA
NA
NA
NA
NA
174.67
NA
NA
174.01
175.03
173.93
174.39
NA
NA
NA
NA
NA
173.42
173.48
174.57
173.57
174.38
NA
NA
NA
NA
173.83
175.79
173.9
NA
NA
NA
175.03
174.6
176.2
174.92
174.36
175.06
174.76
NA
NA
174.64
174.78
174.52
173.78
172.85
176.57
174.29
174.48
173.76
NA
NA
NA
174.8
175.25
173.16
175.29
174.08
NA
NA
NA
NA
NA
NA
174.24
172.53
172.8
NA
NA
NA
NA
NA
NA
174.61
175.89
176.06
174.84
174.05
NA
NA
NA
NA
NA
174.84
174.98
173.72
175.15
174.35
173.61
174.42
NA
NA
NA
NA
174.54
174.9
173.4
173.34
NA
NA
NA
175.1
173.8
173.43
172.4
172.77
174.67
NA
NA
NA
NA
NA
NA
174.53
NA
NA
NA
NA
174.66
173.87
172.29
174.12
NA
NA
NA
NA
NA
NA
171.25
175.66
175.38
NA
NA
NA
NA
NA
174.35
174.1
174.4
172.46
174.42
NA
NA
174.73
174.95
173.32
NA
174.17
174.3
NA
NA
NA
NA
NA
NA
174.7
171.6
NA
NA
NA
NA
NA
NA
NA
NA
175.09
NA
NA
NA
NA
NA
174.37
174.67
174.46
174.56
173.83
173.37
NA
NA
NA
174.52
NA
175.14
177.15
173.26
174.13
174.58
174.31
174.53
174.55
174.23
174.28
174.61
174.54
174.2
174.37
NA
174.55
174.24
NA
NA
NA
NA
174.25
174.44
174.41
NA
NA
NA
NA
NA
NA
NA
174.97
174.53
173.33
174.81
174.48
NA
NA
NA
NA
175.13
175.48
173.81
175.42
175.9
173.29
173.55
173.42
175.13
173.57
NA
174.35
174.44
174.94
173.47
NA
174.61
NA
NA
NA
173.79
174.69
NA
174.06
172.79
174.1
173.1
175.55
174.86
NA
175.29
173.72
NA
NA
174.78
175.85
174.77
175.1
174.03
NA
176.29
176.31
174.73
176.05
174.34
174.95
176.34
176.28
174.61
175.91
174.22
180.07
NA
176.36
172.96
176.46
NA
174.96
NA
NA
NA
176.49
NA
174.89
NA
176.59
172.89
176.59
NA
174.99
173.44
NA
NA
NA
NA
NA
NA
NA
NA
174.4
173.6
174.71
175.04
174.9
174.8
NA
NA
NA
NA
NA
NA
175.95
173.36
NA
NA
NA
NA
173.68
175.57
173.97
NA
173.43
175.16
NA
173.31
176.46
NA
NA
NA
175.22
175.11
NA
NA
177.39
174.13
173.69
174.94
NA
172.1
174.15
174.07
173.98
173.81
172.34
173.35
NA
NA
NA
NA
NA
NA
NA
173.9
173.6
NA
173.3
173.9
176.4
173.9
NA
NA
NA
NA
NA
176.09
NA
175.18
174.38
175.07
174.87
174.57
NA
NA
NA
NA
NA
NA
NA
NA
172.12
175.25
175.21
172.58
174.34
174.36
173.22
NA
175.16
174.06
176.99
173.24
174.42
173.79
174.55
174.15
174.65
174.25
NA
NA
174.94
174.74
173.0
174.51
173.89
NA
NA
NA
NA
NA
NA
NA
NA
174.2
NA
173.72
174.49
174.03
175.92
176.14
173.68
NA
NA
NA
NA
175.83
175.04
NA
NA
NA
NA
NA
NA
174.36
174.66
175.73
174.29
NA
174.87
175.67
172.57
176.38
NA
NA
NA
NA
175.65
176.35
174.43
NA
NA
174.04
174.59
173.91
175.14
175.55
NA
174.39
NA
NA
173.0
NA
NA
NA
174.44
176.45
173.74
173.38
173.64
174.43
NA
175.07
175.06
174.2
175.21
NA
174.25
173.88
174.79
NA
176.18
174.87
NA
NA
172.87
173.84
174.18
174.92
174.86
174.36
175.12
NA
174.16
174.75
174.62
175.23
175.8
NA
NA
NA
174.12
174.04
NA
174.22
174.33
174.62
174.24
173.57
176.26
173.66
177.15
174.97
NA
NA
NA
NA
NA
174.03
173.13
176.43
173.73
178.53
178.13
175.73
NA
174.03
173.03
176.43
173.73
178.53
178.13
175.73
NA
174.12
173.12
176.32
173.72
178.42
178.12
175.72
NA
174.12
173.22
176.32
173.72
178.42
178.12
175.72
NA
174.12
173.72
176.42
173.92
178.72
178.12
175.92
175.84
175.97
176.02
175.96
174.37
175.7
175.39
175.61
174.94
175.53
178.86
175.05
NA
174.78
NA
NA
177.06
173.15
174.42
NA
178.25
176.75
176.35
174.35
176.45
176.65
175.55
173.75
178.35
NA
NA
NA
NA
174.91
174.77
NA
176.43
NA
NA
NA
NA
171.33
173.12
NA
173.54
NA
NA
NA
175.08
NA
175.62
173.95
174.73
176.18
NA
174.67
173.53
174.99
174.19
174.38
176.04
172.95
173.7
173.77
174.7
172.8
172.58
NA
174.63
174.63
174.25
177.55
176.25
175.23
173.73
174.85
175.43
173.57
175.97
176.8
174.81
174.82
NA
174.44
NA
173.47
173.99
176.24
175.13
175.79
173.2
NA
175.36
NA
NA
NA
NA
174.01
175.83
NA
174.44
174.44
177.32
174.86
NA
175.35
174.5
173.77
NA
NA
NA
175.03
174.19
NA
174.29
NA
174.86
NA
NA
172.87
NA
NA
NA
173.63
174.56
174.69
174.54
174.84
174.74
175.14
175.34
174.74
174.74
NA
174.64
174.44
174.04
NA
NA
NA
NA
NA
NA
NA
NA
NA
NA
NA
NA
174.91
174.01
175.01
177.17
173.93
174.02
174.59
174.2
NA
NA
NA
NA
NA
NA
173.02
173.46
172.8
171.14
174.57
173.41
173.75
NA
175.14
173.65
174.25
175.2
176.09
175.11
NA
NA
175.68
176.15
172.72
174.28
NA
NA
NA
NA
NA
NA
NA
175.9
175.93
174.93
NA
NA
NA
NA
177.01
175.36
174.5
180.05
NA
NA
NA
NA
NA
NA
NA
173.62
NA
NA
NA
NA
NA
NA
NA
NA
NA
NA
NA
NA
NA
174.96
175.55
176.43
176.76
175.38
172.79
177.06
NA
NA
NA
175.32
172.04
174.33
176.1
176.68
176.14
176.71
175.05
NA
NA
NA
NA
NA
176.42
174.32
173.72
NA
173.32
NA
NA
NA
NA
NA
NA
NA
NA
NA
NA
NA
173.79
176.56
174.53
174.54
175.1
174.88
NA
NA
NA
NA
NA
NA
NA
NA
NA
175.25
173.71
176.12
NA
173.64
174.75
173.69
174.66
175.83
175.12
177.59
174.79
174.59
173.85
NA
174.28
172.93
177.85
174.22
NA
NA
NA
NA
NA
NA
NA
NA
NA
175.78
NA
NA
NA
NA
NA
NA
NA
NA
179.8
NA
NA
176.1
177.97
177.69
NA
NA
NA
175.06
171.68
173.87
175.8
NA
175.28
175.95
177.67
NA
NA
NA
NA
NA
NA
NA
NA
NA
NA
NA
NA
171.78
172.88
175.58
176.98
173.28
173.78
174.58
173.89
174.64
174.24
175.12
NA
174.09
176.2
174.83
175.23
172.22
174.91
172.4
NA
174.08
176.42
174.43
NA
176.32
173.34
173.61
177.44
174.14
173.84
NA
173.14
173.34
176.32
175.94
174.51
173.41
174.8
175.67
172.26
175.27
NA
NA
NA
174.05
173.9
NA
174.87
175.63
NA
175.74
175.44
174.64
NA
NA
NA
NA
NA
NA
NA
NA
NA
173.42
173.4
NA
174.94
175.24
175.34
174.24
173.64
174.44
174.04
171.94
174.94
174.84
175.34
174.58
173.88
174.18
173.88
175.48
175.98
176.38
174.48
174.58
175.28
173.88
175.08
NA
NA
NA
NA
NA
NA
NA
NA
173.64
175.84
174.14
174.47
175.08
173.63
NA
NA
174.73
174.73
NA
NA
NA
NA
NA
175.2
175.2
NA
173.36
174.36
173.66
175.76
173.96
174.06
174.56
174.14
174.08
174.43
174.9
175.62
174.98
176.6
172.14
172.69
175.0
173.05
175.65
176.25
176.5
173.3
176.1
174.2
NA
NA
NA
NA
NA
NA
NA
NA
NA
NA
NA
NA
NA
NA
NA
NA
NA
NA
NA
NA
NA
NA
NA
NA
174.09
176.69
172.89
174.59
172.99
174.99
175.09
175.2
173.2
173.6
178.6
175.65
174.05
NA
175.45
NA
174.05
173.65
NA
NA
NA
NA
NA
NA
NA
NA
NA
NA
NA
NA
NA
NA
NA
NA
NA
NA
NA
NA
175.44
NA
NA
NA
NA
NA
NA
NA
NA
NA
NA
NA
NA
NA
NA
NA
NA
NA
176.55
NA
176.56
176.72
NA
NA
NA
NA
176.6
179.0
NA
175.0
174.4
173.9
NA
NA
NA
NA
NA
NA
174.29
174.96
177.32
175.3
174.29
174.96
177.32
175.3
NA
NA
NA
NA
NA
NA
169.75
NA
175.35
174.45
174.75
175.55
NA
NA
NA
173.03
174.13
174.13
174.95
NA
NA
NA
NA
NA
NA
NA
NA
NA
NA
NA
NA
NA
NA
NA
NA
174.19
172.91
174.87
174.22
173.62
174.26
174.42
174.38
176.58
175.05
NA
NA
175.19
NA
176.33
174.19
NA
NA
NA
NA
NA
NA
NA
NA
NA
NA
NA
174.12
174.42
174.72
175.62
NA
NA
NA
NA
NA
NA
NA
NA
176.28
174.69
174.37
176.67
173.68
175.13
174.56
176.31
173.61
174.82
174.49
NA
NA
172.15
NA
173.34
NA
NA
NA
NA
NA
NA
NA
174.24
174.36
173.6
174.53
NA
NA
NA
NA
NA
NA
NA
172.55
173.65
174.65
170.95
171.75
173.89
174.84
175.34
175.65
174.95
177.55
174.85
175.35
175.05
173.96
176.15
NA
NA
NA
NA
NA
NA
NA
NA
NA
NA
NA
NA
NA
NA
NA
173.05
176.05
173.45
175.25
NA
178.45
175.75
175.15
NA
NA
NA
177.08
172.38
174.88
171.58
174.71
NA
174.41
NA
NA
NA
NA
NA
NA
NA
NA
NA
174.65
171.65
174.25
NA
NA
NA
NA
NA
NA
176.44
176.04
173.54
175.14
177.44
173.54
NA
175.44
172.14
NA
NA
NA
NA
NA
173.77
NA
174.88
175.41
175.33
NA
174.81
172.23
NA
NA
173.15
171.95
NA
173.66
174.1
174.71
176.09
173.41
174.11
172.11
NA
NA
NA
NA
NA
174.46
173.18
174.77
175.06
172.67
174.87
175.27
NA
NA
NA
NA
NA
176.22
173.92
175.52
175.12
176.35
174.05
175.55
174.95
NA
175.97
175.77
176.27
177.97
NA
NA
175.07
173.05
NA
NA
174.15
174.55
173.25
NA
NA
NA
174.2
NA
NA
NA
173.96
175.47
171.94
NA
NA
NA
NA
174.38
NA
NA
NA
NA
NA
NA
NA
NA
NA
173.09
NA
174.25
175.11
174.68
NA
176.73
176.11
NA
NA
NA
175.45
174.4
174.52
NA
176.51
170.84
172.9
175.06
172.98
174.38
173.94
174.22
175.33
173.83
NA
175.73
174.83
175.83
174.68
173.23
175.72
NA
NA
NA
174.61
174.61
174.61
NA
174.28
NA
NA
NA
NA
NA
175.01
175.94
NA
NA
NA
174.68
174.53
NA
NA
NA
NA
NA
NA
NA
NA
NA
NA
NA
NA
NA
NA
NA
NA
NA
NA
NA
NA
NA
NA
NA
NA
NA
NA
NA
NA
NA
174.34
NA
NA
NA
NA
175.98
174.37
172.07
174.71
171.05
172.55
174.35
NA
NA
NA
NA
174.55
173.25
173.48
NA
NA
173.05
NA
NA
175.08
172.8
NA
175.14
174.09
NA
174.15
174.14
NA
173.71
NA
173.71
175.78
173.41
174.11
173.71
NA
174.2
NA
NA
176.72
173.53
NA
NA
173.7
NA
NA
NA
NA
NA
NA
NA
NA
NA
173.98
175.81
173.88
NA
NA
177.36
176.16
174.77
173.07
175.69
174.8
176.27
173.61
172.56
NA
NA
NA
NA
NA
NA
NA
NA
NA
NA
NA
NA
NA
NA
NA
NA
175.07
174.02
172.49
173.94
175.53
173.56
172.05
175.83
NA
NA
NA
NA
NA
NA
NA
NA
NA
NA
173.7
NA
174.03
171.58
NA
NA
179.32
175.07
173.09
174.44
NA
NA
NA
NA
NA
NA
NA
NA
NA
NA
NA
174.77
173.07
175.69
174.8
176.27
173.61
172.56
NA
173.87
176.57
176.27
174.57
NA
NA
NA
NA
NA
NA
NA
NA
NA
NA
NA
NA
NA
174.41
173.9
173.01
NA
NA
NA
175.29
NA
174.27
173.16
174.16
174.16
NA
176.36
NA
NA
175.54
NA
NA
174.68
NA
176.59
176.06
175.62
174.79
173.58
176.05
176.48
NA
173.04
174.6
175.14
172.98
175.01
175.26
NA
NA
NA
NA
NA
NA
NA
NA
NA
NA
NA
NA
NA
NA
NA
NA
NA
NA
NA
NA
NA
NA
NA
NA
173.74
173.36
172.71
174.07
177.42
NA
175.01
175.0
173.75
174.04
175.0
NA
NA
NA
NA
NA
NA
NA
NA
NA
NA
NA
174.19
173.78
NA
NA
NA
174.55
175.66
176.1
NA
NA
NA
NA
NA
175.61
174.01
NA
NA
NA
NA
175.38
174.99
176.52
174.43
NA
174.08
174.38
NA
175.7
177.82
176.59
177.7
172.67
176.47
NA
172.76
174.36
174.06
173.36
174.55
175.81
176.21
174.94
175.11
174.96
171.91
175.12
174.3
172.06
175.26
174.06
NA
174.6
174.47
173.55
175.26
174.21
NA
177.69
177.87
177.33
176.05
171.85
174.65
175.05
172.05
NA
175.05
NA
NA
NA
NA
NA
NA
NA
174.89
NA
NA
NA
174.5
171.69
NA
NA
NA
NA
NA
NA
NA
NA
176.11
176.81
176.51
173.81
173.51
NA
175.39
173.69
NA
174.62
NA
174.78
NA
NA
NA
NA
176.58
NA
NA
175.86
178.96
177.95
175.09
175.7
171.74
NA
NA
NA
NA
NA
NA
NA
NA
NA
NA
NA
NA
175.41
173.59
NA
175.33
173.5
NA
NA
NA
NA
NA
NA
174.51
175.16
NA
NA
NA
NA
NA
NA
NA
NA
NA
NA
NA
NA
NA
174.46
172.8
175.6
174.8
173.2
176.9
176.1
171.4
177.3
173.1
NA
NA
NA
177.2
173.12
175.3
174.68
174.16
NA
NA
NA
NA
NA
NA
NA
174.59
178.89
175.62
NA
NA
NA
NA
NA
NA
NA
NA
174.28
172.61
175.25
173.94
NA
NA
NA
175.67
NA
NA
174.57
174.67
173.67
173.61
172.77
173.92
NA
173.89
172.01
NA
174.94
174.91
NA
NA
177.45
173.73
175.48
173.63
171.99
175.78
175.26
174.66
174.46
172.96
173.66
174.7
NA
NA
NA
NA
NA
NA
NA
NA
NA
NA
NA
NA
NA
NA
NA
NA
176.18
174.52
NA
174.1
NA
175.65
173.4
170.45
NA
NA
174.4
174.38
178.18
NA
179.18
175.98
195.98
174.78
175.48
174.78
NA
NA
NA
NA
NA
174.73
174.93
174.93
NA
NA
NA
NA
NA
NA
NA
175.34
173.64
175.44
174.64
173.13
173.35
177.45
175.55
174.48
175.13
172.89
174.11
173.87
175.45
176.18
178.61
174.1
174.39
175.83
174.51
174.21
174.71
174.92
NA
NA
NA
NA
NA
NA
NA
NA
NA
NA
NA
NA
NA
NA
NA
NA
NA
NA
173.77
174.17
NA
NA
NA
NA
173.57
174.67
174.87
NA
NA
174.37
NA
NA
NA
NA
NA
NA
NA
NA
NA
NA
NA
NA
173.43
174.77
175.33
173.53
NA
NA
NA
NA
NA
NA
NA
NA
NA
NA
174.54
NA
172.02
NA
NA
NA
NA
NA
178.03
NA
NA
NA
174.13
173.9
173.06
173.82
174.41
174.47
174.91
172.7
NA
NA
NA
NA
NA
NA
NA
NA
174.43
172.93
NA
NA
174.73
174.53
NA
NA
NA
NA
173.6
NA
175.01
176.45
170.51
173.6
169.45
175.56
172.32
174.7
172.02
NA
173.77
174.09
174.76
NA
176.43
175.63
174.63
174.23
172.63
174.93
173.33
173.93
173.73
NA
NA
NA
NA
NA
NA
NA
NA
NA
NA
NA
NA
174.56
176.09
173.45
NA
NA
NA
NA
174.91
176.81
176.74
NA
176.64
174.84
173.24
175.24
173.84
174.74
175.31
NA
NA
178.45
NA
NA
NA
NA
NA
174.85
174.65
174.05
172.35
174.65
171.05
174.01
175.11
174.11
174.21
173.11
173.21
170.68
173.92
172.28
176.33
173.79
NA
178.09
175.74
173.08
172.87
175.31
174.32
175.57
176.39
173.24
176.0
174.19
172.97
175.55
NA
173.85
173.51
NA
172.95
NA
175.63
175.93
174.93
NA
NA
174.83
174.23
174.13
178.73
NA
NA
174.71
175.89
NA
NA
NA
174.61
173.6
NA
NA
NA
NA
NA
NA
178.66
174.57
173.38
176.36
NA
175.31
175.3
175.2
NA
173.5
178.3
175.12
175.19
NA
174.06
173.36
173.64
174.35
175.11
NA
173.76
174.86
174.66
172.96
173.86
NA
175.16
NA
NA
174.76
173.9
NA
174.64
174.67
175.03
172.43
171.95
175.05
NA
NA
NA
NA
NA
175.32
172.3
173.9
NA
NA
174.91
175.94
174.28
173.76
NA
NA
NA
NA
NA
NA
NA
NA
173.67
NA
NA
NA
NA
NA
NA
174.21
174.98
174.75
NA
173.73
177.03
173.93
175.43
174.53
175.03
175.13
NA
173.87
173.67
172.19
174.34
172.19
173.53
172.23
172.21
173.47
174.35
174.15
174.36
174.4
173.9
174.01
174.48
174.47
174.32
174.11
174.16
173.66
174.31
174.39
173.69
172.59
172.59
172.49
NA
174.74
173.84
173.04
174.84
175.35
NA
174.21
173.11
174.13
174.13
NA
174.67
175.09
173.45
174.65
NA
NA
NA
174.26
175.2
NA
173.89
174.46
176.25
176.01
172.68
175.03
175.29
173.11
172.24
175.42
176.48
173.9
174.41
174.19
176.38
174.79
NA
NA
175.28
175.12
173.33
173.48
NA
NA
NA
NA
NA
176.97
NA
176.45
NA
175.24
174.95
177.99
177.86
176.48
NA
NA
174.95
175.15
171.75
NA
174.8
174.02
175.3
173.9
178.46
174.57
175.55
173.85
173.61
NA
174.24
174.04
NA
176.05
NA
NA
173.99
174.0
173.99
NA
174.4
173.89
NA
175.05
NA
NA
NA
NA
NA
NA
NA
173.58
175.98
172.42
173.73
174.53
176.33
178.73
175.53
174.77
174.54
NA
174.51
173.49
173.38
175.04
173.62
173.31
174.51
173.55
172.76
170.73
172.96
NA
176.13
NA
171.95
175.23
174.86
174.5
176.03
176.29
NA
170.94
174.84
175.54
174.24
173.14
NA
NA
NA
174.68
NA
NA
NA
174.89
173.69
173.69
175.39
NA
175.13
NA
NA
NA
NA
NA
NA
NA
NA
NA
NA
NA
NA
NA
NA
NA
176.57
174.77
174.87
175.17
172.96
175.48
173.53
172.97
175.43
173.52
174.23
175.82
174.38
176.01
175.48
NA
175.75
182.5
173.75
174.05
178.9
174.21
174.71
172.91
175.81
175.11
174.81
NA
176.36
NA
NA
NA
NA
NA
172.46
NA
175.7
174.6
174.81
175.31
173.36
174.85
NA
NA
NA
NA
NA
NA
NA
NA
NA
NA
NA
NA
NA
NA
NA
NA
NA
NA
NA
174.05
174.75
172.85
175.85
174.75
174.85
NA
174.68
173.88
NA
NA
NA
NA
172.89
174.82
174.77
NA
174.21
174.29
175.25
NA
174.49
176.92
NA
173.58
NA
173.13
173.59
174.99
174.39
174.09
175.79
NA
175.29
175.89
177.59
NA
NA
174.91
175.55
174.96
174.0
176.52
NA
174.48
178.31
173.62
NA
NA
NA
NA
NA
NA
174.8
NA
NA
NA
NA
173.45
NA
173.09
NA
174.95
175.15
171.75
NA
174.85
174.34
173.78
173.42
174.76
174.56
175.16
174.76
174.56
173.76
174.92
NA
175.25
174.58
173.78
174.98
174.4
NA
174.96
172.56
173.06
174.26
174.06
NA
176.34
NA
NA
174.25
174.05
173.69
176.18
175.74
174.54
173.76
174.28
NA
173.55
175.65
175.35
176.25
173.25
NA
175.55
175.15
174.55
NA
NA
NA
NA
174.0
NA
NA
NA
177.45
177.45
177.41
177.4
177.35
177.37
175.43
174.73
174.64
174.16
NA
NA
NA
174.19
NA
174.64
NA
NA
NA
NA
NA
NA
NA
NA
NA
NA
171.02
174.92
174.13
173.23
174.08
175.41
NA
174.11
174.21
NA
176.41
174.21
NA
NA
NA
NA
NA
NA
173.57
NA
NA
NA
171.97
173.37
NA
NA
174.85
174.28
NA
NA
NA
NA
173.66
173.47
175.26
NA
NA
NA
NA
NA
175.48
173.71
178.26
174.29
173.57
176.27
174.37
173.28
174.39
174.46
173.97
175.17
NA
175.27
NA
178.0
176.6
NA
NA
NA
NA
NA
NA
NA
NA
NA
173.91
175.01
174.37
NA
NA
174.29
176.86
174.56
176.13
175.22
173.41
173.17
NA
NA
NA
NA
NA
NA
NA
NA
NA
NA
NA
NA
NA
NA
NA
174.51
NA
NA
NA
172.7
NA
175.2
172.62
173.42
175.2
174.9
NA
174.99
173.73
171.63
173.93
174.73
174.23
173.53
NA
NA
NA
174.62
175.05
174.41
174.7
174.54
NA
NA
NA
NA
NA
NA
NA
NA
NA
NA
178.09
174.45
177.35
175.96
174.96
176.58
NA
NA
174.53
174.73
174.49
174.62
174.24
174.19
174.41
174.39
173.62
NA
174.2
174.8
NA
173.5
175.5
175.41
175.02
176.68
174.68
176.57
174.56
174.49
175.96
174.68
174.11
174.84
174.15
NA
173.84
174.67
174.97
173.63
174.82
174.21
174.0
174.41
NA
174.56
174.6
NA
176.29
174.06
174.55
175.8
174.64
172.54
NA
176.34
177.74
174.47
174.18
NA
173.7
174.19
174.05
173.98
173.15
174.26
173.5
174.64
174.66
173.9
173.99
NA
NA
173.76
174.72
174.86
174.11
174.19
NA
175.07
NA
175.26
NA
174.3
173.99
NA
173.77
174.63
172.34
175.79
176.38
174.45
173.88
173.58
174.62
174.81
NA
NA
NA
NA
174.57
174.87
NA
NA
NA
NA
174.79
172.59
174.49
173.79
174.59
NA
NA
NA
174.31
174.71
176.01
174.91
171.61
173.41
174.21
174.31
173.71
NA
NA
172.31
174.01
175.91
175.91
174.89
173.98
NA
NA
175.08
173.94
174.58
176.44
174.25
173.32
NA
174.25
169.9
176.2
177.1
174.9
175.6
174.46
174.98
174.45
174.14
NA
NA
NA
173.01
NA
NA
173.17
NA
NA
172.89
174.01
172.55
174.53
172.52
172.93
174.42
174.37
173.45
172.81
174.21
174.05
173.41
175.02
177.04
172.97
175.53
174.13
NA
NA
NA
173.43
174.36
174.67
NA
174.71
NA
173.15
NA
170.5
170.9
168.6
NA
NA
175.5
174.08
NA
175.34
172.68
174.18
NA
NA
NA
NA
NA
NA
NA
NA
NA
NA
NA
NA
NA
NA
175.4
NA
175.53
175.91
NA
NA
NA
NA
NA
NA
NA
NA
176.08
177.01
174.85
173.85
174.35
NA
175.05
172.79
176.15
177.16
NA
174.4
175.1
NA
174.07
174.76
NA
174.31
173.3
175.55
NA
176.94
176.83
NA
NA
NA
176.18
176.02
NA
174.85
NA
176.4
175.18
NA
175.16
NA
NA
NA
176.58
175.78
NA
174.3
174.11
175.99
173.71
174.71
174.91
173.8
172.71
173.06
173.22
NA
174.69
NA
174.09
174.6
174.3
174.8
177.43
176.55
177.14
NA
174.53
174.63
NA
172.7
172.4
173.4
NA
NA
173.9
172.76
173.66
173.76
173.46
173.46
NA
NA
NA
NA
NA
NA
NA
NA
NA
NA
NA
174.69
176.19
175.09
175.09
NA
176.79
175.49
174.99
173.69
176.09
174.59
174.99
176.13
174.13
176.63
NA
NA
NA
NA
174.86
173.66
174.76
171.76
176.86
174.24
175.64
NA
NA
175.64
176.21
174.23
NA
175.9
NA
NA
NA
NA
NA
NA
NA
NA
NA
NA
NA
NA
NA
NA
174.58
176.19
175.73
176.12
NA
176.27
175.54
176.25
174.92
NA
174.52
177.08
175.9
173.9
NA
NA
174.78
NA
174.39
173.86
175.62
174.62
177.5
176.29
173.25
182.01
174.17
173.97
173.37
173.47
173.87
173.37
174.67
173.67
175.44
NA
175.11
173.41
174.01
NA
175.1
176.69
174.09
173.99
175.39
172.53
172.42
173.72
NA
NA
NA
176.59
176.25
174.06
175.68
NA
NA
NA
NA
174.2
174.7
174.4
174.55
173.26
NA
174.5
174.88
175.06
175.48
NA
174.41
NA
174.88
NA
NA
NA
NA
NA
NA
NA
NA
173.71
NA
NA
NA
174.76
170.89
174.65
174.19
173.36
173.74
175.57
171.37
175.17
NA
175.02
173.39
173.8
174.45
175.51
NA
NA
NA
175.56
NA
174.26
174.36
NA
176.46
174.16
175.05
NA
NA
NA
NA
NA
NA
NA
NA
NA
NA
NA
NA
NA
NA
174.24
NA
NA
175.06
NA
174.25
174.05
175.57
177.37
171.27
176.57
178.47
178.57
176.17
175.7
175.06
NA
174.52
175.05
174.39
174.15
175.23
172.44
176.13
174.72
172.72
NA
177.12
174.82
NA
NA
173.44
177.5
173.74
NA
NA
174.49
173.11
174.63
171.75
175.09
174.49
NA
NA
NA
NA
NA
NA
NA
174.51
176.11
NA
NA
175.55
174.92
174.91
175.32
170.77
170.98
171.71
172.69
170.69
168.45
172.44
173.98
173.35
NA
173.46
177.83
173.66
174.55
NA
175.16
175.67
174.39
175.21
NA
174.58
175.69
175.26
NA
NA
NA
NA
NA
174.2
174.96
175.58
NA
174.59
173.89
NA
175.59
174.94
176.87
174.27
NA
NA
NA
174.04
174.95
173.63
NA
NA
NA
NA
174.26
175.16
NA
NA
NA
NA
NA
NA
NA
174.44
173.09
NA
175.29
175.38
NA
175.7
176.91
NA
174.59
NA
NA
NA
NA
NA
NA
NA
NA
174.31
174.51
NA
174.0
175.26
173.83
NA
NA
172.83
NA
173.87
175.37
174.67
170.97
NA
NA
NA
174.9
175.69
NA
174.53
175.58
NA
174.4
173.97
175.05
174.05
NA
174.57
175.47
174.47
175.47
NA
175.47
174.67
173.77
173.67
NA
173.79
NA
174.77
174.16
NA
176.3
NA
NA
NA
175.25
173.84
176.49
174.92
NA
174.17
174.17
174.47
173.77
171.87
175.57
NA
173.47
172.27
174.77
172.0
177.53
174.59
175.2
NA
174.74
174.57
174.58
174.13
NA
174.9
175.64
176.16
174.02
174.67
174.47
174.77
NA
NA
NA
NA
NA
NA
174.69
173.19
NA
NA
NA
175.21
177.11
174.06
172.91
175.9
174.78
NA
NA
175.36
175.16
175.64
175.04
175.35
178.7
175.05
NA
173.61
NA
174.59
172.29
176.72
175.56
NA
173.7
175.14
173.85
NA
172.34
NA
174.49
NA
174.45
174.72
174.47
175.09
NA
175.42
173.35
NA
175.31
175.82
NA
NA
NA
NA
NA
NA
NA
NA
173.64
176.54
175.24
174.54
NA
NA
175.1
175.9
173.0
173.2
174.2
173.7
NA
NA
175.32
174.58
178.08
173.26
173.9
172.8
NA
173.4
176.2
173.0
174.4
175.75
179.17
177.04
174.0
175.31
173.13
176.57
175.73
NA
174.19
174.09
176.06
174.27
NA
NA
NA
NA
NA
NA
NA
NA
NA
NA
NA
NA
NA
174.18
174.98
NA
NA
NA
NA
NA
NA
NA
NA
172.17
174.87
174.07
174.97
171.27
176.77
174.97
174.89
170.71
175.29
173.83
174.79
174.89
NA
174.79
172.77
174.37
176.34
173.14
174.58
NA
NA
NA
NA
NA
NA
171.17
174.95
175.98
174.3
175.18
NA
NA
NA
NA
NA
NA
NA
NA
NA
NA
174.18
NA
176.08
179.18
178.28
179.68
174.18
175.48
176.58
176.14
175.57
175.43
174.0
175.06
174.58
175.21
174.56
174.44
175.22
174.28
NA
174.91
NA
NA
NA
NA
NA
174.55
171.78
174.17
173.51
174.67
175.33
174.19
173.88
171.26
176.22
175.25
173.2
NA
172.81
175.29
174.98
NA
NA
NA
NA
NA
174.31
174.01
176.51
174.29
174.22
174.28
173.8
173.1
173.0
176.4
NA
NA
NA
NA
NA
NA
173.19
NA
NA
NA
NA
NA
NA
NA
NA
NA
174.54
175.87
174.34
174.14
176.54
174.19
NA
NA
NA
NA
NA
NA
NA
174.82
174.39
178.04
172.32
175.68
174.91
NA
NA
174.09
174.68
174.4
178.0
174.24
172.05
174.14
173.31
175.76
174.09
174.22
NA
174.63
174.21
173.32
175.69
174.86
173.8
NA
NA
171.54
176.64
NA
172.97
174.47
173.97
NA
NA
174.92
NA
175.15
NA
173.51
174.43
174.04
NA
NA
NA
174.81
174.89
174.16
174.06
174.12
174.23
173.91
177.29
175.41
175.09
176.15
NA
NA
171.59
NA
NA
174.69
173.29
173.87
NA
NA
174.57
NA
NA
NA
NA
NA
175.06
177.72
171.77
NA
NA
NA
177.24
NA
175.27
173.23
176.54
173.86
172.87
NA
NA
174.69
174.43
173.87
176.38
174.51
174.95
174.46
174.53
174.69
175.03
175.3
NA
NA
NA
NA
NA
NA
173.92
174.91
173.44
NA
NA
NA
NA
NA
174.61
174.05
174.36
173.51
173.92
174.2
174.14
173.84
173.85
NA
173.1
175.72
174.58
175.25
173.59
175.67
NA
NA
175.43
175.51
173.91
173.31
172.01
173.31
173.51
173.71
173.91
173.21
174.51
174.11
174.11
NA
175.31
175.91
174.71
NA
173.1
174.0
174.2
173.4
173.2
174.0
NA
NA
NA
NA
NA
175.24
NA
175.63
175.43
177.73
174.34
NA
NA
175.34
NA
173.34
NA
NA
NA
NA
NA
NA
NA
NA
174.19
172.99
174.09
174.86
174.52
174.46
174.17
NA
174.71
174.38
174.05
174.68
172.51
NA
174.76
174.74
174.06
173.92
NA
NA
NA
NA
NA
NA
NA
NA
NA
NA
NA
NA
NA
NA
NA
NA
176.86
173.28
NA
173.15
177.79
177.53
NA
NA
NA
172.93
177.8
NA
NA
NA
NA
NA
NA
174.78
174.61
174.01
NA
NA
NA
175.01
174.88
174.33
NA
NA
NA
174.55
NA
NA
173.62
173.75
174.13
NA
NA
NA
NA
NA
NA
173.33
173.6
NA
174.54
174.11
172.73
173.89
173.88
174.08
NA
173.59
NA
NA
NA
NA
NA
171.17
172.87
174.17
172.57
173.27
NA
174.88
176.07
175.97
175.73
175.51
177.34
174.05
173.24
176.99
174.73
175.66
174.85
175.02
175.85
175.5
178.94
176.36
173.78
174.78
172.59
172.66
176.04
173.63
174.0
174.04
174.25
173.62
174.08
174.55
NA
176.08
177.68
176.88
172.54
174.09
174.97
173.19
173.45
NA
NA
NA
NA
NA
175.14
173.87
NA
175.65
174.15
173.77
173.89
NA
174.55
NA
NA
174.74
173.51
174.33
NA
NA
NA
NA
173.62
174.43
172.48
175.15
175.59
174.37
175.16
NA
174.5
175.54
173.62
NA
174.33
174.1
175.82
NA
174.69
177.7
NA
NA
NA
NA
NA
NA
NA
NA
NA
NA
NA
NA
NA
NA
NA
NA
NA
NA
NA
NA
NA
NA
NA
NA
NA
NA
NA
NA
NA
NA
NA
NA
NA
NA
175.3
NA
NA
NA
NA
NA
175.98
173.41
174.98
173.72
NA
172.84
174.39
175.02
175.02
174.57
NA
174.76
NA
NA
176.09
174.75
174.86
173.38
174.26
174.46
174.81
174.01
175.44
173.14
174.21
NA
NA
NA
172.84
174.06
174.76
174.74
NA
172.85
NA
NA
NA
173.47
174.5
173.96
NA
NA
174.09
173.58
NA
NA
NA
NA
NA
NA
178.56
NA
NA
NA
175.84
176.22
176.01
NA
NA
NA
NA
NA
NA
NA
NA
NA
NA
NA
NA
176.33
174.73
176.13
NA
174.53
NA
175.93
NA
176.13
174.82
176.32
173.02
173.62
173.82
174.72
174.12
173.12
174.42
NA
NA
NA
175.95
175.94
174.72
173.89
172.71
173.87
177.05
NA
NA
172.52
NA
NA
NA
173.63
175.37
NA
173.68
174.94
176.27
178.66
174.68
176.48
NA
176.23
176.62
172.63
NA
173.52
175.05
175.02
175.21
174.61
174.49
174.99
175.29
173.76
175.77
NA
174.05
174.68
172.51
NA
NA
NA
NA
NA
NA
NA
NA
NA
NA
NA
NA
NA
NA
174.96
176.66
174.77
177.07
176.75
174.18
173.21
NA
NA
NA
174.03
NA
NA
NA
174.43
174.33
177.43
175.53
172.43
173.85
NA
NA
NA
NA
NA
175.83
177.58
175.64
171.35
NA
174.99
NA
NA
NA
175.04
NA
174.45
175.94
175.72
174.89
171.52
176.3
175.07
NA
NA
NA
NA
NA
NA
NA
NA
NA
NA
NA
NA
NA
NA
NA
NA
NA
NA
NA
NA
NA
NA
NA
173.79
174.03
175.33
NA
NA
NA
NA
NA
174.51
174.61
176.9
173.52
173.82
174.22
NA
NA
NA
NA
NA
NA
NA
NA
177.01
177.35
177.5
177.47
179.83
174.96
173.96
173.36
174.16
173.76
175.06
NA
NA
174.8
178.12
175.95
175.94
NA
NA
174.09
NA
NA
NA
NA
NA
NA
174.55
175.68
175.55
173.83
174.69
174.25
174.5
174.37
174.41
174.48
NA
NA
NA
175.12
174.55
NA
174.18
175.44
175.21
NA
172.44
NA
NA
173.98
172.86
NA
172.33
176.03
175.36
176.35
176.13
NA
173.81
174.43
172.5
174.12
NA
174.13
174.05
173.83
NA
NA
NA
175.69
172.88
NA
NA
NA
174.5
NA
NA
175.82
NA
176.51
174.65
173.65
172.51
177.12
174.35
174.72
173.73
174.79
174.9
NA
173.36
173.81
NA
NA
NA
175.09
177.19
NA
173.26
174.97
174.68
NA
174.21
NA
173.91
173.11
174.11
NA
174.51
173.91
174.55
174.71
172.8
NA
174.2
173.72
174.12
175.82
175.62
174.7
174.47
174.43
175.03
174.14
174.36
174.79
175.44
174.2
171.74
176.86
175.77
174.75
173.43
175.67
175.02
175.34
178.73
175.12
173.93
174.49
173.98
172.98
175.14
174.52
173.35
173.46
173.92
173.05
NA
NA
173.96
175.86
174.99
174.31
173.49
175.11
NA
172.68
176.33
174.69
174.41
172.2
173.16
173.76
NA
NA
NA
NA
NA
NA
NA
NA
174.86
NA
NA
NA
174.86
NA
NA
NA
174.77
174.37
172.49
175.13
175.69
NA
172.57
175.43
174.3
171.56
173.68
175.13
173.05
172.56
173.48
173.7
174.62
NA
NA
NA
173.5
174.2
NA
NA
NA
NA
NA
NA
NA
NA
NA
NA
NA
NA
174.0
173.59
NA
NA
NA
NA
175.26
NA
NA
NA
NA
NA
168.71
174.51
170.71
174.41
173.01
NA
173.76
174.49
173.09
174.14
174.21
175.42
NA
175.43
NA
NA
NA
NA
173.62
178.32
171.21
171.97
175.76
174.25
NA
172.69
174.49
175.01
174.17
175.76
177.85
NA
NA
175.88
NA
NA
NA
NA
NA
NA
NA
NA
NA
NA
NA
NA
NA
NA
NA
NA
NA
NA
NA
NA
NA
NA
NA
NA
NA
NA
NA
NA
NA
NA
NA
174.36
174.13
174.05
NA
NA
NA
NA
NA
NA
175.52
178.22
NA
172.89
172.59
174.63
171.89
174.51
175.18
NA
172.97
NA
NA
NA
NA
NA
NA
NA
NA
NA
NA
NA
NA
NA
NA
NA
NA
174.44
177.12
176.68
NA
NA
NA
NA
NA
174.28
NA
NA
NA
NA
NA
174.29
172.73
173.88
174.27
NA
176.69
174.65
174.96
174.51
174.0
173.75
174.26
175.25
174.0
175.19
174.25
175.36
175.32
173.01
176.1
NA
NA
NA
NA
NA
NA
NA
NA
NA
NA
NA
174.57
NA
175.86
NA
NA
NA
NA
NA
NA
176.55
175.76
NA
173.62
174.07
NA
NA
NA
NA
NA
NA
NA
NA
NA
NA
NA
NA
NA
NA
NA
NA
NA
174.54
NA
NA
174.64
171.28
174.39
174.4
177.25
NA
174.11
174.24
174.0
175.17
NA
174.82
174.21
174.69
NA
173.95
171.86
172.65
174.66
NA
175.37
174.44
NA
175.72
174.12
NA
NA
NA
NA
NA
NA
NA
NA
NA
NA
173.42
172.37
173.86
NA
NA
174.39
175.59
172.74
173.15
NA
NA
174.66
174.9
172.33
175.24
174.12
175.04
174.25
174.48
NA
NA
174.12
177.26
NA
174.06
NA
NA
NA
NA
172.88
176.79
174.84
174.45
176.18
174.06
179.14
173.58
174.81
174.82
NA
174.44
NA
173.47
NA
NA
NA
NA
NA
NA
NA
NA
NA
NA
NA
NA
NA
NA
NA
NA
NA
NA
NA
NA
NA
171.77
175.1
172.12
175.2
175.25
172.57
171.99
174.69
175.24
172.88
175.32
175.72
175.3
178.45
175.45