62.15
62.07
64.0
63.74
63.35
63.23
63.42
62.25
62.27
62.49
62.64
62.65
63.4
62.45
NA
65.06
65.06
62.83
61.72
63.37
62.23
62.47
62.19
63.5
62.79
63.15
63.78
63.25
63.39
62.88
62.6
63.33
62.15
63.24
63.15
62.45
62.55
63.01
63.28
62.78
62.86
62.56
62.97
63.58
62.76
64.13
62.55
63.0
NA
64.68
NA
63.14
62.11
63.42
62.95
63.28
66.83
64.35
61.62
64.38
63.65
63.08
62.74
62.51
61.68
62.62
63.44
64.61
62.9
63.01
63.44
62.58
62.31
63.79
63.45
NA
62.47
62.78
63.32
62.28
61.75
63.04
61.39
NA
62.66
63.28
NA
62.8
62.52
64.13
62.55
62.32
62.13
64.94
NA
62.57
62.55
62.64
62.78
62.53
63.03
63.64
62.64
63.17
62.47
64.24
63.26
62.63
63.99
63.44
62.67
64.3
61.29
62.96
62.99
62.6
63.89
NA
61.76
NA
63.2
62.96
62.51
62.74
NA
62.68
62.9
63.09
62.72
63.78
62.91
63.76
63.04
62.31
64.09
63.64
62.82
62.94
63.13
NA
NA
62.69
62.92
62.14
63.03
64.19
63.31
NA
62.11
NA
62.81
63.1
62.36
62.01
61.61
63.05
NA
62.2
62.35
63.33
63.01
62.49
62.84
62.98
61.87
61.46
61.54
62.64
62.17
63.99
63.91
NA
62.76
63.25
NA
62.71
62.66
63.5
62.15
63.09
NA
63.75
61.87
64.45
62.7
62.81
62.98
NA
62.76
62.72
62.29
62.59
62.17
65.92
63.52
62.79
62.57
63.13
62.7
62.78
62.53
63.85
65.38
62.46
62.71
62.58
62.08
63.24
63.2
62.45
63.21
62.62
62.97
62.88
62.7
62.49
61.69
63.15
62.43
65.59
62.66
63.31
62.44
NA
62.82
63.7
64.2
63.44
NA
62.69
62.67
64.93
62.66
62.07
62.99
62.4
62.47
64.64
62.34
62.49
NA
63.4
65.68
61.74
NA
NA
62.53
64.64
63.02
63.06
64.15
62.23
62.91
63.42
62.98
61.88
62.68
63.19
63.44
62.61
62.82
63.18
62.18
64.11
62.47
62.37
63.18
62.92
63.33
64.24
62.31
63.76
63.28
62.78
62.53
63.47
62.65
62.86
63.0
63.72
64.01
63.01
63.71
64.25
62.71
62.61
62.88
NA
NA
63.94
65.48
63.75
63.76
NA
NA
64.16
65.64
64.41
63.59
63.31
62.73
65.18
63.81
63.16
63.3
62.56
65.1
63.66
63.4
63.2
NA
64.92
63.38
63.85
64.01
64.0
64.04
62.28
NA
62.67
62.03
63.08
62.99
63.78
62.97
63.2
66.98
61.96
61.88
63.23
62.95
NA
63.19
63.91
65.29
64.02
61.2
NA
63.87
62.74
62.62
62.3
NA
69.49
NA
63.62
NA
62.31
NA
NA
NA
62.49
63.06
NA
62.56
61.85
61.86
63.01
62.14
62.74
63.14
62.24
64.11
NA
NA
NA
NA
NA
NA
NA
NA
NA
NA
NA
NA
NA
62.9
65.95
62.84
63.05
64.1
64.29
64.16
63.08
64.48
61.47
63.78
63.3
62.39
61.74
62.1
62.8
62.6
62.2
62.7
62.3
62.9
63.0
62.6
64.3
62.5
62.8
62.8
62.7
62.9
NA
NA
NA
NA
61.06
63.94
62.24
62.94
NA
61.29
63.47
63.15
63.02
63.18
63.05
NA
64.0
64.22
63.96
62.61
62.67
63.71
NA
62.77
63.97
NA
NA
NA
63.99
63.95
71.92
64.04
62.48
NA
NA
NA
NA
NA
NA
NA
NA
NA
NA
NA
NA
NA
NA
NA
NA
NA
NA
NA
NA
62.94
63.48
NA
64.3
NA
NA
62.76
63.93
62.79
62.28
NA
63.07
62.67
63.28
62.69
63.82
62.4
62.4
62.9
62.4
62.5
62.7
NA
62.2
62.4
NA
64.3
NA
NA
NA
NA
NA
63.35
62.64
63.0
62.62
62.85
62.0
62.86
62.7
NA
63.71
63.85
63.79
63.06
62.94
62.56
62.35
64.48
NA
62.37
63.14
62.81
NA
NA
61.52
62.97
62.97
62.38
63.63
62.47
64.16
64.48
64.09
62.91
66.48
62.41
NA
NA
62.28
NA
63.31
62.4
60.81
63.59
64.64
64.75
NA
63.64
62.38
NA
NA
NA
62.1
61.97
62.51
NA
NA
62.87
64.83
63.13
62.62
NA
NA
NA
NA
NA
64.59
62.33
NA
62.64
NA
64.73
NA
63.16
NA
63.04
67.53
NA
62.89
NA
NA
62.76
62.57
62.18
62.5
64.77
64.73
64.65
64.55
64.71
NA
62.01
61.46
62.4
63.75
NA
62.48
NA
64.17
65.7
62.72
65.7
62.72
65.67
62.57
65.62
62.51
65.65
62.78
63.0
64.38
62.67
NA
NA
NA
NA
62.9
NA
NA
NA
64.2
62.65
63.55
NA
NA
NA
NA
NA
NA
NA
NA
NA
63.07
NA
NA
62.96
63.87
62.43
64.57
NA
63.9
64.18
62.4
62.38
NA
64.83
NA
61.92
NA
NA
63.67
62.19
NA
NA
NA
NA
NA
NA
NA
NA
64.21
64.42
NA
NA
NA
64.0
63.91
63.39
62.85
63.42
66.89
62.81
63.3
62.67
62.54
62.91
62.44
NA
63.57
NA
62.46
NA
63.12
NA
62.35
NA
NA
NA
NA
62.0
62.72
61.99
NA
NA
63.17
NA
64.32
62.58
NA
62.88
NA
62.89
63.09
62.7
NA
64.08
NA
NA
64.72
63.92
64.32
64.32
63.52
62.48
62.42
63.9
63.29
63.42
NA
63.46
NA
NA
NA
NA
NA
62.53
NA
66.03
63.83
NA
62.56
62.29
NA
NA
NA
62.39
NA
62.3
63.1
62.39
62.86
62.08
62.38
61.78
62.48
63.4
63.57
NA
62.81
62.81
NA
61.54
65.47
62.14
61.95
62.05
62.43
63.81
64.51
63.47
62.2
62.9
62.85
61.6
62.93
62.53
63.03
62.84
62.44
62.84
62.24
63.24
62.84
NA
61.25
62.25
62.72
58.9
62.57
61.67
62.47
63.07
61.64
62.9
NA
63.71
62.87
61.95
62.86
62.18
63.18
62.44
NA
62.37
NA
NA
NA
NA
NA
59.35
59.35
NA
63.72
65.73
62.88
64.48
62.38
NA
62.78
63.42
64.32
NA
NA
NA
63.27
63.12
NA
63.91
61.71
62.84
63.94
NA
63.17
63.57
62.19
63.36
61.61
NA
62.48
NA
63.25
NA
NA
64.02
NA
NA
62.47
63.81
63.33
63.88
64.01
63.19
NA
64.66
64.55
64.19
NA
62.84
NA
63.14
63.04
63.24
62.24
62.34
62.54
62.54
64.57
62.89
NA
NA
NA
NA
NA
62.63
NA
NA
NA
63.76
63.86
62.76
62.76
63.37
64.07
63.37
64.07
61.87
63.35
62.25
63.15
62.75
62.75
NA
64.66
62.61
63.33
63.23
NA
NA
NA
NA
62.61
61.76
62.67
62.98
62.86
NA
63.09
NA
NA
NA
NA
63.07
63.14
63.4
62.9
62.64
62.75
63.05
63.22
63.82
61.92
63.12
62.42
64.62
61.66
63.57
63.22
63.42
63.62
63.52
65.72
NA
NA
64.12
62.86
NA
NA
60.56
NA
64.41
NA
NA
NA
NA
NA
NA
62.16
63.02
62.5
63.05
62.75
NA
NA
64.64
62.97
62.69
63.89
62.78
63.5
NA
63.01
64.41
NA
60.71
NA
62.61
63.51
63.04
NA
64.01
NA
NA
NA
NA
NA
NA
NA
63.34
62.55
63.2
NA
63.52
62.95
63.11
64.12
NA
62.35
NA
62.54
62.15
62.45
63.39
62.62
62.86
64.9
62.52
62.41
64.01
62.51
62.32
62.78
NA
64.3
63.14
64.41
64.01
62.45
62.76
63.66
63.56
62.75
63.25
63.65
62.44
62.94
61.94
63.56
60.28
62.3
NA
62.42
NA
61.67
63.22
63.52
62.75
62.81
NA
62.15
65.11
64.21
64.19
63.3
64.21
NA
67.77
NA
63.37
63.61
62.42
63.06
63.56
62.72
60.95
62.15
NA
64.74
62.36
62.94
63.96
63.26
61.78
62.73
62.63
62.63
NA
NA
NA
NA
NA
62.81
62.57
62.71
63.77
63.5
63.85
62.36
63.79
62.39
62.56
63.34
NA
61.11
60.82
NA
62.42
61.32
62.35
NA
62.33
NA
62.64
63.16
62.96
62.99
62.99
NA
63.69
63.87
63.87
63.67
62.73
63.03
62.2
61.4
NA
62.87
64.79
63.12
64.33
63.37
NA
62.52
62.12
NA
62.05
63.29
63.22
NA
63.05
62.12
63.85
63.23
NA
62.93
NA
66.87
62.82
63.87
62.9
62.78
64.11
62.19
62.77
NA
61.76
61.64
63.55
61.99
63.8
63.0
63.6
62.93
62.62
63.36
62.3
62.56
NA
NA
NA
64.69
63.29
63.39
63.31
63.21
64.26
63.24
63.13
65.41
NA
NA
62.71
63.2
62.93
62.47
NA
62.33
NA
NA
NA
NA
63.17
62.52
62.72
64.25
NA
62.85
63.0
61.31
NA
62.4
62.8
62.46
62.96
65.46
61.63
NA
62.33
62.8
63.74
61.96
62.05
62.69
62.78
62.89
NA
NA
NA
NA
61.66
NA
63.1
62.78
65.44
62.34
62.86
62.37
62.57
64.7
61.03
62.55
62.04
64.43
62.43
62.43
63.63
63.46
63.37
NA
61.9
62.85
62.85
62.68
62.28
62.09
NA
61.44
62.48
NA
62.76
61.42
62.24
63.06
NA
NA
NA
63.02
63.12
62.52
63.52
64.21
62.91
NA
60.51
NA
64.51
64.19
62.89
62.59
64.09
60.79
61.39
64.39
62.58
NA
62.9
64.0
64.0
NA
62.56
63.36
62.56
62.56
62.02
62.16
63.96
60.56
62.98
62.75
62.05
62.75
62.95
62.65
62.45
62.65
62.55
63.15
66.26
62.4
62.3
62.9
63.03
62.47
64.2
65.1
62.61
63.0
62.54
62.96
63.45
NA
62.66
NA
65.02
63.12
62.62
62.98
62.98
62.78
63.18
62.98
NA
NA
62.51
62.76
NA
63.58
63.67
62.16
NA
NA
NA
NA
NA
62.5
62.83
NA
62.01
62.48
62.77
63.24
63.24
63.54
62.14
63.91
63.67
63.93
61.61
64.63
64.89
64.3
NA
NA
NA
NA
NA
NA
NA
62.72
64.32
64.02
60.87
60.77
65.68
NA
65.51
66.36
62.32
63.21
63.37
NA
62.65
62.15
62.75
NA
62.87
61.27
NA
63.27
NA
63.8
62.96
61.94
62.3
62.22
68.1
62.95
62.55
63.43
63.96
62.12
NA
63.03
62.68
63.0
NA
61.68
62.55
62.5
62.59
61.93
62.82
63.02
63.51
62.82
61.83
61.43
61.95
62.43
63.14
63.25
63.08
62.11
62.11
61.88
63.83
71.78
61.98
NA
63.13
62.37
62.78
62.69
NA
64.35
63.87
64.03
63.23
NA
NA
NA
NA
NA
NA
61.98
62.78
62.57
63.13
63.41
63.94
NA
62.8
62.82
62.05
63.0
63.76
NA
63.4
63.93
61.56
62.26
63.38
63.34
66.09
62.02
NA
63.28
63.84
62.48
62.52
63.08
NA
NA
NA
62.09
62.99
62.99
62.36
NA
64.46
62.96
62.46
62.96
NA
62.56
NA
NA
NA
64.15
62.02
62.97
61.83
62.83
62.6
62.07
NA
NA
NA
64.68
64.57
64.05
63.32
NA
66.05
NA
NA
63.67
62.64
64.48
62.55
62.79
64.01
NA
NA
NA
NA
NA
NA
NA
NA
62.6
63.48
61.19
62.12
62.26
62.24
62.61
63.67
62.74
62.84
62.84
NA
62.95
61.73
62.62
NA
NA
NA
62.45
62.73
62.57
NA
NA
63.04
62.31
61.42
62.6
61.81
62.47
63.44
62.4
63.02
63.62
62.52
62.52
62.02
62.12
63.52
63.72
62.12
63.42
63.34
62.78
63.09
62.76
NA
62.86
62.26
63.65
62.05
62.35
62.49
62.95
66.09
62.02
NA
63.28
63.84
62.74
63.34
63.95
62.17
62.31
62.58
63.49
67.96
63.67
64.28
65.45
NA
61.63
63.82
63.75
63.16
63.09
62.61
62.54
62.91
62.9
61.95
62.42
62.52
62.67
63.65
62.93
62.68
62.22
66.38
62.88
62.48
NA
62.88
63.57
63.79
63.11
NA
NA
NA
NA
NA
62.77
63.47
62.34
62.28
61.72
62.31
64.05
63.31
62.41
63.57
69.57
62.49
63.02
62.44
62.93
64.31
NA
63.02
68.91
62.11
62.33
63.26
62.01
62.76
62.69
62.59
61.69
62.69
63.65
62.65
NA
NA
NA
NA
64.1
63.0
63.8
62.61
61.11
NA
61.11
62.21
63.02
63.01
63.11
62.44
62.14
63.27
62.61
NA
63.85
62.83
62.39
62.52
62.98
63.06
62.57
NA
NA
64.24
65.13
NA
62.76
63.06
62.58
61.91
63.02
62.11
63.3
62.98
63.82
62.78
61.9
62.34
62.03
62.55
62.75
62.75
63.95
62.51
62.19
62.73
NA
NA
62.15
64.05
63.25
62.85
63.45
63.65
NA
63.05
62.03
64.45
52.71
61.81
62.69
62.22
63.29
NA
NA
NA
NA
NA
NA
62.65
62.62
63.32
63.81
62.06
62.0
62.97
63.52
NA
NA
64.16
NA
62.78
61.58
64.48
61.98
62.38
62.98
62.58
62.28
62.26
NA
NA
63.3
62.36
NA
NA
NA
NA
62.98
64.0
63.01
64.46
63.04
62.39
63.6
NA
NA
NA
62.72
62.92
NA
63.22
61.4
63.21
62.65
63.46
62.34
62.97
62.54
62.95
63.46
NA
62.88
63.85
62.77
62.96
62.37
62.12
62.53
63.02
63.62
62.2
62.65
62.06
64.61
61.96
62.64
61.93
64.6
64.23
62.44
63.21
63.71
62.41
62.25
62.25
62.75
62.35
63.05
NA
NA
62.36
64.08
NA
NA
NA
64.75
63.73
62.32
65.74
62.83
61.8
NA
62.5
62.94
63.14
64.45
62.45
63.55
NA
65.1
63.3
63.0
62.98
63.01
63.01
62.98
63.91
63.51
64.59
62.19
62.59
62.12
62.53
62.91
64.72
61.7
62.57
63.42
62.4
60.62
NA
62.66
NA
61.54
NA
62.94
63.47
62.67
62.79
63.87
63.67
61.72
62.82
63.32
63.15
62.5
63.16
NA
63.4
62.46
NA
61.89
62.45
62.09
62.27
63.29
64.69
NA
63.59
64.33
62.46
62.62
62.93
62.68
NA
62.4
64.39
63.0
NA
NA
63.94
NA
NA
63.47
62.04
NA
62.09
63.28
62.89
62.36
62.72
62.1
62.52
62.7
62.12
62.69
64.24
62.3
61.8
64.1
62.83
63.53
62.87
62.51
62.01
64.24
62.83
65.73
62.33
NA
62.76
61.68
NA
63.87
61.89
62.59
62.69
63.89
NA
62.55
62.24
62.08
62.48
62.26
62.16
62.16
62.66
62.76
62.56
63.61
63.06
63.76
62.76
62.56
62.46
63.55
64.52
62.84
64.14
63.54
63.94
63.94
63.54
63.29
63.12
63.12
63.11
62.75
62.53
62.68
62.78
63.44
62.88
NA
NA
63.1
62.81
62.43
65.73
63.43
64.29
NA
62.92
64.35
62.37
62.59
NA
63.26
62.74
61.5
63.22
62.53
62.11
62.67
62.84
63.98
58.24
NA
63.58
62.48
63.03
63.31
63.81
62.51
62.81
62.51
62.85
NA
NA
61.94
61.64
62.73
62.04
62.7
62.78
62.54
62.71
NA
63.01
NA
62.94
63.24
62.96
63.01
NA
NA
63.33
63.13
NA
63.03
63.92
61.6
62.7
NA
64.44
64.3
64.02
NA
63.62
62.98
64.45
62.73
63.15
63.07
63.76
NA
63.35
63.25
63.08
63.14
62.22
62.62
63.18
61.53
64.37
63.09
62.77
62.99
64.55
62.91
63.11
63.53
62.41
63.58
63.53
NA
62.4
62.23
64.47
62.77
63.23
63.22
61.69
62.65
62.74
61.89
62.44
63.0
62.43
60.08
64.24
62.94
63.64
NA
61.14
NA
63.32
61.82
57.92
63.25
62.85
63.79
59.54
62.25
62.66
63.4
62.79
NA
62.77
62.71
63.71
NA
62.91
63.86
62.63
63.33
63.56
NA
64.16
62.79
63.57
62.88
63.03
64.92
64.2
63.81
61.8
62.45
63.23
62.85
62.85
NA
62.74
NA
63.01
NA
63.36
62.85
64.06
62.51
63.42
62.22
63.02
62.02
NA
62.42
62.82
NA
62.26
62.53
63.63
61.99
62.54
62.53
63.33
NA
NA
NA
NA
NA
NA
NA
NA
NA
NA
66.76
62.79
62.89
NA
62.84
61.92
63.08
63.91
63.25
62.63
64.33
61.53
62.82
62.44
62.65
63.2
63.88
62.54
62.51
63.57
63.41
62.79
62.95
62.48
NA
62.88
63.48
63.34
64.45
62.24
62.65
NA
63.14
63.03
62.72
NA
64.12
NA
62.55
NA
NA
63.0
NA
NA
NA
NA
62.27
62.03
62.59
61.7
63.29
63.25
NA
62.14
62.89
63.05
63.86
62.87
62.69
62.54
72.22
63.12
62.69
62.74
62.75
61.94
66.73
63.11
62.67
64.05
NA
62.97
61.58
63.04
62.73
64.53
63.14
NA
NA
62.77
NA
NA
62.93
62.63
63.03
62.73
62.73
62.93
62.93
62.63
62.67
61.05
62.14
63.48
62.4
62.13
63.48
62.22
61.53
63.21
63.02
62.14
62.37
63.23
63.21
NA
62.7
NA
NA
61.65
62.0
63.33
64.44
63.64
61.07
NA
NA
NA
NA
NA
NA
NA
NA
NA
NA
NA
NA
NA
NA
NA
NA
NA
NA
NA
63.08
62.42
63.5
62.71
62.18
63.93
NA
62.98
63.13
62.81
62.4
63.11
NA
NA
63.91
62.61
62.31
62.71
61.21
62.92
61.36
61.52
62.01
62.1
62.52
62.47
62.88
63.01
62.17
62.94
62.37
62.32
NA
62.96
62.72
62.9
62.76
62.21
65.59
63.0
62.37
62.88
62.07
62.52
62.75
62.01
62.88
62.56
62.7
NA
63.9
63.16
63.49
62.53
63.65
63.92
63.67
62.53
62.77
63.16
62.87
62.88
NA
NA
64.09
63.09
63.09
66.54
63.36
67.13
63.68
62.79
62.66
65.21
NA
63.77
62.69
62.4
62.54
63.2
62.95
63.07
NA
62.93
62.48
NA
63.6
62.47
63.04
NA
63.48
65.56
65.19
61.56
62.32
62.88
62.21
62.72
61.84
63.54
62.38
63.21
62.81
62.86
63.36
63.16
62.8
NA
NA
63.17
NA
64.32
62.36
62.76
62.56
63.56
63.76
62.99
62.98
63.67
62.56
62.83
62.69
62.6
63.24
62.99
62.64
62.92
64.26
62.04
62.26
63.61
62.82
62.58
NA
62.94
62.84
NA
64.0
NA
63.58
66.59
62.55
NA
60.56
62.59
62.99
62.73
62.63
63.12
62.3
63.51
62.89
64.15
62.93
62.95
NA
NA
62.09
NA
63.35
63.25
63.65
60.75
61.69
62.51
63.06
63.78
62.89
62.87
63.2
NA
62.42
62.95
63.36
63.67
62.97
62.76
62.89
NA
62.22
63.49
61.92
62.32
62.72
63.27
NA
62.08
62.88
61.78
71.51
62.76
63.16
64.03
62.43
62.63
61.4
62.94
62.99
61.94
63.02
62.8
62.17
63.23
62.07
62.33
63.97
62.75
63.33
62.47
63.16
63.1
63.88
63.28
62.08
64.47
62.56
62.51
62.74
61.9
61.94
62.42
63.69
62.77
63.45
62.95
63.45
62.87
63.47
62.38
62.95
63.2
62.44
62.64
65.06
NA
62.98
63.77
63.93
62.6
62.2
63.4
62.69
62.59
63.08
62.54
62.24
66.94
62.34
NA
62.61
62.31
63.27
64.17
NA
64.64
63.48
61.81
62.78
63.55
63.38
NA
63.83
63.96
62.42
63.38
62.96
63.71
62.98
62.75
63.38
62.36
62.59
62.56
62.74
62.57
62.41
62.48
62.66
62.83
62.67
63.32
61.27
62.47
63.75
NA
NA
NA
NA
NA
NA
NA
62.85
NA
61.93
62.45
NA
62.65
63.66
NA
NA
NA
63.74
64.52
64.35
62.63
63.32
62.19
64.07
NA
64.08
61.91
62.38
NA
62.26
62.26
62.5
NA
NA
63.46
62.56
62.8
NA
62.54
64.26
63.29
62.28
64.09
62.62
NA
NA
NA
NA
NA
NA
62.49
61.26
63.18
62.2
64.5
63.3
62.74
63.13
63.58
60.4
62.73
61.93
61.93
63.17
63.01
63.62
62.69
63.67
62.12
62.58
62.11
62.51
62.81
63.12
62.73
62.58
63.96
62.49
62.94
61.57
NA
NA
NA
NA
NA
62.92
63.1
63.1
62.85
62.81
62.84
63.1
62.36
66.79
64.08
62.96
62.54
62.55
62.28
62.57
63.16
62.95
64.05
62.94
62.73
62.74
62.31
NA
66.35
63.09
62.89
63.0
63.35
63.7
66.33
63.08
62.98
63.01
63.34
63.79
62.76
62.13
63.49
62.36
61.56
61.76
61.96
61.97
61.77
65.61
63.43
63.68
NA
62.57
NA
NA
NA
NA
62.55
NA
62.51
NA
63.55
62.5
62.5
62.68
62.48
63.79
62.29
62.56
63.43
62.73
63.12
62.64
63.76
63.1
62.75
63.84
62.49
61.47
62.62
62.87
62.55
63.29
NA
62.55
62.75
62.74
62.28
62.9
63.72
63.78
63.21
63.03
62.86
NA