NA
NA
NA
NA
NA
59.11
NA
NA
NA
NA
NA
NA
NA
NA
NA
NA
58.02
58.06
58.05
NA
NA
NA
58.52
58.46
58.27
58.55
NA
NA
NA
NA
NA
56.24
58.45
57.64
58.44
55.66
58.29
58.95
58.82
58.34
NA
NA
NA
NA
NA
NA
NA
NA
NA
NA
NA
NA
NA
NA
NA
NA
NA
58.58
58.21
58.2
NA
NA
NA
NA
NA
NA
NA
58.6
60.0
NA
NA
60.0
58.1
NA
57.84
NA
NA
NA
NA
NA
NA
NA
NA
NA
NA
NA
NA
NA
57.82
57.71
58.2
58.13
57.93
NA
59.78
59.79
59.82
59.76
NA
NA
NA
NA
NA
NA
NA
58.49
58.59
59.07
NA
NA
NA
NA
NA
NA
NA
NA
NA
NA
NA
NA
58.16
NA
NA
NA
NA
NA
NA
58.92
57.89
60.48
NA
NA
NA
NA
NA
58.32
NA
NA
59.66
58.07
60.36
NA
NA
NA
NA
NA
NA
NA
57.3
57.03
59.45
61.21
60.24
57.83
NA
60.65
NA
NA
NA
59.44
57.61
58.17
NA
NA
NA
NA
NA
NA
58.26
58.24
NA
NA
NA
NA
NA
NA
NA
58.48
58.02
NA
NA
56.72
NA
NA
56.11
NA
NA
NA
NA
NA
NA
NA
NA
NA
NA
NA
58.47
58.66
58.4
NA
NA
NA
57.53
58.64
NA
57.68
NA
NA
NA
58.15
57.59
59.62
61.45
56.58
59.35
59.39
60.28
61.24
61.42
57.23
61.35
62.11
61.46
59.06
58.6
58.2
58.4
56.6
NA
58.01
58.61
59.91
58.14
58.61
57.79
58.24
57.54
58.54
58.3
NA
58.73
59.26
58.61
58.33
58.03
NA
59.64
57.94
59.84
NA
59.95
56.59
NA
NA
NA
58.33
58.33
58.41
58.22
57.48
NA
58.18
58.58
58.56
58.33
58.01
58.71
58.41
58.11
58.41
58.31
58.22
58.55
58.45
56.35
58.65
58.05
58.55
56.25
58.34
NA
NA
58.24
58.34
57.94
58.54
58.58
58.28
NA
58.26
58.31
58.05
58.48
58.46
NA
NA
NA
60.73
59.77
NA
58.26
NA
NA
NA
58.14
58.52
58.05
NA
57.82
58.59
56.73
56.97
58.99
56.08
59.94
58.79
58.12
58.52
58.59
56.34
56.34
56.34
57.85
58.4
57.97
58.4
59.85
57.57
NA
NA
NA
NA
NA
58.38
58.44
58.17
58.84
NA
NA
NA
58.13
58.73
NA
58.08
57.88
58.58
NA
NA
59.44
58.34
58.72
57.21
NA
NA
NA
NA
58.16
NA
58.42
58.32
NA
58.22
58.64
57.5
58.47
58.83
58.24
59.07
58.2
NA
NA
NA
NA
59.95
58.77
NA
NA
NA
58.46
58.16
NA
58.34
56.07
NA
NA
NA
NA
NA
57.88
58.18
59.51
NA
58.0
59.8
58.55
58.67
59.06
58.61
58.4
58.38
NA
NA
NA
58.03
NA
58.01
58.33
NA
58.36
58.42
58.18
56.52
58.61
58.42
58.32
NA
58.14
57.13
NA
57.8
NA
58.58
57.82
58.62
58.0
NA
57.45
NA
NA
58.77
57.87
NA
59.05
NA
NA
NA
56.47
NA
NA
58.95
59.15
58.22
58.45
58.46
58.48
58.71
58.63
NA
57.95
NA
57.95
NA
NA
NA
58.2
NA
58.49
58.49
NA
NA
NA
57.96
NA
63.19
NA
58.82
58.37
NA
NA
NA
NA
NA
NA
NA
NA
NA
NA
NA
NA
59.07
NA
NA
NA
NA
55.72
NA
NA
59.49
58.49
58.79
NA
NA
NA
NA
NA
58.61
57.91
NA
NA
58.22
58.87
60.16
58.4
60.0
58.0
58.04
58.78
58.09
57.98
58.28
58.42
58.58
58.46
56.05
58.35
59.45
NA
NA
56.35
NA
NA
NA
NA
NA
58.45
NA
58.2
58.26
64.01
60.01
57.94
57.85
57.96
58.18
57.87
58.01
58.66
58.03
58.64
NA
58.72
NA
56.22
58.16
NA
58.87
NA
56.07
NA
53.03
57.98
NA
58.14
NA
NA
NA
NA
NA
NA
NA
NA
61.54
NA
59.97
NA
NA
58.79
58.42
NA
NA
58.94
NA
NA
NA
NA
NA
NA
NA
NA
58.49
58.49
58.59
NA
NA
NA
NA
NA
58.54
61.6
61.11
60.67
55.22
61.6
57.48
59.34
NA
56.59
NA
NA
NA
NA
58.21
59.5
58.67
58.82
58.51
NA
NA
NA
58.57
NA
58.2
NA
58.49
58.49
58.59
NA
58.78
NA
NA
NA
57.8
57.7
58.7
58.45
NA
59.1
60.26
57.76
59.61
NA
NA
NA
NA
58.07
58.31
58.35
57.4
57.95
57.86
NA
57.95
NA
NA
NA
NA
57.88
NA
NA
NA
NA
NA
NA
57.8
57.7
58.6
59.33
58.6
58.29
NA
NA
NA
NA
NA
57.66
58.32
NA
NA
NA
59.18
59.18
NA
NA
57.79
58.46
57.9
58.76
NA