73.45
68.03
71.83
68.23
70.88
68.53
69.78
69.3
71.0
71.39
72.29
68.11
65.86
70.65
69.69
69.82
71.1
71.65
69.68
72.38
NA
72.82
71.67
67.29
69.76
69.44
71.63
69.49
70.78
71.12
71.94
68.82
70.5
71.52
70.52
70.26
71.98
71.78
70.45
70.74
71.9
68.89
69.03
69.7
NA
71.42
69.56
69.23
74.29
69.32
70.56
69.66
70.75
71.49
72.01
71.36
69.86
72.92
72.03
70.12
69.3
70.26
72.04
71.45
69.49
71.11
70.88
71.64
69.39
72.03
70.56
69.64
73.45
69.98
69.26
69.08
71.45
69.54
71.71
NA
70.64
71.14
71.09
NA
NA
69.87
67.39
71.58
68.65
NA
68.94
71.02
71.81
69.27
69.96
69.32
70.47
69.65
73.42
NA
71.24
72.87
70.59
70.9
71.76
69.5
71.21
71.59
70.91
68.67
71.46
71.81
72.13
70.99
68.81
70.13
71.23
71.01
71.17
69.73
71.42
71.7
67.22
70.23
69.92
70.39
69.0
74.61
NA
70.97
69.85
71.71
70.97
71.08
68.92
71.85
70.17
70.99
70.54
72.12
68.94
70.29
69.26
68.37
69.22
68.2
69.8
68.73
69.4
70.7
71.68
71.47
70.42
71.89
70.89
69.29
69.92
69.63
69.0
68.59
66.37
69.38
71.87
68.61
70.62
70.9
72.4
72.37
71.86
69.73
71.81
NA
NA
71.4
69.96
73.68
70.95
70.21
72.23
72.45
69.51
74.04
71.04
71.64
70.04
69.94
69.44
68.97
71.43
72.07
70.43
71.53
70.71
72.08
71.3
71.49
70.94
NA
69.18
69.68
72.69
69.96
69.26
72.19
NA
70.3
71.75
71.63
69.42
69.43
67.81
69.58
72.01
71.57
68.93
70.02
70.65
68.82
71.78
71.78
70.16
71.49
68.1
69.93
69.98
69.56
70.39
69.39
69.58
71.37
72.5
70.66
71.98
72.77
70.58
68.7
69.55
72.67
70.66
73.76
73.96
70.6
69.62
70.27
71.13
71.78
70.81
69.2
70.98
70.61
70.32
68.35
69.88
70.9
71.1
70.94
70.62
69.46
69.23
70.8
72.19
70.85
70.36
71.49
68.58
72.03
68.5
69.77
69.92
69.46
68.8
NA
NA
NA
69.77
70.18
70.86
69.39
71.75
68.03
NA
NA
72.13
73.25
71.64
69.42
68.4
70.36
72.52
70.38
69.4
NA
71.93
69.0
67.49
73.17
72.38
71.33
72.61
72.1
72.46
68.8
NA
70.55
69.93
70.33
NA
69.84
NA
72.19
70.73
69.39
NA
NA
69.93
69.45
69.14
69.32
70.25
74.3
69.25
69.37
69.75
72.18
70.99
70.49
71.53
68.42
69.14
70.39
70.57
65.75
NA
71.1
71.27
69.45
68.59
71.56
NA
71.68
71.31
71.92
68.86
73.06
73.14
69.49
69.14
71.11
70.62
70.77
72.67
70.16
72.69
68.89
72.17
72.22
72.28
71.66
73.23
70.17
72.59
70.21
71.83
69.14
71.65
70.57
68.72
69.36
72.49
72.23
69.48
72.31
NA
68.06
70.52
72.78
71.01
69.53
NA
NA
71.48
69.47
72.16
72.08
73.13
69.96
70.04
71.08
69.43
71.54
71.73
73.09
70.71
70.11
69.94
72.24
72.15
71.65
73.82
70.66
72.2
71.31
71.3
73.93
70.55
70.21
71.11
71.99
69.91
72.13
68.77
68.46
71.92
71.4
70.27
71.3
68.73
71.74
70.81
70.01
71.4
69.2
69.42
73.13
NA
NA
69.26
70.62
71.72
72.09
70.37
68.65
71.35
68.36
70.86
71.15
73.03
69.28
69.86
71.93
68.23
69.12
69.52
71.33
68.68
69.96
69.95
NA
70.88
72.14
72.4
69.28
71.8
69.42
73.99
71.89
73.53
69.0
NA
69.46
71.95
72.0
70.37
69.34
71.75
72.89
72.06
72.77
71.68
69.48
69.25
69.23
71.2
NA
71.22
69.46
72.87
70.3
68.93
70.75
73.7
NA
69.72
69.74
71.73
68.64
72.3
NA
72.87
71.97
71.1
71.24
71.18
71.05
71.24
67.6
70.2
69.96
71.26
70.94
69.91
67.08
71.43
70.24
71.31
69.91
70.77
70.21
71.21
71.41
73.21
NA
69.41
70.21
NA
71.0
70.17
68.93
71.08
70.69
70.93
74.22
70.4
71.51
70.85
70.48
70.26
70.47
70.77
69.51
70.63
69.65
69.72
NA
NA
69.14
NA
69.13
NA
70.17
69.85
69.76
69.91
71.33
69.77
68.02
70.77
72.63
71.85
69.89
70.42
68.97
70.53
68.22
71.16
70.5
71.74
70.35
70.86
69.3
69.46
69.26
70.85
70.47
70.48
68.89
69.77
71.48
71.53
70.11
NA
69.94
71.95
70.89
71.95
68.73
68.13
70.23
NA
71.11
69.35
NA
72.05
NA
NA
67.93
69.19
NA
NA
NA
71.68
73.05
68.53
70.67
72.8
71.0
73.25
71.87
72.05
72.25
NA
71.87
70.26
70.32
70.32
70.82
71.52
71.02
70.72
NA
NA
NA
NA
70.01
68.36
70.15
69.41
71.04
70.84
68.14
69.76
71.06
70.83
68.56
69.06
69.76
NA
70.24
72.84
71.44
70.84
71.64
72.44
68.74
71.14
NA
70.59
71.47
70.52
70.84
NA
68.31
68.59
70.74
72.44
70.46
69.61
69.81
69.54
69.87
71.36
70.91
70.34
69.77
72.62
68.71
69.77
71.05
71.96
70.2
69.23
69.63
72.63
69.91
71.88
70.24
73.0
72.08
71.82
71.77
68.43
71.63
69.03
71.33
70.08
71.75
69.28
70.91
69.74
71.43
69.89
72.08
70.48
72.01
70.9
70.42
69.68
69.5
72.24
70.04
70.32
70.28
70.27
69.4
69.55
61.23
NA
70.64
68.6
NA
NA
NA
NA
NA
NA
NA
NA
NA
NA
NA
NA
NA
NA
NA
NA
NA
NA
NA
NA
NA
NA
NA
NA
NA
NA
NA
NA
NA
NA
NA
NA
NA
NA
NA
NA
NA
NA
NA
NA
71.12
71.89
71.07
NA
68.9
68.73
69.98
67.2
67.87
69.98
72.72
70.48
70.33
NA
71.65
70.11
69.74
70.34
70.81
69.6
NA
68.88
71.92
69.76
70.82
70.78
NA
69.07
69.59
71.44
69.68
70.96
69.85
72.13
69.81
69.79
68.75
71.61
72.04
70.22
68.87
70.65
69.24
70.55
68.44
68.08
73.45
69.77
73.21
73.51
72.88
72.57
71.93
71.09
69.38
70.78
69.93
69.09
70.89
NA
70.58
70.57
70.19
NA
68.75
73.45
70.26
71.4
72.01
71.15
72.45
70.63
70.58
68.78
71.48
70.93
71.75
71.56
70.5
69.89
71.91
71.88
69.46
67.75
73.01
72.22
72.2
70.97
71.68
70.35
72.89
63.38
71.1
69.48
72.75
72.35
72.15
68.83
70.6
69.43
71.77
71.18
71.77
70.01
70.01
70.01
70.01
70.01
70.6
69.98
71.39
NA
NA
NA
NA
NA
NA
68.26
69.07
72.06
68.77
70.26
69.51
NA
NA
71.75
70.83
72.22
70.98
71.7
70.36
70.43
68.63
73.61
70.16
70.67
71.99
NA
71.61
72.2
71.66
71.28
70.64
70.21
70.34
70.71
69.98
69.9
69.97
70.24
70.11
70.14
70.28
70.27
70.5
NA
70.48
68.84
69.62
70.75
69.4
72.49
69.07
71.98
69.29
70.86
68.77
69.55
70.81
69.26
72.27
69.25
72.0
69.28
70.79
68.73
69.68
70.79
68.85
72.51
69.15
71.97
69.18
70.74
68.82
69.68
70.81
68.68
72.5
69.24
72.06
69.28
70.91
68.82
69.68
70.81
68.68
72.5
69.24
72.06
69.28
70.91
73.14
72.44
69.14
70.74
NA
70.38
70.0
71.53
69.84
69.22
NA
69.27
69.7
70.5
70.65
71.23
73.14
71.68
70.34
70.67
71.29
73.08
71.31
70.66
69.82
69.69
72.75
70.33
71.56
70.0
71.38
71.97
70.14
69.29
69.64
68.86
70.35
68.1
71.14
70.39
71.56
70.0
70.69
67.8
69.2
70.71
70.3
69.17
70.6
69.38
70.63
70.47
72.18
69.39
68.76
69.17
70.7
70.13
67.17
71.07
71.45
69.57
70.23
70.93
71.65
NA
NA
NA
72.06
70.06
71.52
72.38
70.02
69.21
68.96
45.84
69.04
70.08
70.08
71.61
74.88
70.5
71.49
73.02
70.45
71.67
74.86
70.59
71.56
73.11
70.4
75.12
70.53
71.63
72.98
70.59
71.03
NA
73.0
NA
NA
NA
NA
NA
NA
71.45
70.26
68.48
67.88
NA
NA
NA
NA
71.96
70.07
71.48
72.37
70.13
71.32
70.78
70.34
70.55
69.48
70.96
71.58
69.13
68.61
66.13
68.52
72.06
68.65
69.33
68.54
66.13
68.54
72.05
68.47
69.39
NA
66.14
68.76
72.03
68.53
69.38
68.95
69.97
74.55
69.11
67.37
71.18
69.04
68.17
72.65
68.76
67.21
70.7
68.62
69.35
72.1
69.73
68.79
70.58
69.37
71.37
72.57
69.17
68.87
72.97
70.57
70.84
70.0
69.93
69.98
69.92
71.27
71.2
71.96
70.28
NA
73.17
NA
69.72
70.52
70.76
68.75
72.85
72.38
69.9
67.67
69.07
71.21
71.31
70.41
69.77
69.47
72.24
70.17
NA
70.41
71.31
70.62
73.25
NA
NA
NA
NA
NA
NA
NA
NA
NA
NA
NA
NA
NA
NA
NA
NA
NA
NA
NA
71.13
71.13
72.03
70.63
68.23
70.23
70.83
69.22
69.82
NA
70.32
72.22
70.42
70.28
72.2
68.62
70.83
70.83
70.28
70.55
69.5
69.5
71.9
72.5
69.3
68.6
NA
NA
NA
NA
NA
NA
72.35
71.12
71.73
70.54
72.36
70.99
71.67
70.49
73.21
70.21
75.98
71.48
70.38
68.58
68.18
71.48
72.58
68.18
68.08
69.27
73.07
72.07
71.87
69.65
72.95
69.75
71.05
70.95
69.85
71.25
68.95
70.45
NA
72.65
72.65
70.35
71.15
70.75
68.45
71.75
71.65
71.25
71.35
69.15
72.25
71.35
70.05
68.54
65.94
68.84
71.74
68.84
69.34
70.89
73.31
69.57
71.37
73.67
71.87
71.97
67.7
70.2
NA
71.35
73.8
69.6
68.1
70.6
70.4
72.91
71.53
69.23
70.04
72.94
70.34
71.93
70.54
70.12
71.35
69.74
71.0
NA
69.77
67.27
68.27
68.37
30.51
31.78
30.51
31.78
70.7
68.5
69.12
70.72
71.63
NA
68.73
70.68
68.98
72.68
NA
NA
NA
NA
NA
NA
NA
NA
NA
NA
NA
NA
NA
NA
NA
NA
69.91
71.81
69.28
69.68
NA
71.38
71.38
72.18
71.88
70.68
70.88
NA
69.6
71.58
72.32
69.84
70.32
68.83
72.06
72.23
68.17
69.59
71.81
70.21
68.11
71.47
69.83
69.45
71.45
72.13
70.09
71.62
72.33
73.26
70.42
70.42
69.74
70.82
70.54
70.84
70.64
69.04
71.74
71.04
71.54
68.84
NA
68.99
69.53
69.26
68.32
69.97
72.07
70.24
71.08
69.08
71.56
71.26
71.16
71.16
69.46
69.76
71.86
71.76
66.46
69.08
69.78
70.4
71.5
70.01
NA
NA
NA
NA
NA
NA
NA
69.72
71.8
66.61
72.41
69.51
71.43
71.01
NA
NA
72.91
71.83
69.23
NA
70.29
70.39
71.69
62.74
70.08
70.73
71.24
62.71
69.56
70.7
NA
72.07
69.37
NA
NA
NA
NA
NA
70.83
70.79
69.76
69.05
68.52
72.81
73.28
NA
NA
NA
NA
NA
NA
NA
NA
NA
71.45
69.92
71.62
70.72
69.32
69.92
69.82
69.66
70.76
68.46
70.76
73.16
70.06
72.16
69.57
72.17
72.02
69.62
68.52
72.56
71.38
71.03
71.89
70.56
70.98
71.55
71.39
NA
69.53
73.78
NA
NA
72.16
68.65
70.09
69.57
NA
72.87
69.47
69.2
70.12
69.43
71.74
69.2
71.02
71.66
70.3
72.81
70.04
70.18
70.44
70.0
69.9
68.93
70.14
72.42
69.59
71.63
71.32
69.5
NA
70.14
70.44
69.51
72.48
73.6
71.67
71.15
69.59
69.53
NA
69.38
70.22
68.8
70.45
70.08
68.78
70.5
72.65
NA
NA
NA
NA
71.38
71.38
71.55
70.05
70.05
NA
69.69
70.89
70.15
69.92
68.92
NA
68.02
69.48
70.94
69.23
68.71
69.23
68.88
69.43
70.28
71.47
70.9
72.54
70.68
69.18
71.78
72.28
69.88
68.38
68.88
70.21
67.94
71.29
71.04
71.4
72.32
70.17
69.8
69.79
69.88
68.59
68.55
69.04
69.23
68.38
71.71
69.05
70.39
70.97
70.25
68.82
70.25
69.66
70.76
71.16
69.65
70.75
71.35
67.84
69.34
NA
70.24
68.81
72.98
74.5
70.13
72.7
71.81
71.45
71.96
NA
NA
NA
70.87
69.95
71.85
68.59
68.55
69.04
69.23
68.38
71.71
69.05
70.39
70.97
70.25
68.82
71.0
69.86
70.96
71.93
NA
70.56
70.96
69.9
69.7
72.1
70.0
72.22
70.01
69.72
72.22
68.83
71.58
71.35
70.08
68.62
71.43
68.29
70.08
70.15
68.71
68.98
70.57
70.92
71.32
69.72
70.13
71.95
71.78
70.49
70.66
70.94
69.93
68.86
68.91
72.38
68.94
71.48
72.95
71.48
68.77
71.42
68.69
69.65
NA
71.45
70.25
69.25
72.55
72.85
68.95
68.55
74.25
69.95
71.75
73.05
71.35
72.35
71.65
70.35
72.35
NA
70.65
69.37
NA
71.24
70.3
69.21
72.12
72.59
68.82
68.26
74.19
69.72
71.6
73.09
71.33
73.34
71.48
69.95
72.24
NA
70.43
72.41
70.47
72.15
69.33
70.59
70.44
72.44
69.96
73.15
70.96
71.86
68.96
71.86
70.56
71.42
70.85
NA
NA
70.42
67.9
63.6
67.94
70.36
69.8
69.43
70.05
71.91
69.73
69.68
73.48
69.88
71.18
70.88
69.88
71.48
69.48
69.68
70.28
70.77
69.05
68.66
71.81
70.44
69.54
69.58
73.08
70.88
70.58
70.4
NA
NA
NA
NA
72.15
69.95
69.25
71.95
68.0
68.04
70.58
68.98
70.68
NA
71.68
70.68
NA
71.34
71.33
71.93
72.72
70.75
70.28
69.26
69.32
72.55
71.51
NA
72.45
71.54
NA
71.07
73.0
72.0
NA
69.83
71.08
69.79
69.74
70.31
70.82
71.56
71.32
70.53
71.76
70.37
70.4
69.99
70.34
70.51
70.8
71.96
NA
71.05
71.99
70.2
70.95
70.03
70.08
NA
NA
NA
NA
NA
NA
NA
71.16
68.92
68.96
71.36
70.76
69.96
73.0
68.62
69.98
68.64
71.99
72.9
69.0
72.08
70.94
72.29
69.74
71.17
87.56
68.79
70.7
69.21
68.71
69.37
63.47
70.86
71.62
71.09
69.21
68.71
72.35
70.95
71.25
70.45
71.85
69.95
73.65
69.85
69.45
69.95
64.85
70.35
71.15
67.61
70.14
69.13
71.53
71.97
71.56
71.56
70.06
72.06
69.34
72.55
69.84
NA
70.04
70.61
70.29
71.62
70.32
69.57
69.78
72.72
72.76
72.52
71.86
72.47
69.67
70.83
70.22
72.58
71.48
69.55
71.9
NA
68.98
72.26
71.76
70.02
70.82
NA
72.02
71.11
70.51
70.91
71.61
71.51
70.99
71.99
70.69
70.99
71.39
71.39
70.34
70.96
NA
71.95
69.76
71.96
NA
67.96
70.84
NA
71.73
NA
NA
68.96
71.19
73.61
69.47
71.84
69.83
69.85
69.95
70.65
71.55
70.25
71.25
70.73
70.13
69.72
70.37
72.04
72.48
70.87
70.39
69.58
73.16
70.54
71.19
70.17
70.97
69.63
70.26
70.06
NA
69.46
NA
68.97
70.47
NA
68.98
68.67
71.23
70.89
68.9
71.5
72.92
69.7
69.15
70.79
69.97
72.98
69.42
70.52
70.46
71.5
71.58
72.08
70.08
71.08
71.18
72.25
68.71
71.5
69.14
70.59
69.96
70.76
71.26
70.86
68.91
68.32
NA
NA
70.92
72.46
68.8
66.63
69.35
71.27
71.11
71.61
72.79
71.41
NA
NA
69.5
72.7
71.46
72.85
70.18
70.44
70.26
70.65
69.95
70.81
71.34
69.74
71.54
69.53
69.63
71.13
69.63
70.03
71.53
72.33
71.23
72.33
71.43
70.73
71.83
69.01
68.41
68.61
71.25
68.61
72.33
72.53
69.27
71.19
68.64
69.35
71.29
68.69
69.39
69.72
68.97
NA
NA
NA
NA
NA
NA
NA
70.72
73.17
70.59
70.32
70.12
69.42
NA
73.42
68.52
69.91
68.82
70.59
72.21
69.44
71.35
NA
69.18
72.99
72.53
72.94
67.62
68.65
69.65
68.91
NA
NA
NA
NA
NA
NA
NA
NA
69.82
NA
73.28
71.17
68.2
70.61
70.23
70.76
68.97
67.95
71.71
68.79
73.0
71.63
73.24
72.95
70.22
69.21
72.64
72.4
72.19
68.98
69.68
71.19
69.76
69.2
71.5
70.9
69.9
69.52
70.58
71.22
73.65
71.97
69.25
70.55
70.95
71.46
72.25
71.21
70.53
70.43
71.43
71.05
70.85
71.25
NA
NA
72.57
70.17
71.45
73.59
69.61
70.67
71.33
70.53
71.41
72.65
71.15
68.85
69.91
69.91
71.11
72.26
NA
72.44
NA
71.02
69.48
71.82
72.29
70.88
73.22
72.38
71.28
68.23
71.84
69.25
NA
70.89
69.29
72.99
70.39
68.76
67.66
70.86
68.76
71.06
72.16
71.36
70.95
70.45
69.35
NA
NA
NA
NA
69.39
72.01
69.28
71.92
71.79
71.24
73.49
71.9
69.0
NA
NA
72.64
70.9
71.3
NA
70.11
71.93
71.76
70.47
70.64
71.04
NA
NA
NA
NA
NA
NA
NA
NA
NA
NA
NA
NA
NA
NA
NA
NA
NA
NA
NA
NA
NA
NA
NA
NA
69.73
71.03
69.93
70.53
69.53
NA
NA
NA
NA
71.41
69.79
68.07
69.5
69.56
69.26
70.76
71.55
70.85
68.33
72.53
68.54
68.84
NA
NA
NA
NA
NA
NA
69.21
69.4
69.72
68.73
72.15
70.84
70.47
68.81
68.41
70.51
71.21
72.91
71.21
70.49
71.39
69.49
71.39
69.28
71.08
NA
71.59
72.1
69.55
71.88
69.46
68.49
71.87
69.57
72.22
71.52
72.22
72.22
69.62
68.41
71.96
69.34
70.83
69.16
68.89
NA
NA
71.56
68.98
72.25
NA
70.98
70.43
69.56
70.01
68.23
68.87
69.58
70.96
68.69
72.95
72.05
69.25
70.45
NA
70.45
70.35
69.35
73.25
69.85
69.05
NA
73.05
69.75
69.94
73.67
69.1
68.19
69.68
69.48
70.78
69.58
71.08
72.48
69.7
69.4
69.62
69.92
70.43
70.37
69.08
NA
70.45
69.12
69.79
70.3
NA
71.12
68.47
71.07
72.37
69.57
71.87
70.17
72.02
67.96
70.17
71.87
71.41
72.49
71.8
72.75
71.82
71.69
70.38
71.36
68.78
72.03
71.96
NA
68.09
70.79
70.79
68.59
70.79
70.99
72.59
71.79
71.69
69.48
NA
69.93
70.41
69.62
69.87
69.62
68.47
67.85
68.93
71.22
70.42
69.72
71.52
70.87
68.44
53.96
71.48
68.72
69.45
69.0
71.82
71.19
73.07
69.31
71.67
71.52
70.36
69.91
72.01
71.47
68.82
70.01
71.02
68.32
70.8
72.78
70.34
69.55
72.21
69.54
67.48
69.88
69.98
70.89
69.61
NA
70.08
72.06
72.4
70.19
71.53
68.59
70.17
69.09
69.69
71.16
69.45
68.35
NA
68.35
70.63
NA
NA
70.73
68.98
66.81
NA
71.84
NA
NA
NA
NA
70.91
72.56
70.36
70.56
NA
NA
NA
NA
NA
70.85
69.75
69.35
71.07
71.94
71.51
69.32
70.63
70.22
71.73
NA
NA
NA
NA
NA
72.03
68.49
68.37
70.65
70.93
70.13
70.37
68.85
72.96
70.94
70.3
69.58
72.91
70.89
70.28
NA
NA
NA
71.79
69.79
71.49
70.05
70.72
70.13
70.74
72.11
70.81
71.68
69.55
70.75
70.28
70.8
71.95
70.36
70.29
70.69
71.79
68.89
68.97
72.21
71.27
70.22
69.87
70.58
71.82
69.33
69.79
71.69
70.09
71.29
71.29
70.09
70.02
NA
NA
72.55
69.65
NA
NA
72.24
68.33
71.65
70.11
70.31
69.9
72.32
72.24
71.42
69.81
70.92
70.82
70.04
70.3
70.98
69.02
72.79
70.95
68.63
NA
NA
NA
71.36
67.52
71.99
69.65
71.35
70.88
66.8
74.89
68.75
70.08
NA
71.35
72.95
71.45
71.26
70.83
67.4
71.4
71.2
71.9
70.7
69.7
71.3
71.2
70.9
72.0
69.48
71.18
70.22
71.52
NA
68.81
69.21
69.91
70.41
69.91
NA
69.09
NA
69.29
70.56
70.65
71.83
69.11
72.81
70.21
70.11
NA
69.01
71.26
69.65
65.26
70.24
70.99
69.93
73.03
70.64
NA
NA
70.79
71.02
70.58
NA
69.5
NA
69.3
69.8
NA
72.96
70.99
73.61
72.86
NA
73.42
71.79
70.22
69.47
NA
71.07
71.04
72.04
71.04
72.44
71.34
69.79
69.76
69.05
71.06
68.16
70.26
68.96
69.21
69.19
70.19
69.09
69.78
70.18
71.28
69.68
68.28
NA
72.78
71.78
70.28
69.28
71.56
70.34
70.54
72.39
71.2
69.2
71.2
71.1
71.07
71.8
71.07
70.21
71.92
71.06
70.7
71.36
70.01
71.6
68.24
70.64
71.91
72.55
69.5
69.84
70.16
69.62
72.6
68.7
72.34
72.41
71.5
71.06
70.35
71.11
70.23
70.38
68.77
69.28
69.69
71.29
72.29
69.39
71.3
NA
68.2
69.65
70.49
70.74
70.91
71.71
69.71
71.81
72.73
73.62
72.09
70.33
72.69
69.89
69.43
68.27
72.98
69.68
73.09
71.33
72.59
71.6
NA
73.2
70.1
70.7
71.7
68.9
72.3
71.0
68.56
69.26
73.62
73.02
70.12
68.02
71.59
70.94
68.16
71.64
68.77
71.22
71.69
67.38
71.32
71.32
71.3
69.6
67.9
NA
69.58
71.07
74.07
70.03
72.38
NA
70.43
67.92
69.47
71.31
69.22
71.26
71.9
73.29
69.78
72.04
69.77
70.29
71.31
71.18
68.35
67.88
70.31
70.47
70.69
71.61
69.84
70.47
71.43
71.49
70.29
70.96
70.15
69.45
70.95
69.05
70.1
72.6
NA
72.2
72.8
73.07
70.81
69.41
68.71
71.43
69.83
70.15
72.33
70.74
NA
70.07
71.41
73.5
70.34
71.77
70.6
70.7
68.0
72.7
69.84
69.84
72.57
70.75
70.11
71.61
NA
70.92
70.42
71.62
72.35
71.25
70.77
70.11
NA
71.06
70.07
64.23
66.56
70.56
67.76
69.43
67.58
69.81
71.49
71.13
68.76
69.56
69.81
71.74
70.08
69.02
70.13
71.33
70.03
70.73
69.63
72.23
69.13
69.13
71.43
NA
NA
71.81
70.21
70.51
68.61
72.31
71.24
69.56
71.25
71.11
70.21
71.76
63.85
62.57
70.26
70.75
66.61
74.78
NA
70.0
NA
69.83
69.23
69.58
72.32
71.34
72.24
71.14
70.18
69.69
69.59
71.89
72.99
70.89
71.94
71.04
67.94
68.84
72.44
73.04
70.04
67.12
71.62
71.94
68.02
68.67
69.47
70.68
68.67
68.97
69.91
69.14
72.23
71.57
69.39
68.88
73.46
70.3
71.5
72.7
72.1
70.1
70.7
68.9
72.62
71.84
71.11
71.12
68.46
69.37
70.38
69.36
71.79
68.91
73.15
70.13
70.26
71.46
69.31
69.32
68.94
70.27
70.61
69.81
72.07
70.04
70.87
NA
70.61
71.68
71.67
70.79
72.38
72.65
70.73
68.13
68.93
NA
72.73
71.63
NA
NA
NA
NA
72.35
NA
73.5
70.8
72.38
70.25
71.41
69.97
68.25
69.44
70.09
68.47
69.9
68.89
NA
70.38
70.62
69.9
69.64
70.07
69.39
72.53
70.13
70.43
71.22
70.46
73.57
70.54
69.84
69.74
70.34
69.84
70.35
69.33
NA
68.3
68.55
68.02
69.6
69.59
68.29
71.63
71.48
71.78
68.72
73.52
67.22
72.42
69.62
67.92
NA
NA
NA
NA
NA
NA
69.21
73.32
71.85
71.65
71.15
67.42
69.67
69.75
70.16
64.07
71.48
71.84
70.04
71.2
69.53
69.73
69.53
72.94
71.86
68.62
69.29
NA
68.56
NA
72.35
69.15
72.66
72.44
71.96
71.51
71.91
70.99
71.92
69.7
68.17
69.37
69.92
73.41
69.84
68.94
72.82
NA
67.54
68.14
72.27
69.11
71.36
69.81
68.91
70.73
67.23
68.98
72.83
67.41
69.32
72.4
71.29
70.69
70.36
70.32
71.52
68.65
72.39
69.84
70.75
69.23
NA
71.03
71.88
70.9
68.86
NA
70.77
70.97
68.97
72.34
NA
NA
71.12
69.52
NA
73.02
70.52
70.03
NA
NA
NA
NA
NA
NA
NA
NA
NA
NA
NA
NA
NA
70.38
70.72
68.93
69.89
71.64
71.5
69.3
70.08
71.65
71.31
72.57
71.64
70.09
73.02
71.66
69.23
68.68
68.46
71.99
70.31
73.56
70.02
69.53
68.49
72.36
72.81
69.92
71.07
71.11
70.11
NA
69.8
71.16
72.68
71.78
73.3
69.64
68.55
69.74
72.24
72.09
70.48
68.97
70.2
70.82
NA
73.89
67.7
70.97
71.51
69.86
69.88
69.34
70.87
70.16
72.8
NA
72.16
71.42
68.34
71.38
73.4
70.09
70.91
69.87
70.93
70.44
69.25
71.26
69.72
69.66
NA
70.52
69.07
72.44
70.57
69.21
69.44
70.31
71.73
69.21
71.89
68.77
70.73
69.34
68.58
73.21
70.28
69.7
70.86
NA
70.22
70.79
69.51
71.14
69.53
NA
73.02
70.47
71.64
69.15
71.12
69.44
67.34
71.34
71.12
70.64
NA
71.59
71.42
68.95
71.41
69.99
70.79
70.48
70.09
71.34
71.16
NA
71.36
69.06
71.96
69.66
71.96
70.76
73.49
73.49
69.88
69.82
70.49
71.52
69.39
70.68
68.83
70.48
68.43
69.64
70.17
NA
71.14
68.39
73.49
69.08
72.33
71.39
66.41
NA
69.11
NA
71.78
72.0
72.7
71.4
69.9
72.5
72.86
69.72
NA
70.86
69.86
72.08
69.94
69.47
72.35
72.81
NA
69.63
72.12
68.93
69.72
72.25
NA
NA
NA
NA
71.87
69.83
68.91
70.91
72.2
69.31
68.81
71.56
73.22
70.14
70.61
70.44
NA
70.06
72.01
70.5
NA
70.26
69.2
71.12
70.14
70.29
69.61
69.98
70.38
70.62
71.78
69.8
NA
NA
NA
NA
71.59
69.39
68.99
70.89
69.38
72.68
69.35
72.56
67.19
71.63
70.43
70.43
69.34
72.88
73.49
73.49
69.27
69.3
70.68
72.35
69.53
72.98
70.28
70.54
69.11
71.7
71.05
73.41
69.53
72.53
69.34
72.79
70.24
73.19
NA
72.31
70.55
69.64
69.77
71.58
72.75
72.57
67.67
70.17
70.4
70.92
72.89
67.3
68.2
71.3
72.3
71.44
70.34
70.64
72.17
72.24
69.04
71.04
71.04
70.94
69.52
69.98
67.24
69.56
69.82
70.88
70.12
72.87
71.13
70.22
70.0
71.13
70.82
69.03
68.66
70.9
NA
69.32
70.18
70.28
68.18
71.04
70.0
71.2
72.76
70.16
70.86
70.32
69.6
70.88
70.23
69.6
70.73
69.16
72.22
71.74
69.89
71.59
72.19
71.7
71.87
70.67
71.27
70.67
71.07
70.17
72.34
NA
NA
72.65
69.57
71.52
NA
70.54
69.52
70.81
70.13
71.55
NA
70.19
72.6
NA
70.61
70.31
69.71
70.81
71.1
71.9
68.87
71.99
72.07
NA
68.88
69.9
70.3
70.95
70.1
70.9
70.88
72.28
71.34
72.31
71.24
70.4
69.4
69.6
68.4
72.24
68.92
71.71
71.71
69.51
NA
70.92
70.84
69.06
70.83
71.07
70.99
69.69
70.79
72.59
70.59
72.09
70.95
71.18
69.94
71.68
69.99
70.2
69.67
NA
NA
NA
NA
NA
70.03
70.16
70.21
69.8
69.1
69.8
70.3
NA
NA
70.8
70.7
71.4
74.5
71.7
69.1
72.47
70.64
72.34
69.23
71.43
70.43
69.13
71.23
NA
68.57
69.76
71.71
72.71
69.41
69.11
71.91
69.54
69.73
71.89
70.05
67.19
69.39
72.48
69.77
70.39
68.49
68.49
73.09
69.79
70.39
72.79
70.44
NA
NA
71.78
71.05
68.95
NA
NA
NA
NA
NA
NA
NA
NA
71.72
69.26
70.0
70.49
69.24
71.65
70.75
71.6
69.99
71.15
72.32
71.02
71.17
69.32
NA
70.44
71.0
69.8
NA
70.47
71.48
69.82
71.08
69.36
NA
70.86
68.12
71.4
73.13
69.96
68.9
70.22
69.51
72.65
70.01
69.47
72.61
69.97
67.47
70.92
71.0
69.09
70.89
NA
70.58
69.76
70.15
71.51
69.74
67.83
70.94
72.66
72.01
NA
70.73
69.65
69.98
71.34
69.88
67.75
70.66
72.74
71.95
69.89
71.33
70.02
70.28
71.4
70.14
68.05
70.74
73.1
71.88
70.19
70.43
70.41
69.84
72.02
71.29
72.39
NA
69.39
69.49
NA
69.05
72.29
NA
NA
NA
NA
74.24
NA
NA
NA
NA