173.74
174.28
176.11
173.33
172.93
173.88
175.99
173.56
172.71
173.42
173.71
169.65
171.28
173.43
172.46
174.17
173.13
171.6
174.95
NA
NA
171.71
173.07
171.82
174.48
173.89
175.41
176.29
172.32
172.1
175.07
175.64
172.04
174.17
173.26
172.82
172.92
172.65
172.76
172.24
172.8
173.0
172.81
NA
171.9
171.65
172.56
172.43
177.14
172.09
172.79
175.38
172.82
175.91
173.54
173.47
175.27
176.46
173.39
NA
172.22
173.16
171.98
173.29
173.58
173.23
174.28
171.94
171.74
NA
173.55
175.24
174.01
172.31
172.66
174.5
174.31
174.41
173.71
174.03
172.33
175.38
172.4
172.15
NA
173.09
174.14
172.51
173.74
NA
174.4
171.92
173.26
172.1
173.41
174.23
174.49
172.62
169.56
NA
172.83
173.75
172.48
171.65
173.08
174.82
172.9
173.33
174.56
175.74
174.52
173.1
173.94
171.86
173.05
174.34
173.6
174.38
173.49
171.84
173.99
172.1
174.73
172.69
173.47
172.78
173.04
171.82
174.3
171.76
174.98
171.84
172.89
172.38
174.68
172.2
173.59
172.6
173.44
172.96
176.96
172.37
174.31
171.41
173.92
173.65
172.54
176.41
170.92
NA
173.71
173.36
173.2
172.17
173.58
174.31
NA
172.04
NA
NA
NA
171.73
171.22
175.37
174.29
174.52
173.41
172.97
173.24
173.94
174.28
NA
NA
172.42
174.19
172.95
172.44
174.48
173.63
172.0
172.97
175.02
173.52
174.64
170.75
173.9
174.04
176.05
172.17
174.19
175.53
174.04
172.52
172.65
NA
NA
170.8
172.02
175.78
NA
174.52
172.71
173.74
174.19
173.57
173.81
174.92
172.78
173.39
175.61
174.9
173.64
172.18
173.27
172.48
175.58
175.16
174.18
173.4
172.63
174.12
173.32
171.04
173.27
174.68
173.06
171.47
173.73
174.17
172.21
171.91
173.19
172.42
173.5
172.87
174.23
174.39
174.22
172.35
NA
172.39
172.47
172.51
177.46
NA
172.61
173.24
173.27
172.67
176.44
173.1
172.32
172.03
173.38
173.27
175.08
174.46
174.48
NA
171.08
173.43
171.33
173.57
173.2
170.59
174.42
175.59
173.05
173.38
175.42
173.5
172.27
176.25
175.97
173.47
172.11
173.64
171.92
172.04
174.37
171.88
175.78
172.32
172.21
172.64
174.6
NA
172.12
173.09
173.64
172.24
174.28
172.0
173.16
NA
172.62
170.47
173.56
173.71
173.74
172.42
175.37
173.5
172.67
NA
NA
173.97
173.29
175.12
NA
173.2
174.49
176.04
173.74
173.64
174.59
173.73
NA
172.71
175.07
171.37
NA
172.42
175.62
173.65
174.16
174.31
172.77
172.81
172.96
174.27
170.35
174.24
NA
NA
176.65
173.16
173.62
175.26
173.17
173.47
173.36
175.58
172.5
173.65
173.8
170.85
173.07
173.86
172.65
174.42
172.21
172.41
174.88
173.54
172.49
173.73
173.89
173.54
173.1
173.66
172.34
173.61
174.18
173.05
173.5
174.39
172.7
172.73
173.11
176.53
172.61
171.93
175.13
173.73
173.34
173.38
173.49
174.28
NA
172.68
173.18
172.55
173.5
174.94
171.99
172.79
173.78
173.76
173.87
172.7
173.32
173.46
174.46
174.66
172.47
174.06
172.47
173.05
173.59
173.89
173.11
172.35
173.43
173.32
172.34
174.1
172.88
172.31
173.46
175.48
176.11
172.58
173.78
172.46
173.04
174.46
173.86
172.26
172.81
172.9
173.59
173.78
173.85
173.79
174.58
172.0
173.13
172.85
172.91
173.53
172.3
170.25
NA
NA
NA
NA
NA
173.24
171.92
172.64
174.19
170.7
173.45
174.43
172.44
173.02
172.71
172.88
172.33
172.15
174.84
172.55
172.83
173.75
172.3
173.08
172.56
172.18
171.57
171.25
172.7
176.06
172.64
172.14
171.76
172.09
171.22
172.41
174.6
NA
173.69
171.56
171.19
174.75
175.92
172.21
NA
175.62
172.47
171.37
NA
173.82
172.33
173.85
172.21
173.65
NA
171.66
NA
174.08
173.98
174.0
174.03
173.91
NA
NA
173.02
175.61
173.04
173.63
NA
NA
174.23
172.62
175.41
NA
175.27
NA
172.71
173.41
174.41
174.71
173.01
NA
175.95
176.32
173.17
176.12
172.84
174.3
172.77
173.53
173.72
172.6
173.34
173.28
173.56
173.12
NA
173.13
NA
172.97
NA
NA
NA
NA
NA
NA
177.0
173.7
NA
NA
NA
NA
NA
NA
NA
NA
NA
NA
172.8
173.1
173.1
173.8
172.7
175.7
174.4
177.7
171.1
173.2
174.8
173.8
173.5
174.27
174.15
NA
NA
173.02
NA
NA
174.03
173.1
172.79
173.69
171.84
173.6
NA
NA
176.13
NA
NA
NA
NA
NA
171.58
175.03
NA
NA
NA
NA
171.9
NA
171.6
173.81
170.83
173.59
174.0
171.81
173.73
175.38
174.15
NA
172.67
173.87
173.17
172.47
172.97
173.07
NA
NA
NA
NA
NA
173.42
NA
NA
172.06
173.26
NA
174.47
173.7
174.33
NA
173.81
170.06
NA
172.15
171.75
173.05
173.25
170.35
173.45
174.25
173.55
174.58
175.01
173.96
173.96
174.33
174.67
NA
NA
NA
NA
NA
NA
172.7
175.3
171.79
173.3
173.8
174.26
173.69
173.7
176.7
NA
NA
NA
NA
NA
NA
173.73
172.31
172.1
171.29
174.32
174.27
172.24
173.16
174.37
172.47
174.77
175.04
173.59
171.04
173.95
NA
175.05
172.14
174.2
171.58
NA
171.88
174.03
176.55
173.91
173.36
176.14
173.48
174.52
176.43
173.63
174.51
172.45
173.89
NA
175.66
NA
173.83
171.53
170.03
171.13
173.53
174.33
173.33
NA
173.83
171.53
170.03
171.13
173.53
174.33
173.33
NA
173.82
171.42
170.02
171.02
173.52
174.32
173.32
NA
173.82
171.42
170.02
171.02
173.42
174.42
173.32
NA
173.82
171.42
170.22
171.12
174.12
175.52
173.22
NA
173.83
174.61
174.29
NA
175.23
173.58
177.11
174.99
176.96
172.95
174.64
173.99
175.06
173.84
173.65
173.76
173.54
NA
172.28
NA
NA
174.12
174.4
NA
NA
NA
NA
173.86
169.52
173.98
174.17
174.25
NA
174.36
NA
NA
176.62
172.48
172.64
173.03
174.28
172.21
173.23
173.41
174.56
NA
175.9
174.41
173.87
170.3
173.12
176.72
173.12
175.52
NA
173.38
173.76
170.19
173.51
173.71
175.21
175.18
174.96
176.88
174.25
NA
NA
NA
NA
NA
NA
NA
172.26
172.26
173.06
NA
NA
NA
NA
NA
NA
NA
172.81
175.82
172.8
174.83
175.09
173.54
172.46
173.47
NA
NA
NA
NA
173.05
176.65
173.35
172.63
173.48
173.02
173.33
173.01
175.48
175.02
177.43
172.36
173.23
174.81
173.95
173.54
174.74
NA
NA
NA
NA
NA
NA
NA
175.64
176.84
174.73
174.93
174.98
NA
NA
NA
NA
175.09
173.54
172.46
173.47
NA
NA
172.54
171.0
174.79
172.23
171.88
172.0
173.73
NA
173.82
173.38
176.7
176.9
173.24
174.04
174.64
174.44
174.54
174.54
NA
NA
NA
NA
NA
NA
NA
NA
NA
NA
NA
NA
NA
NA
NA
NA
NA
NA
NA
NA
NA
NA
NA
NA
NA
NA
NA
NA
NA
NA
NA
NA
NA
NA
NA
NA
NA
NA
NA
NA
NA
NA
NA
NA
NA
NA
NA
NA
NA
NA
NA
175.51
173.21
174.51
171.31
173.65
NA
NA
NA
NA
NA
NA
172.57
175.54
169.07
172.84
172.47
174.23
172.0
182.3
172.71
172.43
174.32
172.57
176.6
174.01
173.4
176.09
173.35
173.26
NA
NA
NA
NA
NA
NA
NA
NA
NA
NA
NA
NA
NA
NA
NA
NA
NA
NA
NA
NA
NA
NA
NA
NA
NA
NA
NA
NA
NA
175.69
174.22
174.4
175.25
171.75
179.0
175.46
173.22
176.62
173.32
NA
NA
NA
NA
NA
NA
NA
NA
NA
NA
NA
174.99
177.49
174.18
172.43
175.1
172.59
173.0
NA
NA
NA
NA
NA
177.69
174.09
172.41
175.12
172.88
175.09
NA
172.73
NA
NA
NA
NA
NA
NA
174.13
174.16
173.03
175.5
NA
NA
NA
NA
171.93
174.84
174.31
172.71
175.22
NA
NA
NA
171.73
174.95
175.18
177.0
NA
NA
NA
NA
NA
NA
NA
NA
NA
NA
NA
NA
NA
NA
NA
NA
NA
NA
NA
181.5
179.66
181.58
174.15
181.97
179.55
179.0
175.94
174.21
176.38
172.91
176.81
174.86
174.9
174.97
174.34
173.73
NA
174.18
174.38
173.38
174.28
176.08
176.08
173.38
NA
171.49
NA
171.54
171.8
174.03
173.17
NA
174.29
NA
173.99
173.98
NA
173.64
172.49
176.52
172.76
169.75
173.46
171.75
NA
NA
NA
NA
NA
NA
NA
NA
NA
172.86
172.53
172.74
174.42
NA
NA
NA
NA
NA
175.44
173.54
172.54
173.64
NA
NA
NA
NA
NA
NA
NA
175.05
175.07
175.19
174.04
NA
174.84
170.94
173.34
174.04
173.54
173.68
173.18
172.18
176.28
174.88
172.48
NA
NA
NA
NA
NA
NA
NA
NA
NA
NA
NA
NA
NA
174.84
176.84
173.94
179.04
172.54
173.94
175.17
173.57
172.47
173.47
175.13
173.63
172.53
173.53
NA
NA
NA
174.1
174.2
173.1
NA
174.0
173.0
173.1
NA
172.86
174.36
171.66
171.56
174.35
173.93
174.15
173.47
172.37
173.1
172.88
174.79
173.31
173.59
171.44
173.6
173.29
172.56
173.17
175.45
172.75
172.63
175.31
173.0
176.79
173.15
173.13
174.55
173.55
172.65
174.05
173.45
175.65
174.15
173.1
NA
NA
NA
NA
NA
NA
NA
NA
NA
NA
NA
NA
NA
NA
NA
173.39
174.9
173.3
173.25
173.55
172.45
NA
NA
NA
NA
172.74
NA
NA
175.1
173.0
175.0
176.7
175.3
172.61
175.3
172.61
NA
NA
173.25
NA
NA
NA
NA
174.43
NA
170.23
173.05
172.35
174.75
173.35
NA
NA
NA
NA
NA
NA
NA
NA
NA
NA
NA
NA
NA
NA
172.52
NA
NA
NA
NA
173.22
174.12
173.82
174.52
NA
172.75
173.44
176.04
172.82
172.68
174.73
172.81
NA
174.15
173.45
173.68
175.78
180.28
174.86
NA
NA
NA
NA
NA
NA
NA
NA
NA
NA
NA
NA
NA
174.12
173.02
174.72
NA
173.42
173.92
172.42
175.04
NA
NA
NA
NA
NA
171.93
174.38
173.19
173.29
NA
NA
NA
NA
NA
NA
NA
NA
NA
NA
173.25
173.53
173.85
171.43
NA
171.85
172.85
172.35
174.95
166.15
169.25
175.24
175.8
174.5
174.45
175.25
175.31
175.16
NA
NA
NA
173.15
174.95
175.58
NA
174.38
173.78
NA
NA
NA
NA
NA
NA
NA
NA
171.85
NA
NA
174.04
170.54
175.74
173.34
181.38
177.99
174.28
NA
175.38
NA
176.01
174.69
172.37
174.26
172.11
173.81
173.71
NA
177.21
173.61
174.87
NA
NA
NA
NA
171.32
173.22
172.55
172.55
174.25
173.75
173.25
169.55
174.05
NA
172.37
173.05
173.85
172.95
NA
NA
172.71
174.55
172.73
171.37
174.18
174.56
NA
174.3
174.02
175.03
173.75
175.63
170.94
NA
NA
NA
NA
NA
172.27
174.64
173.22
NA
173.26
176.06
175.58
171.73
172.86
172.94
172.84
173.88
174.45
174.24
173.54
175.61
173.71
173.1
173.74
NA
NA
NA
173.38
172.88
NA
NA
173.31
173.91
181.22
NA
173.82
173.81
NA
NA
NA
NA
NA
NA
NA
NA
NA
NA
NA
NA
171.74
171.94
NA
NA
NA
NA
174.49
173.9
174.31
171.47
171.52
NA
174.45
NA
NA
NA
NA
NA
NA
174.75
175.65
172.28
172.84
171.51
170.8
171.5
NA
171.7
NA
170.6
172.6
NA
NA
NA
NA
171.49
172.73
NA
NA
NA
NA
NA
173.56
174.13
172.94
169.66
173.83
173.13
173.43
173.62
173.52
173.21
NA
NA
NA
NA
NA
NA
NA
NA
NA
NA
171.98
173.37
172.81
176.41
173.0
NA
NA
172.92
173.17
NA
174.45
173.25
173.85
NA
NA
NA
173.56
174.13
172.94
169.66
173.83
173.13
173.43
173.62
173.52
173.21
NA
NA
NA
NA
NA
NA
NA
NA
NA
NA
NA
171.96
173.76
174.86
NA
173.56
173.06
NA
NA
NA
NA
169.41
174.19
174.93
175.33
172.87
174.27
173.01
173.17
173.1
175.53
173.28
172.53
173.11
174.34
175.8
NA
173.75
173.86
172.79
NA
NA
174.43
171.99
172.35
174.61
NA
NA
NA
NA
NA
NA
NA
NA
NA
NA
NA
NA
NA
NA
NA
NA
NA
NA
NA
NA
NA
NA
NA
NA
NA
NA
NA
NA
NA
NA
NA
NA
NA
NA
NA
NA
NA
NA
NA
NA
NA
NA
NA
NA
NA
NA
NA
NA
172.65
173.18
174.48
173.68
NA
172.57
NA
NA
NA
175.01
NA
NA
NA
NA
175.91
NA
NA
NA
NA
173.34
172.94
174.38
173.88
174.18
173.48
172.38
173.08
172.88
174.98
173.08
174.38
179.81
178.05
179.57
179.27
172.87
171.97
173.86
171.86
173.86
172.96
175.35
175.32
172.88
NA
175.41
175.66
173.06
172.66
175.66
NA
172.59
NA
174.75
173.95
174.45
172.95
173.45
NA
175.84
175.83
172.66
174.41
171.89
172.24
175.29
174.4
174.03
172.63
175.96
174.04
172.64
175.97
NA
175.01
171.21
NA
NA
173.71
177.58
174.59
173.16
173.31
173.45
174.01
NA
173.79
173.31
173.03
176.03
174.8
173.04
173.25
173.34
173.82
172.3
173.64
173.15
172.94
NA
NA
174.58
172.96
174.27
NA
NA
NA
NA
NA
NA
173.6
171.0
172.2
172.5
NA
171.37
175.62
171.72
NA
NA
NA
NA
NA
177.36
NA
NA
NA
NA
NA
NA
NA
NA
NA
173.36
173.73
172.11
NA
NA
173.87
174.37
173.57
172.67
172.97
174.37
173.37
174.37
174.37
173.97
173.97
173.17
167.56
NA
NA
176.23
176.44
176.39
176.26
173.06
172.06
172.96
171.86
172.76
173.85
NA
NA
NA
NA
NA
NA
NA
NA
NA
NA
NA
NA
NA
NA
NA
NA
NA
NA
171.01
172.42
174.95
172.92
174.62
174.78
172.88
172.88
172.78
172.68
172.77
172.67
171.37
174.17
174.67
172.77
174.57
172.77
171.27
174.07
174.47
NA
173.74
NA
173.9
174.35
174.85
173.5
173.92
174.14
NA
173.09
173.91
173.03
174.12
173.21
172.6
174.37
172.8
174.96
NA
NA
NA
NA
NA
NA
NA
NA
NA
NA
NA
NA
NA
173.27
175.37
171.17
175.57
173.67
172.37
172.27
NA
NA
NA
NA
NA
NA
174.24
173.14
NA
NA
NA
NA
NA
NA
NA
172.13
174.42
173.72
173.06
172.48
172.74
173.47
174.13
NA
NA
174.73
178.03
NA
173.23
172.43
171.0
173.93
170.03
175.15
173.86
NA
172.8
172.4
172.4
NA
175.26
NA
176.28
175.03
172.93
171.37
171.33
173.13
171.93
NA
NA
NA
NA
NA
NA
NA
173.32
171.73
NA
NA
NA
NA
174.0
174.15
172.5
173.25
173.25
174.65
173.41
173.51
173.51
172.31
172.21
170.51
172.81
174.41
172.81
173.91
176.11
171.41
173.76
171.36
169.84
170.99
173.53
NA
173.18
170.68
171.57
175.1
173.26
171.58
174.99
173.3
174.9
172.79
173.23
170.84
172.84
173.64
NA
174.16
173.56
173.99
176.01
173.33
174.71
NA
174.43
172.23
177.03
173.33
NA
NA
NA
172.67
175.13
172.56
NA
172.71
NA
172.61
175.81
172.91
174.9
173.0
173.18
175.05
NA
173.86
173.96
174.26
174.56
NA
NA
174.0
169.51
172.12
175.43
172.4
173.43
171.71
173.69
174.12
173.55
172.62
173.92
173.42
173.23
174.08
172.42
172.8
174.66
173.07
176.54
173.26
NA
NA
172.47
173.2
NA
NA
NA
NA
NA
NA
NA
171.63
173.27
173.63
172.53
172.43
NA
172.49
174.28
173.69
172.89
174.59
172.94
173.34
177.14
174.23
175.97
172.4
175.02
172.23
173.33
173.48
172.2
172.77
173.98
174.28
172.84
173.39
174.55
172.94
172.71
172.82
174.88
173.56
173.25
175.23
175.38
NA
174.85
175.56
NA
177.91
172.47
174.17
174.35
172.23
175.37
172.66
172.75
174.05
172.15
173.35
NA
NA
NA
NA
173.68
172.18
172.68
173.43
171.53
173.93
NA
172.99
176.59
173.29
174.55
173.16
174.53
173.08
169.84
174.37
173.18
174.67
176.67
172.24
172.64
NA
173.01
173.17
NA
175.53
173.28
172.53
173.11
174.34
172.63
NA
NA
NA
NA
NA
NA
NA
NA
NA
NA
NA
NA
NA
NA
NA
NA
NA
NA
NA
NA
NA
NA
177.44
172.63
174.37
174.17
173.67
173.17
173.27
174.49
173.02
174.44
172.98
174.04
173.97
172.46
173.41
175.67
173.04
172.53
171.58
171.11
174.36
172.66
176.0
174.7
173.25
174.21
173.68
173.32
172.59
174.85
NA
NA
NA
NA
NA
175.06
170.95
173.98
175.68
172.18
172.98
172.78
173.58
172.48
174.48
171.98
172.76
175.16
171.69
NA
176.24
175.64
173.44
174.89
174.29
173.79
NA
174.54
NA
NA
NA
NA
NA
171.94
172.58
178.12
178.2
174.72
NA
NA
172.26
171.17
174.79
171.8
NA
172.27
NA
174.26
175.05
174.35
174.12
172.26
173.76
174.16
175.78
172.38
174.38
173.48
173.55
172.5
173.56
175.26
173.86
NA
172.86
171.48
173.45
173.35
172.61
NA
NA
NA
174.05
177.35
172.45
171.2
174.4
173.7
173.63
174.23
175.78
173.57
171.41
NA
NA
NA
NA
NA
NA
NA
NA
172.93
173.57
NA
174.91
173.51
NA
NA
NA
NA
NA
NA
NA
NA
NA
NA
NA
NA
NA
NA
NA
NA
NA
NA
173.87
173.57
172.17
174.17
172.07
173.27
176.07
173.97
172.17
175.18
NA
NA
173.73
171.46
175.9
171.86
174.55
NA
174.23
NA
173.87
173.67
174.67
NA
NA
NA
NA
NA
NA
174.13
172.76
173.15
172.56
173.46
173.12
172.74
173.06
172.9
NA
174.21
174.09
173.55
173.09
173.29
176.41
NA
175.68
173.81
174.37
173.39
NA
NA
NA
174.53
174.52
174.45
172.3
178.63
175.67
177.3
178.86
176.84
176.9
173.32
172.26
172.18
NA
NA
NA
NA
175.24
177.17
179.84
NA
NA
NA
173.83
173.9
173.77
171.7
172.95
NA
175.48
171.41
172.11
173.11
173.01
172.61
172.48
173.38
NA
174.7
174.2
174.2
172.96
NA
172.5
177.94
174.09
173.38
177.42
NA
NA
NA
NA
NA
172.38
174.39
175.1
173.83
173.05
173.52
173.79
172.33
171.81
173.79
172.92
173.78
171.86
NA
172.89
172.27
172.43
NA
173.43
171.43
173.13
NA
174.31
171.63
174.29
173.76
171.68
175.83
NA
NA
NA
171.98
172.24
171.13
173.68
173.98
172.38
173.58
NA
NA
NA
NA
NA
NA
NA
NA
NA
NA
NA
NA
NA
NA
NA
NA
NA
174.27
NA
NA
NA
174.11
171.95
176.33
173.25
171.65
174.53
173.23
176.33
177.0
176.38
177.54
177.68
176.95
179.08
173.74
173.59
173.34
173.03
174.63
NA
NA
173.61
173.86
176.55
172.02
NA
NA
175.95
172.88
173.15
173.65
172.58
171.73
173.41
173.41
NA
173.55
171.73
NA
172.19
NA
172.29
NA
174.39
173.69
177.69
172.59
173.49
171.7
175.36
NA
172.3
174.8
173.86
172.76
173.36
173.79
171.19
174.29
180.03
176.73
176.23
NA
NA
NA
173.26
173.86
172.66
174.26
173.86
172.86
NA
171.84
NA
172.75
170.43
175.82
171.53
171.61
NA
NA
NA
NA
NA
NA
NA
NA
NA
NA
NA
172.41
174.17
172.75
172.46
174.41
172.86
NA
173.26
173.26
NA
177.2
173.88
174.78
172.68
171.48
172.98
174.91
174.65
175.34
173.07
174.17
172.71
174.11
NA
173.76
174.89
174.39
176.92
174.52
176.62
174.72
175.32
174.92
175.82
176.62
174.82
175.52
172.58
175.16
171.47
175.83
NA
NA
NA
174.1
174.22
171.99
172.44
173.15
172.67
172.14
173.95
173.35
174.24
171.64
176.21
173.55
173.61
173.65
NA
NA
NA
NA
NA
NA
NA
NA
NA
NA
NA
174.95
NA
NA
173.22
173.86
173.77
173.17
174.27
173.58
172.62
NA
175.38
173.26
NA
NA
NA
172.26
173.26
173.26
173.97
174.05
NA
171.38
173.14
173.24
173.19
174.35
173.45
173.35
179.17
NA
174.62
172.55
NA
174.49
171.89
169.79
173.89
174.69
173.99
173.89
NA
NA
174.41
173.11
174.31
173.41
172.83
173.22
NA
173.02
176.12
172.3
174.14
NA
NA
NA
NA
NA
NA
NA
173.94
171.76
173.21
173.29
174.07
172.89
175.06
172.91
NA
NA
NA
NA
171.76
173.96
173.55
173.88
175.23
173.03
173.9
173.23
175.47
173.35
173.45
173.63
173.83
172.77
174.43
172.03
173.1
172.33
171.7
172.24
170.87
174.87
173.77
173.07
174.15
174.05
171.75
172.05
NA
176.73
172.33
175.06
173.56
176.14
176.93
174.23
174.49
176.07
171.97
172.88
175.13
177.33
174.05
172.24
174.37
170.37
175.27
171.87
NA
NA
NA
NA
NA
NA
NA
NA
174.09
NA
174.38
175.46
173.98
175.04
173.71
174.11
173.77
NA
NA
173.99
172.79
178.0
172.68
NA
172.19
172.15
173.95
NA
173.51
171.94
173.77
173.58
175.04
173.14
175.64
175.14
173.54
173.74
174.24
174.04
174.64
NA
NA
171.5
174.4
172.1
176.9
172.8
174.52
171.36
172.0
172.9
174.6
173.25
175.35
173.08
173.48
175.92
172.84
173.16
NA
172.55
171.7
173.46
174.96
173.59
NA
NA
NA
NA
NA
NA
NA
NA
NA
NA
174.97
174.57
175.37
173.57
172.87
178.17
176.17
170.54
170.28
172.26
NA
171.52
172.6
173.64
174.36
175.02
173.8
174.53
172.51
173.49
174.27
170.83
171.35
174.48
174.28
173.38
174.78
174.08
173.48
170.58
174.7
176.08
174.82
174.42
174.53
174.98
173.9
173.84
173.48
172.77
174.45
173.58
171.84
172.28
174.12
174.82
174.78
174.03
173.83
172.87
173.68
173.63
173.57
NA
173.72
175.58
NA
173.13
171.8
172.6
173.69
172.09
176.39
172.99
173.79
NA
NA
NA
NA
NA
NA
NA
NA
NA
173.64
173.92
173.73
NA
175.9
174.46
173.88
173.62
NA
NA
NA
174.42
176.64
174.05
173.52
173.68
175.7
173.11
175.21
173.11
172.02
174.21
173.63
176.7
174.1
173.5
173.5
172.73
177.56
173.7
174.56
172.73
173.14
174.77
174.39
174.42
174.3
172.62
173.47
173.07
173.02
173.72
NA
171.92
174.02
171.42
172.15
173.35
NA
171.65
173.55
170.35
173.67
172.42
NA
NA
NA
174.8
175.42
173.98
174.51
175.24
172.37
173.49
173.6
172.2
172.97
172.69
NA
174.33
NA
174.25
174.75
173.07
174.52
NA
NA
177.18
172.84
176.52
173.12
NA
NA
NA
NA
NA
NA
NA
173.51
173.53
174.95
175.51
176.68
173.11
171.41
174.71
NA
174.97
174.83
175.4
173.38
173.57
175.99
176.22
172.52
174.59
175.34
NA
NA
NA
174.38
173.86
172.72
171.63
172.95
174.41
170.44
NA
NA
177.64
NA
NA
NA
NA
NA
173.38
NA
171.21
174.74
NA
NA
NA
NA
NA
NA
174.18
182.3
173.42
172.85
173.27
173.0
NA
NA
NA
NA
NA
NA
173.41
173.34
175.69
172.78
179.74
180.54
181.7
179.25
180.98
171.97
173.07
173.07
177.47
172.47
172.97
172.47
171.87
173.14
175.45
174.04
171.15
171.77
171.87
175.3
173.8
174.2
175.43
174.78
172.53
178.7
172.23
172.13
173.5
173.07
173.56
172.65
172.92
173.56
172.92
170.63
174.81
172.4
NA
NA
NA
NA
NA
181.11
173.32
NA
NA
NA
NA
NA
NA
NA
NA
NA
NA
NA
NA
NA
NA
NA
NA
NA
174.1
173.89
173.23
171.23
172.24
172.42
172.55
NA
NA
NA
NA
NA
NA
NA
NA
NA
172.9
NA
NA
171.26
173.2
173.33
172.72
172.82
174.05
173.75
172.43
NA
NA
NA
NA
NA
NA
NA
NA
172.64
173.35
NA
173.16
171.46
174.06
NA
NA
NA
NA
NA
176.33
175.23
175.73
172.63
175.63
174.53
173.33
NA
NA
173.52
173.72
171.22
174.52
172.72
172.32
172.72
172.72
172.73
173.4
173.42
174.61
175.75
176.27
173.4
175.85
175.21
174.23
174.16
176.44
172.39
NA
NA
175.77
175.49
176.21
173.66
172.99
172.83
174.19
174.73
171.89
174.19
174.79
NA
174.29
172.52
NA
NA
172.98
173.59
NA
172.76
172.5
174.22
NA
174.34
174.05
170.96
175.03
173.83
172.53
172.72
175.98
172.72
173.97
NA
NA
NA
NA
NA
NA
NA
NA
NA
179.52
173.08
174.21
171.63
170.53
173.41
173.52
NA
NA
177.33
175.66
NA
NA
NA
NA
NA
NA
176.9
172.92
NA
NA
NA
NA
NA
NA
NA
NA
173.94
175.24
176.27
176.26
175.8
172.36
173.26
172.26
172.49
173.71
172.72
172.72
174.52
174.87
NA
171.73
175.29
173.46
NA
173.94
173.6
174.34
172.78
174.37
173.17
171.61
175.27
NA
172.43
173.79
174.96
173.0
173.77
173.11
173.93
171.9
172.58
171.2
173.6
173.8
174.86
174.89
173.3
170.76
NA
173.96
173.86
172.21
172.61
172.71
170.86
171.9
174.5
175.42
NA
171.58
174.38
170.21
173.81
172.86
173.54
174.02
175.14
173.71
174.09
173.66
173.44
172.62
172.5
NA
NA
172.61
NA
NA
NA
NA
175.16
173.85
173.41
174.06
170.86
175.03
NA
NA
NA
NA
NA
NA
172.43
173.42
172.11
172.28
172.11
172.07
173.8
NA
NA
173.5
173.1
NA
NA
174.5
174.51
NA
NA
176.76
174.42
172.14
173.39
NA
NA
NA
172.53
172.44
172.98
173.07
NA
NA
172.51
172.91
174.91
172.91
175.07
172.87
NA
173.97
172.67
175.67
176.07
173.77
171.57
173.07
173.07
173.57
173.67
171.49
173.35
171.48
173.34
NA
174.02
173.52
174.02
173.7
174.33
175.19
172.19
173.59
175.27
NA
175.76
173.89
172.81
171.9
NA
NA
NA
NA
NA
NA
NA
NA
NA
NA
NA
NA
NA
NA
NA
NA
NA
NA
NA
NA
NA
173.99
172.59
175.49
NA
169.49
172.69
173.19
173.39
NA
175.29
174.79
170.49
172.29
171.47
NA
NA
NA
NA
NA
NA
NA
NA
172.75
172.48
173.68
174.18
175.28
172.18
172.61
174.55
173.96
172.94
174.87
173.88
173.51
173.16
NA
NA
NA
NA
NA
NA
NA
NA
175.37
NA
NA
NA
NA
NA
NA
NA
172.83
173.16
173.62
NA
NA
NA
NA
NA
NA
NA
NA
173.84
171.76
175.41
175.44
176.22
NA
172.05
174.88
NA
172.67
NA
NA
NA
NA
174.1
173.01
171.37
173.59
NA
171.99
174.15
172.39
172.33
172.94
172.48
170.75
NA
NA
NA
NA
NA
NA
NA
176.01
173.32
170.19
173.51
173.71
175.21
NA
NA
NA
NA
NA
NA
NA
NA
NA
NA
NA
NA
NA
NA
NA
NA
NA
NA
NA
NA
NA
NA
NA
NA
NA
NA
NA
NA
NA
NA
NA
NA
NA
NA
NA
NA
NA
NA
NA
NA
176.23
NA
NA
NA
NA
179.4
NA
NA
NA
NA