60.18
63.93
59.72
66.4
61.66
64.33
62.47
64.64
59.32
61.8
61.08
60.83
59.09
61.26
61.37
62.49
60.69
62.31
63.17
59.12
61.55
59.08
61.13
59.14
61.71
61.22
60.55
61.43
62.64
62.34
61.56
61.05
62.37
61.31
62.05
62.2
61.14
60.24
61.24
61.68
60.62
63.08
63.74
62.57
60.28
59.47
62.75
61.06
59.76
63.15
63.32
60.93
61.43
61.8
61.97
60.89
65.06
60.01
60.12
NA
58.53
62.21
60.72
59.52
62.3
61.84
59.78
59.84
61.77
59.11
61.45
62.16
59.66
60.96
62.38
61.91
60.31
60.8
58.58
59.88
61.92
60.51
61.63
61.98
NA
62.63
67.92
63.46
66.24
NA
62.75
61.75
60.62
57.74
62.04
62.78
61.76
62.41
61.98
NA
59.47
60.87
62.32
60.46
61.29
61.75
59.66
59.02
59.58
61.52
61.82
61.42
59.73
62.55
63.28
62.61
60.78
59.21
58.99
61.17
59.82
60.54
60.25
60.65
62.57
60.88
64.15
63.68
62.28
58.92
61.1
59.36
60.91
61.43
61.82
59.73
59.18
62.33
62.26
59.63
62.01
61.75
62.17
61.68
62.35
63.2
63.53
64.03
59.81
61.77
60.33
61.04
62.22
60.26
59.14
63.79
61.13
62.56
60.67
64.71
59.88
62.17
62.98
61.57
62.58
59.36
60.18
60.49
60.7
61.52
59.86
NA
NA
60.98
61.01
59.12
61.8
62.14
59.58
62.58
61.78
59.01
60.52
59.48
60.75
61.01
61.19
62.58
61.4
59.73
60.18
59.15
61.63
60.41
62.54
61.82
61.34
62.35
64.65
62.55
59.66
59.75
63.03
59.31
61.4
61.39
59.08
62.88
62.88
61.61
62.39
64.83
61.61
59.96
62.28
61.36
60.41
62.0
59.59
59.93
61.08
59.57
59.5
61.78
61.68
62.34
64.11
61.95
61.61
59.89
61.92
61.11
60.29
59.34
59.96
62.71
62.78
59.75
62.51
58.52
59.05
61.48
64.69
60.66
61.81
59.49
60.77
64.12
59.57
61.39
62.06
60.23
62.44
60.41
62.14
59.94
62.18
63.62
61.83
60.56
59.54
61.61
60.54
59.26
61.03
59.39
65.78
61.78
62.25
62.63
61.97
60.35
59.32
60.19
61.14
59.57
58.92
61.79
60.17
65.24
59.33
60.89
62.42
59.25
59.99
62.63
58.18
61.58
59.2
61.68
61.49
59.59
62.11
62.53
59.44
59.61
60.65
61.14
60.07
59.5
61.03
63.44
59.77
60.67
61.91
62.21
61.82
61.78
60.37
60.32
60.81
61.76
59.44
61.45
63.64
62.5
64.31
61.87
62.27
60.01
61.99
61.95
62.09
60.43
61.57
62.51
59.14
58.99
63.4
62.16
59.82
60.17
61.19
61.42
61.56
61.95
62.64
62.23
59.36
60.76
60.29
61.3
60.9
60.55
59.6
63.66
60.12
61.38
62.52
62.43
60.2
58.7
58.45
61.52
61.05
59.64
57.63
61.77
59.53
62.73
58.52
58.8
60.21
61.53
60.01
60.72
65.26
63.16
60.86
59.61
62.54
59.34
61.54
60.41
61.05
60.16
62.15
64.4
63.28
NA
60.67
64.37
61.97
59.99
59.93
58.84
61.8
61.67
62.84
62.18
60.1
59.51
62.3
62.09
62.58
59.85
59.31
61.29
60.12
61.44
60.35
62.09
61.13
60.03
62.54
62.24
60.89
59.72
62.51
60.59
63.09
60.51
60.3
59.62
58.69
60.01
61.57
59.64
61.95
61.02
60.63
63.32
62.68
60.32
59.75
62.17
64.09
62.37
61.76
58.78
60.72
59.67
58.81
NA
61.69
59.25
59.43
61.13
62.2
62.7
61.75
63.77
60.44
60.21
61.32
61.38
61.96
63.33
62.36
63.44
64.13
62.87
63.33
63.04
62.51
60.16
59.44
62.18
59.65
61.95
63.3
62.46
60.28
61.4
63.6
63.67
63.44
59.02
59.86
61.15
57.97
63.38
62.44
61.31
60.44
61.18
60.58
61.35
60.82
58.43
60.77
NA
58.85
57.85
61.37
61.89
57.97
NA
63.44
63.4
58.16
58.24
58.35
58.31
58.23
62.06
58.66
63.16
60.31
61.36
63.69
59.46
59.98
60.59
60.88
61.57
60.48
61.76
60.71
59.51
58.91
58.51
60.81
59.91
NA
61.57
59.88
61.35
62.09
60.4
62.83
59.76
59.85
60.05
61.22
62.07
61.91
61.6
61.63
64.26
NA
NA
61.09
64.56
64.23
64.91
64.34
64.9
63.1
60.7
60.11
62.17
62.43
61.33
61.82
65.02
60.03
59.54
60.38
61.62
61.97
62.47
61.52
58.77
61.57
61.96
60.91
61.22
60.26
62.24
62.86
61.92
61.33
61.69
60.99
62.19
61.84
60.54
61.68
61.79
62.57
61.57
59.67
62.11
61.76
59.95
61.38
60.69
NA
60.29
60.95
57.85
59.75
NA
NA
60.65
63.43
58.25
63.51
61.24
59.68
60.65
61.63
60.28
60.48
61.47
61.1
62.63
60.55
61.48
NA
62.17
61.72
61.32
61.52
61.52
60.02
61.52
61.62
60.21
57.63
60.37
62.91
58.8
61.34
60.76
61.36
59.24
60.84
61.54
59.29
62.37
61.0
61.69
62.18
61.04
59.85
62.54
59.14
60.74
61.24
61.04
61.24
63.14
60.14
62.08
60.61
60.24
61.48
60.3
59.3
64.6
63.44
59.51
58.81
59.97
61.21
59.26
60.73
63.8
62.4
61.23
61.49
61.45
59.65
65.33
61.97
63.29
60.32
59.46
61.82
60.84
60.9
60.43
59.03
61.47
60.53
62.39
60.69
60.94
60.73
61.33
63.23
60.04
62.16
59.94
65.1
60.54
62.67
59.63
62.65
60.18
61.98
60.93
60.09
60.46
62.37
62.04
59.66
62.4
60.42
62.53
61.75
62.54
62.51
67.27
NA
59.48
59.28
63.08
59.78
61.18
59.98
63.08
NA
59.98
NA
62.98
59.78
61.18
59.98
63.08
60.28
59.88
57.88
63.09
59.69
61.19
59.89
63.19
60.29
59.89
57.89
63.12
59.72
61.12
59.92
63.22
60.32
60.02
57.92
62.96
59.46
60.96
59.86
64.96
60.06
59.96
58.06
61.76
60.23
62.17
NA
62.31
60.15
62.64
61.42
56.8
63.65
59.21
62.81
61.67
62.76
60.69
62.13
64.25
59.26
62.52
62.43
NA
63.56
60.43
58.82
63.04
61.04
NA
62.32
61.28
59.78
60.73
59.84
62.24
59.25
63.29
61.82
63.71
62.25
61.31
59.88
65.77
62.02
62.75
61.52
63.2
60.91
59.87
62.47
60.63
58.71
59.32
59.57
60.17
61.98
60.01
58.56
62.09
61.39
61.41
61.55
58.07
60.79
59.78
63.83
61.64
59.39
61.54
59.3
60.67
59.81
59.17
60.23
62.18
60.98
60.38
59.59
59.46
60.3
59.35
59.47
61.08
58.75
58.88
64.93
59.5
60.85
61.33
59.84
62.26
62.04
61.23
62.64
60.82
63.65
59.34
59.48
59.96
62.94
61.21
59.43
64.59
61.79
61.2
61.79
61.6
61.21
62.33
60.84
61.21
61.79
62.52
NA
NA
NA
NA
NA
NA
61.53
61.48
60.2
64.34
61.34
63.34
NA
64.85
60.63
61.03
61.35
59.85
62.27
62.05
64.84
63.15
59.56
59.73
61.27
60.94
61.7
61.49
59.85
60.97
59.8
61.48
60.71
61.81
61.8
62.65
62.9
62.93
62.42
62.65
62.35
62.36
62.27
62.34
61.96
62.22
63.21
61.87
61.74
62.26
60.11
61.59
59.48
62.54
62.45
62.93
61.65
61.9
62.19
59.97
61.52
59.41
62.44
62.19
63.1
61.78
61.84
61.98
59.99
61.47
59.37
62.32
62.33
63.14
61.8
61.82
62.1
59.97
61.46
59.45
62.32
62.29
63.14
61.8
61.82
62.1
59.97
61.46
59.45
62.32
62.29
60.34
60.24
62.84
62.34
59.94
59.4
64.65
59.58
63.25
61.36
61.76
61.98
63.71
61.7
60.14
60.28
61.91
58.99
61.65
60.1
60.34
62.05
59.15
60.53
62.44
62.13
59.82
62.55
61.36
62.07
63.42
60.57
59.56
61.81
60.85
62.42
61.34
58.72
61.45
61.81
60.74
60.9
60.28
62.07
61.6
60.84
61.87
62.64
61.42
58.97
62.17
61.58
61.0
61.78
62.6
61.67
60.73
62.09
61.78
61.89
60.2
62.71
62.76
60.68
60.02
59.34
59.24
59.24
60.55
62.82
60.93
63.49
61.52
62.3
60.26
57.64
61.38
64.14
58.28
60.53
60.49
60.29
61.04
59.62
62.67
62.84
60.41
60.27
61.05
59.5
62.72
60.52
60.39
61.07
59.59
62.67
59.47
NA
59.6
NA
60.59
59.99
65.39
59.79
60.39
60.56
61.62
63.85
58.72
NA
NA
NA
NA
60.47
62.78
60.93
63.46
61.32
59.36
61.55
61.78
58.76
61.06
61.95
60.96
62.03
66.45
61.83
62.86
62.82
63.12
63.48
66.45
61.78
62.83
62.58
63.11
63.43
NA
61.83
62.72
62.73
63.13
63.58
59.78
62.52
65.07
66.2
60.46
60.39
59.19
61.42
62.57
65.6
60.41
59.95
63.02
62.93
60.06
63.66
62.34
61.84
62.47
61.17
65.07
65.27
61.27
59.57
60.87
59.13
60.03
58.46
60.09
58.44
61.18
61.19
62.22
62.46
NA
59.15
61.86
62.12
63.32
61.69
62.34
62.5
60.41
62.47
61.3
62.52
60.27
62.95
60.41
62.17
61.89
59.5
62.34
NA
62.09
60.54
62.11
58.91
NA
61.55
63.65
NA
58.15
60.87
60.37
60.77
59.57
61.92
61.32
60.92
64.32
62.12
60.21
60.68
NA
NA
NA
61.43
59.63
58.63
58.23
63.33
62.53
62.23
62.42
62.12
62.02
60.62
62.92
62.52
62.14
60.09
63.12
61.74
58.71
59.81
62.29
63.0
63.0
61.2
59.6
60.1
63.3
62.17
59.27
61.67
59.67
60.97
59.47
61.4
59.93
62.21
62.09
61.46
59.95
62.23
62.04
59.61
59.51
60.28
60.58
61.58
63.68
58.58
60.38
61.58
63.78
58.38
61.47
58.37
59.97
61.77
61.35
59.65
62.45
58.85
61.95
61.95
61.65
62.25
62.75
59.45
60.85
60.05
62.15
62.05
62.05
62.45
60.05
61.55
62.45
61.35
62.65
58.75
58.75
63.25
66.54
61.84
62.84
62.84
63.34
63.64
62.29
NA
63.27
59.57
62.97
60.17
59.87
62.8
60.9
61.05
59.15
61.1
63.5
63.5
59.3
62.9
59.31
61.23
64.13
63.74
62.14
62.34
58.33
61.31
61.33
61.24
61.65
60.23
59.44
59.37
59.87
63.27
58.17
60.19
62.5
60.19
62.5
62.2
64.8
64.02
58.42
59.83
60.23
60.83
61.98
63.78
60.28
61.9
61.06
61.08
58.96
61.47
59.83
62.17
61.8
61.42
59.82
62.17
61.93
59.69
60.19
59.49
63.09
61.31
60.11
62.68
61.78
NA
59.98
59.78
59.78
60.68
60.08
60.38
NA
62.0
59.19
60.7
62.4
60.89
62.71
60.55
59.49
62.34
62.12
59.71
60.11
60.81
60.51
61.79
62.49
59.5
62.79
60.5
58.47
59.52
58.73
61.45
62.77
61.69
60.92
62.23
61.94
62.14
61.74
59.64
61.04
61.14
60.34
61.24
59.38
61.88
60.5
63.74
61.32
62.54
61.14
61.08
63.68
59.36
62.66
61.06
59.86
61.96
61.86
62.16
60.36
59.96
62.28
62.92
61.27
59.96
59.97
61.3
60.43
61.43
62.43
59.53
58.13
60.33
63.51
60.91
62.39
59.01
61.61
60.04
61.11
61.41
62.71
61.0
60.73
65.43
59.39
59.29
59.89
59.59
61.13
59.96
60.48
62.86
61.1
59.93
60.45
NA
63.57
64.69
59.42
66.35
62.25
62.85
62.65
61.25
61.93
65.25
59.85
61.89
59.24
61.02
54.33
61.58
61.39
60.07
61.77
58.57
61.57
52.27
59.87
60.65
62.62
61.52
61.52
62.12
60.22
62.62
64.86
59.76
63.16
59.76
59.06
59.56
59.46
61.67
60.97
60.22
61.42
62.12
60.1
60.11
61.55
60.13
58.1
59.63
59.05
61.04
61.06
62.56
63.36
63.21
59.77
61.26
60.29
61.13
63.8
62.21
60.71
62.44
60.97
59.6
61.77
60.58
64.3
60.62
59.89
60.63
59.56
63.25
61.55
60.49
61.9
61.73
63.81
61.75
59.43
64.16
60.69
57.64
61.63
NA
61.54
62.64
62.21
60.27
58.07
61.26
60.37
61.64
62.47
60.59
62.48
62.68
65.03
61.78
62.91
65.05
61.82
59.85
NA
NA
NA
NA
62.68
61.08
60.25
61.65
61.55
60.25
61.64
60.94
61.22
59.32
61.58
NA
60.82
64.05
58.85
63.11
63.22
64.4
63.23
63.68
60.28
60.64
60.68
60.94
60.78
61.98
59.48
59.48
61.78
60.18
61.38
59.83
61.99
60.29
58.72
59.98
60.62
61.04
61.97
61.63
62.76
58.18
62.37
63.58
63.31
61.62
61.02
62.92
59.79
61.15
61.56
61.55
59.45
62.66
62.06
59.36
62.75
62.15
59.35
63.54
63.94
59.54
62.71
60.15
62.79
60.54
62.14
60.21
62.08
59.95
60.03
59.77
62.47
63.47
61.87
62.54
60.01
58.18
62.37
63.58
63.31
61.62
61.02
62.92
59.79
61.15
61.56
61.55
60.7
61.66
60.66
61.06
65.56
58.88
60.66
62.0
61.4
60.1
62.4
62.15
61.79
60.94
61.15
63.28
58.96
60.83
62.38
63.86
62.34
59.49
61.87
61.5
61.79
62.68
62.43
62.46
60.68
64.27
61.33
61.84
61.98
62.08
61.68
60.4
61.43
64.95
64.05
58.01
64.96
59.95
58.13
61.56
61.65
59.99
63.26
61.65
57.75
63.15
60.55
62.55
58.05
60.65
63.45
64.15
60.15
62.65
59.95
61.65
62.35
60.55
60.65
62.35
60.95
62.55
62.15
61.67
57.58
62.96
60.81
62.33
58.03
60.8
63.36
64.1
60.08
62.55
59.97
61.61
61.99
60.43
61.15
62.32
61.03
62.39
62.7
59.79
61.55
59.46
61.64
60.92
59.85
58.18
59.54
59.85
60.16
59.86
56.36
61.46
58.36
59.79
61.21
62.9
63.3
59.99
59.17
63.67
63.31
60.36
61.86
61.91
61.9
60.94
62.59
61.58
59.68
62.38
58.68
62.18
61.98
61.78
61.58
63.78
60.88
59.34
62.31
61.98
59.61
62.44
62.84
62.08
58.58
58.18
62.28
58.07
59.27
61.03
64.05
60.73
59.55
61.15
64.75
60.75
62.1
61.98
59.51
63.28
61.38
60.38
63.08
61.38
NA
60.15
60.29
62.29
59.0
58.56
62.44
61.08
62.24
59.51
62.34
61.75
59.47
62.39
61.76
59.99
60.2
62.4
66.63
62.63
61.49
62.08
62.56
62.23
60.06
61.19
62.5
58.42
60.75
62.77
61.07
61.96
62.22
NA
59.8
61.06
62.07
58.26
60.67
62.84
61.4
60.13
61.98
62.41
59.08
62.53
59.26
NA
NA
62.93
63.43
64.43
66.16
58.76
62.46
62.36
59.53
63.23
61.89
61.27
60.35
59.34
62.17
60.31
65.75
63.85
62.61
61.66
62.13
63.09
59.28
65.22
64.73
64.69
59.42
58.97
61.7
60.97
65.22
64.73
61.35
61.65
59.05
60.75
59.25
61.85
59.15
61.35
62.05
62.05
57.95
61.35
63.05
65.58
58.5
58.5
59.43
60.39
61.86
60.66
59.56
61.26
63.11
60.42
59.86
62.95
61.65
61.29
64.36
59.34
61.23
61.77
61.43
60.7
61.23
58.92
61.12
60.96
64.38
59.35
61.63
60.18
60.58
61.59
62.76
59.01
63.08
58.84
60.01
61.52
57.62
62.72
62.72
61.61
58.11
59.81
59.11
61.01
61.59
60.19
58.19
59.79
59.09
61.09
61.8
61.56
NA
59.59
61.26
57.96
63.63
62.3
62.16
60.15
61.48
61.28
62.85
62.69
59.56
58.76
62.51
60.26
61.19
58.45
61.45
59.95
60.55
61.25
61.25
61.22
61.91
61.49
60.93
60.87
59.15
61.96
61.26
63.03
62.55
58.8
61.35
61.32
61.85
61.1
62.86
64.06
NA
62.06
NA
64.57
61.07
NA
62.62
64.29
62.04
60.11
62.5
59.1
62.72
61.77
59.03
60.95
60.95
59.85
62.04
61.77
62.12
62.43
60.98
61.18
62.88
61.18
59.58
59.6
66.03
62.62
62.25
62.01
NA
61.06
60.26
61.46
59.82
62.02
59.84
61.49
61.82
60.22
61.3
58.64
60.98
58.97
59.95
60.82
60.23
61.74
60.46
NA
58.56
60.35
61.63
59.57
60.02
61.45
61.0
60.59
61.46
60.97
60.34
62.24
59.44
58.93
62.13
60.23
62.23
61.93
61.83
60.53
59.83
58.73
61.13
60.43
61.83
63.31
60.04
61.32
60.23
63.78
60.67
60.17
57.92
61.47
60.81
61.79
61.44
60.83
61.77
60.77
62.19
59.65
60.67
59.48
62.85
NA
61.31
61.59
62.13
60.96
61.38
62.52
61.32
65.22
60.12
62.02
65.32
62.97
63.35
60.21
60.5
61.48
59.92
NA
60.98
58.0
59.59
59.99
62.48
61.75
60.75
62.05
63.52
61.71
60.41
61.81
60.61
59.61
59.68
NA
62.73
61.46
59.18
60.03
60.65
62.22
58.31
62.18
62.66
62.4
61.13
63.23
59.83
59.94
59.96
61.71
61.6
62.41
59.39
59.28
59.16
61.18
62.38
61.68
58.64
61.8
61.9
60.4
61.0
62.61
62.04
59.22
63.56
61.33
60.55
57.55
61.45
62.26
60.18
61.7
61.13
59.03
58.63
61.65
62.65
60.75
61.68
64.19
62.22
63.28
60.48
60.32
61.34
62.56
60.26
61.25
61.38
62.42
61.49
63.0
61.35
61.74
59.44
59.33
61.63
61.8
60.24
60.62
62.12
60.5
60.17
63.06
60.88
60.18
61.78
63.38
61.25
59.15
59.09
59.89
61.39
62.09
63.19
63.66
63.06
60.06
63.46
60.16
59.56
62.46
59.95
62.15
61.55
NA
59.94
59.64
59.54
62.71
NA
62.59
NA
57.71
61.48
61.15
59.72
63.64
61.11
61.81
60.67
62.44
60.66
NA
61.31
61.82
61.96
62.06
61.66
61.58
61.37
61.89
62.95
61.85
63.51
58.61
60.32
61.4
62.12
62.9
61.87
58.28
60.35
61.62
61.95
63.1
61.85
58.86
61.35
60.51
NA
NA
59.38
53.35
61.53
61.03
61.53
60.53
62.03
NA
NA
NA
NA
60.52
62.31
63.06
59.42
61.45
61.95
60.34
59.94
63.85
63.83
58.93
63.84
61.64
59.58
61.48
59.75
59.24
60.21
61.35
62.15
62.15
61.09
62.28
58.37
61.24
63.47
63.11
66.01
61.91
62.41
62.31
61.21
59.59
60.29
60.29
61.58
61.97
60.54
59.93
60.89
59.36
63.44
59.98
63.45
62.13
59.57
61.47
59.72
61.62
61.42
60.62
58.42
59.55
60.56
61.75
59.53
62.82
61.72
NA
65.12
62.02
61.81
60.97
NA
59.81
59.81
61.51
61.91
63.38
65.37
59.78
61.54
62.14
60.45
61.15
63.15
62.55
61.24
62.21
61.15
62.05
59.45
61.05
62.05
59.02
60.05
62.25
61.96
60.88
62.59
60.71
60.88
60.98
63.78
58.58
61.88
58.48
62.2
63.1
62.23
62.66
60.66
62.93
60.02
NA
62.82
60.06
61.93
62.49
59.05
60.31
62.28
59.67
61.27
62.47
60.57
61.47
59.93
63.31
61.78
60.78
60.96
59.09
61.28
60.74
60.78
60.09
60.87
58.9
62.41
61.08
60.81
NA
62.69
59.99
62.49
62.39
61.29
60.29
59.39
59.59
60.29
64.17
NA
61.83
59.99
59.97
62.67
63.01
62.52
63.7
62.36
57.99
61.92
61.82
58.92
59.45
61.84
60.85
61.75
64.11
63.06
NA
61.48
59.29
NA
NA
59.68
59.42
61.58
61.81
60.21
62.6
63.65
61.81
59.62
62.52
60.58
59.35
61.0
62.8
59.26
63.17
58.94
58.74
62.2
59.97
61.64
61.76
57.38
59.72
58.44
61.09
57.74
64.68
61.93
63.82
62.18
61.57
61.85
63.85
NA
63.55
60.0
59.03
59.18
59.91
60.38
59.37
61.78
60.71
58.81
61.16
60.22
59.27
59.32
62.86
63.86
61.06
61.51
63.71
55.78
60.78
63.38
59.95
62.05
60.85
60.58
60.14
60.9
62.33
60.14
61.98
60.61
NA
NA
NA
NA
NA
60.64
63.06
63.07
61.19
58.74
61.99
59.52
63.6
58.73
58.28
62.63
62.19
58.75
58.32
62.6
63.03
61.68
64.79
60.69
65.69
61.79
62.29
62.3
60.02
59.53
61.75
59.88
60.06
62.86
63.06
63.3
58.82
58.49
59.11
61.19
60.99
60.39
64.99
58.73
60.35
60.08
61.87
62.78
61.62
60.82
62.02
62.99
61.49
62.19
61.29
61.99
63.99
61.92
NA
60.99
59.7
61.24
NA
NA
59.64
61.89
60.4
61.91
61.31
60.82
60.14
58.9
59.26
61.2
60.65
60.1
64.02
62.54
59.18
63.94
59.3
62.09
61.98
NA
NA
NA
61.7
63.53
61.86
61.56
60.04
60.19
64.73
59.74
59.66
59.62
63.49
61.35
59.15
60.45
59.41
62.61
60.7
61.6
60.3
61.3
59.8
61.2
57.3
58.9
62.4
59.2
61.88
62.39
59.92
58.52
62.92
65.71
62.91
62.11
60.41
60.91
59.71
61.49
58.59
61.99
61.89
60.08
58.42
63.11
58.71
61.31
62.01
60.61
63.31
62.0
63.38
60.69
59.99
58.69
62.68
63.52
61.26
60.38
58.87
60.31
59.33
65.48
57.7
61.2
57.6
60.8
60.9
61.6
58.17
60.01
58.05
58.06
60.08
58.04
59.21
62.54
62.56
NA
61.17
59.74
58.94
60.24
58.94
62.94
60.84
60.97
66.21
61.06
60.76
62.76
62.16
62.42
62.39
63.09
63.69
62.08
61.98
61.08
61.68
64.58
59.58
59.48
60.18
60.98
62.08
60.93
57.96
62.52
59.09
60.45
59.2
60.16
60.93
60.93
60.1
60.93
61.71
60.55
62.88
61.3
62.1
60.94
61.4
65.26
58.59
61.32
60.93
61.87
62.84
61.16
59.08
59.02
61.55
61.62
59.4
60.57
60.93
58.46
60.63
61.73
58.48
62.07
61.74
62.39
60.09
59.59
62.8
59.0
NA
62.45
60.76
63.42
60.29
59.31
61.31
62.41
61.31
60.43
60.9
60.63
62.01
60.09
62.49
62.11
62.15
59.98
62.18
62.61
58.51
58.49
59.76
59.91
58.9
60.0
60.5
61.4
62.7
59.8
60.6
61.86
63.16
60.52
62.12
57.12
65.72
61.21
61.55
59.57
59.19
62.28
61.89
59.36
61.2
60.07
60.63
60.5
62.3
63.0
NA
61.35
61.94
59.48
61.23
61.0
60.51
58.77
62.02
62.06
59.29
63.91
59.59
59.72
58.73
61.61
58.27
62.55
62.67
60.15
60.27
63.04
63.18
63.93
63.62
61.51
59.44
61.17
58.6
58.11
60.55
61.73
62.78
60.05
62.25
62.55
63.25
61.3
60.5
60.6
59.3
61.0
60.43
61.11
61.75
59.59
61.88
57.19
64.24
58.97
61.54
58.94
61.95
59.02
61.43
62.07
59.73
62.3
58.4
64.9
63.1
61.0
62.14
62.16
61.36
61.72
62.85
NA
58.92
61.12
61.32
57.89
60.55
62.32
61.57
62.77
60.76
62.16
67.75
59.66
61.06
60.76
61.89
63.19
61.74
61.83
63.15
62.7
62.0
62.54
61.4
61.3
60.53
61.63
62.23
61.13
60.93
61.63
58.83
62.63
61.93
59.63
NA
NA
59.21
60.91
63.21
62.31
59.81
63.2
58.54
60.45
59.41
62.11
61.33
58.41
61.42
62.57
59.9
64.51
59.46
59.44
59.35
63.27
61.83
56.93
62.38
58.4
61.14
61.64
61.34
62.58
61.89
60.79
61.39
62.99
60.39
59.54
59.74
59.64
65.24
59.74
58.54
58.94
60.62
59.4
60.88
60.1
61.37
63.17
61.87
62.09
62.82
60.86
62.91
59.81
59.8
62.64
60.58
62.82
61.6
59.5
59.8
60.4
60.6
61.9
65.4
58.68
59.86
61.92
61.88
61.65
63.02
60.63
61.59
61.12
62.62
61.82
61.66
58.8
59.61
63.18
62.14
62.75
61.21
61.43
62.78
59.12
62.3
60.36
NA
64.2
59.89
59.65
60.85
63.08
61.71
61.53
57.53
63.33
62.43
58.33
59.93
NA
NA
NA
NA
58.37
NA
59.9
63.6
61.01
61.37
60.27
61.31
63.0
62.49
61.25
62.63
62.28
60.29
62.59
61.55
60.46
62.38
61.93
62.33
61.24
58.83
63.33
63.43
62.12
60.31
59.72
60.44
62.34
62.04
62.44
61.68
60.94
61.44
61.81
63.03
63.67
63.09
61.68
60.86
62.97
58.78
60.18
59.48
59.52
60.22
61.32
62.42
63.42
60.82
59.39
59.99
61.09
62.79
63.29
60.59
62.85
62.43
61.65
61.05
59.35
64.5
61.27
61.6
60.7
58.9
60.63
60.24
61.87
62.32
61.38
61.37
60.55
59.54
59.56
61.69
63.11
59.11
62.12
NA
59.2
61.41
59.96
59.73
59.61
63.49
61.84
60.15
59.22
62.49
65.47
61.77
62.43
58.9
60.93
61.92
59.93
62.94
62.24
64.34
58.85
61.49
62.96
61.03
62.21
61.52
65.92
61.58
62.2
64.19
60.84
59.8
59.93
60.25
61.92
59.82
59.81
60.65
58.9
62.38
60.9
60.2
NA
61.04
57.32
60.88
60.88
61.2
59.68
60.44
62.69
61.7
62.39
NA
62.52
63.82
64.12
60.62
61.32
61.31
62.55
61.13
58.87
62.02
61.64
60.79
61.85
60.64
NA
61.24
61.36
60.92
61.93
60.99
60.05
61.31
61.39
60.75
61.63
60.94
58.84
60.06
59.86
60.4
60.4
61.96
59.15
60.41
57.65
60.73
63.11
60.89
62.29
60.65
60.64
59.51
62.13
58.85
59.18
61.05
60.92
62.33
58.67
58.26
65.83
60.89
58.54
61.39
59.51
61.14
59.86
61.5
60.62
60.41
63.25
64.35
60.1
58.42
NA
60.31
64.73
61.66
60.11
58.81
61.48
61.32
61.74
61.73
59.5
62.0
60.09
61.81
60.69
61.35
59.93
62.17
60.4
62.96
59.35
61.55
60.04
61.76
63.54
65.54
59.15
61.58
62.46
59.39
61.63
62.6
59.9
58.45
57.33
65.21
58.71
62.09
59.26
62.4
58.72
59.81
62.76
61.0
59.45
65.41
61.95
61.5
62.56
62.26
63.79
64.14
60.69
61.29
59.31
61.05
59.83
63.14
58.94
61.96
61.52
58.03
59.67
58.97
60.96
62.25
61.02
61.28
62.86
62.48
62.21
61.46
62.07
NA
60.66
64.66
58.26
60.86
59.46
58.86
58.61
58.34
62.46
62.29
NA
61.25
63.24
61.21
63.35
60.12
60.51
63.38
61.77
62.77
58.52
60.17
60.48
64.28
59.08
59.85
64.35
59.47
59.33
57.25
57.16
61.8
59.0
59.5
62.2
64.6
62.2
60.42
59.28
60.51
62.64
57.86
62.03
63.42
60.18
60.7
60.98
61.78
61.59
58.52
64.37
60.55
59.03
65.22
59.66
61.45
59.53
61.84
62.13
60.11
61.02
61.86
62.08
62.12
60.55
60.34
60.79
61.37
60.85
60.37
59.57
61.02
59.35
58.35
61.96
61.56
61.51
61.82
61.82
61.8
61.56
61.4
59.88
63.23
NA
NA
NA
NA
60.59
61.29
65.39
61.29
62.58
63.48
63.1
63.45
62.94
60.13
61.33
62.53
62.79
57.72
58.61
58.34
61.87
61.6
62.08
60.02
63.87
59.48
59.98
60.43
62.39
56.88
61.43
59.15
62.0
60.31
63.5
61.3
62.85
59.03
58.73
59.19
60.93
62.67
62.13
59.55
61.88
61.77
62.47
60.17
62.39
58.71
59.22
60.4
58.3
60.3
59.5
60.54
61.04
61.04
59.59
59.74
62.14
61.44
57.84
61.38
62.4
61.82
60.28
61.62
61.35
62.5
61.78
63.07
61.0
62.49
64.5
61.04
59.98
57.97
59.74
61.44
NA
61.9
61.12
61.38
61.38
59.42
62.09
59.93
60.17
58.63
61.48
60.71
61.33
61.36
60.74
61.16
59.23
62.63
59.89
59.03
61.51
61.47
59.84
60.94
60.27
59.67
59.97
63.17
NA
61.87
58.84
NA
61.3
60.7
62.5
62.92
61.03
62.53
60.76
61.9
61.93
60.51
61.66
NA
62.79
NA
61.41
61.71
60.81
62.31
60.69
61.42
62.41
61.32
59.38
61.23
61.64
59.78
59.93
61.96
61.78
60.67
61.89
64.23
62.31
64.16
62.36
60.5
62.2
62.2
61.7
60.56
61.95
62.11
64.11
63.91
59.48
60.36
60.66
62.39
62.22
59.27
61.09
57.59
61.39
61.89
62.49
58.99
61.69
60.36
59.66
60.75
59.57
60.87
62.09
61.98
62.22
59.93
59.96
NA
59.58
61.01
62.15
65.0
60.3
61.2
58.9
61.5
65.4
63.1
63.4
61.6
60.7
61.0
59.7
60.56
60.54
58.74
62.53
61.23
62.13
62.13
59.13
61.17
61.37
61.81
60.51
59.51
62.11
62.41
60.71
63.6
61.91
60.75
61.38
61.85
62.17
58.87
62.53
57.79
56.89
63.69
59.29
62.09
62.39
58.69
58.74
NA
NA
57.36
60.92
60.85
61.1
59.79
NA
NA
NA
NA
NA
NA
61.86
63.34
62.11
61.37
61.37
61.95
61.55
61.39
62.92
59.51
59.72
58.62
60.75
63.28
NA
59.98
60.23
63.61
NA
60.14
60.61
60.85
60.94
63.06
NA
62.16
63.0
61.1
59.53
61.45
62.49
59.78
63.35
60.73
60.05
63.31
60.57
59.85
61.47
60.44
59.97
61.39
61.41
61.55
58.07
62.19
62.3
61.2
61.88
64.96
59.67
59.38
60.5
NA
62.0
62.34
62.32
61.5
61.88
64.83
60.31
60.24
60.28
61.69
62.13
62.33
62.44
61.38
61.93
65.3
60.05
59.54
60.41
61.23
61.99
61.63
63.54
59.44
60.49
60.99
60.99
62.09
61.59
NA
61.56
59.88
NA
NA
NA
57.7
62.6
NA
NA
NA
NA