174.11
174.58
173.41
174.93
172.45
175.17
NA
175.74
175.49
175.7
176.19
174.54
NA
172.13
174.26
174.73
174.45
174.92
NA
NA
NA
NA
NA
172.99
173.71
175.41
174.65
173.75
175.33
176.1
173.16
173.62
NA
173.8
NA
175.37
175.19
174.7
175.2
172.58
175.62
176.03
172.72
176.28
173.87
174.44
173.99
174.05
172.7
172.42
176.05
174.17
173.67
175.41
173.75
174.53
173.69
174.82
174.38
172.39
172.49
NA
174.11
173.82
173.14
172.52
173.59
174.57
NA
NA
174.66
173.99
174.52
173.76
176.56
174.61
173.27
174.71
174.56
174.14
173.21
174.76
174.41
174.53
173.21
175.16
174.47
174.15
173.91
174.97
175.25
177.04
177.24
174.15
175.97
174.63
174.16
NA
174.78
175.39
173.39
174.59
175.84
174.85
175.63
176.46
174.39
174.85
175.21
175.38
174.8
175.88
175.36
176.22
172.25
177.24
174.87
174.36
174.4
NA
176.59
174.41
174.32
175.13
174.05
173.56
175.0
175.41
175.09
174.26
173.58
174.19
171.69
173.25
174.82
174.96
175.08
175.35
177.14
175.37
175.11
175.62
176.85
173.44
174.56
173.72
174.49
173.56
174.83
174.11
174.35
174.8
175.53
174.21
174.21
175.28
NA
174.17
175.49
170.85
174.0
176.64
174.07
174.6
174.37
174.54
174.8
173.83
172.5
176.44
175.25
174.67
174.51
174.26
175.81
174.26
174.23
173.38
172.87
175.91
NA
173.64
176.29
174.89
174.33
175.02
174.25
174.31
174.65
174.47
175.86
NA
173.51
176.88
173.24
172.5
173.32
175.62
173.84
175.75
175.35
174.16
175.59
174.51
173.69
172.37
NA
NA
175.45
174.11
172.92
174.31
175.97
173.81
174.01
174.92
175.66
174.61
174.68
175.61
175.93
174.42
NA
175.6
174.44
175.74
171.86
174.52
172.46
NA
175.81
NA
174.06
173.75
NA
174.93
NA
NA
174.93
NA
174.51
171.76
174.4
173.46
175.13
174.09
174.91
174.45
175.05
175.24
173.9
175.34
175.15
172.22
174.39
174.55
NA
175.85
174.38
NA
NA
174.41
172.79
NA
177.15
175.8
172.83
174.35
174.08
NA
NA
175.94
175.42
171.44
174.3
173.9
175.57
175.96
172.12
174.21
174.03
NA
NA
NA
NA
172.37
NA
NA
175.71
172.44
173.36
177.37
174.15
175.19
NA
176.19
176.29
174.67
171.46
174.22
175.29
175.67
174.86
176.68
174.07
174.82
176.65
175.31
174.08
171.82
172.32
174.1
174.1
173.5
173.5
NA
NA
174.39
171.99
NA
174.28
175.14
173.95
174.17
175.41
176.84
172.52
175.18
173.73
174.13
175.4
NA
NA
NA
174.27
NA
172.94
174.87
174.62
174.59
174.95
174.68
177.07
176.0
174.98
176.73
173.08
175.42
174.79
NA
NA
NA
NA
NA
172.92
174.9
NA
175.64
NA
175.63
173.14
174.05
174.83
174.86
173.81
174.99
173.53
171.73
174.59
174.02
174.28
NA
NA
NA
173.32
174.21
172.96
172.45
173.79
174.4
176.05
174.25
NA
174.06
172.14
NA
NA
172.2
175.65
173.99
NA
175.26
170.22
174.98
173.65
175.01
173.58
174.7
175.09
173.77
173.02
173.04
174.33
174.01
173.61
174.11
175.47
NA
174.66
173.57
171.49
176.71
174.99
174.47
NA
175.41
NA
173.61
174.97
170.01
NA
173.63
174.82
174.02
175.36
170.62
NA
NA
171.92
174.64
NA
174.47
174.31
174.32
174.68
175.87
NA
175.21
173.44
174.47
NA
174.25
175.67
175.52
175.65
174.28
173.93
174.54
172.66
NA
173.71
175.04
174.75
177.12
175.09
NA
175.05
174.13
172.82
NA
174.15
173.74
173.98
174.07
175.33
170.89
173.3
174.62
173.76
174.79
174.4
173.43
173.96
174.32
175.21
173.91
175.68
173.15
173.14
174.15
174.59
175.38
176.41
173.53
173.97
176.35
172.47
175.01
176.23
174.29
174.95
175.3
173.94
NA
NA
NA
NA
175.13
174.49
176.04
176.15
176.96
NA
175.51
176.19
172.74
NA
NA
174.53
174.7
172.51
NA
172.64
172.8
175.32
174.53
NA
174.3
NA
174.92
174.74
175.71
174.3
174.47
172.87
NA
174.72
173.22
175.37
174.54
173.77
174.98
173.84
175.39
174.64
173.3
171.67
174.51
174.92
174.05
173.48
174.23
175.64
174.48
173.99
174.2
NA
174.54
175.85
172.8
175.22
173.48
172.57
175.33
174.82
172.64
173.82
174.54
173.59
NA
175.23
176.15
176.48
NA
175.37
176.11
175.85
174.03
174.1
174.14
175.33
176.12
176.45
NA
174.09
174.11
175.4
176.12
175.47
174.1
174.12
175.32
176.02
176.32
173.95
173.97
174.31
NA
172.97
172.68
174.99
175.29
174.95
NA
173.29
173.07
171.32
175.3
NA
175.17
175.28
174.27
173.04
174.41
NA
174.49
NA
174.93
174.64
172.75
174.28
177.74
175.01
NA
175.13
174.98
176.25
173.12
174.49
175.43
174.91
176.34
NA
NA
175.57
173.66
173.59
173.69
NA
NA
NA
176.43
NA
174.35
NA
174.19
173.52
NA
NA
NA
NA
NA
NA
NA
NA
NA
NA
NA
NA
177.05
171.29
175.24
173.98
169.67
175.71
176.57
NA
NA
NA
NA
NA
NA
NA
175.43
175.44
NA
174.5
173.77
173.0
NA
NA
NA
NA
NA
NA
NA
NA
172.98
175.4
175.22
175.18
174.88
174.57
174.67
172.37
175.87
NA
NA
NA
NA
NA
NA
NA
NA
173.83
169.47
NA
176.86
175.52
175.17
173.57
NA
NA
174.05
172.85
174.65
169.55
NA
174.21
176.13
NA
NA
NA
NA
NA
174.44
176.42
175.14
NA
NA
NA
NA
173.35
174.27
NA
NA
NA
175.46
175.56
174.57
173.33
173.83
172.63
175.88
174.97
175.07
176.47
NA
NA
NA
NA
NA
174.13
169.4
174.86
175.96
174.16
174.79
175.69
NA
173.18
NA
NA
NA
NA
173.86
175.55
173.93
174.65
173.92
174.98
174.54
174.03
174.77
172.68
176.18
NA
NA
175.58
174.19
172.86
175.65
NA
NA
NA
NA
NA
NA
NA
NA
NA
NA
NA
NA
172.0
174.55
174.15
175.13
176.35
172.43
176.37
NA
175.93
173.93
NA
174.43
174.13
175.93
173.93
NA
174.43
174.13
175.92
173.92
NA
174.42
174.12
175.92
173.92
NA
174.42
174.12
175.92
174.12
NA
174.32
174.32
172.64
176.14
175.27
NA
175.5
176.01
174.25
177.02
175.59
175.56
175.35
175.45
NA
NA
174.68
175.24
174.82
176.0
NA
NA
175.7
176.7
176.6
176.7
174.3
NA
174.48
NA
175.22
174.92
173.42
175.42
174.12
172.62
175.65
174.23
173.93
NA
175.75
NA
176.31
173.26
173.94
174.43
176.42
175.72
173.19
174.38
174.37
174.02
174.43
174.01
172.8
NA
NA
NA
179.86
171.36
174.96
174.06
NA
NA
NA
172.42
176.2
174.61
NA
173.57
173.42
175.43
172.06
170.83
174.22
174.95
175.25
173.45
175.35
174.25
172.79
172.06
170.83
174.22
NA
NA
NA
176.29
173.89
NA
NA
179.85
174.14
174.74
174.74
174.34
174.84
NA
NA
NA
NA
NA
NA
NA
NA
NA
NA
NA
NA
NA
NA
NA
NA
NA
NA
NA
174.01
173.41
175.98
176.05
176.62
NA
NA
NA
NA
NA
NA
173.14
174.36
173.66
174.76
173.81
173.76
NA
173.77
175.19
176.43
NA
NA
NA
175.73
175.58
NA
172.63
175.44
175.15
NA
NA
NA
NA
NA
NA
NA
NA
NA
175.13
174.64
NA
175.22
175.22
174.32
175.42
NA
NA
NA
NA
NA
NA
NA
NA
NA
NA
NA
NA
175.92
175.14
173.75
NA
175.29
176.14
NA
NA
NA
NA
175.73
173.5
175.13
NA
176.44
176.46
175.5
176.08
NA
NA
NA
NA
NA
NA
NA
NA
NA
NA
178.32
NA
176.12
173.32
NA
NA
NA
175.23
NA
NA
NA
NA
NA
NA
174.65
174.78
175.57
NA
NA
NA
NA
NA
NA
NA
NA
NA
175.59
170.23
172.17
173.44
174.94
173.17
NA
NA
173.73
174.06
NA
176.11
173.83
176.05
175.46
NA
174.23
NA
NA
NA
NA
NA
NA
175.78
NA
NA
NA
181.81
NA
NA
174.19
NA
174.39
175.13
NA
175.0
175.82
NA
NA
NA
NA
NA
173.28
174.68
173.78
174.78
175.58
172.58
172.58
175.37
174.72
175.14
175.12
174.43
171.92
175.52
172.19
172.33
175.3
NA
NA
NA
175.24
174.3
176.24
173.43
174.49
NA
174.94
176.54
NA
174.76
176.57
174.75
NA
NA
NA
NA
174.52
174.28
NA
NA
NA
174.43
176.29
NA
NA
175.74
176.24
175.44
175.14
176.04
NA
NA
NA
NA
NA
NA
NA
NA
176.53
176.55
176.66
177.94
175.04
175.34
176.14
NA
173.14
174.68
174.58
174.08
174.48
NA
NA
NA
NA
NA
NA
NA
NA
NA
NA
176.44
175.54
173.54
172.84
171.97
170.87
174.17
173.28
175.98
NA
171.33
170.73
174.33
NA
NA
NA
176.33
NA
NA
NA
NA
NA
174.7
176.3
174.5
174.6
176.3
173.46
173.06
175.06
174.26
173.86
NA
173.68
174.4
174.41
175.54
177.48
173.16
177.25
175.1
174.1
173.6
176.2
NA
NA
NA
NA
NA
NA
NA
NA
NA
NA
NA
NA
NA
NA
NA
NA
NA
NA
NA
NA
NA
174.29
176.39
176.29
173.89
175.3
175.2
174.1
174.7
175.7
176.8
174.9
176.8
174.35
173.85
173.95
174.15
177.95
177.35
172.55
174.45
175.85
175.25
NA
NA
NA
NA
NA
NA
NA
NA
NA
NA
NA
173.54
174.74
173.44
NA
NA
NA
NA
NA
NA
NA
NA
NA
174.05
NA
NA
NA
175.31
NA
NA
NA
NA
172.3
NA
175.97
173.28
175.97
173.28
NA
NA
174.65
175.75
174.65
NA
NA
NA
NA
174.43
174.03
173.53
175.24
173.55
NA
NA
NA
NA
NA
NA
NA
NA
NA
NA
NA
NA
NA
NA
NA
NA
175.92
177.82
NA
171.85
NA
NA
NA
174.68
174.38
176.68
174.98
175.95
NA
NA
NA
NA
NA
NA
NA
NA
NA
174.62
174.02
175.32
174.54
NA
NA
NA
NA
NA
NA
174.77
174.5
NA
NA
NA
NA
NA
174.59
172.49
174.37
173.27
173.55
NA
NA
174.3
175.64
NA
NA
NA
NA
173.5
174.43
NA
NA
NA
NA
172.45
NA
170.65
174.15
170.65
174.27
174.85
174.95
NA
NA
NA
NA
NA
NA
NA
175.55
174.25
NA
NA
NA
NA
NA
NA
NA
NA
NA
NA
175.25
173.55
172.65
NA
NA
172.24
173.94
175.04
173.74
NA
NA
176.39
NA
178.66
175.33
176.75
177.63
174.77
174.87
175.31
175.52
174.59
NA
177.05
173.9
175.52
174.89
174.17
173.61
174.83
175.71
174.21
NA
NA
175.45
174.75
NA
NA
176.07
NA
NA
NA
175.92
174.72
174.95
174.45
175.37
NA
NA
174.57
173.85
173.65
NA
174.6
NA
176.31
175.36
NA
173.25
174.27
174.9
175.06
NA
NA
NA
177.96
NA
NA
NA
NA
NA
NA
NA
NA
NA
174.56
173.22
174.51
173.04
175.7
175.23
174.6
172.54
NA
176.11
173.75
174.04
NA
172.73
172.54
173.23
174.77
174.51
173.63
175.83
179.33
176.43
174.13
176.17
NA
NA
NA
174.21
175.01
174.71
173.51
NA
NA
NA
NA
NA
NA
174.97
NA
175.75
NA
NA
NA
NA
NA
NA
NA
NA
NA
NA
NA
174.04
175.74
176.65
173.75
174.35
NA
NA
NA
NA
176.07
172.29
174.45
174.85
174.83
NA
174.36
NA
NA
NA
174.91
174.61
176.11
174.51
NA
NA
NA
NA
NA
176.04
NA
NA
NA
NA
NA
177.66
178.66
174.17
174.44
176.53
176.47
NA
NA
NA
NA
NA
NA
NA
NA
NA
NA
NA
NA
NA
NA
NA
NA
174.44
174.3
174.76
173.56
175.08
178.53
175.69
174.8
173.9
NA
NA
NA
NA
NA
174.73
173.57
176.61
NA
178.35
174.65
174.95
NA
NA
NA
NA
NA
NA
178.66
174.17
174.44
176.53
176.47
NA
175.87
173.67
NA
NA
175.56
NA
NA
NA
174.2
174.93
NA
NA
NA
NA
NA
NA
NA
179.02
175.66
NA
174.47
173.98
NA
NA
NA
175.95
174.57
173.34
174.82
NA
NA
174.04
NA
NA
174.05
172.35
174.54
NA
NA
NA
NA
NA
NA
NA
NA
NA
NA
NA
NA
NA
NA
NA
NA
NA
NA
NA
NA
NA
175.07
176.16
178.29
NA
NA
NA
NA
NA
175.38
176.88
NA
NA
NA
NA
NA
NA
172.55
NA
NA
NA
NA
173.68
177.83
178.52
177.07
177.46
177.14
179.64
178.76
178.46
179.08
NA
174.86
173.37
175.7
175.19
175.76
175.26
175.78
174.0
173.46
175.49
173.75
NA
NA
178.76
176.8
176.41
178.06
NA
173.25
NA
NA
173.04
173.86
NA
NA
NA
175.68
175.43
175.43
173.53
172.65
175.19
NA
174.16
173.46
NA
174.19
173.48
NA
NA
175.21
174.91
NA
174.51
NA
NA
NA
NA
174.61
171.85
174.38
176.48
175.08
NA
NA
NA
NA
NA
171.63
174.38
NA
NA
NA
NA
NA
NA
NA
NA
NA
174.46
174.38
176.11
NA
NA
NA
NA
NA
NA
NA
NA
174.74
NA
NA
175.06
175.56
175.4
176.2
NA
171.71
171.46
176.32
170.94
175.84
172.95
175.89
NA
NA
NA
177.8
NA
NA
NA
NA
NA
NA
NA
NA
171.37
175.66
173.6
NA
NA
177.27
175.77
174.27
175.02
175.5
174.91
172.72
176.34
175.93
174.73
173.42
174.97
178.57
175.67
175.66
172.66
174.86
172.96
171.68
172.33
176.54
172.15
173.49
NA
NA
NA
NA
NA
NA
NA
173.14
173.4
176.25
171.43
NA
175.09
175.93
174.95
175.22
176.92
173.4
173.96
NA
NA
NA
174.15
171.93
173.49
177.08
NA
177.88
176.68
178.18
175.18
175.28
175.37
NA
174.57
173.17
174.27
174.97
176.37
175.37
NA
173.37
174.37
174.87
NA
NA
174.64
175.23
176.03
176.33
172.53
175.41
176.33
176.63
172.72
175.85
173.15
174.85
174.75
174.25
NA
175.42
NA
174.27
NA
174.01
172.85
173.85
175.19
175.71
NA
NA
NA
NA
NA
NA
NA
NA
NA
NA
NA
NA
NA
174.27
174.07
175.57
174.87
NA
173.67
173.87
NA
NA
NA
NA
NA
NA
NA
NA
175.16
NA
176.42
175.58
176.37
NA
NA
NA
NA
NA
NA
NA
177.43
NA
172.76
173.84
173.9
174.35
174.3
NA
NA
174.63
175.43
NA
177.33
174.83
170.93
174.43
NA
NA
NA
169.8
173.5
174.7
173.51
174.76
175.12
174.0
176.74
175.8
NA
NA
172.5
175.73
NA
174.43
174.23
173.43
172.03
NA
NA
NA
NA
NA
NA
NA
NA
174.36
NA
174.52
174.85
175.17
NA
NA
NA
174.27
NA
NA
NA
NA
175.42
176.14
175.04
174.74
NA
NA
174.67
NA
176.34
174.99
NA
NA
NA
172.26
174.32
175.83
NA
NA
NA
174.85
175.45
171.91
174.51
174.31
175.41
175.77
173.84
NA
174.18
174.1
174.74
174.25
175.05
NA
NA
175.25
174.07
170.33
176.33
176.13
NA
NA
NA
NA
176.45
NA
NA
171.86
175.2
NA
NA
175.01
175.51
175.51
NA
175.81
174.8
174.2
172.1
NA
175.47
171.16
174.66
172.52
173.24
173.58
174.42
174.66
176.26
174.96
NA
175.56
175.16
175.06
174.56
174.66
NA
NA
177.08
173.1
175.81
173.83
174.43
175.35
NA
174.02
NA
NA
NA
NA
176.82
176.59
171.17
NA
174.58
174.68
173.94
173.55
174.51
173.79
174.58
175.29
172.49
174.93
175.27
175.02
173.55
175.4
NA
NA
NA
175.52
NA
173.65
174.24
172.31
NA
NA
NA
NA
175.08
NA
173.93
175.57
175.17
NA
NA
NA
NA
173.62
174.54
NA
173.35
174.18
174.1
174.34
175.89
171.19
172.39
174.59
174.34
174.74
174.24
175.14
NA
173.94
173.81
174.87
174.28
177.38
171.41
175.72
172.83
172.42
175.65
176.27
172.78
172.76
177.63
172.7
175.88
NA
173.96
NA
NA
176.88
177.59
NA
177.31
NA
NA
NA
NA
NA
177.57
NA
176.45
174.89
NA
NA
173.45
175.35
174.45
174.75
173.05
174.68
173.47
176.5
177.93
176.27
NA
NA
174.09
176.78
174.36
174.28
174.99
175.32
173.69
174.55
174.07
NA
175.65
173.85
NA
NA
NA
175.18
174.58
175.38
172.66
174.16
174.33
175.73
NA
177.73
174.87
175.59
175.19
174.49
175.39
174.18
174.45
174.44
174.37
174.88
174.07
175.92
175.89
NA
173.51
174.84
172.84
173.84
175.44
172.24
178.84
NA
NA
173.98
173.89
176.89
NA
175.63
NA
NA
NA
NA
NA
NA
173.61
NA
NA
174.05
172.51
NA
175.87
174.48
174.31
174.49
174.28
174.27
174.84
173.82
172.83
NA
174.87
175.38
175.15
175.02
170.67
175.51
174.81
NA
174.16
172.96
NA
175.4
173.8
170.7
174.1
174.43
174.14
173.87
172.1
175.32
175.59
174.68
174.31
NA
NA
NA
NA
NA
NA
NA
NA
175.16
175.45
174.85
174.98
NA
NA
NA
173.16
175.09
NA
174.87
175.09
175.28
174.54
172.75
173.92
176.11
174.84
NA
176.34
176.24
174.13
NA
NA
NA
174.79
175.79
NA
NA
173.94
NA
NA
NA
177.03
174.94
175.29
174.78
173.27
NA
173.88
175.08
175.18
175.58
175.18
176.94
175.89
174.79
174.16
174.0
174.3
173.54
173.58
NA
NA
NA
172.48
174.08
177.24
175.23
NA
NA
173.45
175.35
174.45
174.75
173.05
NA
172.12
175.02
178.76
NA
173.68
173.68
173.28
175.21
174.87
173.98
176.66
174.46
NA
174.68
173.19
173.15
175.26
173.11
NA
NA
176.79
NA
174.15
173.95
175.45
174.35
174.15
173.65
NA
174.4
NA
173.55
NA
NA
NA
NA
NA
NA
NA
NA
NA
173.94
174.2
174.29
174.71
174.68
172.69
173.91
169.81
174.91
NA
NA
NA
NA
174.07
174.57
NA
NA
174.02
174.45
NA
NA
174.11
173.77
NA
NA
NA
NA
NA
176.37
175.13
175.11
175.47
174.57
176.78
NA
172.78
172.78
170.91
NA
NA
NA
NA
NA
NA
NA
NA
NA
NA
174.45
171.63
174.47
175.36
175.54
NA
NA
NA
176.01
NA
NA
174.31
NA
173.58
173.5
173.03
172.03
174.49
NA
NA
NA
175.92
NA
173.45
175.1
NA
NA
NA
NA
NA
176.12
178.07
175.46
175.19
175.95
175.49
174.07
176.92
175.71
175.66
NA
174.08
NA
175.5
NA
178.33
173.84
175.74
177.04
NA
176.94
175.24
176.14
NA
NA
175.75
NA
173.98
173.65
175.77
175.99
173.81
175.0
174.92
NA
175.94
174.08
175.14
175.25
NA
173.31
NA
NA
174.83
175.28
173.88
176.01
172.94
NA
NA
173.03
173.14
172.79
174.01
177.51
174.21
176.11
174.21
NA
175.99
175.09
NA
176.18
NA
170.82
174.25
178.0
174.57
176.75
176.1
175.8
176.8
173.82
NA
174.06
174.92
171.74
175.45
173.71
175.66
NA
NA
174.44
174.98
173.92
175.78
174.14
174.26
174.77
174.73
175.66
175.1
172.83
NA
NA
174.82
NA
NA
NA
NA
NA
172.5
170.5
173.07
175.51
174.85
175.26
173.29
NA
174.43
176.16
175.48
NA
NA
174.96
173.48
171.48
NA
NA
NA
NA
NA
NA
NA
NA
NA
NA
NA
NA
NA
NA
174.36
176.33
174.33
NA
NA
NA
NA
NA
176.01
174.55
NA
174.02
175.6
173.75
174.11
174.3
NA
175.82
174.38
NA
173.87
175.45
175.48
173.58
175.66
174.72
NA
174.85
174.65
175.75
NA
175.38
173.28
175.0
171.1
174.8
NA
NA
NA
172.52
174.62
NA
174.26
176.49
173.59
174.34
NA
NA
174.82
NA
NA
NA
174.51
NA
174.58
173.95
175.69
174.74
175.47
176.08
174.71
173.01
175.21
175.11
NA
172.39
NA
174.28
NA
173.99
173.59
NA
NA
NA
177.1
172.8
174.8
NA
NA
NA
170.35
173.17
174.13
174.3
173.8
176.6
173.7
NA
173.7
173.7
176.46
NA
173.86
NA
NA
NA
NA
NA
NA
175.59
176.59
NA
177.23
174.53
NA
NA
NA
NA
176.66
174.96
NA
175.35
173.92
176.52
177.93
174.88
NA
NA
NA
NA
NA
NA
NA
NA
NA
NA
NA
175.45
175.51
NA
NA
174.69
171.52
175.7
174.9
175.5
175.0
174.3
NA
NA
175.38
177.04
175.7
176.39
175.31
173.92
174.8
173.77
173.47
174.77
175.17
175.11
173.91
175.61
175.01
175.91
174.11
NA
174.06
175.29
173.96
NA
NA
175.26
174.48
174.3
177.47
175.72
174.65
174.7
177.85
173.38
172.22
NA
175.51
174.88
NA
NA
NA
NA
NA
NA
NA
NA
NA
NA
NA
175.45
NA
173.49
173.87
172.27
177.47
174.47
175.77
175.03
174.23
NA
NA
175.9
174.57
174.46
NA
NA
NA
NA
NA
173.76
169.96
174.76
NA
177.11
NA
NA
174.31
NA
NA
NA
NA
NA
NA
NA
NA
173.04
175.69
173.15
177.47
176.77
NA
NA
174.09
175.87
176.42
NA
173.2
176.12
175.8
NA
175.39
175.79
174.19
175.89
173.29
NA
NA
NA
NA
175.56
NA
NA
NA
NA
NA
172.56
174.39
174.39
176.23
NA
175.31
175.72
173.75
172.16
172.82
172.07
172.52
173.48
173.71
174.49
173.12
NA
174.46
176.08
NA
174.68
174.65
174.71
177.02
NA
NA
NA
NA
175.53
173.76
174.33
175.44
173.18
174.17
170.09
NA
175.03
NA
173.66
NA
NA
NA
173.67
173.85
176.45
174.91
172.89
175.89
NA
178.71
175.01
174.0
176.77
174.3
178.57
175.57
174.57
NA
174.26
175.1
175.07
173.17
172.89
173.67
NA
NA
173.05
173.75
176.93
175.89
172.87
174.77
NA
NA
172.57
173.97
174.67
178.0
174.95
175.62
173.06
173.74
174.14
171.94
174.88
174.67
174.64
174.81
175.43
174.07
174.67
NA
NA
NA
NA
NA
NA
175.56
175.16
174.66
175.69
177.36
174.35
177.07
175.02
174.77
173.99
174.35
174.71
NA
NA
NA
NA
NA
NA
NA
NA
174.84
174.44
175.54
NA
175.1
175.8
174.9
174.6
172.9
175.0
174.78
174.74
175.01
173.87
174.98
171.1
175.9
174.8
173.7
NA
NA
176.33
175.68
174.71
175.43
176.05
NA
174.91
NA
NA
NA
NA
NA
NA
NA
NA
NA
NA
NA
NA
NA
NA
NA
NA
NA
NA
175.97
176.07
179.37
174.47
175.97
172.75
174.15
173.49
175.3
174.42
NA
NA
173.82
173.58
NA
NA
NA
NA
NA
NA
NA
NA
174.48
177.48
177.78
174.18
174.78
174.48
174.38
NA
173.31
172.78
175.69
172.94
NA
174.04
175.07
173.53
175.03
173.92
175.66
NA
174.56
NA
NA
175.81
173.92
174.2
NA
NA
175.78
173.69
172.7
173.02
174.06
174.12
174.83
NA
173.65
173.76
175.48
174.71
NA
NA
NA
NA
NA
NA
NA
175.61
NA
173.74
173.47
173.8
176.4
174.0
NA
NA
174.99
178.39
NA
NA
NA
NA
NA
NA
NA
NA
NA
NA
NA
174.97
176.49
174.09
NA
NA
177.63
NA
NA
NA
NA
170.43
NA
173.88
175.25
176.48
176.29
NA
NA
173.94
174.29
174.86
176.13
175.01
174.41
173.02
175.96
NA
NA
175.3
176.5
176.3
174.14
174.51
172.26
175.73
NA
175.36
175.49
177.24
173.94
NA
173.67
174.17
NA
174.02
174.72
NA
173.45
174.45
NA
175.62
175.91
176.99
173.45
176.31
173.65
NA
NA
NA
NA
NA
NA
NA
176.18
175.31
173.12
174.73
171.45
NA
170.14
NA
173.98
173.15
174.89
NA
174.49
173.62
NA
171.34
175.97
NA
NA
NA
NA
175.53
173.58
174.43
NA
175.85
NA
175.42
175.02
174.27
NA
NA
NA
NA
NA
175.48
174.95
174.32
174.46
174.53
175.45
175.13
174.43
175.42
174.16
NA
NA
NA
NA
NA
NA
NA
NA
NA
NA
NA
NA
NA
NA
NA
NA
NA
NA
NA
NA
174.24
NA
NA
NA
173.97
NA
173.71
174.43
173.62
176.57
174.33
175.5
177.47
NA
175.51
173.24
174.75
176.11
172.51
174.01
NA
174.21
NA
NA
175.5
NA
176.93
173.83
173.34
NA
NA
174.89
175.49
173.89
174.09
172.53
174.27
173.71
176.68
175.45
173.19
174.68
175.15
175.59
173.56
175.73
NA
173.2
174.69
171.08
NA
NA
NA
NA
NA
NA
NA
NA
175.4
174.27
NA
NA
174.79
NA
NA
NA
NA
NA
NA
175.27
174.75
173.9
174.71
NA
NA
NA
NA
NA
NA
NA
NA
176.18
NA
NA
NA
NA
172.9
NA
NA
178.43
175.87
172.67
175.47
174.37
175.27
175.17
173.37
175.17
175.37
173.99
171.69
NA
174.34
175.86
175.73
176.02
175.2
175.98
173.53
174.31
174.55
173.18
174.3
173.4
174.15
NA
173.03
174.47
176.28
175.48
174.87
174.91
174.47
174.85
174.5
175.13
173.22
NA
174.68
174.24
NA
NA
173.45
175.92
174.8
173.68
176.37
176.17
173.44
NA
172.27
175.47
174.51
NA
174.66
NA
173.43
174.37
176.1
173.42
174.08
175.1
174.17
174.26
174.33
NA
NA
NA
NA
NA
NA
NA
NA
NA
NA
NA
NA
NA
NA
NA
175.6
177.78
NA
NA
174.61
174.74
NA
173.84
173.19
174.62
176.91
174.12
173.33
173.1
173.55
173.52
175.38
174.17
173.98
174.59
175.46
174.7
174.68
NA
NA
176.31
174.86
NA
NA
NA
NA
174.34
173.16
174.14
175.55
NA
174.43
NA
NA
NA
NA
176.36
NA
NA
NA
NA
NA
NA
NA
NA
176.53
NA
NA
174.63
NA
NA
NA
NA
176.63
174.52
173.92
174.02
174.92
NA
NA
NA
175.63
176.25
176.18
175.63
176.07
NA
NA
NA
NA
NA
174.86
173.03
174.9
173.37
NA
NA
NA
NA
NA
NA
NA
174.99
177.22
173.44
174.69
174.48
173.19
174.68
175.15
175.59
173.56
NA
NA
NA
NA
NA
NA
173.97
174.53
NA
NA
NA
NA
174.93
NA
172.33
176.1
174.76
NA
NA
NA
NA
NA
175.36
176.47
170.09
169.59
NA
176.15
172.66
NA
NA
NA
NA
NA
NA
NA
NA
NA
NA
NA
NA
NA
NA
NA
NA
NA
173.53
NA
NA
NA
NA
NA
173.84
170.21
173.24
172.67
174.54
175.71
174.43
NA
NA
NA
NA
NA
NA
175.64
178.04
178.93
173.96
171.06
172.96
173.26
173.89
175.93
174.33
NA
175.63
176.25
174.84
NA
NA
NA
NA
NA
174.0
173.79
173.13
174.1
174.35
174.21
173.63
173.34
175.63
174.82
174.33
176.66
NA
174.49
174.07
173.13
173.85
176.18
175.36
174.57
175.52
176.28
NA
NA
NA
175.9
173.56
NA
179.97
180.41
175.67
175.71
175.89
176.8
174.73
174.99
175.78
NA
172.4
174.2
174.08
174.13
175.71
173.14
NA
174.28
174.67
NA
NA
173.26
174.48
173.01
175.01
NA
172.51
173.01
175.21
175.51
173.81
174.31
173.01
NA
175.04
NA
NA
NA
175.2
NA
173.62
174.72
174.92
173.18
176.43
173.4
173.96
NA
175.29
173.97
173.43
176.69
172.3
175.05
174.51
174.72
174.94
175.01
175.0
175.77
175.44
174.35
176.95
174.0
174.79
173.26
174.02
177.49
175.02
173.51
NA
170.72
173.84
NA
NA
NA
NA
NA
175.06
177.48
170.42
173.43
173.21
174.91
NA
174.16
173.85
173.83
NA
NA
175.87
173.98
174.74
NA
174.46
174.73
173.71
173.62
173.71
173.24
178.87
176.36
173.96
NA
NA
175.2
175.1
173.31
172.51
NA
NA
NA
NA
NA
NA
175.2
NA
NA
NA
NA
NA
NA
NA
174.3
NA
NA
173.91
175.41
175.74
175.45
175.57
175.77
177.17
NA
175.68
175.64
NA
NA
176.82
176.52
172.52
175.16
174.17
173.59
175.9
NA
173.93
NA
NA
NA
NA
NA
NA
NA
NA
NA
NA
NA
NA
NA
NA
NA
NA
NA
NA
NA
NA
NA
NA
NA
NA
NA
NA
NA
NA
NA
NA
NA
NA
NA
NA
NA
NA
NA
NA
NA
NA
NA
NA
NA
NA
NA
173.49
176.69
175.64
172.3
174.41
174.82
172.27
175.07
NA
NA
NA
NA
NA
64.04
NA
173.71
178.93
177.41
176.28
NA
NA
175.48
NA
NA
NA
NA
178.14
173.9
NA
174.11
173.45
174.95
174.33
174.9
173.92
172.64
173.98
NA
174.39
172.05
176.74
176.7
176.61
NA
NA
NA
NA
NA
NA
NA
NA
NA
NA
NA
NA
175.66
175.76
174.74
175.43
NA
NA
NA
NA
NA
NA
NA
NA
NA
NA
174.84
177.14
175.55
174.72
173.37
173.19
NA
NA
175.84
175.88
175.58
176.51
174.37
174.28
175.47
175.84
175.37
176.45
174.44
NA
NA
NA
NA
NA
NA
175.92
177.6
175.59
174.39
175.93
174.04
NA
173.89
NA
173.87
175.43
NA
177.52
NA
177.46
NA
NA
NA
NA
NA
NA
NA
NA
NA
NA
174.96
173.33
174.06
174.67
174.45
176.79
NA
174.64
174.54
174.38
174.37
173.65
NA
NA
NA
NA
NA
NA
NA
NA
NA
NA
NA
NA
175.62
176.0
174.12
175.92
173.72
175.22
173.92
174.9
175.3
173.4
175.2
174.1
174.25
175.95
173.55
175.05
173.95