69.04
70.08
70.4
NA
67.61
68.88
70.77
71.1
68.78
71.33
71.29
69.98
NA
71.23
68.99
69.01
70.28
69.45
NA
69.78
68.83
68.21
NA
69.79
71.54
70.23
69.8
69.82
70.18
68.21
70.43
70.04
70.02
70.06
70.11
67.75
67.91
69.25
69.47
71.53
71.32
70.35
70.16
69.07
69.81
69.57
70.07
NA
71.92
70.68
69.91
70.0
69.74
NA
69.75
NA
69.76
69.22
NA
72.54
69.73
70.87
69.72
NA
70.24
70.14
70.43
69.63
NA
70.02
69.44
69.45
70.76
68.35
67.46
68.71
69.57
70.6
69.62
69.59
69.73
70.72
69.19
69.13
70.03
70.91
68.5
69.76
69.63
69.64
70.55
72.1
71.01
68.03
68.09
68.59
68.74
NA
67.99
72.58
66.52
66.02
70.16
63.82
68.09
71.23
68.95
70.14
69.6
67.82
73.29
69.21
NA
70.94
72.63
70.26
70.23
69.76
69.73
69.15
69.37
69.28
70.94
68.75
69.6
NA
69.1
69.82
71.94
71.49
68.73
68.86
69.64
70.62
68.2
70.25
69.15
69.35
71.64
69.5
70.32
73.05
70.26
73.05
69.89
69.7
67.64
69.66
67.26
68.88
69.21
68.66
68.8
69.82
69.79
69.38
NA
69.92
69.14
NA
71.11
73.28
69.93
69.35
69.46
69.93
69.74
69.9
69.41
73.11
73.2
69.01
72.54
69.84
68.78
69.89
69.64
70.27
70.84
72.14
69.76
69.45
72.44
69.13
71.56
71.95
69.06
69.59
69.5
69.6
69.55
NA
71.78
71.71
70.2
69.67
NA
69.5
69.55
70.81
69.03
70.48
70.97
69.84
72.46
71.34
69.88
69.67
69.63
73.19
70.22
70.04
70.4
69.72
70.05
69.72
73.33
69.68
71.04
70.71
68.81
70.46
NA
72.29
70.27
68.43
70.87
69.92
NA
70.14
67.91
NA
69.59
70.35
NA
71.16
69.13
70.39
71.75
69.15
69.97
69.93
69.52
69.77
68.75
69.51
NA
71.65
68.97
70.05
69.56
69.98
68.02
70.27
70.61
69.47
NA
69.99
69.84
69.6
68.32
61.98
69.49
NA
72.14
72.03
71.43
69.74
69.91
69.09
69.67
68.3
69.08
71.22
71.38
68.45
68.83
68.48
71.31
70.16
69.09
NA
NA
NA
NA
70.43
68.77
68.2
68.27
69.34
69.23
68.86
69.61
69.49
70.44
70.81
73.63
69.34
70.05
69.55
73.59
71.4
68.56
71.96
70.35
69.28
68.15
69.02
68.72
69.93
68.56
69.56
69.52
69.04
68.99
NA
71.13
69.74
71.85
69.69
69.62
68.85
69.68
NA
69.32
70.59
69.76
69.69
NA
69.72
68.72
69.81
69.81
69.8
NA
NA
71.19
69.99
69.01
69.07
69.13
69.09
69.32
69.18
69.55
70.71
67.82
NA
71.33
NA
68.33
70.03
69.13
69.56
69.87
69.57
69.21
68.55
69.28
71.15
70.45
70.02
68.43
68.51
72.19
70.87
70.93
70.07
69.94
69.92
68.65
NA
69.6
70.88
69.96
69.28
70.58
71.23
69.92
69.77
68.8
69.62
69.68
73.59
NA
NA
68.84
69.01
69.09
69.79
69.67
70.67
68.76
72.32
69.74
70.69
69.78
70.9
69.58
69.62
69.76
67.93
70.98
69.69
69.65
69.6
70.69
NA
71.94
69.79
70.44
70.62
70.57
71.0
69.76
70.88
NA
70.24
70.94
69.01
NA
69.65
NA
69.91
70.74
69.75
69.28
69.1
67.36
68.81
69.15
69.7
69.66
NA
69.34
68.61
69.38
NA
71.71
70.62
70.18
68.68
NA
68.82
69.5
69.38
70.41
69.57
69.64
69.49
73.46
74.36
71.43
71.99
72.99
NA
70.07
70.58
69.87
70.66
70.16
69.96
69.36
69.32
69.52
69.58
71.02
68.66
69.81
70.28
68.94
69.92
69.92
69.77
70.0
69.8
68.9
69.05
71.08
71.08
67.35
69.66
68.71
68.58
69.28
67.63
71.76
NA
68.66
69.38
68.47
71.87
69.88
NA
68.99
NA
NA
68.7
NA
68.63
NA
70.03
NA
69.19
69.93
69.5
69.59
69.79
70.14
69.88
69.19
69.23
69.71
69.51
71.44
72.06
70.56
69.92
NA
73.5
68.46
NA
68.43
69.81
69.12
70.61
69.26
70.34
73.54
68.38
69.39
69.14
68.56
68.89
NA
68.35
68.94
69.88
69.85
69.75
68.62
69.03
69.65
69.69
70.02
70.2
NA
73.43
68.45
72.35
68.55
NA
71.76
71.17
71.34
69.52
NA
68.62
69.54
NA
68.93
73.09
NA
NA
69.05
73.51
NA
69.48
69.45
69.66
68.89
72.99
NA
69.41
69.73
69.61
68.93
73.16
69.6
69.5
69.5
69.12
73.32
71.3
69.53
69.49
69.63
68.4
69.15
70.72
72.03
69.47
68.9
NA
69.46
70.56
68.26
72.36
69.36
69.66
70.07
69.75
69.28
70.01
NA
68.51
69.81
NA
NA
71.54
69.65
71.92
NA
70.02
NA
69.86
71.36
71.08
68.81
NA
69.91
71.67
70.42
67.81
NA
NA
NA
NA
NA
NA
71.13
70.11
70.72
69.76
NA
70.08
70.61
70.23
69.89
69.47
NA
70.74
69.63
69.37
NA
68.81
NA
NA
NA
72.25
68.91
68.48
69.64
69.3
68.69
70.02
NA
71.95
NA
NA
NA
NA
NA
72.05
68.38
NA
69.88
68.79
NA
NA
NA
NA
NA
69.78
68.52
69.32
70.05
69.65
70.06
NA
70.01
NA
69.32
73.42
69.42
71.32
NA
69.38
NA
73.37
NA
69.35
NA
NA
69.63
69.21
68.81
NA
69.04
NA
72.15
69.72
69.54
69.34
69.84
68.54
NA
69.99
69.62
73.88
70.24
68.77
69.67
71.56
NA
68.59
68.84
68.96
70.74
66.18
NA
70.66
70.13
70.02
69.76
69.12
71.57
71.8
68.8
68.78
69.39
68.42
69.38
70.11
69.63
69.33
68.93
NA
71.44
70.54
NA
NA
69.87
70.27
68.78
NA
69.49
69.29
69.02
71.74
70.78
NA
68.85
70.25
68.55
69.37
NA
69.45
NA
69.44
68.94
NA
69.44
68.74
71.18
68.88
69.2
NA
68.74
69.68
66.13
71.4
NA
NA
NA
NA
NA
NA
NA
NA
NA
NA
NA
NA
69.41
69.39
69.43
68.98
71.16
74.58
69.92
71.16
NA
NA
NA
NA
NA
NA
NA
NA
NA
NA
NA
NA
NA
NA
NA
NA
NA
NA
NA
NA
NA
NA
NA
NA
NA
68.12
NA
NA
70.07
68.63
NA
69.2
68.35
69.49
69.01
67.83
68.7
69.61
69.79
70.08
69.5
69.2
70.96
70.03
70.97
72.09
70.21
69.94
71.32
NA
NA
NA
NA
71.11
71.0
70.69
71.12
70.26
69.68
72.2
69.78
69.66
71.19
NA
69.15
NA
NA
70.05
68.91
69.38
72.06
69.38
69.77
70.04
71.39
67.75
72.12
70.28
69.6
69.83
70.36
69.38
68.98
71.58
69.08
69.18
68.68
69.79
69.59
71.17
69.09
NA
70.59
69.53
70.11
70.93
63.76
63.27
71.02
71.03
70.27
71.24
70.39
69.53
70.95
63.77
63.29
69.71
NA
NA
68.25
68.96
67.84
69.82
60.4
70.79
70.0
70.13
69.98
70.35
70.6
70.34
70.33
70.18
69.4
68.48
70.97
69.33
68.49
70.74
69.29
68.64
71.0
69.26
68.53
70.92
69.26
68.53
70.92
69.54
71.84
NA
72.12
69.88
70.38
70.89
72.82
70.11
68.37
71.56
70.25
69.48
70.0
72.21
71.33
68.88
NA
71.29
69.14
71.31
69.59
69.13
71.59
NA
69.44
NA
67.93
68.52
68.62
68.81
NA
NA
NA
NA
NA
NA
NA
NA
70.67
69.57
NA
NA
NA
NA
NA
74.26
68.64
68.67
68.95
69.36
71.63
69.27
69.29
69.82
71.76
68.98
70.28
69.23
68.45
NA
NA
72.11
71.35
74.31
68.58
NA
NA
68.45
70.52
NA
70.43
70.89
70.84
70.96
72.79
68.97
73.53
68.97
73.53
69.06
73.48
68.85
73.44
68.99
73.36
65.99
NA
NA
68.2
NA
70.0
NA
71.0
NA
NA
NA
NA
NA
NA
69.59
72.65
69.06
NA
NA
NA
NA
NA
NA
NA
NA
NA
74.14
68.37
68.68
69.02
69.33
71.78
NA
NA
68.63
70.48
NA
70.49
69.49
71.3
72.22
NA
71.09
73.01
69.51
67.98
69.94
NA
NA
70.58
69.18
69.22
69.36
68.44
68.17
68.32
67.75
69.46
69.9
70.44
NA
68.14
67.49
NA
NA
72.53
70.29
NA
71.47
68.67
68.97
69.37
67.77
68.87
71.47
72.74
69.81
72.74
69.85
NA
69.67
71.4
72.72
71.19
NA
NA
NA
NA
72.3
69.8
70.37
68.34
70.03
71.12
68.52
71.62
73.12
68.8
68.38
71.12
NA
71.39
68.95
71.11
71.54
73.57
NA
NA
NA
76.32
68.48
NA
NA
NA
NA
NA
NA
NA
NA
NA
NA
NA
NA
NA
NA
NA
NA
NA
NA
68.93
68.43
70.73
71.63
71.03
67.83
71.02
71.02
68.82
70.12
NA
NA
69.72
69.72
68.53
71.6
71.1
70.2
69.9
68.8
NA
NA
NA
NA
70.92
69.17
70.37
NA
71.6
NA
71.33
69.06
70.43
68.61
69.71
70.21
70.86
70.18
73.08
68.88
69.08
NA
NA
NA
NA
NA
66.58
67.07
72.27
71.67
69.17
72.07
NA
67.55
67.55
69.45
69.35
71.25
71.05
69.34
70.79
69.69
70.29
68.99
69.56
69.41
71.51
70.97
69.97
69.57
71.87
NA
67.37
68.7
69.9
70.7
68.35
72.95
71.15
NA
NA
69.5
69.5
70.1
69.3
72.11
69.31
69.81
72.91
69.23
71.63
67.93
70.13
71.13
68.53
72.43
70.43
69.54
70.44
69.54
70.34
70.54
69.64
66.64
68.24
68.64
67.84
71.5
68.37
NA
70.77
69.1
70.61
69.76
69.48
69.66
72.4
NA
68.83
70.27
70.36
NA
71.68
68.33
69.8
70.66
70.21
71.44
70.53
70.8
69.88
69.67
69.6
69.55
71.38
70.84
71.04
NA
NA
NA
68.97
69.02
69.02
69.02
69.02
71.2
70.7
68.92
68.42
68.92
70.43
72.23
NA
69.13
72.68
70.18
70.08
70.52
NA
NA
NA
NA
NA
NA
NA
NA
NA
NA
69.51
69.51
69.71
70.11
69.31
69.61
69.51
66.38
70.88
NA
70.04
68.55
68.34
70.8
69.71
73.01
72.81
68.81
69.34
69.45
69.15
73.15
71.32
69.87
69.2
70.64
69.24
69.67
70.04
70.24
72.94
NA
NA
68.89
67.44
69.24
68.3
68.98
67.46
69.58
68.59
68.47
69.92
71.97
69.79
67.88
68.78
67.9
68.8
69.09
71.12
69.56
71.68
71.2
NA
69.23
70.63
69.57
69.81
69.58
NA
NA
NA
69.42
NA
NA
NA
NA
NA
69.2
72.31
70.01
NA
69.11
68.83
70.65
69.91
NA
NA
68.53
69.33
NA
69.44
69.45
NA
72.54
69.42
NA
72.51
71.54
69.34
68.57
70.07
71.87
70.06
72.07
NA
NA
NA
NA
NA
68.26
69.45
68.98
70.81
NA
69.33
70.84
69.71
NA
69.6
NA
69.62
69.89
68.89
69.75
68.75
69.69
67.94
NA
NA
NA
NA
71.96
70.06
69.23
NA
NA
69.65
68.85
71.52
68.22
69.92
68.92
69.72
68.46
69.46
70.47
66.47
71.97
71.07
71.32
NA
NA
NA
69.75
72.29
70.11
69.34
69.1
73.58
70.56
NA
NA
NA
NA
68.4
70.62
68.42
NA
NA
68.5
NA
69.16
69.75
68.9
69.07
71.12
NA
72.71
71.48
70.95
70.19
70.03
72.18
70.72
69.97
69.62
69.51
70.37
66.38
71.59
68.27
70.33
69.47
68.71
72.41
69.21
70.01
72.26
70.74
71.25
71.69
NA
NA
NA
NA
NA
70.65
NA
NA
69.94
69.7
71.46
72.15
70.42
70.32
68.08
69.28
NA
68.98
69.76
70.01
66.54
64.8
66.2
72.14
69.78
69.98
70.22
67.92
70.02
71.25
69.66
69.68
70.99
72.33
72.03
69.51
69.91
68.1
72.41
68.76
70.89
67.86
69.24
69.1
68.74
70.44
69.7
NA
71.81
68.5
67.8
72.42
68.85
72.05
68.33
69.16
71.26
71.84
69.81
69.96
70.33
68.76
64.8
71.03
70.85
71.05
72.35
70.75
71.0
69.0
70.76
NA
70.85
68.95
71.24
68.44
69.84
69.84
71.14
71.14
70.53
69.16
68.57
70.88
71.4
70.62
69.42
69.91
70.86
69.54
69.37
68.68
70.09
71.93
70.54
71.05
NA
72.01
70.24
NA
69.61
69.11
69.52
68.25
70.3
69.27
69.66
69.96
70.33
68.76
64.8
71.03
69.0
70.22
70.92
72.12
68.54
72.02
69.36
NA
NA
70.5
69.0
71.2
73.1
70.3
69.1
71.1
NA
NA
68.25
70.29
72.22
71.57
70.46
68.43
70.46
71.19
69.32
69.74
71.37
67.26
68.94
68.46
67.47
67.51
70.43
72.41
70.81
69.74
NA
67.56
NA
70.94
69.84
NA
NA
71.95
71.75
70.25
66.15
NA
71.65
71.58
70.07
66.08
70.95
69.95
71.13
70.2
70.58
71.47
70.0
72.95
70.44
70.84
69.04
68.64
NA
NA
68.39
70.17
70.97
69.71
69.84
72.03
64.8
70.5
NA
71.43
72.25
69.89
67.48
69.55
69.55
69.55
70.09
69.57
69.85
71.51
70.86
72.58
NA
68.98
67.91
NA
NA
68.95
67.95
68.78
69.04
69.02
NA
69.16
70.04
70.9
69.92
70.75
70.62
69.54
69.18
74.38
NA
NA
69.93
69.44
NA
70.29
69.6
69.81
70.15
68.42
69.1
69.39
68.78
68.89
70.06
NA
68.82
70.18
NA
68.85
NA
69.6
68.9
70.0
72.1
70.53
70.53
70.53
70.63
69.94
70.64
67.09
71.29
69.79
69.49
NA
71.11
70.11
NA
NA
69.78
68.73
69.53
71.33
70.63
69.43
68.98
72.88
NA
NA
NA
NA
NA
NA
68.3
72.86
NA
69.72
NA
NA
68.22
70.43
69.77
69.77
70.6
68.8
67.86
69.06
62.8
70.39
69.58
71.5
69.83
69.16
70.68
71.23
69.33
69.06
70.0
67.72
70.7
70.06
NA
NA
NA
NA
NA
70.24
70.56
68.8
70.59
70.7
70.86
66.54
69.94
69.55
70.43
70.95
71.26
69.63
71.63
70.68
NA
70.89
71.46
72.48
69.33
71.26
70.16
69.26
72.56
69.8
69.21
71.39
69.21
68.98
NA
NA
69.82
68.11
70.72
68.76
69.58
70.42
69.66
68.86
70.26
NA
69.55
70.49
70.26
68.23
NA
NA
68.62
NA
NA
NA
69.78
71.39
70.07
70.26
NA
70.23
69.73
69.87
68.22
61.42
70.21
69.41
71.91
69.21
73.61
70.61
72.29
69.99
69.39
69.19
73.59
70.59
68.76
68.58
69.96
70.36
68.53
NA
6.66
70.8
68.8
NA
69.65
71.06
70.86
70.86
73.06
69.46
NA
69.52
NA
71.24
69.85
70.59
68.39
69.89
70.4
70.13
69.05
71.25
68.75
69.75
69.65
69.35
69.95
69.65
69.65
69.65
69.65
69.65
69.65
69.87
70.77
69.21
69.62
NA
70.64
68.36
69.17
69.66
70.06
NA
NA
68.96
70.0
69.7
72.04
69.83
71.44
68.74
70.72
NA
NA
NA
69.53
70.01
69.3
69.7
71.92
71.05
69.15
69.7
69.7
69.15
70.24
69.9
72.74
69.58
68.58
71.38
NA
68.68
70.68
69.88
NA
NA
70.36
61.48
69.46
NA
73.09
72.86
67.96
69.37
70.93
NA
NA
NA
NA
69.42
71.94
68.94
69.17
70.07
71.02
71.49
68.77
70.62
67.73
64.2
70.06
69.46
70.51
NA
70.53
NA
72.36
NA
NA
69.0
69.0
69.51
70.39
69.82
70.8
70.09
NA
71.49
68.49
68.69
70.09
69.39
68.65
70.58
69.0
68.09
72.18
72.92
71.94
69.36
70.9
72.17
69.93
68.72
69.54
70.14
69.24
71.43
69.43
69.03
69.53
70.29
71.83
NA
70.52
73.56
NA
NA
NA
NA
NA
68.18
70.89
68.65
NA
69.12
69.52
NA
69.82
69.26
69.0
NA
71.43
71.61
72.57
NA
72.11
67.72
NA
68.24
NA
68.87
68.95
70.85
71.25
68.86
68.07
70.31
68.99
71.5
68.59
70.93
NA
NA
NA
NA
NA
NA
69.8
69.7
69.7
69.9
NA
62.74
68.83
69.16
71.37
70.15
69.72
70.77
72.33
69.45
70.6
NA
70.73
72.64
71.17
71.34
69.82
69.9
69.31
70.25
70.49
69.16
70.99
69.91
71.99
67.48
67.55
67.75
71.04
70.93
70.14
70.94
69.88
69.98
NA
69.99
70.15
69.52
69.6
71.71
70.4
NA
70.66
71.14
68.99
72.75
68.55
71.19
70.08
69.56
70.86
71.46
72.86
69.94
NA
69.37
68.69
69.43
70.21
69.85
71.48
70.63
68.63
70.53
70.05
69.85
70.05
68.75
71.15
68.35
70.28
69.17
NA
69.21
72.16
NA
NA
70.26
72.01
70.45
69.81
68.85
70.87
68.61
68.05
NA
NA
NA
NA
70.32
69.94
69.01
67.13
72.0
69.88
68.78
69.88
70.18
69.88
NA
NA
68.44
69.13
NA
69.09
69.88
71.47
69.62
70.93
69.78
69.76
68.74
68.21
72.12
72.14
69.77
70.4
65.29
62.38
70.06
71.43
70.66
72.86
NA
NA
72.59
69.29
69.69
NA
NA
70.66
71.36
69.56
70.66
NA
68.76
69.75
68.95
NA
71.95
71.22
NA
NA
NA
NA
69.94
70.15
69.59
70.06
69.45
68.82
68.57
70.2
NA
72.42
NA
NA
68.31
70.41
NA
NA
71.92
69.69
70.44
69.61
71.71
69.54
68.48
NA
NA
NA
NA
NA
NA
NA
NA
NA
NA
NA
69.73
68.33
NA
NA
NA
NA
69.54
70.73
69.83
70.69
72.7
69.57
70.17
71.18
70.17
68.15
69.85
NA
71.43
68.93
71.33
NA
71.84
69.44
69.44
69.54
69.8
69.89
69.72
70.16
NA
NA
NA
NA
NA
NA
67.27
69.68
NA
68.51
NA
69.72
69.44
69.67
NA
68.81
71.19
72.17
68.99
72.32
70.38
69.91
NA
70.86
69.02
68.75
68.27
69.24
68.02
70.06
69.55
71.59
73.63
69.99
NA
69.72
NA
67.86
67.37
70.67
NA
69.07
69.57
69.22
70.02
63.84
69.01
70.68
71.41
70.31
NA
69.46
69.16
72.66
69.76
71.06
70.53
71.06
69.04
71.34
71.95
70.94
69.41
69.45
69.75
71.65
71.55
69.74
69.5
NA
NA
69.39
68.96
69.09
69.88
71.47
69.62
70.93
NA
71.67
71.47
73.64
68.73
70.76
69.85
72.05
69.49
NA
69.51
69.35
69.05
NA
68.98
67.75
69.75
71.78
67.72
NA
69.13
69.28
71.24
70.28
73.88
68.38
NA
69.88
69.38
71.82
69.98
70.38
69.77
70.37
69.12
70.45
69.25
NA
70.61
NA
69.68
70.81
70.42
69.59
69.71
71.25
67.96
69.42
69.57
68.17
NA
68.58
69.77
NA
NA
68.89
NA
69.93
69.98
71.17
69.37
NA
NA
69.46
69.52
69.39
69.78
70.05
69.83
69.8
68.26
69.36
69.12
71.52
69.22
69.34
71.34
70.16
71.0
69.05
70.76
67.64
69.54
67.44
67.76
69.95
NA
68.49
70.42
70.88
68.69
NA
70.88
73.16
69.92
68.68
68.57
NA
73.4
NA
NA
69.0
69.35
70.13
70.98
70.01
69.61
69.69
67.38
70.1
68.53
NA
80.0
70.89
67.98
70.34
69.92
72.37
70.24
70.67
69.57
68.52
69.57
69.49
69.62
71.47
70.42
70.19
70.46
70.3
68.18
69.01
69.68
69.94
68.35
68.34
68.95
71.15
72.15
68.75
73.95
69.75
68.85
68.55
68.45
68.04
NA
69.35
69.72
69.96
68.18
70.89
NA
71.3
70.16
70.0
71.22
72.71
71.59
NA
NA
NA
NA
NA
70.73
67.69
72.06
NA
NA
NA
NA
NA
68.58
70.26
68.36
61.46
NA
NA
NA
68.53
72.05
NA
NA
NA
70.8
69.67
71.16
72.76
69.76
69.35
69.85
69.25
70.2
71.51
69.32
71.48
70.22
69.13
NA
NA
69.57
NA
70.48
69.09
69.76
68.5
71.2
68.27
69.3
69.02
NA
NA
NA
NA
NA
68.82
70.14
69.65
69.74
68.71
70.42
70.12
70.12
67.98
71.45
70.37
69.41
68.76
70.19
69.69
72.78
68.41
70.72
70.02
71.05
69.49
71.89
70.05
69.24
NA
70.9
70.01
69.83
NA
69.76
69.19
68.49
68.39
68.89
69.19
NA
69.38
71.19
72.63
69.32
69.72
71.82
69.32
NA
68.62
71.06
NA
73.51
NA
NA
69.67
70.06
NA
68.59
71.22
NA
73.42
NA
NA
69.96
68.97
67.82
69.61
70.21
69.31
69.41
63.61
70.91
70.08
72.35
67.85
68.65
68.75
68.87
67.07
69.35
69.25
70.13
71.09
70.3
NA
68.93
NA
NA
NA
68.73
70.15
NA
69.16
69.36
NA
NA
68.68
NA
71.57
70.85
69.64
72.74
70.04
70.24
69.55
70.05
69.63
69.2
NA
70.4
71.6
71.0
70.7
70.5
68.68
69.78
68.88
NA
NA
NA
67.29
69.02
69.95
69.92
69.92
NA
68.72
69.92
70.42
70.12
68.91
NA
72.71
74.11
NA
NA
67.65
68.24
70.41
NA
69.81
NA
69.39
NA
70.19
NA
71.19
72.39
70.21
69.51
70.02
72.25
69.35
NA
67.86
72.83
NA
NA
NA
NA
70.21
NA
NA
72.35
69.78
69.6
68.4
68.87
68.64
NA
NA
69.37
70.46
70.57
68.77
NA
69.37
68.97
NA
68.04
68.64
69.87
69.13
71.86
72.73
72.64
69.14
69.46
69.96
71.76
71.06
68.86
69.56
71.06
72.46
73.16
69.56
70.98
70.45
71.99
69.65
NA
NA
NA
NA
69.54
68.33
NA
70.64
68.07
70.5
70.61
NA
69.95
67.76
70.94
73.22
68.48
NA
NA
71.35
69.47
NA
70.86
71.06
70.79
71.1
68.82
71.14
70.34
70.99
69.99
70.99
70.99
69.69
71.72
69.9
NA
NA
72.03
73.33
69.42
71.78
68.55
68.28
69.5
69.75
69.81
68.21
71.81
69.71
69.91
68.51
70.39
NA
73.22
69.66
NA
70.92
68.58
69.87
69.67
70.58
69.99
NA
69.68
71.38
71.09
69.13
69.3
69.59
71.86
68.49
70.28
70.72
71.64
71.66
NA
68.9
72.8
69.2
73.5
70.5
70.16
69.76
69.46
69.46
71.57
68.46
70.06
70.16
69.96
70.16
69.77
70.16
69.89
69.58
NA
70.72
68.61
70.06
69.92
69.98
70.05
70.05
71.02
69.91
69.86
68.2
NA
68.04
NA
NA
69.74
68.88
69.06
68.2
69.63
69.5
70.5
69.8
69.12
71.57
69.69
71.34
69.82
70.61
69.13
NA
68.85
NA
69.66
70.13
69.72
69.64
68.49
71.18
72.91
71.28
69.83
70.52
60.74
69.81
69.81
70.28
68.68
68.87
67.2
68.64
68.87
NA
67.43
68.9
68.01
70.65
69.49
67.23
NA
70.0
69.5
70.7
NA
71.76
NA
70.04
NA
NA
70.14
NA
68.74
68.34
68.92
71.65
71.6
67.33
71.23
69.63
69.32
69.44
68.51
68.39
70.57
74.72
72.6
68.27
NA
70.1
71.4
67.63
69.28
70.79
71.13
69.89
69.15
NA
69.18
63.64
69.6
70.08
68.88
69.31
68.64
68.35
72.04
NA
69.57
NA
NA
70.98
NA
69.93
69.83
72.93
NA
70.11
69.61
70.11
67.81
70.01
69.52
70.5
68.98
NA
69.44
69.18
72.11
70.11
70.31
69.31
69.85
69.88
69.57
68.54
NA
71.28
70.68
66.53
69.12
69.82
68.24
NA
70.34
72.64
68.74
69.12
69.62
69.52
70.02
73.95
69.88
69.78
70.09
72.29
67.99
68.89
69.79
69.84
70.64
71.74
69.84
69.14
71.59
71.82
70.35
69.14
69.15
72.05
71.96
73.0
70.5
69.68
NA
71.77
69.11
69.01
69.41
69.31
72.01
70.1
70.6
70.0
69.6
69.8
69.5
69.8
66.95
72.31
70.77
69.28
68.5
71.47
69.23
71.34
70.89
71.11
71.06
68.64
NA
70.16
69.94
71.73
70.22
71.2
69.8
NA
NA
NA
70.41
66.81
71.12
71.84
68.56
70.31
NA
70.46
68.15
70.57
70.83
70.2
73.39
70.01
NA
69.97
70.01
NA
69.02
NA
68.17
69.07
69.91
68.55
70.46
NA
NA
70.13
70.13
NA
72.09
70.71
NA
68.35
71.65
69.22
NA
68.5
69.3
NA
69.23
69.98
69.83
NA
NA
69.71
69.09
69.48
72.79
70.49
69.22
NA
70.65
69.13
71.19
72.25
67.6
70.65
68.67
72.72
72.12
72.12
69.73
NA
NA
70.65
68.46
68.66
69.04
70.94
72.54
69.7
71.18
69.32
70.72
70.46
70.13
69.88
69.31
70.42
69.88
70.18
72.78
69.48
72.02
70.72
68.62
NA
NA
NA
70.84
68.54
68.76
71.48
68.06
70.79
72.85
NA
72.05
68.75
70.05
70.15
70.95
71.41
70.44
70.88
70.72
70.07
70.09
69.08
69.46
70.22
73.02
70.16
70.3
72.9
NA
67.67
70.75
71.65
69.64
71.5
72.45
NA
68.62
70.07
70.8
71.06
70.16
NA
NA
NA
69.69
69.56
70.11
70.65
67.11
68.56
69.4
70.65
69.85
69.53
69.53
71.23
71.2
69.77
71.28
70.24
70.43
NA
72.45
68.68
70.56
71.15
NA
NA
68.82
70.36
70.79
69.57
72.75
67.77
67.97
69.97
68.67
69.57
69.5
69.16
70.07
67.53
68.53
69.83
71.78
NA
69.41
69.58
69.68
68.42
69.6
69.66
67.8
70.37
69.76
69.67
69.65
NA
NA
69.14
NA
69.94
NA
69.83
71.63
70.83
NA
NA
69.55
72.59
69.01
70.9
63.8
67.8
67.6
69.52
72.78
70.04
69.04
72.47
70.57
71.9
68.97
69.51
69.91
71.04
70.38
69.67
70.31
70.08
67.4
71.8
NA
NA
69.29
69.69
69.69
NA
72.12
68.87
68.87
NA
70.01
NA
69.61
71.87
NA
69.32
69.8
69.44
69.03
69.34
69.61
70.31
70.41
69.52
71.62
67.62
68.32
69.22
69.66
69.19
68.73
68.83
NA
67.75
68.15
69.12
NA
69.63
71.36
71.08
70.13
69.15
71.7
69.13
72.19
70.5
72.73
69.76
69.62
70.3
72.41
70.41
71.15
73.15
67.97
70.92
68.9
69.67
69.34
69.97
69.24
71.17
69.2
67.17
69.85
69.58
NA
NA
NA
69.4
69.45
69.39
69.45
69.24
70.11
70.03
70.82
NA
70.63
68.48
68.11
71.77
73.8
71.18
67.08
68.33
69.84
NA
69.56
69.63
70.25
69.31
69.75
NA
70.95
70.81
67.55
69.91
69.39
68.83
70.01
69.7
72.7
70.71
NA
NA
68.84
69.58
NA
69.68
68.71
69.28
70.57
70.85
71.63
NA
NA
70.48
68.84
69.78
NA
69.72
69.77
NA
69.65
69.73
68.92
71.82
68.47
69.9
70.2
70.96
69.38
71.35
69.0
69.37
69.75
68.87
71.47
68.59
74.45
69.32
69.9
68.57
69.93
71.63
67.69
68.28
69.19
69.43
69.3
69.33
70.9
69.32
70.91
68.88
68.88
NA
68.54
75.54
70.91
69.17
69.41
69.34
71.86
69.17
73.61
70.58
69.0
70.86
69.24
69.44
68.01
NA
70.95
69.3
68.69
67.96
69.56
68.86
70.86
NA
69.74
70.97
71.14
68.94
69.85
68.9
71.95
70.13
NA
67.83
NA
70.05
70.08
NA
69.34
68.77
68.94
69.16
70.09
73.31
69.84
69.4
69.16
73.85
67.88
69.25
71.7
72.49
70.7
71.95
69.01
69.54
69.94
69.82
69.43
69.71
69.68
69.5
68.77
69.51
68.82
69.05
69.8
NA
69.25
69.25
68.05
NA
NA
NA
NA
68.56
71.19
71.02
69.81
71.51
70.42
69.88
69.01
69.27
71.21
70.33
69.87
69.88
69.73
69.91
69.9
69.76
69.93
69.83
69.74
69.73
69.91
69.6
69.8
69.77
69.66
69.78
69.76
69.18
71.18
69.98
NA
68.11
71.39
70.17
70.13
70.42
69.07
69.12
70.77
70.92
NA
NA
70.79
67.99
70.99
69.59
72.68
69.38
68.67
69.23
70.03
70.13
69.83
71.48
NA
70.45
NA
71.14
68.94
NA
69.37
69.4
69.55
67.95
70.43
69.68
69.61
69.91
69.44
69.45
69.36
69.83
69.01
71.07
71.84
69.53
71.19
70.46
69.64
72.72
70.15
67.92
71.0
70.93
71.2
71.4
69.01
NA
70.46
70.46
68.92
68.47
NA
72.74
69.65
68.78
68.64
68.55
68.69
68.65
71.79
69.36
68.75
70.87
70.77
69.75
72.3
69.8
69.83
70.28
69.51
71.0
NA
70.06
68.8
69.44
69.84
67.84
69.64
69.44
70.44
69.64
NA
NA
NA
70.24
69.76
68.83
NA
NA
NA
70.34
69.44
69.74
70.54
70.64
69.64
70.82
69.73
68.91
69.69
69.73
69.61
69.54
68.05
69.1
69.58
70.11
69.7
70.2
69.64
69.98
72.44
71.1
69.28
68.61
69.61
69.95
68.11
72.22
71.7
68.54
69.83
70.89
70.64
69.78
NA
NA
NA
70.69
NA
69.88
72.97
68.01
67.54
68.02
69.12
69.36
72.25
67.24
69.35
69.74
69.83
70.78
70.11
69.35
NA
69.57
69.64
69.67
69.67
69.34
70.12
70.31
68.24
68.95
67.82
69.8
70.87
69.27
72.57
70.84
NA
NA
NA
NA
69.2
69.52
NA
NA
70.29
69.88
70.12
70.83
70.52
NA
71.49
69.98
70.67
68.81
71.21
68.97
73.09
71.74
68.69
70.33
NA
73.72
73.67
68.72
NA
72.0
72.6
72.58
70.41
68.46
69.11
68.52
70.33
73.09
NA
44.69
NA
71.29
68.89
71.89
69.29
72.29
68.49
NA
71.88
69.7
68.92
71.96
69.87
70.0
70.05
69.02
69.16
69.74
70.24
NA
NA
NA
NA
NA
69.87
69.87
69.92
69.84
69.94
69.97
70.02
69.03
69.14
69.76
NA
NA
NA
NA
NA
NA
NA
NA
70.95
69.3
69.3
69.4
72.82
69.37
71.36
69.84
NA
73.83
69.73
NA
70.77
70.67
69.81
NA
NA
68.84
69.69
68.62
69.41
73.38
71.41
69.76
70.71
70.95
69.77
71.61
68.76
71.56
71.55
69.88
68.5
73.02
69.61
69.73
71.48
69.98
70.98
69.69
70.59
69.15
69.34
71.55
71.53
69.79
69.14
NA
69.14
69.84
NA
69.05
72.06
65.95
69.38
69.63
NA
NA
NA
NA
NA
69.26
70.78
69.12
70.74
72.94
NA
NA
69.65
69.75
67.75
NA
68.95
69.73
69.64
71.4
NA
66.93
70.58
68.34
68.42
69.72
69.22
70.15
74.48
72.99
70.35
68.67
69.84
70.11
74.48
72.96
70.37
68.62
69.81
70.98
71.51
71.36
71.85
73.21
70.48
70.22
69.2
68.65
69.75
68.93
NA
NA
NA
68.7
70.28
69.19
71.56
69.19
69.24
70.24
69.15
71.51
69.15
69.19
68.18
68.53
69.36
69.43
67.53
70.82
69.42
NA
73.34
69.77
70.04
68.76
68.47
70.01
68.64
70.0
69.26
69.77
68.75
72.16
NA
NA
69.79
69.99
71.08
70.04
70.97
71.56
71.0
70.97
70.12
70.91
71.29
70.16
71.13
70.28
NA
NA
NA
NA
NA