65.69
68.51
67.75
65.97
NA
65.29
67.25
66.6
66.9
64.53
65.77
67.3
61.76
65.72
64.26
64.91
66.17
66.21
63.69
62.12
68.48
62.06
60.01
67.37
67.34
62.61
62.83
65.25
63.24
66.85
65.08
63.46
64.88
62.76
66.85
66.69
66.15
66.41
66.14
66.74
63.91
65.73
66.7
67.76
66.56
66.73
66.67
62.26
64.34
64.55
63.47
64.23
66.84
61.52
59.51
65.44
65.69
68.7
66.97
65.5
67.31
65.89
67.04
65.32
64.97
61.6
63.32
69.43
64.74
61.94
65.44
64.64
66.42
64.9
66.37
66.6
66.93
65.58
67.95
65.83
66.82
68.3
66.12
60.68
67.5
66.63
66.68
63.88
67.4
62.05
62.46
65.25
65.91
66.98
67.26
67.98
NA
67.99
67.46
66.34
66.31
66.26
66.36
64.04
65.92
63.5
61.72
NA
65.72
67.23
65.01
66.94
67.22
66.72
66.38
68.35
64.84
66.21
66.1
66.94
65.27
60.33
66.74
59.01
66.56
66.48
67.29
66.75
67.1
65.08
65.7
67.4
66.75
67.08
66.49
66.87
63.14
66.82
62.32
63.25
66.48
62.95
66.48
66.45
67.05
61.81
66.29
66.39
66.25
66.69
66.89
66.85
67.2
66.03
62.31
66.18
63.06
66.47
67.69
67.65
61.66
68.04
66.5
66.38
66.47
63.07
62.35
65.09
63.63
65.4
65.45
67.01
65.83
65.91
67.64
66.91
66.6
60.86
66.01
66.82
66.81
67.02
66.52
66.97
66.3
68.52
67.0
66.55
69.46
68.0
NA
NA
NA
62.61
64.96
67.16
67.68
68.11
63.08
NA
NA
NA
67.42
60.9
NA
NA
67.85
NA
67.48
67.76
67.75
66.09
62.23
65.85
68.15
66.0
63.95
NA
NA
66.46
66.57
65.1
64.62
65.57
64.47
67.32
66.52
NA
65.0
61.71
62.11
NA
66.55
NA
66.81
66.93
67.79
66.7
67.69
67.39
62.43
65.22
NA
NA
66.54
65.15
66.89
67.4
66.71
64.96
64.59
67.86
64.59
64.77
NA
NA
NA
62.21
NA
NA
NA
NA
67.3
64.29
66.31
67.04
66.66
66.66
65.88
68.47
65.62
66.92
64.7
67.1
61.91
67.04
66.5
66.4
63.3
67.0
NA
NA
NA
66.26
66.96
64.62
68.47
66.31
69.08
66.09
66.58
67.13
61.47
66.65
65.88
63.44
65.67
65.07
64.61
65.7
65.62
NA
NA
NA
NA
NA
NA
67.55
60.59
68.3
65.92
65.04
66.54
66.55
67.09
64.2
62.08
65.09
67.79
66.22
67.98
66.88
65.78
62.68
67.78
66.88
65.68
62.68
67.79
66.89
65.99
62.89
67.72
66.92
66.02
63.12
67.76
66.86
66.16
62.76
67.51
67.13
67.32
62.62
66.94
62.4
67.52
67.3
68.7
66.6
66.86
66.28
64.87
66.04
65.02
66.52
69.13
66.28
67.64
65.25
66.3
67.0
66.6
66.6
66.6
NA
NA
66.16
67.33
66.78
66.42
67.05
67.66
67.94
66.48
NA
66.58
66.86
70.01
63.3
66.55
66.89
68.29
65.39
66.23
65.64
67.68
66.37
66.46
67.2
66.82
66.58
68.26
66.18
64.6
66.34
67.34
67.76
65.79
65.7
65.71
65.65
65.65
67.77
60.28
63.65
68.64
64.11
67.07
60.3
64.24
59.14
64.09
67.18
66.98
66.98
66.13
67.77
65.8
67.09
63.59
63.2
62.83
62.75
63.04
62.7
62.78
62.86
62.78
62.86
65.8
63.99
65.72
65.8
65.0
66.07
67.03
65.94
63.48
NA
64.98
67.51
66.88
69.2
66.84
NA
NA
NA
65.71
68.11
66.94
64.79
66.24
66.94
66.54
66.34
66.94
61.54
62.24
66.81
67.54
66.23
65.77
66.39
69.18
66.53
68.1
67.68
NA
69.11
66.45
67.8
67.66
NA
69.07
66.22
68.08
67.65
NA
67.51
67.09
63.15
63.01
62.65
63.03
63.03
62.74
62.64
68.69
65.13
68.06
60.16
67.02
60.16
67.02
60.18
67.22
60.11
67.12
60.31
66.96
NA
NA
NA
NA
NA
63.89
67.67
NA
NA
NA
NA
NA
NA
60.87
NA
62.09
NA
NA
NA
NA
NA
NA
NA
NA
66.78
65.53
66.49
64.87
66.98
NA
66.76
66.54
65.48
66.25
64.56
66.75
NA
NA
62.78
62.35
62.3
62.45
62.42
62.38
62.44
62.39
62.45
62.79
66.19
68.35
66.29
68.31
67.93
67.3
67.0
65.7
67.51
67.38
66.5
66.51
65.48
NA
NA
NA
NA
NA
NA
61.17
NA
62.31
62.71
62.51
66.59
64.32
66.74
62.01
67.47
65.27
68.79
61.42
66.42
68.22
66.92
65.42
67.82
66.81
65.93
64.93
67.17
66.94
66.55
NA
66.01
65.68
NA
67.37
63.07
67.72
63.22
66.03
NA
NA
NA
NA
63.73
67.14
65.59
65.04
67.0
68.3
66.3
66.96
65.16
67.46
68.66
65.28
67.58
67.58
65.9
66.7
66.51
66.21
66.31
62.69
70.29
66.45
NA
NA
NA
NA
59.3
59.1
66.45
66.91
65.91
66.68
65.63
67.13
67.23
67.43
67.03
65.14
65.25
67.85
66.55
66.44
65.89
64.65
65.43
67.51
66.54
61.4
66.38
59.55
67.23
68.22
67.89
65.26
66.96
68.0
67.45
66.63
65.39
67.37
65.68
64.28
66.92
66.58
62.53
66.84
60.57
69.02
67.97
69.02
69.02
67.97
69.02
59.9
67.2
65.73
66.93
65.93
64.93
61.32
65.82
61.59
64.09
66.91
65.31
65.71
63.01
63.94
68.04
65.7
66.33
65.17
67.67
63.04
NA
66.45
68.43
66.66
68.34
66.51
67.43
68.83
67.13
62.99
61.95
67.65
63.51
67.44
62.88
63.08
66.21
67.04
66.84
66.93
64.65
66.9
64.62
66.04
66.47
67.52
68.65
65.36
64.39
64.3
64.41
64.02
66.86
68.01
66.92
66.15
61.65
61.85
61.95
66.61
66.92
66.61
67.07
64.77
62.57
65.65
65.85
67.45
68.05
67.41
64.75
62.38
67.16
66.62
67.24
65.41
66.52
67.55
65.99
67.79
63.09
65.67
64.57
65.12
65.0
69.07
68.03
63.48
65.42
66.38
65.8
66.62
66.62
66.65
61.55
65.15
66.95
65.02
67.92
67.72
66.42
65.87
66.47
68.07
65.87
66.07
67.47
67.27
67.67
65.77
67.27
64.8
63.01
68.1
NA
68.1
66.51
66.17
62.55
63.74
67.05
67.38
67.02
67.22
67.22
64.82
65.06
68.09
66.91
64.85
68.98
64.68
63.68
63.68
63.78
63.68
67.08
67.18
66.23
67.11
64.02
66.09
65.7
66.07
65.09
65.36
66.91
67.71
66.88
63.78
68.25
67.41
NA
66.39
62.39
66.89
66.79
65.89
67.29
67.04
67.0
68.75
65.35
64.15
63.95
64.15
63.85
66.85
66.95
64.21
66.79
NA
66.48
60.88
65.88
67.67
62.4
NA
68.94
65.34
63.64
63.94
63.74
63.64
66.94
67.14
61.15
61.92
67.35
68.4
68.13
66.69
66.99
68.11
62.51
65.11
66.85
66.9
65.9
66.24
63.04
65.24
66.14
68.76
67.35
66.2
NA
67.07
65.66
68.78
68.55
65.05
63.95
63.85
63.95
63.55
60.35
67.05
67.05
67.26
68.0
63.73
62.73
62.81
63.25
63.57
62.48
60.89
66.2
62.42
67.42
68.92
65.42
63.62
64.22
63.72
63.62
67.02
67.22
68.56
65.65
64.68
64.28
64.51
63.93
66.49
66.81
66.42
NA
67.86
66.83
65.66
66.27
66.76
67.07
64.27
65.52
67.52
68.62
70.12
66.74
66.14
65.74
63.14
66.09
59.99
66.57
61.47
63.17
66.3
68.63
65.03
64.63
63.43
63.73
63.43
66.93
67.23
66.7
66.06
66.3
67.14
67.44
65.86
65.48
66.53
60.61
60.75
66.24
66.34
64.27
66.48
NA
NA
65.95
NA
NA
67.67
67.24
65.24
67.17
66.94
66.55
67.47
66.3
65.91
63.8
67.58
67.08
66.07
66.99
69.59
66.67
61.68
61.75
65.51
65.66
68.8
66.13
58.93
64.63
65.57
62.37
69.05
67.05
63.73
67.41
66.66
68.62
67.35
67.89
62.09
66.09
67.99
67.59
62.87
66.84
65.22
67.04
63.55
66.77
66.43
67.81
67.37
66.88
66.41
63.16
NA
NA
65.59
66.78
66.78
62.4
66.8
66.7
62.1
67.16
67.56
67.72
65.61
66.85
66.01
62.57
67.7
67.52
66.62
64.99
67.7
67.24
65.95
65.93
65.03
66.73
66.73
66.13
62.11
NA
65.1
66.66
64.37
67.3
66.18
64.69
65.66
60.82
66.2
68.14
63.01
62.91
65.01
63.11
68.11
NA
68.01
66.51
66.21
62.61
64.89
63.19
67.99
65.59
67.99
66.59
66.19
62.69
68.68
65.11
65.66
62.36
69.16
67.26
66.53
67.24
61.98
64.39
66.79
66.13
65.95
67.05
62.25
67.9
66.94
NA
68.87
65.87
60.72
64.67
61.96
67.04
62.07
65.56
64.52
65.22
65.02
66.72
65.64
65.74
67.38
67.18
66.48
67.06
66.75
NA
65.98
67.25
65.31
64.01
64.11
64.21
62.81
66.59
66.02
66.84
65.64
65.74
61.82
66.14
65.84
68.16
67.16
66.01
62.76
66.15
66.51
65.74
66.52
67.31
67.03
67.4
66.79
67.68
66.82
64.82
65.85
68.22
67.51
67.02
67.49
66.15
64.53
62.61
63.01
60.59
58.69
63.83
66.97
61.98
67.53
66.38
66.04
66.66
64.84
NA
NA
66.81
66.06
66.97
66.64
66.31
61.77
65.52
65.79
67.76
66.95
66.25
61.93
67.12
65.98
67.46
62.53
65.35
67.03
65.78
NA
66.22
66.94
66.64
NA
65.99
66.83
62.81
67.02
NA
62.44
NA
65.84
66.22
68.52
68.23
67.96
68.7
65.0
63.8
64.0
63.8
63.8
66.8
67.0
66.88
66.77
69.3
67.31
66.08
66.83
65.78
65.51
64.82
67.78
67.12
67.0
66.58
64.86
67.95
66.65
63.12
65.29
68.79
66.69
60.76
63.66
63.76
67.96
67.56
67.96
66.95
61.85
61.65
67.07
65.07
66.64
66.84
66.34
65.64
66.54
62.34
67.86
68.6
61.71
69.01
65.41
66.84
67.05
64.42
64.45
64.68
NA
63.61
55.63
65.54
67.1
60.9
68.25
67.55
66.85
63.65
66.23
66.64
66.9
67.01
66.34
65.88
62.82
66.44
68.07
68.17
66.77
63.67
65.69
61.69
66.65
67.76
64.92
66.82
65.46
64.72
67.52
66.26
66.16
67.76
65.96
66.43
65.47
66.18
66.68
61.85
62.25
66.95
67.13
61.66
65.78
65.51
64.82
66.95
66.46
66.25
62.93
66.75
60.88
66.05
66.52
65.9
67.64
66.41
61.15
66.37
67.53
68.96
59.76
66.76
66.86
68.17
65.66
67.04
64.36
66.71
68.58
66.68
68.52
66.72
65.22
65.32
65.42
64.72
66.62
66.92
63.98
63.08
62.88
66.58
65.48
NA
NA
68.51
66.86
67.8
65.72
63.9
66.09
66.35
64.23
66.3
66.66
65.38
63.31
65.97
66.82
66.42
60.13
67.3
66.07
67.26
65.65
64.78
66.58
66.3
62.54
66.92
65.32
64.29
66.54
66.66
65.7
67.18
66.88
65.87
66.58
64.61
66.66
66.12
65.74
NA
66.12
65.65
69.6
64.9
65.2
66.6
67.4
67.7
65.21
63.64
65.24
66.64
66.06
66.02
65.81
72.58
67.5
64.57
67.25
67.48
60.98
66.28
66.58
66.88
65.78
66.18
66.45
66.99
67.54
68.59
66.99
65.56
59.18
66.08
66.62
66.46
67.4
67.89
65.07
68.76
65.1
68.41
67.34
66.65
66.74
68.17
66.96
67.26
66.08
63.73
64.9
67.58
65.78
67.54
61.79
67.3
66.43
66.07
66.7
66.28
68.18
66.16
62.41
65.41
66.41
68.26
58.5
66.82
61.37
66.6
61.9
64.44
61.78
66.54
70.25
67.93
63.39
66.58
65.93
66.5
67.01
66.61
66.58
63.96
67.97
67.27
66.96
67.8
67.62
66.79
66.24
65.07
67.32
66.02
64.01
68.91
63.65
62.35
66.5
68.93
67.05
67.68
64.75
65.94
63.91
65.15
67.92
67.72
65.31
67.76
66.42
66.88
62.54
66.84
67.34
66.45
65.75
64.0
67.4
67.5
65.1
NA
65.91
66.01
64.41
66.41
NA
65.9
66.5
67.41
65.31
66.31
67.04
62.87
64.6
67.25
69.0
66.49
65.8
61.41
66.77
66.72
68.66
NA
64.78
62.37
66.87
67.17
67.02
66.36
63.36
67.86
66.58
67.26
65.01
66.49
65.2
66.37
NA
61.69
66.39
68.19
62.61
66.05
60.12
66.37
66.68
NA
67.68
67.65
63.83
66.05
67.4
66.24
66.23
60.59
67.14
66.33
67.3
67.5
64.67
65.71
66.5
69.02
68.32
65.79
66.99
62.3
66.74
64.75
67.26
65.91
NA
62.63
68.16
67.07
66.88
67.75
66.54
60.9
66.5
66.88
66.66
66.76
67.76
66.76
67.66
63.76
67.23
61.59
67.28
68.52
NA
66.12
66.48
66.24
63.22
63.0
65.93
68.25
NA
64.11
63.04
67.2
66.29
66.99
66.14
60.53
63.71
65.44
66.52
66.74
67.56
69.04
66.33
65.42
60.97
69.64
66.64
65.44
66.84
65.67
68.45
69.04
66.54
66.51
67.11
66.91
67.11
66.71
68.01
67.11
67.01
65.66
64.2
66.84
65.99
65.83
60.4
66.29
67.13
65.72
66.92
67.0
65.47
67.0
66.75
67.76
68.4
65.47
66.43
66.63
66.23
67.73
66.33
66.63
66.4
NA
62.53
62.63
67.62
68.32
62.73
62.25
66.25
67.35
62.95
63.95
68.75
69.37
69.04
62.0
67.66
68.46
63.58
64.13
63.5
67.39
61.14
61.62
64.85
64.96
66.25
67.09
64.79
65.62
63.67
64.93
67.82
67.67
65.03
67.53
66.1
66.95
66.83
63.93
66.59
65.79
65.87
67.43
63.11
60.62
67.42
65.12
66.85
67.64
68.65
64.55
63.75
63.75
63.75
63.75
66.75
66.95
68.46
65.06
63.86
63.86
63.86
64.36
66.96
66.96
66.71
68.18
64.78
63.58
63.78
63.28
67.18
66.78
68.67
64.67
63.67
63.57
63.57
63.27
66.77
67.17
65.91
68.51
64.71
66.71
67.01
66.65
66.97
66.96
67.48
66.99
67.52
67.74
66.08
67.44
60.87
66.31
65.76
64.19
65.71
62.41
65.84
64.1
65.78
62.6
68.73
63.53
62.83
62.53
62.73
62.93
66.73
67.23
67.29
62.12
66.68
67.01
66.6
63.22
65.85
66.85
67.74
67.46
65.84
66.19
59.8
66.72
NA
65.52
67.82
NA
64.17
66.36
66.51
66.51
NA
NA
65.77
67.87
NA
61.59
66.51
66.49
67.21
62.32
68.34
63.27
63.6
65.15
66.23
61.31
66.68
66.19
65.67
64.72
64.77
66.98
66.25
67.25
68.92
62.32
69.82
68.79
61.79
62.19
66.98
67.87
66.98
NA
66.93
62.74
NA
66.22
63.0
66.37
68.17
67.05
60.24
66.84
66.09
61.94
66.38
66.74
66.95
67.9
66.74
67.59
66.76
67.26
67.82
66.66
65.92
67.22
66.92
67.86
NA
66.21
66.4
59.08
66.59
67.01
66.63
65.69
66.83
63.67
67.33
66.27
63.69
66.54
65.83
64.27
67.07
62.59
62.54
67.23
65.93
69.73
67.23
66.2
65.67
67.33
66.82
64.76
66.44
67.05
64.8
66.37
65.83
65.38
66.79
64.33
62.19
65.72
64.13
64.92
65.98
65.58
66.88
64.68
62.08
65.68
67.08
65.11
66.47
66.65
66.98
68.58
66.0
67.2
65.77
NA
NA
NA
NA
63.41
66.81
67.81
65.51
68.31
66.41
67.71
65.21
65.51
62.45
66.39
67.55
66.55
66.56
66.96
66.21
66.28
NA
66.99
62.55
64.8
65.2
65.43
61.49
66.43
60.6
67.37
66.97
61.76
66.72
66.29
62.39
63.69
67.59
66.56
66.35
65.71
66.51
65.82
64.52
68.76
63.39
NA
63.64
NA
64.17
63.12
64.19
64.33
68.55
67.05
62.04
67.18
66.43
66.21
66.04
67.08
68.66
65.04
66.47
67.54
62.54
67.11
62.79
61.2
64.78
62.95
68.19
NA
68.2
66.55
66.19
62.5
65.66
68.86
67.16
67.16
65.7
66.84
63.26
65.49
62.98
63.25
65.7
67.93
66.2
68.23
66.13
60.55
65.56
68.21
67.97
64.68
64.98
66.91
64.02
68.08
68.33
66.81
62.57
63.7
65.11
61.28
66.97
68.95
67.1
67.68
64.23
NA
66.02
66.11
67.95
67.69
65.75
66.93
66.9
66.28
66.38
68.14
62.79
65.32
NA
67.53
69.63
66.43
66.62
62.8
64.8
68.18
64.51
66.84
63.26
NA
66.71
62.4
59.43
67.27
61.89
67.25
66.17
66.95
62.57
63.45
68.47
66.4
68.45
66.47
66.8
64.63
67.0
61.09
68.57
67.17
65.72
62.75
66.1
66.11
65.7
64.0
65.83
66.4
65.94
66.29
66.62
66.23
62.4
67.05
62.53
67.59
NA
65.88
65.48
67.08
66.41
68.01
62.33
61.69
68.21
66.7
66.72
66.83
64.32
64.31
63.83
64.09
63.77
64.02
63.64
63.88
63.68
NA
65.71
NA
64.46
67.0
67.19
63.13
65.13
61.17
68.05
61.27
68.01
64.51
66.88
61.05
67.73
67.91
66.23
67.63
66.47
69.58
64.39
62.18
67.36
65.79
66.49
65.34
67.5
NA
NA
NA
NA
NA
66.34
61.44
66.98
65.5
65.8
60.7
61.8
60.4
64.5
63.43
66.42
65.65
66.12
66.38
66.42
67.88
67.3
66.83
66.79
64.59
62.39
67.44
65.63
66.69
66.41
66.93
NA
NA
NA
NA
NA
NA
NA
NA
NA
67.53
66.05
66.57
66.79
67.29
66.3
67.57
65.66
65.65
68.33
66.65
64.92
64.12
65.02
61.19
66.55
66.3
66.42
66.67
61.22
66.55
66.3
66.41
66.68
65.3
67.39
60.07
60.28
66.87
66.62
67.43
61.88
66.68
66.68
66.88
67.08
61.09
60.87
65.66
68.0
66.26
67.26
67.25
63.3
65.76
64.11
64.76
67.93
64.98
61.58
65.01
67.95
65.08
61.7
64.69
66.39
64.04
65.45
67.47
67.33
66.89
65.55
66.63
68.44
66.82
NA
68.26
NA
66.34
68.66
67.65
65.45
66.65
NA
67.91
NA
66.48