68.24
67.84
68.21
68.21
71.02
67.57
67.87
68.76
67.53
69.39
68.94
69.1
70.53
68.58
69.54
67.24
68.77
68.69
68.57
70.44
68.35
NA
71.8
68.39
68.62
71.19
70.9
69.02
71.73
66.92
68.94
69.52
69.16
71.18
69.31
68.54
68.95
69.1
68.03
69.86
69.36
69.44
68.27
68.95
68.8
68.8
NA
69.95
67.87
69.38
70.91
68.72
68.34
70.61
70.99
67.8
67.33
68.13
68.25
69.14
NA
68.92
67.37
69.16
68.6
70.81
70.54
67.96
69.68
71.04
69.27
67.95
69.02
67.75
68.7
68.84
69.06
68.39
68.8
67.83
68.47
68.43
67.82
71.29
67.48
68.24
68.5
68.7
68.54
69.41
72.19
69.98
68.57
68.84
67.57
67.23
69.1
67.48
68.44
68.35
68.18
NA
68.42
68.41
68.35
69.78
71.0
NA
68.01
68.65
68.1
68.66
68.45
68.27
68.67
68.26
69.0
68.76
68.88
68.03
68.77
70.82
68.68
69.53
67.98
68.88
68.37
69.13
69.14
69.18
67.96
68.01
67.64
68.25
68.77
68.82
71.92
68.57
71.86
71.51
68.1
72.21
69.13
69.16
67.98
70.13
68.88
67.93
68.44
68.2
68.43
NA
68.4
NA
69.66
NA
71.13
68.1
67.13
67.7
NA
68.01
68.29
69.02
68.62
68.67
69.41
68.06
70.18
68.59
68.5
67.88
68.79
68.67
68.65
68.31
68.84
69.01
67.71
68.74
68.84
69.0
68.73
68.88
68.82
68.98
68.18
68.39
69.4
67.01
68.5
NA
67.14
69.63
63.08
71.26
NA
NA
69.25
NA
NA
NA
NA
69.22
NA
NA
NA
NA
NA
68.33
68.32
68.13
70.03
NA
68.14
68.81
70.19
NA
NA
67.8
68.7
68.03
69.45
68.46
69.39
72.03
68.84
NA
68.68
69.94
69.8
68.16
67.68
68.33
68.13
67.83
68.42
68.72
68.51
67.98
69.96
68.82
NA
NA
68.3
68.79
68.38
NA
68.16
68.23
69.47
68.65
69.24
NA
NA
NA
NA
70.26
NA
NA
NA
NA
68.7
68.6
68.29
67.84
68.73
68.99
68.21
67.56
68.46
68.6
68.2
68.3
69.23
68.01
68.5
68.7
68.8
68.4
NA
NA
NA
68.24
67.9
69.88
67.43
68.12
68.13
69.06
68.19
68.49
70.28
67.95
68.37
68.38
68.45
69.02
NA
NA
68.78
NA
NA
NA
NA
NA
NA
67.76
71.12
68.45
68.04
69.23
68.37
68.75
67.41
70.54
72.12
69.72
NA
68.68
NA
NA
NA
NA
NA
NA
NA
NA
NA
NA
NA
NA
NA
NA
NA
NA
NA
NA
NA
NA
67.96
68.45
68.39
NA
68.62
NA
69.28
67.3
66.7
68.5
68.62
68.03
NA
68.31
67.85
69.36
67.82
69.22
68.89
69.92
67.6
67.4
68.5
NA
68.4
NA
NA
67.63
68.81
68.15
68.65
68.32
68.25
68.33
67.57
NA
68.84
70.01
66.73
68.69
68.66
68.25
68.67
69.28
69.79
67.44
69.78
68.28
67.89
68.82
68.5
68.51
67.72
67.74
69.02
69.05
68.77
68.27
67.4
68.01
67.46
67.44
67.44
68.53
74.36
66.67
NA
NA
67.9
73.76
67.95
NA
NA
67.73
68.69
69.0
68.22
67.58
68.48
68.61
69.16
70.49
NA
70.55
70.49
70.44
70.55
70.49
70.49
70.49
68.85
69.23
69.07
68.91
69.23
68.85
68.64
68.85
70.08
NA
69.04
68.68
68.4
69.48
68.57
NA
NA
NA
NA
63.07
68.21
69.2
NA
NA
NA
NA
NA
NA
69.38
NA
68.68
68.06
68.35
NA
68.58
69.16
68.97
68.21
NA
68.76
69.23
68.91
68.27
NA
68.39
68.84
69.49
68.32
NA
68.4
68.82
70.55
70.74
70.84
70.56
70.69
70.67
70.78
67.68
67.68
NA
71.38
68.25
71.38
68.25
71.38
68.22
71.27
68.16
71.52
68.01
67.71
NA
69.9
NA
NA
NA
68.33
NA
NA
NA
NA
NA
NA
NA
NA
69.45
NA
NA
NA
NA
NA
NA
NA
NA
68.53
67.95
70.64
69.01
68.61
NA
68.5
NA
NA
NA
NA
NA
NA
NA
70.26
70.52
70.48
70.49
70.54
70.38
70.38
70.41
70.4
69.32
69.12
68.05
68.64
67.91
68.76
68.42
68.02
68.21
68.39
68.39
68.12
67.68
69.86
NA
NA
NA
NA
NA
NA
69.99
NA
70.44
69.88
69.96
67.68
67.84
68.06
70.21
68.22
67.9
67.79
70.02
68.12
69.12
67.82
68.42
68.62
68.33
68.64
68.64
67.93
68.53
NA
NA
68.73
68.57
NA
NA
NA
NA
NA
68.24
NA
NA
NA
NA
70.03
NA
67.52
70.28
NA
NA
68.4
68.76
69.56
68.96
66.96
68.68
68.18
67.98
69.2
68.8
NA
69.11
68.51
72.79
70.19
69.06
69.41
68.11
68.71
70.21
73.1
73.2
NA
68.61
67.81
68.48
68.33
67.93
67.63
68.83
68.63
69.44
69.35
68.35
68.35
68.52
68.8
69.61
67.66
NA
68.3
NA
67.92
71.68
68.55
68.79
68.47
69.54
68.3
68.65
68.5
68.91
69.33
68.03
67.48
68.98
68.14
68.41
NA
67.84
NA
67.97
66.42
NA
67.97
66.42
NA
72.5
69.0
69.13
NA
68.33
69.13
70.22
67.42
NA
NA
68.81
62.31
67.71
68.81
69.04
67.74
68.39
68.13
68.67
68.17
70.93
NA
68.68
66.92
68.68
NA
NA
NA
NA
68.17
70.76
70.76
69.2
69.41
68.82
70.58
70.68
70.91
68.74
67.64
NA
NA
NA
NA
67.54
68.77
68.36
68.4
69.13
69.23
69.05
69.18
69.16
68.69
68.11
68.34
NA
NA
NA
NA
68.81
67.71
68.26
68.77
69.27
70.27
69.25
68.85
68.75
63.82
67.42
69.69
70.64
68.75
68.22
NA
68.15
68.63
68.84
67.72
NA
NA
68.57
69.69
68.78
68.58
NA
NA
NA
68.91
68.63
69.36
68.59
68.91
68.45
68.85
69.15
68.75
68.32
68.42
66.42
68.42
68.27
68.47
69.07
69.47
NA
67.87
NA
68.37
NA
68.67
67.17
69.33
68.67
NA
68.91
69.28
69.01
70.41
67.95
NA
NA
68.42
68.72
68.72
69.52
69.1
68.19
68.29
69.2
68.28
69.38
69.48
69.38
69.38
69.58
68.68
68.28
NA
68.28
70.5
68.26
68.24
68.37
68.9
68.87
66.91
68.31
68.17
69.68
64.59
68.52
NA
NA
NA
NA
NA
NA
NA
68.21
68.89
68.15
69.25
69.25
69.15
69.25
69.25
68.65
68.25
69.32
69.05
NA
67.38
70.08
68.98
68.78
NA
NA
68.34
69.24
69.34
69.14
69.34
69.54
68.64
68.34
NA
72.22
68.39
68.66
68.66
68.85
68.85
67.91
71.31
69.61
67.85
68.6
67.8
NA
70.14
69.04
68.44
68.76
77.71
67.43
NA
66.76
66.99
68.12
68.35
69.35
69.35
69.05
69.45
69.35
72.05
68.75
68.25
68.64
NA
69.8
NA
70.02
69.82
70.07
69.74
69.77
68.0
71.02
67.92
68.22
69.32
69.42
69.32
69.32
69.52
68.62
68.22
67.97
68.77
69.23
68.72
68.82
68.87
68.4
68.13
NA
NA
NA
68.42
68.86
69.2
67.98
68.79
69.55
70.12
68.62
67.52
63.42
68.24
68.24
NA
69.44
NA
NA
68.67
69.87
70.77
68.57
68.43
69.33
69.53
69.33
69.33
69.53
68.63
68.23
67.39
69.57
69.08
68.94
68.54
68.27
68.59
67.53
NA
68.85
69.58
NA
NA
68.58
NA
NA
68.94
NA
NA
68.72
68.71
68.98
68.66
68.66
67.75
68.43
68.57
68.81
69.2
68.19
68.57
68.86
NA
NA
68.17
71.07
70.9
68.97
68.79
68.1
68.93
67.63
NA
68.61
69.94
67.54
69.05
NA
68.94
69.72
69.99
68.29
66.89
69.89
68.39
67.99
68.79
68.27
68.78
69.15
69.45
66.44
NA
69.5
71.79
68.82
NA
68.46
71.11
67.91
NA
69.35
68.72
69.13
72.1
68.0
68.4
69.8
67.66
69.16
NA
69.36
68.1
68.06
69.23
68.53
68.36
67.69
68.31
68.53
68.74
65.88
68.13
68.53
68.63
67.23
68.23
69.37
NA
69.9
68.03
68.92
68.1
67.12
NA
69.36
69.45
69.72
NA
69.74
72.31
67.31
69.51
68.71
NA
69.01
69.31
69.01
70.41
67.29
69.59
68.69
68.99
68.99
69.49
69.09
70.49
68.14
68.96
68.66
70.06
67.46
68.06
68.52
68.67
69.82
69.49
68.69
68.52
68.35
68.55
70.25
NA
68.82
70.12
66.97
68.27
67.22
68.78
67.81
68.71
70.28
63.76
69.29
NA
68.48
68.42
68.94
69.04
68.38
68.38
NA
68.24
67.88
NA
66.62
68.77
NA
NA
NA
NA
70.3
68.39
68.9
68.85
68.94
69.04
71.09
68.84
68.14
65.95
68.62
68.1
67.42
68.22
68.46
67.88
NA
NA
NA
NA
NA
NA
68.92
67.42
68.58
68.6
68.23
68.49
68.63
68.65
68.35
NA
62.8
65.89
63.75
69.82
68.33
70.72
67.83
68.69
68.42
68.62
69.73
NA
NA
67.91
67.54
68.57
68.33
68.44
70.36
68.55
68.09
68.01
67.8
68.05
69.84
67.87
68.28
68.56
71.53
68.35
68.66
68.97
NA
69.21
68.42
69.13
67.7
68.26
NA
NA
NA
NA
68.79
NA
NA
69.32
NA
NA
67.96
68.2
69.3
69.4
69.0
69.3
69.3
68.6
68.1
68.28
68.92
66.13
69.2
67.83
66.39
68.59
69.27
67.7
65.59
69.0
72.11
NA
NA
NA
NA
NA
68.79
66.69
68.99
70.16
68.76
69.46
NA
NA
72.56
67.55
69.75
69.35
68.32
69.41
NA
NA
NA
NA
NA
NA
NA
66.16
NA
68.51
68.31
68.28
68.77
NA
NA
NA
NA
NA
NA
NA
68.26
69.77
67.15
68.25
68.05
NA
68.93
68.34
68.68
69.01
68.64
68.11
69.23
68.94
66.97
67.67
67.97
NA
69.79
67.83
68.43
61.75
67.92
67.52
69.58
69.02
68.12
68.36
69.36
67.56
68.86
68.28
68.79
68.77
67.96
69.75
NA
68.05
68.68
71.18
68.59
69.27
67.7
68.24
68.46
68.44
70.4
67.87
66.27
67.99
68.37
68.14
67.3
68.92
71.05
69.11
68.23
66.39
67.66
68.5
68.02
NA
68.73
69.23
69.34
68.88
NA
68.78
68.12
68.32
68.72
68.72
68.82
68.82
68.52
68.12
69.78
NA
69.98
NA
68.98
NA
NA
68.51
69.05
68.43
68.87
69.31
68.84
68.69
69.14
68.61
68.69
68.87
69.98
68.87
68.21
68.3
69.93
NA
67.75
68.78
NA
68.84
67.43
67.63
69.48
68.82
69.42
69.36
NA
68.67
68.84
68.36
68.86
67.75
68.32
68.08
68.39
68.63
68.04
NA
68.55
NA
67.4
69.3
NA
68.8
68.2
68.8
67.81
69.03
68.64
68.72
68.41
68.31
68.78
70.67
68.37
68.18
69.23
70.08
69.58
67.98
67.98
67.54
68.59
68.33
68.33
68.59
68.13
68.6
68.35
68.38
69.39
68.95
68.24
68.26
68.51
68.63
68.13
67.72
69.19
NA
68.13
68.55
68.9
66.61
NA
NA
NA
NA
NA
67.45
68.48
67.91
70.57
NA
68.91
NA
68.72
67.18
66.98
68.56
NA
NA
NA
67.14
68.74
69.46
68.83
67.66
69.94
69.07
69.18
68.6
66.46
67.44
70.25
68.04
68.76
68.63
68.54
68.33
68.98
68.45
67.97
68.92
68.51
69.05
68.57
68.09
68.03
NA
68.52
67.92
68.51
65.81
68.85
70.05
68.03
NA
68.39
68.38
67.54
69.09
69.21
70.3
66.96
68.56
68.68
68.45
68.7
67.74
69.84
68.34
68.84
67.75
68.85
69.5
69.4
68.5
67.6
NA
68.31
67.71
67.61
68.71
NA
68.24
67.93
NA
68.71
68.61
68.44
69.53
67.08
68.32
67.81
69.17
68.64
70.47
NA
68.06
69.59
NA
NA
70.07
68.77
68.87
68.9
68.37
NA
67.56
68.02
67.96
66.59
68.34
66.86
68.16
NA
66.69
NA
NA
71.21
68.55
68.87
66.68
67.93
NA
67.15
68.73
NA
NA
NA
68.95
68.06
71.31
68.71
68.89
69.1
72.5
68.49
67.63
68.18
65.5
68.52
68.19
68.89
69.57
68.2
68.96
68.5
68.81
NA
70.67
66.79
68.33
68.46
67.33
75.6
71.0
68.8
68.61
68.16
67.76
68.16
68.66
68.46
69.76
NA
71.01
68.23
67.32
NA
68.82
68.44
68.12
70.19
70.05
67.89
NA
NA
68.96
68.85
68.4
68.1
68.11
68.73
70.23
69.21
69.02
68.76
69.13
67.85
67.88
68.89
69.44
69.54
68.04
68.44
68.44
68.74
68.46
NA
67.64
68.34
68.71
68.41
68.11
68.41
68.91
67.81
68.31
68.31
67.72
68.23
68.54
68.13
68.08
29.9
68.09
68.76
68.12
67.8
68.41
NA
68.43
68.81
68.45
66.72
69.37
66.63
68.43
68.23
68.23
68.43
67.93
69.1
NA
70.59
69.82
67.92
67.92
70.48
69.68
69.09
NA
69.5
NA
67.11
NA
67.52
69.56
67.96
67.86
70.08
68.83
70.69
68.96
NA
70.85
68.76
68.72
69.91
68.18
67.36
68.74
69.07
70.05
66.9
68.29
68.54
NA
68.56
67.57
68.03
68.83
68.78
68.34
65.87
67.27
69.99
69.52
68.12
67.22
68.65
68.04
68.15
69.05
69.15
68.95
69.15
69.15
68.35
68.25
68.36
69.46
69.26
68.96
69.26
69.26
68.66
68.36
69.04
68.38
69.48
69.58
69.48
69.38
68.78
68.38
68.47
69.27
69.27
69.27
69.17
69.27
68.47
67.97
68.41
68.21
69.31
68.71
68.21
68.34
68.23
67.41
68.43
68.86
68.32
68.53
68.39
68.23
68.86
69.18
69.09
70.04
69.48
68.85
69.16
70.03
69.75
68.87
68.13
69.53
69.33
69.43
69.33
69.93
68.43
68.03
69.22
72.15
68.75
67.92
67.45
70.03
67.37
67.94
68.39
68.87
68.36
69.47
68.38
67.62
NA
69.72
71.02
NA
69.91
67.73
68.07
67.73
NA
NA
NA
69.87
NA
71.01
68.66
68.69
68.95
72.29
68.14
69.2
68.21
68.67
68.92
70.97
67.87
67.8
68.16
69.3
68.9
67.84
68.09
68.32
67.62
70.12
62.32
NA
NA
NA
68.57
67.87
68.77
NA
68.93
72.06
NA
69.2
69.29
69.07
68.17
NA
72.94
67.74
68.55
69.28
67.53
68.3
67.78
68.55
68.67
68.38
68.25
68.88
68.45
68.3
69.31
67.22
68.89
68.67
NA
68.65
67.98
70.98
67.99
68.78
68.41
69.08
50.93
67.11
68.24
67.94
69.4
67.39
69.01
68.67
68.37
69.24
69.59
68.53
68.43
65.63
68.33
67.64
68.32
68.91
68.07
68.92
68.55
68.09
69.96
60.07
NA
NA
NA
NA
NA
NA
NA
NA
NA
NA
NA
NA
NA
NA
68.69
68.66
67.32
67.53
68.58
68.58
68.6
68.2
69.29
NA
68.79
NA
68.31
69.47
68.01
67.91
68.51
68.41
67.71
68.71
68.31
68.91
73.84
68.24
67.55
68.35
68.57
68.54
68.88
NA
NA
67.93
69.15
69.54
67.69
69.67
70.73
68.08
71.2
67.99
68.3
69.98
67.55
68.08
NA
NA
NA
68.83
68.39
68.38
68.56
68.65
69.05
69.32
70.63
NA
70.33
NA
69.13
68.82
70.03
70.17
68.14
68.65
69.67
68.31
68.01
68.07
68.96
67.82
67.78
68.03
68.15
66.77
71.44
68.31
72.32
70.04
NA
69.39
NA
NA
NA
69.31
69.04
70.41
68.96
67.96
68.76
68.96
68.0
68.44
69.84
67.48
68.95
69.26
68.91
68.56
69.21
68.14
68.29
69.34
68.27
68.0
68.01
69.72
69.75
68.44
70.76
67.98
NA
NA
69.63
69.6
69.4
69.97
68.45
68.95
67.31
67.94
69.42
NA
68.74
68.25
67.26
69.99
69.08
68.68
68.83
67.65
68.77
69.16
69.49
68.22
NA
68.63
67.93
68.83
67.58
69.91
69.21
67.73
69.35
68.44
69.84
NA
69.98
71.99
68.5
67.16
69.76
67.82
69.27
68.54
69.58
68.47
NA
68.47
68.4
68.36
68.08
69.75
68.28
NA
69.07
68.57
68.38
NA
69.19
68.36
68.3
69.1
68.55
68.82
69.04
69.0
68.2
68.39
70.2
68.68
70.2
69.23
NA
68.48
69.08
68.48
68.52
68.01
NA
70.15
68.15
68.46
68.57
68.55
68.71
NA
NA
NA
NA
NA
NA
NA
NA
NA
68.11
67.96
69.19
NA
68.82
68.54
68.0
69.67
68.05
69.63
NA
69.72
68.24
69.68
68.1
68.51
68.43
68.41
68.58
63.17
69.65
68.86
68.8
68.89
67.99
69.24
NA
NA
NA
NA
66.65
67.21
66.77
71.95
68.48
68.9
68.6
70.3
70.5
71.3
67.1
68.73
NA
68.24
68.33
68.21
67.47
67.93
68.86
68.53
68.09
68.49
69.89
68.74
68.2
68.46
68.66
NA
NA
NA
NA
NA
NA
NA
NA
NA
NA
68.25
67.29
68.27
67.78
67.29
68.77
68.86
70.0
69.25
NA
67.46
68.02
69.32
69.8
NA
69.28
68.08
68.52
68.5
NA
69.27
67.98
68.48
68.5
68.48
68.1
71.32
68.59
68.4
68.33
66.72
71.79
NA
NA
NA
NA
69.69
69.65
68.17
67.63
67.81
67.86
68.99
68.69
68.06
69.31
71.15
67.2
68.18
69.68
68.77
66.96
68.09
69.79
68.09
69.16
68.94
68.76
68.69
NA
68.03
69.0
68.5
NA
68.76
NA
68.67
NA
68.51
69.72
69.35
66.47
68.39
NA
NA
NA
NA