176.49
175.93
178.24
176.76
NA
NA
NA
176.87
177.04
177.45
176.7
176.73
NA
176.22
175.69
177.46
176.03
175.42
NA
175.19
174.94
175.64
175.63
177.3
175.26
176.02
175.78
176.09
175.92
175.56
179.59
175.3
176.29
173.97
175.21
175.4
175.57
174.49
177.12
176.35
173.55
175.85
177.52
177.14
174.84
175.84
175.09
NA
NA
173.86
175.97
176.03
176.93
174.17
175.94
176.2
175.89
NA
176.22
176.22
176.51
175.34
175.43
174.08
176.8
175.18
175.99
175.96
175.99
174.63
175.28
176.27
176.99
176.72
176.5
178.39
175.44
177.01
174.95
176.13
177.49
178.33
NA
175.19
175.83
175.99
175.9
175.97
177.33
174.58
175.06
175.65
175.66
175.05
174.99
175.79
NA
175.5
175.4
177.63
177.56
NA
176.82
175.7
176.32
175.65
174.07
NA
NA
175.87
176.25
174.95
176.9
175.81
176.74
177.07
175.01
175.84
175.8
176.81
175.97
174.37
176.33
172.33
177.07
176.5
175.73
176.04
177.57
175.16
175.11
176.47
175.57
175.73
177.23
175.41
175.45
NA
175.24
174.91
176.48
175.92
175.04
175.67
177.71
175.26
176.19
176.16
177.51
177.21
175.12
175.61
177.25
NA
174.5
176.97
175.26
177.91
175.8
174.7
173.63
175.85
172.87
176.8
176.71
174.83
175.11
177.54
176.56
177.36
177.48
175.31
175.37
175.21
175.52
176.43
175.45
175.07
176.5
175.33
175.3
175.16
175.38
175.09
177.34
175.21
176.67
176.98
174.61
175.84
176.9
175.06
175.69
175.26
175.26
NA
176.56
176.06
175.39
NA
NA
176.49
175.79
174.29
NA
NA
176.69
NA
NA
NA
NA
174.54
174.61
NA
NA
NA
NA
NA
NA
176.19
176.42
176.55
175.94
177.38
174.67
176.87
176.43
NA
177.45
174.21
174.56
173.96
NA
175.71
NA
NA
NA
NA
NA
175.48
176.98
175.77
NA
NA
NA
175.62
176.01
176.28
175.75
176.42
175.8
175.14
NA
NA
NA
NA
NA
174.81
NA
NA
NA
NA
175.49
NA
176.55
175.16
NA
NA
NA
NA
NA
NA
176.66
176.36
175.73
176.54
178.19
177.85
NA
178.05
NA
NA
NA
176.82
175.65
176.98
176.98
176.19
175.17
177.23
177.11
177.23
173.37
NA
175.61
175.17
176.21
175.4
177.02
NA
176.0
NA
NA
NA
NA
NA
NA
175.58
175.53
176.27
175.54
175.74
177.1
179.11
177.79
176.8
175.33
176.25
176.09
176.7
175.73
176.53
176.73
178.33
175.63
176.53
176.73
178.23
175.52
176.52
176.62
177.62
175.42
176.52
176.62
177.42
175.92
176.72
176.42
178.32
176.55
176.83
173.9
178.01
175.61
176.6
176.16
175.95
176.25
176.55
176.76
176.78
175.87
NA
177.02
NA
175.62
175.06
175.51
174.13
176.58
175.78
177.48
176.88
176.88
NA
NA
177.72
176.62
175.92
178.12
176.28
176.04
175.43
175.18
NA
177.26
179.84
NA
176.5
177.56
176.29
175.54
175.93
175.01
176.88
174.86
176.12
177.35
177.05
175.95
178.25
NA
NA
175.7
NA
NA
NA
NA
NA
NA
NA
NA
176.83
177.2
178.04
176.08
176.38
175.56
176.59
177.83
NA
176.44
175.46
NA
NA
NA
NA
NA
NA
NA
175.81
175.77
175.68
175.8
175.17
176.03
175.23
175.56
176.31
175.94
175.37
176.47
176.07
175.81
176.82
176.03
175.93
175.59
NA
176.45
176.33
176.56
175.08
177.65
NA
NA
NA
NA
176.4
175.98
176.15
177.02
177.02
176.32
178.42
175.82
174.62
NA
NA
NA
NA
175.96
174.68
177.0
175.19
175.73
175.22
NA
NA
NA
NA
NA
NA
176.59
175.64
175.37
175.28
NA
176.22
176.69
175.96
175.72
175.85
175.97
175.78
175.85
175.93
176.53
176.77
176.33
NA
NA
NA
NA
NA
NA
NA
NA
NA
NA
176.02
NA
NA
NA
NA
NA
175.4
NA
NA
NA
NA
NA
NA
NA
NA
176.1
NA
NA
NA
NA
NA
NA
NA
NA
NA
NA
NA
NA
NA
NA
NA
NA
NA
NA
NA
NA
NA
NA
175.82
175.72
175.6
175.73
175.12
175.96
175.16
175.53
176.2
NA
NA
NA
177.72
173.83
178.77
177.78
176.72
NA
169.38
174.11
172.88
NA
177.74
NA
NA
NA
NA
NA
NA
NA
NA
175.11
175.16
175.25
179.68
176.94
176.8
173.99
NA
178.89
NA
NA
178.44
175.24
176.44
178.44
175.24
NA
NA
NA
NA
NA
175.86
NA
175.71
177.22
NA
177.64
178.14
NA
NA
NA
NA
175.93
175.99
176.16
174.94
NA
NA
NA
176.58
176.58
176.38
176.23
175.73
178.53
175.13
NA
175.5
175.5
NA
NA
NA
NA
NA
175.0
175.6
NA
NA
NA
NA
NA
NA
NA
NA
NA
NA
NA
176.7
176.3
NA
176.9
176.5
176.15
NA
NA
NA
NA
NA
NA
NA
NA
NA
175.44
NA
NA
NA
NA
NA
NA
NA
NA
NA
NA
NA
NA
176.25
175.45
NA
NA
NA
NA
175.2
174.95
176.64
174.63
174.95
176.64
174.63
NA
NA
NA
NA
NA
NA
175.14
176.34
NA
NA
176.48
177.78
176.68
174.88
175.55
176.75
176.23
174.54
NA
NA
174.94
NA
175.98
NA
NA
NA
NA
175.55
175.25
177.44
176.76
175.53
176.41
NA
177.04
176.2
176.89
NA
176.41
177.91
NA
NA
NA
NA
NA
175.45
NA
NA
NA
NA
NA
NA
NA
NA
NA
NA
176.54
176.84
177.04
175.44
NA
NA
NA
NA
NA
NA
177.3
176.5
175.9
NA
177.21
174.47
174.47
175.83
176.75
177.95
176.46
176.91
176.25
174.95
176.15
175.45
176.04
175.25
177.5
175.66
175.53
175.21
173.93
NA
NA
NA
176.34
177.63
176.57
176.47
179.07
175.27
NA
NA
177.42
177.72
177.77
NA
NA
NA
176.7
NA
176.7
175.8
174.6
175.7
176.44
175.97
175.19
NA
175.36
175.05
175.91
174.26
178.16
NA
NA
NA
NA
NA
NA
175.0
176.4
175.98
176.07
NA
NA
NA
NA
NA
NA
NA
NA
176.38
175.67
176.23
175.76
176.74
176.94
174.91
176.11
178.73
176.03
176.19
175.63
176.07
179.89
175.9
177.21
174.41
177.41
176.21
177.31
177.01
176.75
176.23
NA
NA
NA
NA
NA
NA
NA
NA
NA
NA
NA
NA
NA
NA
NA
NA
NA
NA
NA
NA
NA
NA
NA
NA
NA
NA
173.95
NA
NA
NA
175.66
NA
178.66
176.96
179.56
NA
NA
NA
NA
NA
NA
NA
176.37
NA
177.16
NA
175.3
176.5
NA
NA
NA
NA
NA
NA
NA
NA
NA
NA
174.9
176.58
178.01
177.74
177.21
178.87
178.55
174.92
NA
NA
176.17
174.97
NA
NA
NA
NA
NA
NA
NA
NA
177.49
176.22
176.37
176.74
177.33
175.08
175.43
176.78
NA
NA
NA
176.96
175.64
NA
176.36
176.93
174.42
NA
NA
NA
NA
NA
NA
NA
NA
178.68
179.68
NA
NA
NA
NA
NA
NA
NA
NA
NA
NA
NA
NA
174.13
175.3
175.78
175.47
176.57
176.34
175.26
178.1
175.87
176.06
175.69
177.14
176.9
176.95
NA
NA
NA
NA
NA
176.67
NA
NA
NA
NA
NA
NA
NA
NA
NA
NA
176.95
176.66
NA
NA
175.49
176.82
175.62
NA
NA
175.01
NA
NA
NA
175.45
176.18
176.85
178.44
NA
175.38
174.2
175.39
175.78
178.48
174.58
178.28
177.08
178.58
NA
NA
NA
178.35
175.21
NA
NA
175.43
175.71
178.33
175.83
NA
NA
NA
176.61
175.66
176.26
176.26
176.46
175.96
173.86
177.1
174.4
NA
NA
175.37
177.09
176.08
NA
NA
176.37
177.48
NA
174.97
178.39
176.74
177.74
176.14
176.14
176.24
175.45
NA
174.6
177.05
176.6
176.82
177.05
NA
174.96
174.49
NA
NA
176.48
176.37
176.77
175.97
175.17
NA
175.37
174.97
175.87
174.27
176.07
175.87
175.17
175.87
175.87
175.07
175.97
174.37
NA
NA
175.44
176.14
176.84
172.85
175.5
175.96
175.95
176.35
175.47
175.82
NA
NA
NA
NA
176.26
NA
175.54
176.64
175.73
174.59
175.39
177.19
175.41
176.54
175.22
177.34
175.66
178.63
NA
NA
NA
NA
NA
NA
176.41
176.26
NA
175.47
176.25
176.38
175.75
176.03
175.93
NA
NA
NA
NA
NA
NA
176.75
176.55
175.99
176.52
176.79
177.81
175.66
176.43
175.59
176.98
175.63
175.62
175.51
176.2
175.95
176.93
176.93
175.35
NA
176.49
176.38
175.8
176.4
175.07
NA
176.06
175.92
178.26
174.95
175.92
175.94
NA
NA
NA
NA
177.14
NA
NA
176.26
177.18
176.66
176.1
178.51
174.05
175.89
176.31
174.27
176.87
175.97
174.11
175.72
175.59
175.68
176.19
176.14
NA
175.61
NA
176.16
175.13
175.93
176.32
176.32
178.23
174.65
175.61
NA
175.85
176.22
176.23
176.38
177.57
175.89
177.1
NA
NA
NA
NA
NA
NA
NA
NA
175.57
176.76
NA
177.42
176.52
178.19
175.75
175.45
177.95
176.68
174.15
176.5
174.75
174.68
175.81
176.65
174.83
175.45
NA
175.85
NA
NA
NA
175.68
176.18
175.98
175.73
174.33
174.33
175.91
175.65
176.99
176.99
175.99
177.39
175.89
174.89
173.75
177.03
174.14
175.44
174.44
NA
176.93
NA
NA
NA
173.61
173.28
177.33
171.2
175.57
175.53
176.41
174.61
176.51
175.01
178.36
176.4
177.31
176.53
NA
NA
NA
176.36
176.35
174.55
176.55
175.15
175.78
176.48
177.25
176.37
176.99
175.89
177.89
NA
NA
178.58
NA
175.78
175.98
175.93
176.22
175.65
175.71
NA
NA
NA
176.0
NA
175.75
175.45
177.95
176.84
NA
177.22
NA
176.43
179.26
175.72
178.25
176.55
175.12
NA
174.26
176.51
175.19
172.68
176.13
176.57
176.62
175.77
176.46
175.93
175.55
176.1
174.75
175.55
NA
NA
NA
NA
NA
NA
NA
NA
175.8
176.3
175.6
NA
176.5
NA
NA
NA
NA
NA
NA
NA
NA
NA
NA
NA
NA
NA
NA
175.51
NA
NA
NA
176.58
175.6
176.15
NA
176.33
175.69
176.64
174.55
176.87
177.47
175.25
NA
176.1
NA
NA
NA
176.21
178.22
176.97
NA
NA
NA
NA
NA
NA
175.51
176.01
175.31
174.81
176.01
175.31
175.5
176.11
178.13
NA
NA
NA
NA
NA
177.43
176.46
174.62
175.4
173.9
176.5
176.5
NA
174.7
173.44
174.59
172.85
NA
175.12
175.46
172.49
NA
176.14
177.74
176.99
176.1
176.09
175.64
176.36
177.23
177.23
176.52
175.54
NA
176.02
177.13
175.7
176.97
175.28
175.8
175.61
175.97
175.53
178.3
NA
NA
NA
NA
177.49
176.09
177.61
175.31
175.91
176.91
174.88
176.38
175.59
175.05
176.9
NA
NA
NA
177.59
173.13
176.37
175.69
175.35
176.37
176.78
176.51
177.09
177.4
NA
176.23
175.58
179.48
179.48
NA
NA
179.32
174.99
NA
NA
176.55
175.75
175.2
175.6
178.24
174.05
NA
NA
176.33
175.37
182.08
176.01
176.69
177.87
175.8
175.17
177.46
175.83
173.41
175.71
175.41
177.41
177.21
174.89
176.19
175.99
177.99
175.8
177.06
NA
172.26
176.06
NA
NA
NA
176.06
176.96
175.96
178.31
175.23
176.73
176.2
176.09
177.12
176.37
173.4
NA
NA
NA
NA
NA
176.72
176.52
175.4
NA
175.67
175.97
175.97
176.89
174.71
NA
NA
176.19
176.24
NA
175.19
176.99
177.19
175.38
177.03
173.85
176.23
175.71
NA
175.05
175.93
175.76
177.82
175.5
175.41
177.85
174.63
175.72
177.09
NA
NA
175.82
NA
176.18
175.91
NA
175.8
175.08
174.36
176.09
175.34
NA
175.56
NA
NA
174.97
174.67
174.64
176.18
175.79
176.19
176.99
176.03
NA
NA
NA
NA
NA
NA
176.56
175.23
176.5
175.61
NA
176.11
176.69
176.64
179.14
172.37
176.61
NA
NA
175.45
174.63
NA
176.64
175.23
176.52
175.09
176.12
175.55
177.29
175.36
175.66
175.86
NA
NA
NA
NA
NA
NA
NA
175.77
175.9
NA
NA
175.71
176.71
175.91
175.21
176.21
176.11
180.81
175.71
176.57
174.07
175.5
176.23
177.59
178.56
175.86
176.19
177.17
178.02
176.68
175.93
175.31
176.19
175.92
176.61
175.81
177.34
178.74
176.64
175.84
177.04
176.01
176.37
NA
NA
NA
175.49
176.19
175.73
175.06
175.96
176.86
175.56
176.46
175.69
176.6
176.03
NA
175.39
176.19
NA
NA
NA
179.18
174.97
175.55
175.55
176.95
175.87
178.64
176.12
175.33
182.02
176.01
176.65
177.84
175.79
175.13
177.44
175.8
176.26
175.66
175.56
NA
NA
NA
NA
NA
NA
NA
175.28
177.37
NA
NA
NA
NA
NA
NA
NA
NA
NA
NA
NA
NA
NA
NA
NA
NA
176.52
NA
NA
NA
NA
NA
NA
NA
NA
NA
NA
NA
NA
NA
NA
NA
NA
NA
NA
NA
NA
176.68
176.12
176.41
175.77
175.92
NA
177.84
177.15
175.23
172.84
176.09
175.45
175.38
175.09
175.83
NA
NA
NA
NA
NA
NA
NA
NA
NA
NA
NA
NA
177.66
175.57
176.15
176.38
176.88
175.75
175.02
177.7
175.89
176.5
178.03
NA
174.76
177.21
NA
176.01
176.51
NA
NA
176.0
NA
175.98
NA
NA
176.14
176.74
NA
174.11
NA
NA
176.54
175.95
175.53
175.01
176.04
173.42
175.25
175.61
177.64
175.04
175.84
175.94
175.94
176.2
175.85
175.22
175.62
174.52
174.52
175.55
NA
174.15
177.02
176.9
175.77
NA
177.06
176.45
NA
175.25
174.56
175.57
175.61
176.07
NA
175.83
NA
NA
NA
175.85
176.22
177.84
176.39
174.91
178.03
177.09
175.22
175.68
176.23
NA
NA
NA
NA
NA
176.8
178.96
177.11
176.98
175.84
177.34
NA
NA
NA
NA
NA
NA
NA
NA
NA
NA
NA
NA
NA
NA
NA
176.06
176.65
174.95
175.1
175.73
NA
NA
NA
NA
176.08
177.75
175.76
176.03
175.0
176.38
176.19
176.83
176.13
177.93
175.83
176.13
176.13
176.53
NA
175.62
175.86
174.55
176.15
176.29
NA
NA
NA
NA
NA
NA
NA
174.37
175.31
176.91
177.31
NA
176.61
175.11
176.21
176.71
175.32
177.22
NA
175.5
NA
174.68
176.61
175.84
NA
176.37
175.17
176.24
176.76
175.54
175.2
175.94
175.95
177.01
177.79
174.76
175.05
178.18
176.88
175.18
176.68
176.71
NA
176.88
174.73
175.72
174.91
175.35
175.88
NA
NA
NA
175.4
174.56
NA
NA
NA
NA
175.87
176.56
175.2
176.63
176.3
NA
NA
176.77
177.77
NA
NA
175.32
NA
NA
NA
NA
NA
NA
NA
NA
NA
NA
176.52
NA
175.32
175.72
NA
175.83
175.33
174.84
174.21
175.5
NA
175.46
178.85
175.99
172.88
174.2
NA
NA
NA
176.08
175.36
175.62
176.04
176.74
175.21
174.37
175.7
NA
175.88
NA
176.15
176.29
NA
NA
NA
NA
NA
175.84
176.09
174.46
NA
NA
NA
175.53
177.31
175.04
174.82
177.55
NA
174.76
175.36
175.26
175.59
173.99
175.28
NA
174.68
175.83
175.33
NA
NA
NA
172.63
176.88
173.78
NA
175.86
175.26
175.36
175.68
174.91
175.32
177.19
174.88
176.09
NA
NA
NA
174.7
175.6
NA
175.31
175.95
175.92
175.76
175.66
175.85
176.56
176.1
176.06
174.31
177.56
173.76
175.68
176.69
176.11
NA
176.86
175.86
175.66
176.4
176.44
176.51
173.91
176.17
NA
NA
176.44
NA
176.07
176.46
175.85
175.98
NA
NA
NA
NA
NA
176.81
175.73
174.29
177.07
176.05
175.43
177.51
174.67
175.89
174.66
175.87
NA
NA
NA
176.73
174.9
177.83
NA
177.42
NA
NA
NA
NA
NA
NA
NA
175.31
NA
NA
NA
NA
NA
NA
NA
178.12
177.29
176.49
174.59
175.99
174.99
176.59
NA
175.75
176.22
NA
NA
NA
NA
175.81
NA
NA
NA
NA
NA
175.08
NA
NA
NA
176.11
175.23
182.11
175.98
176.44
NA
175.15
177.45
175.8
NA
NA
NA
NA
NA
NA
NA
NA
NA
175.67
178.69
176.52
174.97
173.11
175.69
175.45
176.79
177.44
175.14
NA
NA
NA
NA
NA
177.01
175.62
175.34
NA
176.72
177.13
176.41
175.56
NA
178.22
175.56
178.36
NA
NA
NA
175.34
176.01
177.18
175.99
176.5
176.09
175.23
NA
NA
NA
NA
NA
NA
NA
NA
NA
175.05
175.66
175.8
176.19
176.24
176.22
175.64
175.89
176.19
175.56
NA
177.62
NA
178.22
178.5
177.7
175.1
178.2
NA
178.05
NA
178.15