NA
NA
NA
NA
NA
NA
NA
NA
NA
NA
NA
NA
NA
NA
NA
NA
NA
NA
61.6
NA
NA
61.5
NA
NA
61.48
NA
NA
NA
NA
NA
NA
61.93
62.63
61.79
61.75
61.9
61.81
61.89
61.58
NA
NA
NA
NA
NA
NA
NA
NA
NA
NA
NA
NA
NA
NA
62.39
NA
NA
NA
NA
NA
NA
66.5
61.7
NA
63.2
61.49
59.61
63.54
NA
NA
NA
NA
NA
NA
NA
61.53
61.25
62.11
62.5
62.14
NA
NA
NA
NA
NA
NA
NA
NA
62.08
62.47
62.65
NA
NA
NA
NA
NA
NA
60.24
61.37
60.02
60.24
60.55
60.24
64.27
59.99
61.95
59.31
59.25
60.32
NA
61.99
61.89
NA
NA
62.0
61.4
NA
NA
NA
NA
NA
NA
NA
NA
NA
NA
NA
NA
61.94
61.53
62.4
NA
NA
NA
61.86
62.29
NA
NA
NA
NA
NA
NA
NA
NA
61.87
62.7
68.25
63.78
61.35
66.11
66.93
61.93
60.31
67.65
62.29
62.21
61.51
61.51
61.74
61.35
NA
62.09
61.71
62.65
62.44
62.94
NA
63.79
61.63
61.73
NA
61.75
61.86
61.8
61.54
60.17
62.21
60.97
62.56
NA
63.1
63.21
54.68
63.74
61.94
61.81
NA
61.57
NA
62.41
61.8
61.61
62.1
61.16
61.85
61.95
61.55
61.84
61.44
NA
61.3
62.2
66.55
58.07
65.21
60.19
61.39
64.83
61.76
61.44
61.37
61.33
61.58
62.18
NA
NA
61.68
NA
NA
62.31
62.29
62.43
NA
NA
NA
59.55
59.62
NA
NA
NA
NA
NA
NA
61.77
61.86
61.81
61.89
61.84
61.87
61.81
NA
NA
NA
62.04
61.95
61.71
NA
NA
NA
61.74
61.78
61.7
61.79
NA
58.56
62.0
NA
59.8
59.21
62.28
61.78
59.98
59.88
61.88
61.88
61.88
61.91
61.45
62.48
62.67
59.72
61.14
60.94
60.47
60.55
60.16
61.46
61.99
59.26
59.26
61.68
NA
NA
NA
60.41
61.79
NA
61.49
62.37
61.29
NA
59.76
61.67
59.59
59.78
NA
NA
NA
62.01
NA
63.29
62.09
NA
62.05
NA
61.9
61.9
62.06
61.95
62.07
61.61
NA
NA
62.32
62.12
NA
NA
61.97
62.17
NA
62.66
62.03
61.5
61.78
61.52
62.94
NA
NA
61.59
61.34
61.32
NA
NA
NA
61.79
62.03
62.54
61.66
62.23
NA
58.54
62.79
66.22
62.69
61.79
NA
NA
61.92
62.2
62.1
61.23
NA
62.54
NA
61.51
61.23
62.73
63.13
62.61
62.91
NA
NA
NA
NA
NA
61.41
51.69
61.39
61.35
61.35
NA
NA
61.32
NA
NA
61.51
61.23
61.91
NA
NA
60.25
NA
61.31
62.62
62.44
61.79
61.85
59.98
61.48
63.08
60.28
NA
61.48
63.18
60.18
NA