174.78
174.29
175.92
173.57
174.2
175.32
174.11
175.23
174.24
175.11
174.29
175.08
173.8
172.06
176.47
174.15
175.81
174.24
178.23
175.03
176.75
173.8
176.09
176.13
172.87
172.62
174.42
174.51
173.78
174.99
174.47
174.24
173.56
174.65
173.66
175.97
173.5
172.84
173.0
175.99
170.7
173.43
175.9
173.85
173.36
174.51
174.31
174.9
174.71
174.7
176.77
171.76
174.86
174.05
175.0
174.79
172.49
173.93
177.63
173.41
174.96
174.44
174.8
174.7
171.52
172.35
177.48
174.06
175.46
176.2
172.8
174.95
175.38
174.74
173.03
175.64
173.88
174.9
173.33
173.98
175.92
173.79
175.73
174.66
171.9
173.64
174.14
173.53
172.71
173.42
174.02
173.73
175.62
173.87
174.09
174.88
174.31
173.46
175.13
174.6
174.84
175.16
173.31
NA
175.54
175.7
176.53
176.77
176.64
175.02
174.47
174.28
176.33
175.02
172.27
174.97
175.26
174.03
175.26
174.27
173.78
174.49
175.5
174.83
176.28
172.88
176.52
174.53
174.79
175.05
175.51
174.59
175.12
175.19
173.61
175.98
174.51
175.31
173.72
174.58
173.29
173.07
176.19
174.06
173.81
176.55
173.86
175.76
173.75
174.83
172.53
174.08
NA
173.32
172.62
173.95
175.12
176.24
177.55
173.31
NA
173.37
175.09
175.57
171.77
176.45
173.39
175.98
175.3
175.67
175.26
NA
175.85
175.12
175.36
173.88
174.56
175.84
NA
175.18
174.09
173.24
173.03
174.25
173.89
175.07
173.78
172.23
173.91
175.95
172.61
176.33
174.77
175.84
176.43
174.88
176.47
174.9
175.72
174.55
175.46
175.56
175.48
175.51
174.35
173.78
173.6
174.78
175.39
174.0
175.99
173.89
173.71
174.91
175.67
175.26
173.86
172.49
174.85
175.21
175.2
170.72
177.32
174.37
174.16
176.12
174.0
174.28
173.06
174.31
175.98
175.04
174.4
175.26
177.14
173.53
NA
NA
173.43
174.79
175.52
174.16
174.72
174.6
174.25
172.52
175.75
173.5
172.17
173.12
173.77
174.11
175.05
175.81
174.18
173.78
175.72
174.81
173.58
172.48
173.64
172.06
174.75
174.09
NA
173.35
172.28
173.79
175.54
175.88
175.63
175.18
173.76
174.13
173.72
175.52
175.98
174.06
173.33
174.36
175.38
172.85
174.68
NA
173.3
NA
174.43
174.04
175.22
174.83
173.34
175.2
175.93
172.62
NA
173.48
173.71
175.8
174.9
175.38
NA
175.49
174.48
172.56
175.42
176.95
173.91
NA
174.33
174.72
172.04
176.36
NA
176.76
170.07
173.21
175.11
174.89
173.24
174.57
175.71
175.06
174.77
175.28
173.85
173.77
170.83
175.11
172.15
173.66
175.28
172.17
173.51
173.11
175.5
173.71
175.29
175.16
175.16
172.97
173.95
172.28
175.32
172.9
NA
174.43
171.85
174.38
175.49
176.61
175.39
173.53
171.77
172.7
172.67
174.4
174.48
175.05
175.49
174.72
173.88
174.66
174.74
177.5
174.77
174.7
173.9
174.04
174.79
176.01
173.84
171.7
174.66
NA
NA
NA
NA
NA
NA
NA
NA
NA
NA
173.59
174.03
173.07
172.55
176.27
172.11
176.15
175.98
175.17
173.61
NA
174.61
174.07
173.58
175.14
175.56
175.57
175.92
174.14
172.67
176.17
173.05
175.86
175.54
173.93
177.35
174.88
173.6
173.55
175.78
173.33
174.58
173.97
174.86
175.42
172.38
174.12
175.5
174.4
174.44
174.09
176.06
171.89
175.26
175.75
174.87
173.21
174.56
172.43
175.16
173.63
174.56
174.31
174.48
172.38
175.21
173.7
174.65
174.28
174.75
176.74
176.33
177.36
174.63
NA
NA
174.61
176.03
NA
NA
NA
NA
NA
NA
NA
NA
NA
NA
NA
NA
NA
NA
NA
NA
NA
177.63
175.81
173.18
174.86
173.93
174.17
173.01
NA
175.4
174.46
176.0
173.47
174.3
174.41
174.27
176.46
172.58
173.17
174.89
175.46
173.04
173.62
171.61
176.29
173.51
174.19
174.27
NA
176.22
175.83
174.21
175.55
NA
175.35
173.38
172.04
175.23
176.05
176.39
173.74
173.69
174.88
175.61
173.99
174.09
176.38
175.44
176.44
174.18
173.34
174.61
174.11
174.74
174.84
174.75
175.69
176.15
174.21
172.39
174.28
176.03
174.67
172.71
173.98
175.03
174.21
175.33
173.07
174.86
173.76
175.4
174.73
173.52
NA
176.36
174.71
175.81
175.31
174.56
172.4
175.18
175.9
174.87
173.94
174.28
176.87
174.12
174.01
173.3
175.07
174.21
172.72
174.44
173.37
175.79
170.19
174.66
173.5
174.66
175.01
176.05
172.17
174.65
175.83
NA
176.34
174.51
175.29
177.57
173.54
175.96
174.96
173.87
172.53
175.16
175.34
173.51
175.41
175.33
173.68
172.01
175.5
175.66
NA
NA
173.67
175.44
175.56
175.74
176.69
175.06
175.65
176.41
173.44
NA
NA
177.76
175.32
175.93
NA
172.94
173.98
174.3
NA
175.03
175.19
175.89
175.75
174.47
176.4
175.28
174.66
175.33
173.95
176.27
174.24
174.83
175.18
175.73
174.22
175.53
174.04
173.38
174.77
176.65
173.79
NA
NA
173.04
174.63
175.95
173.76
174.13
175.04
176.39
175.27
174.56
175.02
174.57
174.74
176.1
173.77
175.44
174.94
174.68
174.01
178.05
174.9
175.86
174.47
175.35
176.05
175.01
173.17
176.59
174.65
173.94
174.4
173.87
173.11
176.79
174.35
175.23
174.28
174.64
175.04
173.07
173.8
177.19
176.35
174.76
176.4
173.67
173.85
174.05
175.55
174.35
173.72
175.64
176.3
173.88
172.87
176.01
174.73
174.95
174.26
175.52
174.39
173.62
173.83
174.28
175.4
175.47
175.03
175.98
174.55
174.22
174.14
175.2
174.32
174.65
174.2
175.6
174.87
175.71
174.52
174.0
175.86
174.58
176.12
175.18
171.93
173.83
173.61
175.96
173.61
173.33
173.96
174.37
174.3
176.09
175.36
173.51
173.84
175.97
174.0
175.22
172.77
175.77
175.48
175.84
173.27
176.61
174.45
174.23
174.53
175.1
174.22
173.88
176.54
176.85
173.93
174.39
174.34
174.97
175.06
174.69
174.51
175.0
174.6
174.7
174.57
174.17
175.37
175.36
174.87
175.68
174.62
173.92
175.04
175.69
173.91
173.43
172.75
176.73
173.15
172.42
173.92
173.33
174.25
172.7
172.37
NA
NA
NA
NA
NA
NA
NA
NA
NA
174.41
173.99
174.44
174.88
173.91
173.97
177.37
174.22
174.33
174.77
174.19
174.58
174.91
175.09
174.83
176.03
174.89
NA
NA
173.58
174.21
174.98
173.87
174.98
175.03
175.46
173.59
174.15
175.46
176.61
174.88
173.94
173.67
172.67
174.69
172.77
173.61
175.52
173.68
170.87
176.19
175.89
174.02
173.53
174.36
172.69
176.54
175.8
172.32
175.98
175.81
176.04
NA
174.91
174.07
173.63
173.34
175.66
175.32
173.89
173.09
173.17
174.65
177.62
173.68
174.39
174.17
175.3
175.72
174.85
174.14
175.61
174.05
174.19
175.61
175.46
174.28
NA
175.88
176.1
172.98
173.3
175.61
176.2
173.79
173.24
173.06
175.18
NA
171.32
175.26
173.45
175.87
173.9
173.58
175.11
173.45
175.55
173.99
173.56
175.22
173.37
175.96
173.74
173.56
175.1
173.46
175.46
173.9
173.62
175.1
173.25
175.64
173.73
173.43
173.84
NA
173.84
174.36
173.69
174.5
NA
173.34
172.54
172.91
175.42
175.28
175.68
175.55
176.21
173.71
173.81
NA
NA
170.61
174.91
NA
173.11
NA
173.69
173.99
173.99
173.44
172.02
175.37
NA
174.66
174.97
173.51
172.63
174.76
175.89
173.98
172.44
173.71
174.6
NA
173.21
176.27
174.89
173.47
172.18
174.72
174.82
174.89
175.27
173.21
176.21
173.05
173.48
172.14
NA
174.85
NA
NA
172.89
NA
NA
NA
NA
NA
NA
NA
NA
NA
NA
175.44
NA
NA
NA
NA
NA
NA
NA
NA
175.4
174.8
175.6
175.8
174.5
175.4
175.2
174.9
175.6
180.9
172.68
175.65
174.11
173.67
NA
NA
NA
NA
175.19
175.72
174.27
NA
NA
NA
NA
NA
174.54
174.1
175.22
176.64
173.66
175.87
175.27
173.87
173.97
174.67
174.41
174.73
176.99
175.95
172.97
173.86
173.62
173.22
NA
NA
NA
175.01
176.37
176.4
NA
172.84
175.01
173.05
173.66
175.85
NA
NA
NA
NA
NA
NA
NA
NA
172.7
172.7
174.0
172.8
175.5
175.0
174.9
174.1
NA
NA
NA
NA
172.18
NA
NA
NA
175.48
NA
177.64
175.07
175.57
174.87
174.97
175.67
NA
NA
NA
NA
NA
NA
NA
NA
173.43
173.92
174.53
176.82
175.81
173.76
173.46
176.46
NA
NA
175.16
174.56
172.66
173.59
173.45
175.08
175.03
174.42
174.75
175.7
173.55
175.56
175.79
178.91
172.66
173.47
173.24
172.05
174.95
174.65
174.75
173.75
176.35
173.89
175.33
NA
NA
NA
NA
NA
174.5
174.67
174.88
173.6
173.81
174.09
173.84
NA
176.21
175.73
175.22
173.63
176.03
173.85
174.9
173.95
NA
NA
NA
NA
NA
176.04
173.57
174.54
176.35
172.47
176.07
176.37
173.57
173.37
175.17
173.57
176.35
175.09
175.18
175.78
174.41
174.04
174.63
177.6
175.18
174.5
175.37
173.27
175.73
173.91
175.18
176.0
175.05
174.88
175.08
173.82
175.01
175.59
175.18
173.98
174.18
174.78
NA
NA
NA
NA
NA
176.83
174.1
175.32
176.6
174.24
175.6
175.95
174.92
172.2
174.76
NA
NA
172.64
174.43
173.7
173.61
NA
NA
NA
174.56
174.38
174.74
173.47
174.15
174.36
171.57
174.84
174.6
176.67
171.95
174.73
175.93
176.23
173.93
177.43
174.53
174.93
175.93
175.83
174.73
175.93
176.33
173.93
177.43
174.53
174.93
175.93
175.73
174.72
175.92
176.22
174.02
177.52
174.52
175.02
175.82
175.62
174.72
175.92
176.22
174.02
177.42
174.52
175.02
175.82
175.62
174.72
175.92
175.92
174.02
177.22
174.52
174.92
175.82
175.42
NA
NA
175.48
173.87
176.17
174.97
NA
NA
NA
176.21
170.68
173.97
174.45
173.46
173.58
174.01
174.83
176.92
174.95
175.43
175.23
175.83
174.3
NA
176.25
NA
173.69
174.93
NA
174.38
174.14
174.9
173.86
NA
NA
174.39
177.16
173.76
173.85
174.12
174.97
174.4
173.48
173.44
175.21
174.8
174.4
174.76
175.86
173.74
175.76
176.52
NA
174.42
NA
NA
NA
177.03
173.2
176.09
NA
NA
NA
176.94
175.93
174.28
174.9
173.58
176.24
173.02
175.32
173.82
174.14
173.69
174.69
175.15
176.04
175.13
175.91
175.33
174.15
175.15
NA
175.52
175.38
174.18
175.24
NA
175.0
171.36
174.04
174.82
173.89
176.28
176.62
175.79
172.72
175.93
174.54
173.31
174.89
175.42
173.6
174.68
175.15
174.84
173.64
177.51
176.8
173.53
173.54
173.85
174.05
176.23
174.94
176.79
NA
NA
NA
173.96
174.36
NA
173.66
NA
NA
NA
173.88
177.79
175.21
176.47
174.69
175.17
174.64
177.56
175.86
172.21
174.31
174.42
174.01
177.06
NA
NA
NA
NA
NA
NA
NA
NA
NA
175.65
175.88
174.91
175.4
175.87
173.83
175.23
175.05
175.09
175.23
180.96
NA
NA
NA
NA
NA
NA
NA
NA
NA
NA
NA
NA
NA
NA
NA
173.15
176.46
174.17
NA
NA
NA
NA
NA
NA
174.69
175.17
174.64
177.56
175.86
172.21
174.31
174.42
174.01
177.06
NA
NA
NA
172.97
175.7
NA
174.28
176.73
173.58
175.43
175.08
175.19
175.39
175.07
175.44
175.54
175.44
175.24
NA
175.34
NA
NA
NA
NA
NA
NA
NA
NA
NA
NA
NA
NA
NA
NA
NA
NA
NA
NA
NA
NA
NA
NA
NA
NA
NA
NA
NA
NA
NA
NA
NA
NA
NA
NA
NA
NA
NA
NA
NA
NA
NA
NA
NA
NA
NA
NA
NA
NA
NA
NA
NA
NA
NA
NA
NA
NA
NA
NA
174.11
172.16
171.28
175.8
174.61
176.16
176.27
174.34
174.52
174.3
174.61
174.78
174.57
NA
NA
NA
NA
NA
NA
NA
176.08
175.15
175.55
174.76
174.76
174.45
174.91
174.48
174.82
174.24
175.04
173.44
174.38
174.21
177.04
174.96
174.4
175.41
174.29
174.98
173.83
174.13
173.64
174.95
174.51
173.79
173.78
NA
NA
NA
NA
NA
NA
NA
NA
NA
NA
NA
NA
NA
NA
NA
NA
NA
NA
NA
NA
NA
NA
NA
NA
174.79
175.8
175.96
172.84
NA
NA
175.86
NA
175.92
NA
NA
NA
NA
NA
NA
NA
NA
NA
NA
NA
NA
NA
NA
173.23
175.18
173.35
172.72
175.85
174.18
173.27
173.95
176.7
176.86
173.95
176.29
174.66
NA
172.91
175.02
174.4
174.59
173.17
174.57
NA
NA
NA
NA
NA
NA
NA
NA
NA
NA
NA
NA
NA
NA
NA
NA
NA
NA
173.35
NA
NA
172.74
175.78
174.28
173.4
173.81
176.48
176.72
173.58
176.53
174.43
176.95
NA
174.28
174.49
175.13
174.62
173.43
NA
NA
NA
NA
NA
174.82
175.92
174.32
176.42
173.52
NA
NA
NA
NA
NA
NA
NA
NA
NA
NA
NA
NA
NA
NA
NA
NA
NA
172.04
174.51
176.32
174.3
176.67
NA
NA
NA
NA
NA
NA
174.34
NA
174.29
173.58
NA
173.6
NA
NA
NA
NA
NA
176.13
171.36
174.33
177.19
174.5
174.51
NA
171.89
175.81
177.68
175.04
NA
NA
NA
NA
NA
NA
NA
NA
NA
NA
NA
NA
NA
NA
NA
NA
NA
NA
178.77
178.23
178.98
179.6
180.51
179.45
179.27
177.21
177.67
177.86
177.95
178.8
176.15
178.09
NA
175.5
NA
176.22
175.01
NA
NA
174.63
177.69
NA
NA
175.86
174.19
175.07
175.06
173.97
172.8
173.96
173.87
173.45
174.48
173.27
171.57
NA
NA
NA
NA
NA
NA
NA
NA
NA
173.58
172.88
173.58
175.58
174.88
173.18
175.45
174.46
173.57
174.98
173.47
175.3
174.4
175.99
174.07
175.32
173.72
174.79
174.35
174.03
173.96
174.17
176.26
175.92
173.3
175.13
174.96
174.7
NA
173.62
174.8
176.06
174.64
176.45
173.55
172.14
175.64
176.24
174.19
176.35
174.1
174.43
175.63
175.82
176.03
175.46
175.25
175.13
NA
NA
NA
NA
NA
172.65
NA
NA
NA
174.37
175.69
174.47
174.05
174.37
175.49
171.55
173.6
174.33
172.41
172.93
NA
NA
NA
NA
NA
173.74
NA
173.84
174.74
175.04
175.44
NA
NA
NA
NA
NA
NA
NA
174.27
174.29
174.42
173.14
175.24
174.84
173.14
177.24
174.44
173.84
175.44
176.34
175.94
172.54
173.14
175.74
174.68
175.38
174.38
172.58
172.98
176.48
179.38
NA
NA
NA
NA
NA
NA
NA
NA
NA
NA
NA
NA
NA
NA
NA
NA
173.24
172.94
173.14
175.94
176.74
175.84
173.44
174.44
176.64
176.34
174.67
175.17
174.67
177.57
175.87
172.07
174.27
174.37
173.97
177.07
174.83
175.13
174.83
177.63
175.93
172.23
174.23
174.43
174.03
177.13
NA
NA
NA
NA
NA
174.73
175.63
172.93
NA
NA
NA
NA
172.2
174.6
174.2
176.4
172.0
176.0
174.2
176.4
175.96
173.56
174.43
174.88
171.89
176.31
175.14
175.38
174.39
174.34
176.88
175.77
174.82
175.03
175.54
173.26
175.36
175.71
173.0
177.03
174.66
173.75
175.01
172.95
175.65
175.95
175.85
175.65
172.95
175.3
176.3
NA
NA
NA
NA
NA
NA
NA
NA
NA
NA
NA
NA
NA
NA
NA
NA
NA
174.59
174.69
175.89
175.69
176.69
174.6
174.35
172.25
175.85
173.75
175.45
NA
NA
NA
NA
NA
NA
NA
NA
NA
174.14
175.04
174.14
NA
175.34
174.35
175.45
173.65
175.95
175.55
173.15
175.05
177.6
176.63
175.08
176.03
177.47
175.15
NA
NA
NA
NA
NA
NA
NA
174.1
170.8
173.9
NA
NA
173.96
173.32
173.28
173.96
173.32
173.28
NA
NA
NA
173.65
174.15
176.55
174.65
172.75
175.25
175.35
172.95
NA
NA
NA
NA
NA
NA
NA
NA
174.93
173.93
173.03
175.94
174.04
173.15
NA
174.55
175.05
174.75
175.65
174.25
171.65
175.35
NA
NA
NA
NA
NA
NA
NA
NA
NA
NA
NA
NA
NA
NA
NA
NA
NA
NA
NA
NA
NA
NA
NA
NA
NA
NA
NA
NA
NA
NA
173.92
173.92
172.42
175.32
173.62
175.22
174.21
177.46
175.63
174.02
175.12
174.15
175.9
NA
173.88
173.18
NA
174.78
175.28
175.08
174.08
NA
NA
NA
NA
NA
NA
NA
NA
NA
NA
NA
NA
172.82
175.22
174.32
173.22
175.72
176.52
172.12
176.52
NA
173.62
176.52
NA
NA
NA
174.25
NA
175.88
174.88
174.62
174.43
173.74
173.75
175.49
174.59
174.29
NA
NA
NA
NA
NA
NA
173.31
175.69
NA
NA
NA
NA
NA
174.1
175.37
174.79
175.57
NA
NA
NA
NA
NA
171.15
174.25
176.45
170.95
NA
173.58
176.05
174.65
175.75
175.45
175.38
NA
NA
NA
175.75
175.75
171.05
175.45
172.65
172.85
174.15
173.75
173.55
174.45
176.75
172.85
176.75
173.05
174.88
174.58
170.28
174.18
175.88
NA
NA
NA
NA
NA
NA
NA
NA
NA
NA
NA
NA
175.45
176.25
173.75
173.35
172.95
175.15
NA
NA
NA
NA
NA
NA
173.14
175.84
175.54
NA
173.94
172.37
177.06
NA
176.68
177.41
174.66
176.72
176.72
175.59
175.74
174.78
172.93
175.66
175.92
NA
173.21
175.08
175.05
174.07
173.29
174.41
174.11
174.01
172.31
173.91
174.71
172.51
NA
NA
NA
NA
NA
NA
NA
NA
NA
NA
174.62
171.32
173.32
174.95
175.05
175.25
174.15
174.95
172.87
172.37
173.67
175.37
NA
174.75
174.45
173.25
173.85
174.55
NA
175.98
175.83
175.38
173.74
176.86
NA
174.82
175.08
176.46
179.33
173.64
176.29
174.57
173.26
174.92
172.76
177.22
173.34
175.44
175.24
174.55
175.01
173.86
NA
NA
NA
NA
NA
NA
NA
NA
175.42
175.33
175.25
173.61
175.55
174.21
174.99
172.96
173.17
174.17
172.92
172.92
175.46
175.46
NA
174.38
NA
169.97
172.86
174.06
176.67
174.53
175.25
176.27
175.46
175.77
175.77
175.91
175.58
176.53
176.77
172.83
175.61
174.98
173.36
175.01
176.51
NA
NA
NA
NA
NA
NA
175.78
175.78
175.78
175.08
173.88
174.68
175.28
NA
NA
NA
173.79
NA
NA
NA
NA
NA
NA
NA
NA
NA
NA
NA
NA
NA
NA
NA
NA
NA
NA
NA
NA
NA
NA
NA
NA
NA
NA
NA
NA
NA
NA
NA
NA
175.14
NA
NA
NA
NA
NA
171.97
175.01
174.33
174.99
173.48
175.87
175.18
173.89
173.05
175.95
175.65
NA
NA
NA
NA
NA
NA
NA
NA
NA
174.58
171.66
173.88
174.63
171.82
174.99
172.28
175.29
NA
175.61
174.01
NA
171.7
174.7
173.4
NA
NA
172.5
173.3
NA
NA
NA
NA
NA
NA
NA
NA
NA
NA
NA
176.67
174.32
175.52
172.7
173.93
174.03
173.4
174.8
NA
NA
NA
NA
NA
NA
NA
NA
NA
NA
NA
NA
NA
NA
NA
NA
NA
NA
NA
NA
NA
NA
NA
173.67
173.02
174.81
177.18
175.86
174.74
174.41
176.51
NA
175.8
174.2
NA
NA
175.72
174.1
NA
179.35
176.35
175.35
178.95
177.05
176.05
174.95
174.69
175.17
NA
176.67
174.32
175.52
172.7
173.93
174.03
173.4
174.8
NA
NA
NA
NA
NA
NA
NA
174.08
NA
NA
NA
173.81
NA
NA
NA
175.66
176.06
173.86
NA
174.26
NA
176.16
174.16
175.86
NA
NA
NA
NA
NA
NA
NA
NA
NA
NA
173.51
174.57
177.02
178.01
172.63
176.74
174.37
175.86
175.52
174.96
174.85
175.06
174.85
175.0
174.76
175.12
174.66
NA
NA
NA
NA
175.72
NA
NA
NA
NA
NA
NA
NA
NA
NA
NA
NA
NA
NA
NA
NA
NA
NA
NA
NA
NA
NA
NA
NA
NA
NA
NA
NA
NA
NA
NA
NA
NA
NA
NA
NA
NA
NA
NA
NA
NA
173.99
178.47
176.07
175.08
173.68
173.52
NA
175.46
175.2
174.98
174.48
175.18
NA
NA
NA
NA
175.9
175.2
175.3
176.08
NA
173.87
173.67
NA
NA
NA
NA
174.31
NA
174.78
172.17
172.74
173.62
174.67
NA
NA
NA
174.28
174.98
171.78
176.08
175.28
175.38
174.48
174.38
176.78
175.88
175.68
178.03
177.2
NA
177.35
NA
NA
175.64
177.27
178.03
174.49
176.32
175.67
178.27
174.37
175.87
175.37
175.76
174.36
175.96
174.56
175.46
173.32
174.6
175.58
172.39
174.7
173.59
NA
176.14
174.24
173.93
175.14
NA
174.02
176.09
175.31
175.3
NA
176.36
174.46
174.06
175.16
175.46
174.26
176.36
175.06
175.36
173.72
172.8
174.85
NA
173.49
174.46
173.86
175.41
176.75
173.45
173.85
NA
NA
179.25
NA
NA
NA
172.85
NA
176.25
174.67
172.12
175.22
175.96
174.99
173.11
173.46
174.87
174.39
175.96
175.0
173.14
173.48
174.86
174.39
NA
177.01
NA
NA
NA
NA
NA
174.82
175.98
174.74
175.63
174.96
173.36
173.0
175.42
175.11
174.29
174.68
175.79
174.72
175.5
174.95
173.35
173.67
175.25
174.97
174.13
174.57
NA
NA
NA
NA
NA
NA
NA
NA
NA
NA
172.9
175.1
175.0
NA
NA
NA
172.67
174.35
177.24
175.46
173.28
169.85
175.77
174.21
175.77
176.5
174.68
172.79
174.5
174.16
173.98
NA
NA
NA
NA
NA
NA
NA
175.76
175.24
175.16
175.19
174.82
175.03
NA
NA
NA
NA
NA
NA
NA
NA
NA
NA
NA
NA
NA
NA
NA
NA
NA
NA
175.38
173.97
174.75
172.78
173.94
NA
NA
NA
175.07
174.37
175.27
173.57
176.17
174.67
174.47
172.97
174.27
174.47
173.37
174.37
174.37
174.47
173.97
173.89
172.48
176.47
174.36
173.24
174.86
174.76
174.33
176.46
176.59
175.03
175.49
173.87
173.18
172.8
175.15
176.33
174.19
176.22
NA
NA
NA
NA
NA
NA
NA
NA
NA
NA
NA
NA
NA
NA
NA
NA
NA
175.62
175.04
177.08
174.76
NA
176.31
176.21
174.38
170.87
174.95
179.45
176.21
175.93
176.21
173.99
176.14
173.92
174.12
175.35
178.28
176.38
176.58
176.58
176.98
177.78
178.28
179.68
177.88
176.38
175.78
177.18
172.68
174.38
173.68
174.28
174.58
172.88
175.97
175.87
175.47
173.97
176.87
173.27
NA
174.77
175.07
176.17
178.27
173.57
175.87
175.87
175.47
173.77
177.37
NA
175.17
174.97
176.37
179.77
174.97
NA
NA
NA
NA
NA
NA
NA
174.84
173.53
173.78
175.35
174.35
173.15
NA
175.95
174.25
174.35
NA
NA
NA
173.52
175.54
NA
NA
175.81
175.56
173.71
174.39
NA
175.62
175.93
173.7
174.75
172.56
174.42
174.51
172.02
176.21
174.57
NA
175.95
176.85
NA
NA
NA
NA
NA
NA
NA
NA
NA
NA
NA
NA
175.97
172.77
174.87
173.87
174.77
174.07
175.67
174.57
174.97
NA
NA
NA
NA
NA
NA
NA
NA
NA
NA
NA
NA
172.08
NA
174.04
175.81
NA
175.45
NA
NA
NA
NA
176.64
174.24
176.04
NA
173.07
172.77
NA
NA
NA
NA
NA
NA
NA
NA
NA
NA
NA
NA
NA
173.93
175.83
175.03
174.73
172.72
174.43
171.73
175.32
175.12
172.43
175.52
NA
NA
NA
175.4
175.5
175.0
176.2
176.2
174.6
173.7
173.23
176.32
176.04
172.93
174.02
175.5
174.1
173.6
174.5
175.6
175.72
172.61
173.23
175.74
176.53
173.83
173.83
174.93
175.13
176.53
173.33
172.58
175.33
173.63
173.53
178.53
NA
NA
NA
NA
NA
NA
NA
NA
NA
174.25
175.62
174.18
175.55
173.04
172.1
NA
NA
NA
NA
NA
177.52
175.93
NA
NA
NA
NA
176.34
173.64
175.94
174.4
173.19
175.46
175.75
173.01
176.05
174.85
172.05
175.85
174.75
174.45
176.11
176.51
174.61
175.41
172.11
174.81
174.01
174.51
174.21
174.21
175.31
174.91
176.41
174.62
175.78
176.26
173.96
177.39
174.46
174.9
175.86
175.69
175.37
172.69
172.6
175.33
172.64
172.54
173.74
174.98
176.95
174.05
175.18
174.86
176.26
172.23
175.06
NA
175.04
174.59
NA
174.83
174.9
177.97
175.16
172.21
175.21
174.31
175.25
173.99
174.71
172.45
NA
176.93
174.13
174.13
176.43
176.33
175.73
175.63
173.53
NA
NA
NA
NA
NA
NA
NA
NA
NA
NA
NA
175.2
175.65
176.15
173.6
174.25
175.09
176.17
175.25
174.9
175.51
176.41
174.5
175.0
175.6
172.8
175.2
174.46
NA
NA
NA
NA
NA
NA
173.86
175.26
175.82
175.52
NA
176.02
173.62
173.67
173.46
174.46
NA
NA
175.32
171.59
174.67
173.67
174.05
174.58
176.97
NA
175.77
174.75
171.1
173.0
175.25
176.49
174.02
176.37
175.42
173.06
175.72
NA
NA
NA
176.13
173.85
NA
NA
NA
NA
NA
NA
NA
NA
NA
NA
175.1
173.76
174.11
174.59
173.61
176.82
176.38
NA
173.85
175.34
175.33
173.59
177.39
174.29
175.79
173.74
175.44
NA
175.84
175.04
175.42
169.32
NA
173.99
174.6
176.35
173.14
175.0
173.14
174.25
175.56
175.44
173.46
174.21
173.73
174.73
173.08
175.78
172.99
173.92
174.23
NA
NA
175.22
175.6
173.4
173.6
174.41
176.29
172.83
173.38
172.93
176.68
173.9
174.05
173.05
176.89
174.46
173.67
178.12
174.05
NA
173.67
175.37
175.27
173.15
173.33
174.98
172.48
172.97
175.93
176.01
174.23
176.72
176.75
173.56
174.33
NA
173.5
173.55
174.25
173.05
173.25
173.35
NA
172.95
175.05
NA
NA
NA
NA
NA
NA
NA
NA
NA
NA
NA
NA
174.58
172.48
174.58
175.48
174.48
174.32
174.93
177.13
175.83
176.23
173.33
172.83
175.43
175.53
175.89
NA
NA
175.78
NA
NA
NA
170.84
173.54
174.04
174.64
174.64
177.04
NA
NA
NA
NA
NA
174.85
175.06
174.85
NA
173.69
174.89
173.69
173.69
173.69
174.19
174.69
175.13
173.53
174.33
173.93
175.33
175.73
NA
NA
NA
NA
NA
NA
NA
NA
NA
NA
NA
NA
NA
NA
NA
NA
NA
NA
NA
NA
NA
NA
NA
NA
NA
NA
NA
NA
NA
179.74
176.56
NA
NA
173.72
NA
177.22
172.63
175.87
174.27
NA
NA
NA
NA
NA
172.33
174.83
173.63
174.46
176.8
173.82
173.56
174.81
174.21
173.31
174.61
175.31
175.26
176.76
175.16
175.36
174.86
172.56
173.3
176.2
177.6
175.2
175.7
175.2
174.1
174.9
174.3
175.31
175.74
175.06
175.47
174.14
NA
NA
NA
NA
NA
NA
NA
NA
NA
NA
NA
NA
173.66
174.76
173.96
174.85
174.25
173.45
174.75
175.35
174.18
174.18
173.48
174.48
175.38
NA
NA
170.62
175.06
177.29
175.77
NA
175.54
174.58
174.99
175.57
175.6
172.97
174.21
175.9
174.47
174.29
NA
NA
173.94
175.04
173.84
NA
173.34
173.79
173.49
174.49
173.19
171.49
176.24
174.84
174.74
174.04
173.34
NA
NA
NA
NA
174.59
175.43
174.91
175.08
176.13
172.28
175.18
176.51
177.21
177.38
177.61
175.84
175.82
178.01
176.49
178.42
176.54
NA
NA
NA
NA
NA
175.18
NA
174.46
174.18
175.73
NA
173.74
175.53
NA
NA
NA
174.51
174.18
176.06
173.15
172.52
173.32
175.72
175.12
175.12
174.06
176.16
173.06
172.76
175.96
174.06
174.36
175.96
176.06
175.86
175.66
174.48
176.56
174.71
174.4
172.27
176.22
173.68
NA
NA
NA
NA
173.96
175.16
176.26
173.65
176.28
174.03
174.19
174.22
NA
NA
NA
NA
NA
NA
175.75
175.25
172.35
178.35
176.75
NA
NA
NA
174.7
174.5
175.9
NA
176.3
174.6
174.0
174.4
173.3
174.5
174.6
174.75
174.75
174.71
174.8
174.75
174.77
172.93
175.23
173.23
174.0
176.31
172.75
174.8
NA
NA
NA
NA
NA
NA
NA
NA
NA
NA
NA
NA
NA
NA
NA
NA
NA
NA
NA
NA
176.5
174.82
173.95
174.13
174.88
177.04
173.8
173.85
173.79
173.61
175.81
174.71
175.11
176.61
NA
174.71
NA
172.31
176.51
NA
NA
NA
NA
NA
NA
NA
NA
NA
NA
NA
NA
NA
NA
NA
NA
NA
175.87
175.87
173.17
NA
NA
NA
173.87
174.07
NA
NA
NA
NA
NA
173.86
NA
173.63
NA
175.39
175.86
174.8
175.38
174.78
174.65
173.44
174.83
175.82
176.43
173.2
NA
NA
NA
NA
NA
NA
NA
NA
NA
173.69
173.17
172.02
174.42
NA
174.17
174.77
173.53
173.61
173.36
NA
174.57
NA
NA
NA
178.5
177.0
176.8
174.8
172.0
NA
175.17
175.75
173.98
172.53
173.25
175.27
175.29
174.88
171.95
174.41
NA
NA
173.57
175.44
175.13
175.36
174.86
174.35
175.19
NA
176.5
173.8
173.4
NA
169.78
173.83
175.09
172.76
NA
NA
NA
NA
NA
NA
175.94
175.44
175.48
176.58
173.15
177.09
175.52
174.76
176.2
174.19
174.49
NA
NA
177.03
173.8
173.9
174.8
173.59
174.79
177.01
175.78
175.55
174.57
174.5
176.02
174.79
NA
NA
NA
176.23
176.52
178.67
180.63
175.8
178.04
175.88
NA
NA
NA
175.37
172.46
175.4
173.4
172.67
174.28
173.21
171.97
175.92
173.53
173.17
172.96
174.67
172.83
175.27
176.39
175.58
174.57
174.96
174.78
174.09
174.21
176.71
NA
174.61
175.11
174.91
173.91
174.11
175.31
173.91
NA
176.48
174.48
174.98
174.78
173.28
173.68
NA
173.68
NA
NA
173.0
177.07
175.5
175.19
174.88
173.0
175.8
174.0
174.3
175.7
176.2
170.2
175.3
177.2
175.9
175.8
175.7
175.39
175.26
175.05
175.73
174.17
174.68
176.73
174.27
175.12
172.48
176.07
NA
177.31
176.14
175.27
176.49
174.4
174.8
NA
174.72
177.02
NA
174.85
174.24
174.37
175.14
175.17
173.97
176.19
175.69
173.97
176.2
174.7
175.53
175.75
174.35
NA
174.92
NA
173.97
173.56
176.39
NA
175.11
176.43
176.73
173.83
175.93
174.01
174.52
173.25
172.79
174.97
NA
NA
NA
NA
NA
NA
175.83
174.81
173.42
174.42
174.38
174.58
175.28
175.38
173.98
176.08
173.88
171.88
176.68
175.78
NA
NA
NA
NA
NA
NA
NA
NA
NA
NA
NA
NA
NA
NA
NA
NA
NA
NA
NA
NA
NA
NA
NA
NA
174.54
NA
NA
174.61
174.14
174.77
173.75
173.75
NA
174.25
175.45
174.05
172.95
174.85
174.2
175.53
174.14
173.67
174.71
176.27
175.15
175.71
176.89
174.65
179.21
173.89
176.8
176.2
176.42
175.6
178.48
175.76
172.96
177.0
176.06
175.22
171.12
NA
174.63
174.24
173.99
174.96
173.97
NA
173.55
176.12
175.23
175.61
174.75
173.92
NA
175.81
177.28
NA
NA
NA
NA
NA
NA
NA
172.81
178.1
173.66
173.82
NA
NA
NA
NA
NA
NA
174.18
174.29
176.09
174.09
175.99
174.59
173.69
174.09
173.39
173.49
174.19
171.7
172.8
174.0
NA
NA
NA
176.43
173.43
176.43
175.13
172.93
171.83
177.2
173.9
174.5
NA
174.9
176.6
176.6
172.9
175.1
175.9
174.96
173.76
175.46
174.46
NA
174.36
NA
NA
173.36
NA
176.19
174.49
174.29
176.59
175.19
173.89
174.49
176.49
176.09
175.09
177.23
175.73
175.63
177.33
175.93
174.53
175.13
176.63
178.23
178.73
NA
NA
NA
NA
NA
NA
NA
NA
174.56
173.16
173.56
173.36
175.16
174.48
170.87
176.4
174.37
177.06
174.28
174.34
176.01
174.97
175.91
174.43
174.29
175.82
172.63
175.32
176.21
NA
NA
NA
NA
NA
NA
NA
NA
NA
NA
NA
NA
NA
NA
NA
NA
NA
NA
NA
176.51
174.04
174.49
176.0
175.9
NA
173.5
175.1
NA
175.4
175.3
174.68
173.48
175.98
175.18
170.28
176.68
173.58
175.68
174.68
174.78
174.04
175.18
174.09
173.58
174.91
173.01
NA
175.07
175.57
174.07
173.37
174.27
173.21
176.61
176.21
175.61
NA
NA
NA
NA
NA
NA
NA
NA
174.42
175.11
175.48
173.74
175.68
175.47
176.49
173.99
174.09
175.39
173.99
176.39
173.59
176.39
174.22
175.32
173.82
172.62
174.12
172.62
177.57
176.83
NA
176.36
174.64
175.54
NA
NA
173.34
174.92
171.07
173.9
179.35
172.69
173.75
173.51
173.32
NA
177.36
175.98
176.66
NA
NA
NA
NA
NA
NA
NA
174.55
172.75
174.7
174.25
174.55
175.15
173.76
175.0
174.57
174.58
175.6
175.27
174.26
172.16
NA
NA
NA
NA
NA
NA
NA
NA
NA
NA
NA
NA
NA
NA
NA
NA
NA
NA
NA
NA
NA
NA
174.25
176.11
NA
NA
NA
NA
174.37
174.77
175.09
174.97
174.74
174.67
177.43
175.54
NA
173.46
175.76
174.36
174.66
177.06
176.06
175.36
172.66
175.36
176.76
175.43
174.42
175.18
176.93
NA
174.38
175.12
NA
NA
NA
NA
NA
NA
NA
NA
NA
NA
NA
173.74
175.64
173.38
173.71
173.65
172.87
176.17
175.22
NA
176.02
174.82
175.69
175.55
173.91
174.77
174.81
175.94
172.82
NA
NA
174.62
NA
176.02
173.92
175.42
173.92
172.22
173.22
174.82
175.96
175.29
173.64
NA
176.09
NA
177.69
172.79
175.79
NA
NA
NA
NA
NA
NA
176.71
173.41
177.31
175.31
173.71
177.51
176.21
175.24
174.85
179.45
173.97
174.85
173.36
NA
NA
179.53
NA
173.39
NA
177.39
NA
175.23
175.69
173.1
172.39
175.13
NA
NA
NA
NA
NA
NA
NA
NA
NA
NA
173.72
175.56
174.02
175.64
173.92
175.45
174.82
174.0
173.79
174.69
175.49
172.89
174.39
174.23
173.93
173.87
NA
NA
175.16
175.86
175.16
NA
NA
175.58
173.31
NA
173.05
174.84
173.8
173.31
173.37
174.08
175.0
176.29
NA
175.97
172.27
173.97
173.7
173.46
169.89
173.7
173.86
174.96
174.52
175.24
175.38
175.16
176.65
173.26
173.85
NA
174.45
177.08
173.19
171.9
174.27
173.6
175.67
174.38
176.12
173.71
175.19
174.37
176.77
176.67
172.47
172.27
NA
175.05
174.45
173.45
173.15
174.35
176.25
175.35
172.87
174.34
176.97
175.45
175.01
174.61
175.27
172.47
175.67
178.07
173.47
174.07
173.67
174.67
176.67
173.65
NA
NA
175.16
174.12
175.18
170.96
174.74
175.73
174.18
174.66
173.75
174.01
176.27
174.97
174.57
175.17
173.07
172.47
174.27
175.67
NA
NA
NA
NA
NA
NA
NA
NA
NA
NA
NA
NA
NA
176.59
NA
173.19
175.89
172.8
173.97
175.08
174.49
174.46
175.89
174.35
NA
176.33
NA
173.97
175.08
NA
174.46
176.69
174.39
173.79
175.89
173.89
173.55
172.88
174.81
174.84
172.79
177.2
NA
176.79
175.72
NA
174.92
175.79
176.2
NA
NA
175.22
176.16
176.59
173.56
174.36
176.57
NA
174.44
174.46
175.14
173.14
176.14
NA
NA
NA
NA
176.0
173.7
175.3
174.1
174.6
175.4
NA
173.9
176.1
176.0
175.7
NA
172.84
174.5
174.8
172.6
172.8
173.5
173.0
176.4
175.45
174.35
173.95
174.15
174.35
172.39
174.4
176.76
174.02
172.75
178.03
173.61
173.85
173.46
173.86
173.56
NA
NA
NA
NA
NA
NA
NA
NA
NA
NA
NA
NA
NA
NA
NA
NA
NA
171.78
NA
NA
NA
NA
NA
NA
NA
174.87
174.07
174.87
176.97
174.78
175.0
174.55
173.47
174.77
175.89
172.02
173.87
175.57
174.08
175.19
174.47
172.76
171.99
177.68
175.75
177.06
177.35
172.68
174.06
173.41
174.36
175.82
175.03
173.85
175.3
174.58
173.38
175.73
175.31
174.68
174.44
175.92
NA
NA
174.82
174.62
173.06
NA
NA
174.28
173.58
173.68
175.33
174.93
174.68
174.07
174.25
174.63
173.78
173.8
176.07
NA
174.1
174.64
174.98
173.69
173.13
175.76
174.47
173.81
175.09
175.09
174.31
172.42
173.68
172.39
176.49
175.87
174.45
175.08
175.96
176.2
175.05
174.31
175.42
172.42
175.77
173.95
175.08
174.41
175.9
176.6
173.3
174.2
174.9
172.1
178.0
174.4
175.25
173.69
173.29
175.39
175.49
NA
NA
NA
NA
NA
NA
NA
NA
NA
NA
NA
NA
NA
NA
174.4
172.29
174.69
174.45
176.78
NA
173.49
175.36
175.81
173.97
NA
NA
NA
174.6
173.89
173.73
174.98
173.37
173.97
175.61
174.63
173.43
173.99
174.11
173.61
174.11
173.21
174.81
NA
171.94
174.91
171.49
174.63
174.6
173.8
173.8
174.0
173.05
173.91
174.71
175.89
175.5
173.46
175.22
172.93
177.69
174.59
174.01
174.95
175.27
173.07
174.87
174.07
175.67
175.27
176.22
175.22
176.62
NA
174.52
175.62
174.12
172.62
176.15
174.95
176.75
NA
174.05
175.55
173.65
171.25
175.05
173.98
174.18
173.67
175.27
173.41
175.76
173.4
NA
NA
NA
NA
173.42
175.08
174.98
NA
175.68
174.56
172.81
174.03
173.02
175.85
173.71
176.82
175.25
173.79
169.69
174.39
172.89
174.8
173.8
173.63
173.64
174.68
174.6
175.3
NA
173.36
175.07
173.63
175.43
NA
NA
NA
NA
175.78
174.92
173.94
174.41
NA
173.21
175.79
175.14
172.47
174.41
173.89
NA
172.19
176.24
175.76
NA
NA
NA
NA
NA
NA
NA
174.72
176.11
173.76
175.35
173.62
173.33
174.07
173.76
177.03
173.03
176.79
175.05
175.74
173.08
173.99
174.81
177.08
173.46
174.21
172.91
173.1
174.1
175.5
174.6
174.1
NA
NA
NA
NA
NA
NA
176.19
175.59
174.99
NA
176.06
171.84
175.42
175.19
175.61
174.52
175.87
175.56
176.55
172.37
175.4
174.34
176.85
174.43
172.58
174.96
174.11
173.31
174.12
173.41
174.84
174.78
175.81
NA
NA
NA
NA
NA
NA
NA
NA
NA
NA
173.9
174.91
173.8
171.85
175.1
NA
175.19
174.34
173.39
NA
176.94
174.77
176.29
NA
NA
NA
NA
178.53
175.18
176.11
176.16
NA
NA
NA
NA
NA
NA
NA
NA
NA
NA
NA
NA
173.1
175.38
175.3
174.31
NA
NA
NA
NA
173.7
175.54
174.55
176.96
175.42
175.01
176.2
174.86
175.36
175.79
174.55
NA
NA
175.21
NA
181.04
NA
NA
NA
NA
174.74
180.63
179.32
177.35
182.5
172.17
175.17
174.27
175.47
173.27
173.27
174.72
175.17
174.75
175.09
174.23
173.94
174.58
175.76
172.35
176.1
175.45
175.62
176.38
176.12
171.69
174.44
173.68
172.93
176.19
172.41
178.28
174.94
174.99
176.49
174.23
173.96
174.06
174.74
174.61
174.88
175.82
174.95
175.79
176.18
174.66
175.71
171.95
NA
173.55
175.91
175.32
NA
175.25
NA
NA
NA
NA
NA
NA
NA
NA
NA
NA
NA
NA
NA
NA
NA
NA
NA
NA
173.97
173.52
175.98
176.9
174.97
176.08
170.89
174.17
176.98
171.55
175.28
173.27
174.11
174.36
173.64
174.56
174.9
175.15
175.68
174.32
172.75
175.87
175.9
174.24
NA
NA
NA
NA
NA
NA
NA
NA
NA
NA
NA
NA
NA
NA
NA
NA
NA
NA
NA
NA
NA
NA
NA
NA
NA
NA
NA
NA
NA
NA
175.03
NA
174.2
174.72
NA
NA
174.5
173.94
NA
173.18
175.98
174.77
NA
177.34
173.7
174.82
174.36
173.9
176.0
171.96
175.72
175.79
176.21
174.07
176.62
173.97
173.35
174.58
175.95
177.75
175.61
NA
174.52
175.22
173.76
NA
NA
NA
NA
NA
NA
NA
173.99
174.78
175.21
175.36
174.35
174.05
173.96
175.38
175.43
NA
174.8
NA
NA
NA
NA
NA
NA
NA
NA
NA
NA
173.83
174.83
172.23
174.53
NA
NA
NA
174.53
174.93
173.43
NA
174.12
175.32
173.52
174.22
173.62
172.42
174.82
173.82
174.52
172.72
173.62
174.02
174.72
171.01
175.38
175.83
175.37
175.35
176.83
174.55
176.54
176.52
174.08
173.78
175.31
NA
177.15
175.54
175.04
173.82
174.83
175.76
173.99
174.75
175.76
174.84
NA
173.45
NA
NA
174.74
173.52
174.3
175.49
174.36
174.18
174.09
175.79
175.59
NA
176.79
173.89
174.89
175.39
173.59
175.89
175.19
174.43
172.58
174.96
174.11
173.31
174.12
NA
NA
NA
NA
NA
173.34
174.3
177.03
175.01
NA
176.7
173.24
NA
NA
174.05
174.49
173.56
NA
NA
NA
NA
173.63
174.93
173.63
173.85
177.78
176.53
NA
NA
NA
NA
NA
NA
NA
NA
NA
176.29
174.43
177.24
172.93
NA
172.5
169.72
NA
174.46
174.78
175.91
174.33
171.28
174.38
173.15
175.61
NA
NA
NA
NA
NA
174.83
173.79
174.93
NA
NA
NA
NA
NA
NA
NA
NA
NA
NA
NA
NA
NA
169.84
173.14
173.24
173.64
173.64
173.04
NA
173.4
173.62
174.52
176.63
173.59
173.52
175.06
173.56
173.66
173.96
174.36
173.86
175.59
174.59
175.29
175.17
175.48
174.65
173.14
NA
NA
173.61
175.68
175.31
176.7
174.63
173.79
176.51
175.36
175.07
175.52
NA
NA
NA
174.37
173.23
174.84
174.68
175.06
175.59
173.89
173.28
176.06
175.45
175.18
176.24
173.7
173.64
176.17
NA
175.33
175.14
176.43
175.46
175.97
NA
NA
176.12
174.27
174.36
173.66
174.07
176.27
175.92
174.46
175.04
175.2
174.9
175.7
173.8
172.4
NA
172.9
173.76
176.63
173.71
176.39
173.06
175.36
175.76
173.96
177.16
174.36
175.16
175.16
173.41
174.41
172.71
172.61
173.61
172.51
173.71
174.52
175.14
175.2
176.1
174.7
175.4
171.7
173.3
173.3
175.6
174.5
173.22
176.02
174.22
173.92
175.42
174.22
174.22
NA
173.31
175.64
173.64
174.78
174.76
174.07
173.76
176.69
173.64
173.99
174.83
176.19
174.07
176.44
NA
172.66
174.22
NA
172.96
173.37
174.57
174.56
176.32
176.25
NA
174.91
NA
176.74
174.15
173.22
175.92
174.36
176.29
176.33
175.55
174.04
174.96
NA
174.43
175.66
178.17
NA
NA
NA
NA
NA
NA
NA
NA
NA
NA
NA
NA
NA
NA
172.06
171.96
NA
174.09
175.43
174.91
173.77
174.49
172.84
174.07
173.25
175.29
172.59
177.05
NA
NA
NA
NA
NA
NA
NA
NA
NA
NA
173.24
175.44
173.57
172.46
NA
173.46
174.86
176.59
173.05
174.11
172.04
174.75
173.61
173.71
175.67
174.72
173.3
175.34
173.04
175.77
175.92
175.4
NA
NA
NA
177.2
NA
176.6
NA
175.11
174.71
NA
NA
NA
NA
NA
NA
NA
NA
NA
NA
172.88
NA
NA
NA
NA
NA
NA
173.16
175.57
172.38
173.47
NA
NA
NA
NA
NA
NA
174.11
175.61
174.71
174.41
175.51
NA
175.57
174.27
173.37
175.17
174.97
NA
174.57
NA
174.27
175.27
173.58
174.43
174.94
176.13
176.47
174.32
175.27
173.59
174.51
174.95
176.13
176.46
174.32
174.32
NA
172.79
172.39
172.09
174.22
174.04
174.69
172.66
173.61
175.72
173.26
172.44
173.87
173.07
173.28
NA
NA
NA
NA
NA
NA
NA
NA
NA
NA
NA
NA
NA
NA
NA
NA
NA
NA
NA
NA
NA
NA
NA
NA
176.59
173.99
173.49
176.49
174.59
172.99
175.0
174.31
176.74
172.77
173.87
NA
NA
NA
NA
NA
NA
NA
NA
NA
173.49
174.86
176.48
NA
174.7
175.01
174.12
176.1
174.58
174.75
173.49
177.68
174.68
174.11
NA
174.53
175.15
173.92
174.39
175.4
176.42
173.89
174.24
NA
NA
NA
NA
NA
NA
NA
NA
NA
NA
NA
NA
NA
NA
NA
NA
175.05
174.23
NA
NA
NA
NA
NA
NA
NA
NA
NA
NA
NA
NA
NA
172.74
178.02
173.62
173.85
NA
NA
NA
NA
NA
NA
NA
NA
NA
172.84
174.24
NA
174.24
173.04
174.43
174.03
173.0
173.69
175.59
174.08
175.32
NA
176.04
173.39
173.88
174.9
174.12
175.35
NA
170.56
173.48
172.91
174.45
172.27
173.51
173.69
175.02
173.23
178.33
NA
NA
NA
NA
NA
NA
NA
NA
NA
NA
175.35
175.67
173.25
176.22
175.71
175.39
174.19
173.09
175.79
173.71
172.05
174.12
174.69
175.87
173.69
175.52
174.62
176.72
NA
175.56
174.56
176.76
NA
NA
NA
NA
NA
NA
NA
NA
NA
NA
NA
NA
NA
NA
NA
NA
NA
NA
NA
NA
NA
174.01
174.02
174.64
174.4
175.0
175.93
174.54
173.31
174.89
175.42
173.6
174.68
175.15
174.84
NA
NA
NA
NA
NA
NA
NA
NA
NA
NA
NA
NA
NA
NA
NA
NA
NA
NA
NA
NA
NA
NA
NA
NA
NA
NA
NA
NA
NA
NA
NA
NA
NA
NA
NA
NA
NA
NA
NA
NA
NA
NA
NA
NA
NA
173.92
173.47
172.99
175.42
175.5
175.55