35.48
32.88
33.15
34.12
30.95
36.05
36.71
34.13
34.28
32.31
30.51
32.82
36.46
31.26
31.79
33.21
32.71
33.88
31.87
36.71
33.23
35.82
32.34
35.4
35.23
34.28
35.01
NA
35.52
32.46
33.46
35.87
35.64
32.82
35.53
NA
33.85
35.36
NA
31.58
34.17
35.6
32.1
33.57
32.56
32.6
31.11
34.83
36.59
32.96
34.91
35.67
32.25
33.08
33.57
NA
35.54
35.91
35.96
36.88
35.91
32.91
31.95
30.93
35.17
33.19
NA
33.66
34.59
37.74
34.51
35.11
32.56
34.04
33.01
32.88
34.48
34.23
34.63
35.46
35.21
35.62
31.65
NA
34.88
35.92
34.16
33.6
32.78
35.31
33.76
33.79
31.69
33.34
NA
33.07
32.79
35.4
33.01
32.27
33.26
34.19
34.27
NA
32.22
33.21
32.2
33.7
30.74
34.75
34.65
35.8
31.73
33.34
33.87
30.35
31.63
31.88
33.15
35.34
32.39
32.47
34.48
35.22
36.11
36.69
32.19
35.88
36.28
32.14
33.77
32.14
36.0
36.29
33.71
34.49
34.39
33.65
34.8
NA
35.31
33.79
35.27
36.02
35.82
33.99
NA
32.37
36.04
34.72
34.76
34.98
33.46
33.35
33.79
36.59
30.7
32.47
32.16
32.08
35.53
34.73
32.65
34.96
35.2
36.77
34.24
33.03
NA
32.77
34.01
NA
33.89
NA
NA
35.01
35.47
33.99
32.39
NA
36.32
NA
33.91
33.08
34.89
31.84
33.28
35.0
34.25
31.95
35.24
31.74
34.87
32.82
32.36
34.54
NA
NA
31.76
31.55
35.77
37.26
32.23
33.96
33.37
34.11
34.74
33.27
32.62
32.19
31.25
34.61
34.02
31.64
NA
33.61
30.54
36.94
34.37
32.88
32.07
34.65
33.38
34.85
34.28
32.7
34.71
36.19
34.59
NA
35.84
31.64
32.71
33.21
32.94
35.56
36.56
NA
34.76
36.24
34.08
34.59
NA
34.94
31.42
35.38
33.11
35.81
33.06
35.11
33.81
33.16
36.24
33.32
34.76
34.96
35.3
33.16
35.36
35.35
30.21
35.01
32.46
34.29
34.75
NA
33.96
34.73
NA
31.34
33.68
31.47
31.26
38.37
36.26
36.21
34.92
34.81
33.71
32.73
34.96
36.26
31.78
NA
36.95
30.91
36.06
36.09
35.8
33.86
35.05
34.29
32.97
34.29
NA
35.59
32.7
33.76
33.35
34.94
NA
33.66
33.36
36.74
36.91
32.56
36.7
32.73
32.25
35.37
35.26
36.17
32.82
33.91
35.84
35.83
NA
32.77
37.67
34.39
35.09
31.0
33.49
NA
35.04
35.37
35.33
33.82
34.87
35.97
32.33
36.72
36.54
33.95
32.41
34.06
35.69
34.46
30.24
36.57
34.67
34.67
33.71
35.44
32.76
31.3
35.11
33.35
34.08
32.91
NA
35.48
35.89
35.93
34.36
32.97
33.75
35.26
NA
35.87
35.01
32.67
36.06
33.66
36.38
35.39
33.79
34.47
33.67
32.84
35.13
37.94
NA
32.42
NA
NA
NA
NA
NA
NA
NA
NA
NA
33.5
29.11
34.65
35.96
35.04
33.89
33.3
32.41
35.37
35.14
33.21
31.65
NA
35.64
36.86
33.61
31.23
33.12
34.91
35.26
34.18
34.93
35.79
33.28
33.36
30.76
33.69
35.35
35.05
36.21
35.49
34.23
35.69
31.49
32.71
35.17
32.3
34.86
35.37
33.35
35.31
34.86
35.0
33.0
35.36
34.27
36.95
35.28
35.91
33.43
33.39
35.88
34.12
35.17
36.24
33.46
33.28
35.91
NA
33.29
34.27
NA
NA
33.41
NA
NA
NA
31.97
NA
NA
NA
NA
NA
NA
NA
NA
NA
NA
NA
NA
NA
NA
NA
NA
NA
30.96
NA
NA
33.86
35.57
36.33
35.64
NA
33.42
36.06
35.94
35.87
32.56
33.67
32.7
31.8
35.64
33.61
34.7
33.05
34.68
35.0
35.8
32.92
35.66
32.25
32.32
32.82
31.6
32.26
31.06
33.41
32.32
31.95
34.78
NA
35.15
NA
31.38
34.74
33.93
31.13
33.15
30.89
34.92
31.72
33.73
31.51
35.67
34.8
32.46
34.77
35.14
34.21
33.85
32.78
NA
35.61
35.07
33.37
35.24
34.11
32.82
34.87
33.35
33.6
32.7
33.15
33.6
34.96
32.6
33.2
35.35
34.01
32.93
32.19
31.06
34.64
35.32
36.22
33.36
31.53
31.17
32.6
36.23
31.28
36.34
33.92
35.23
33.5
NA
36.68
33.22
36.05
36.48
35.33
33.38
NA
32.92
31.73
32.83
NA
36.22
32.11
34.51
32.33
35.33
32.8
36.27
NA
32.62
33.75
NA
33.41
NA
35.1
33.21
NA
34.62
32.83
36.4
34.4
32.26
31.34
NA
33.57
32.89
NA
35.43
31.69
35.06
33.97
32.93
34.58
34.2
32.16
30.58
34.41
NA
36.01
36.42
34.49
36.1
34.08
33.02
32.6
33.37
35.15
34.12
NA
34.82
34.81
32.37
36.06
32.1
32.4
36.34
30.52
33.55
34.67
33.81
36.79
36.65
36.0
31.55
35.77
33.23
NA
35.02
35.41
31.87
34.74
33.76
31.14
32.19
34.0
33.59
32.35
35.82
33.76
33.32
31.66
33.73
33.58
35.1
35.85
32.63
31.26
34.97
34.15
33.77
34.34
31.94
35.77
32.19
31.18
30.91
33.63
34.11
32.71
32.66
35.18
33.81
35.15
32.16
33.41
33.88
35.79
30.53
31.82
33.54
32.85
34.28
31.96
32.5
31.18
NA
33.34
32.28
NA
35.95
35.54
36.0
NA
32.61
33.74
NA
NA
33.57
36.89
34.31
NA
32.26
34.77
NA
34.74
32.37
36.65
32.41
34.88
32.95
35.19
33.4
34.24
32.94
31.84
33.43
32.33
36.43
31.45
31.26
35.63
35.26
32.15
32.11
34.23
33.55
33.11
33.4
32.19
32.36
34.54
32.79
33.95
34.47
34.48
34.18
34.65
33.07
33.32
31.47
33.48
32.69
32.61
32.66
34.33
33.87
33.78
32.39
31.2
33.2
35.51
33.27
32.75
34.8
32.31
31.61
33.14
35.25
34.01
33.92
34.22
32.04
32.59
33.82
34.19
31.91
34.71
34.89
35.87
35.61
34.66
33.74
36.63
31.65
34.2
35.81
35.69
33.6
32.98
35.79
31.28
NA
NA
32.64
35.14
31.7
32.01
32.01
34.19
33.89
34.65
NA
31.32
32.7
32.89
33.26
30.74
31.97
32.8
32.65
33.07
35.53
34.39
35.79
33.16
34.13
33.08
NA
32.93
36.1
36.82
33.02
35.94
32.54
33.09
31.62
36.47
33.74
33.93
33.3
32.45
33.26
35.26
35.22
32.96
34.79
36.39
33.65
35.67
35.38
30.92
31.98
33.81
33.3
32.44
33.85
31.94
31.69
36.67
33.48
32.22
32.79
33.28
34.55
32.6
36.64
33.99
32.75
32.32
33.84
35.9
34.83
33.51
NA
34.41
36.17
33.64
31.13
34.25
34.84
35.16
32.63
34.04
NA
34.62
35.61
33.55
NA
32.26
32.34
35.0
35.63
32.79
32.13
32.87
35.19
35.52
34.24
34.18
34.99
33.69
NA
32.92
30.42
34.67
33.77
NA
32.84
30.75
34.86
33.71
NA
32.61
30.72
34.66
33.53
NA
33.13
31.07
34.76
34.1
32.67
32.94
NA
34.76
32.04
32.46
34.96
33.43
36.71
33.88
33.05
36.38
36.15
35.1
33.31
NA
31.93
36.52
35.52
34.41
33.91
NA
NA
NA
34.51
NA
34.61
35.61
34.11
34.21
36.81
33.84
33.77
31.53
34.35
35.31
35.31
33.42
35.67
34.01
32.93
33.9
NA
33.19
33.82
33.45
NA
33.23
NA
34.94
34.94
36.79
34.01
34.94
NA
NA
33.39
NA
35.0
35.14
36.95
NA
34.8
NA
32.29
NA
NA
NA
34.24
NA
33.59
33.41
NA
33.58
35.6
31.5
32.82
31.37
NA
NA
34.23
33.73
32.3
35.87
31.96
34.88
34.48
34.35
35.18
32.73
35.16
34.09
35.26
33.21
35.67
32.44
35.04
35.93
34.19
34.16
34.89
34.38
34.37
33.26
35.32
NA
NA
34.21
NA
34.64
36.12
34.7
34.55
34.5
32.74
31.72
31.72
33.82
31.92
35.32
35.0
34.78
34.95
33.08
36.58
31.91
36.47
36.0
32.45
NA
NA
35.51
30.69
34.99
NA
35.82
33.23
34.72
34.24
31.48
NA
NA
NA
NA
NA
32.08
35.18
29.58
35.85
34.75
36.45
34.25
35.65
32.65
34.05
31.45
32.97
34.1
34.27
34.68
32.88
34.8
36.28
38.59
32.07
NA
NA
30.95
33.12
31.72
34.02
34.52
32.43
NA
NA
NA
32.09
34.0
33.46
NA
36.08
35.24
34.86
34.96
32.91
36.54
36.04
34.44
37.64
36.04
36.34
36.44
32.94
32.95
34.84
32.2
35.44
33.75
36.54
32.63
34.85
34.26
35.44
33.3
34.61
35.8
36.79
33.84
34.24
34.44
31.74
34.44
32.14
34.61
34.28
34.21
32.2
31.51
33.61
NA
36.76
31.64
35.23
33.15
36.64
32.49
34.74
34.07
32.2
31.69
32.48
33.73
31.63
36.0
33.65
36.03
36.27
34.07
33.17
34.71
34.98
31.88
36.58
32.6
33.53
32.53
34.53
31.83
33.83
36.13
33.13
34.43
33.69
32.47
NA
33.74
NA
34.85
34.65
35.46
34.44
31.21
33.43
37.07
32.52
34.95
35.25
33.33
34.95
33.59
33.78
36.64
33.3
31.8
31.78
33.58
31.78
34.88
35.52
35.62
35.52
36.22
35.45
32.17
34.83
32.03
NA
35.39
35.18
31.47
33.3
35.27
34.07
NA
NA
36.06
34.17
36.32
34.8
35.77
35.48
31.09
36.51
33.21
32.47
35.19
35.45
35.16
32.47
30.71
33.43
32.39
34.75
NA
NA
NA
NA
NA
NA
NA
NA
NA
NA
NA
NA
NA
NA
NA
NA
NA
NA
NA
NA
NA
NA
NA
NA
NA
NA
NA
NA
NA
NA
NA
NA
NA
NA
NA
NA
NA
NA
NA
NA
NA
NA
NA
NA
NA
32.12
NA
NA
NA
NA
NA
NA
NA
NA
31.06
32.31
38.89
34.73
36.34
32.97
37.34
NA
31.89
32.24
31.93
33.74
31.66
32.77
33.04
31.77
32.62
34.5
36.1
33.79
35.22
34.61
33.03
34.97
NA
NA
NA
32.9
NA
34.93
34.63
33.61
NA
33.01
34.42
31.95
34.53
33.45
36.03
32.28
35.13
32.68
31.8
35.96
35.85
35.26
34.59
35.88
32.93
35.83
32.9
34.24
34.24
35.54
34.72
31.99
34.32
35.6
35.24
34.59
30.72
33.72
35.23
35.77
34.06
35.56
33.77
32.43
34.0
31.33
33.53
30.48
37.09
NA
33.67
32.2
33.78
31.0
34.26
30.92
32.93
37.24
32.86
32.78
NA
NA
35.87
37.73
33.08
35.99
35.58
33.32
35.91
35.24
31.53
34.03
31.66
35.54
31.95
31.95
34.58
NA
34.09
33.33
32.91
31.79
32.01
NA
34.28
33.68
35.08
34.18
34.48
34.78
33.35
31.26
34.56
33.99
31.13
35.85
32.38
45.68
34.16
35.16
32.43
33.07
35.5
32.2
31.89
34.39
32.19
34.04
32.73
31.92
37.52
33.58
30.91
35.24
31.67
34.33
33.88
31.86
34.79
33.34
33.8
34.8
32.44
32.69
34.2
34.21
33.62
NA
NA
NA
NA
NA
NA
32.53
35.12
32.02
35.09
33.05
34.6
30.79
33.78
32.42
35.56
32.84
35.35
NA
36.49
NA
NA
32.42
32.31
45.69
34.17
35.17
32.44
33.08
35.52
32.21
31.9
34.41
32.21
34.11
NA
32.31
35.35
34.78
31.94
32.21
31.54
36.55
34.4
32.69
34.53
32.54
35.79
33.54
33.11
33.09
33.2
33.54
33.41
33.3
33.63
33.37
33.43
33.38
33.7
33.44
33.34
34.68
31.7
33.69
35.14
31.91
33.02
34.02
33.02
34.8
35.37
34.76
32.15
33.62
35.41
32.15
33.34
33.95
32.95
34.73
35.3
34.69
31.89
33.72
35.29
32.0
33.18
33.91
33.61
34.9
35.55
34.79
31.91
33.69
35.32
32.05
33.35
34.13
33.39
34.9
35.54
34.79
31.91
33.69
35.32
32.05
33.35
34.13
33.39
34.9
35.54
31.84
34.29
35.44
33.28
34.71
35.84
36.73
33.7
34.69
35.77
33.37
34.69
35.77
32.14
35.57
NA
34.46
NA
34.98
33.23
31.53
34.99
30.44
33.92
36.78
29.61
36.66
34.27
34.31
37.12
34.21
36.71
33.0
32.13
32.58
36.69
34.32
33.62
37.36
34.2
36.95
32.95
33.16
31.22
33.98
36.14
34.48
35.91
33.15
33.18
34.36
34.43
NA
40.17
34.36
34.38
35.01
31.0
35.73
33.99
35.19
32.96
31.4
34.4
34.18
34.21
34.92
31.65
34.16
33.62
34.14
34.67
32.93
32.65
33.79
NA
NA
34.72
NA
NA
35.25
32.77
35.47
34.24
33.22
36.6
32.51
NA
NA
30.84
32.05
33.91
33.36
33.62
33.45
35.54
30.24
32.18
33.98
34.49
34.23
NA
33.71
32.22
36.79
32.14
33.96
NA
33.49
35.26
34.02
NA
35.58
37.22
33.51
35.58
30.27
32.22
33.96
34.48
34.22
NA
33.57
32.09
36.81
32.34
33.9
NA
33.64
35.19
NA
NA
33.57
NA
NA
32.15
34.09
34.42
34.42
35.0
33.8
32.41
36.87
32.34
34.03
31.96
NA
35.13
33.83
33.77
35.52
36.31
36.1
36.1
36.16
36.16
35.99
36.1
32.14
34.12
33.22
36.43
NA
NA
NA
NA
NA
NA
NA
NA
NA
NA
NA
NA
NA
NA
NA
NA
NA
36.25
35.45
32.52
34.52
30.97
NA
NA
NA
NA
NA
NA
35.27
32.95
35.56
34.43
33.28
36.62
33.38
33.78
33.56
36.45
34.33
34.31
35.16
35.79
33.4
33.04
35.97
NA
34.42
32.16
32.77
34.49
34.51
33.24
31.25
35.77
34.31
35.34
34.49
32.99
31.4
36.0
34.16
35.2
34.42
NA
31.47
36.07
34.09
35.23
35.18
33.26
34.61
35.42
35.8
33.47
35.72
32.19
33.53
35.0
35.01
30.87
32.39
31.59
34.72
33.18
34.69
35.14
35.59
32.76
NA
32.05
33.26
34.77
40.69
29.14
32.46
31.92
32.78
NA
34.8
35.16
33.18
33.85
33.53
34.44
33.3
33.76
33.78
35.35
32.88
33.64
35.73
34.72
NA
NA
30.67
28.17
35.17
34.97
35.07
36.37
34.03
33.5
34.01
34.71
35.75
34.02
34.3
35.22
33.84
34.34
34.91
34.42
NA
34.06
33.63
32.7
31.66
35.2
NA
35.31
33.2
35.96
32.32
34.24
35.9
31.86
34.32
33.12
36.27
35.02
32.32
33.82
34.92
31.8
36.95
35.88
35.91
30.98
35.95
33.44
34.34
32.33
NA
37.21
34.09
36.21
34.68
35.27
NA
NA
NA
32.95
33.02
NA
34.04
30.44
32.72
33.83
33.76
33.55
36.33
34.62
NA
NA
NA
NA
NA
NA
NA
NA
NA
NA
NA
NA
NA
NA
NA
NA
32.11
NA
NA
NA
NA
35.53
33.13
30.43
37.73
34.23
32.43
33.13
34.63
31.23
35.63
33.73
34.63
31.53
36.22
32.82
33.12
35.12
33.42
34.52
35.52
NA
34.75
36.29
33.93
34.2
35.7
34.6
34.1
33.5
36.6
32.0
33.9
30.9
34.4
34.3
33.3
NA
NA
NA
NA
NA
NA
NA
NA
NA
NA
34.23
34.41
35.23
32.38
31.91
35.57
32.38
32.02
34.46
32.24
34.19
34.06
35.16
32.33
31.91
35.42
32.39
31.84
34.44
32.11
34.41
33.01
32.41
35.21
34.91
33.06
32.56
35.06
33.28
36.68
31.48
32.98
NA
NA
34.68
NA
NA
37.18
34.58
NA
34.27
37.07
34.35
34.25
35.65
34.15
34.45
34.85
34.35
33.25
33.55
33.95
31.55
35.15
36.05
34.85
32.95
33.45
33.55
35.25
31.95
35.45
34.75
35.14
33.14
31.54
36.24
34.14
35.14
32.39
33.29
NA
31.97
32.27
31.97
37.37
34.87
32.07
36.6
33.1
34.7
31.0
32.8
34.15
35.25
35.85
34.75
30.6
34.71
36.21
33.81
35.81
32.41
35.93
35.14
35.14
31.04
34.14
32.84
37.1
33.18
31.89
33.42
32.41
33.77
31.89
32.37
34.18
33.32
37.04
32.99
31.33
32.2
32.78
34.98
35.28
33.98
35.18
33.68
31.18
35.71
35.11
34.14
32.17
36.06
32.55
36.54
35.24
31.14
31.54
30.64
32.94
34.94
30.47
NA
NA
NA
NA
33.25
36.83
32.62
33.25
36.83
32.62
35.3
35.2
33.5
35.32
33.02
32.22
34.62
37.02
32.32
34.52
34.32
33.12
32.53
36.43
36.13
34.23
NA
34.23
35.58
34.28
35.28
35.88
31.72
33.92
34.46
35.75
34.22
34.77
36.17
35.11
33.92
34.52
32.5
NA
NA
NA
NA
NA
NA
NA
NA
NA
NA
NA
NA
NA
NA
NA
NA
NA
NA
NA
NA
NA
NA
NA
NA
NA
NA
NA
NA
NA
34.21
34.98
32.28
34.58
34.08
NA
35.88
35.13
32.87
30.67
34.71
32.95
34.14
30.28
35.5
34.13
32.71
36.31
35.81
34.61
31.31
34.21
34.32
32.12
35.27
32.78
34.59
34.94
32.56
32.63
32.53
35.75
30.72
34.09
33.34
34.84
35.74
35.84
32.24
32.74
35.44
32.24
32.24
35.24
31.44
32.78
32.91
34.43
35.34
33.33
32.33
34.66
32.1
37.35
29.84
32.7
33.68
34.48
34.88
32.86
35.06
35.76
35.36
34.56
33.36
33.03
33.2
32.88
36.07
35.5
NA
33.74
33.55
32.93
35.91
32.0
NA
NA
NA
NA
NA
NA
NA
NA
NA
33.45
36.56
34.41
35.91
35.81
33.61
33.28
33.52
33.41
34.91
32.23
32.53
34.73
33.33
36.43
36.33
34.13
NA
31.93
32.23
33.63
35.33
34.13
35.33
30.99
NA
34.09
36.79
30.99
NA
34.98
NA
32.84
37.21
NA
34.95
NA
32.81
37.18
33.64
33.04
33.07
32.07
33.07
35.27
35.77
34.47
34.12
36.32
33.15
NA
NA
33.71
NA
NA
NA
NA
NA
34.15
31.09
33.93
32.71
34.82
32.03
32.6
36.08
33.25
32.62
33.05
34.95
35.15
NA
NA
NA
NA
NA
NA
NA
NA
NA
NA
NA
NA
NA
NA
35.32
35.22
33.02
34.62
33.02
33.52
35.32
31.82
31.62
34.92
34.32
33.52
36.12
32.06
32.46
33.76
32.86
35.86
34.17
34.17
33.67
34.47
36.97
31.42
33.02
36.92
34.42
29.12
27.66
33.94
33.33
32.64
34.52
35.15
NA
34.67
32.56
34.22
33.17
35.68
NA
36.04
NA
35.35
NA
NA
35.54
36.43
33.93
36.31
33.55
31.85
NA
34.61
33.96
33.62
NA
NA
32.6
33.29
31.98
32.0
32.0
34.55
32.79
NA
32.29
33.62
35.21
34.21
35.56
36.16
29.69
32.24
32.93
36.39
33.98
34.25
34.44
31.52
35.05
36.19
33.19
32.55
33.08
32.85
32.87
33.12
32.51
33.31
32.31
34.75
31.92
33.86
35.8
32.07
31.92
33.23
35.08
NA
34.25
31.45
NA
32.34
31.94
31.74
33.64
37.94
33.64
34.84
NA
NA
34.05
35.5
32.28
33.78
31.78
30.98
31.18
32.44
32.71
31.24
35.43
34.32
31.25
34.58
36.12
38.11
33.51
32.52
32.69
31.32
35.44
33.78
31.25
34.73
36.2
38.12
33.48
34.32
NA
NA
NA
NA
28.6
34.04
35.08
32.15
33.95
34.05
29.45
33.05
30.52
35.81
35.24
34.34
35.71
32.13
33.02
34.53
35.22
31.22
35.32
31.68
35.26
29.73
33.37
33.71
31.22
35.54
33.28
33.99
35.38
34.78
32.18
35.07
35.49
33.49
35.72
33.31
36.51
NA
32.57
33.88
35.58
32.98
36.08
36.78
31.18
37.48
33.28
33.11
31.71
34.71
36.22
31.87
35.53
34.61
34.55
35.13
36.03
34.76
36.14
33.6
32.36
35.4
31.82
33.27
33.07
36.18
36.55
35.25
31.15
31.55
30.65
32.95
34.95
34.76
35.96
33.26
34.86
34.56
34.75
36.05
33.25
34.55
34.55
34.44
34.34
36.24
35.54
32.34
33.04
34.22
33.49
35.91
31.43
32.46
31.78
35.48
32.59
NA
34.18
34.97
31.76
33.85
NA
34.88
NA
NA
35.47
36.97
32.27
31.07
NA
33.87
36.7
37.24
33.03
36.14
33.6
32.36
35.4
31.82
33.27
33.07
36.18
30.5
33.92
35.4
34.62
33.33
33.76
33.46
33.73
33.26
34.56
32.81
31.15
33.9
35.5
34.6
31.58
32.58
34.49
35.81
33.34
NA
31.07
32.58
NA
33.59
32.42
31.31
36.15
35.52
32.92
35.06
30.72
31.86
35.05
32.67
35.35
31.53
31.33
35.68
32.49
34.92
33.28
32.91
32.16
33.48
36.49
35.23
34.53
35.22
34.69
35.15
36.29
34.51
33.88
29.88
32.26
35.37
35.4
35.37
36.36
33.05
NA
34.85
NA
36.65
35.75
32.15
33.85
34.75
35.05
36.75
36.15
NA
32.95
NA
34.96
NA
NA
35.85
32.41
33.69
34.97
35.43
36.76
36.66
NA
34.26
36.23
37.21
34.85
33.83
35.06
35.0
33.79
33.74
34.89
34.78
36.08
32.89
33.86
32.56
35.16
33.96
35.56
31.46
34.29
33.99
32.49
31.67
32.96
35.82
32.47
34.81
NA
NA
NA
NA
35.34
NA
35.74
34.13
33.0
NA
36.52
32.24
32.65
32.67
33.57
32.99
32.16
34.2
36.3
34.73
34.38
34.18
35.68
34.38
34.48
34.88
34.38
33.18
33.68
33.98
32.68
34.78
36.23
22.49
35.73
NA
NA
31.76
34.53
32.16
33.55
33.0
32.34
30.44
36.04
33.44
NA
31.98
33.08
36.48
35.28
38.08
31.94
34.42
33.85
26.73
37.12
36.74
NA
NA
NA
NA
NA
NA
NA
NA
NA
NA
35.85
31.25
35.15
34.55
36.05
35.85
35.75
36.55
33.05
34.55
35.26
35.97
33.5
33.62
31.89
32.08
37.61
33.31
33.28
34.68
NA
33.48
33.68
36.18
36.78
33.68
33.68
NA
NA
32.63
31.92
35.8
33.28
31.71
31.6
34.7
35.21
35.75
33.1
31.69
31.7
34.65
35.39
35.72
33.05
32.96
31.6
36.13
33.63
34.63
34.53
NA
34.76
32.57
32.3
31.79
34.08
35.45
35.6
32.77
33.03
33.72
31.17
NA
36.84
NA
34.07
35.51
34.25
33.31
NA
33.33
31.82
31.73
32.23
34.73
34.43
31.88
32.88
31.39
32.99
33.86
33.77
35.96
34.46
31.86
33.08
36.64
34.44
35.61
32.29
34.13
31.81
35.56
34.53
31.8
36.44
31.83
32.42
32.75
34.35
31.94
33.38
33.81
32.92
33.94
33.52
33.59
34.21
32.98
32.35
32.64
32.08
33.34
35.2
35.16
32.45
32.65
35.02
31.7
32.65
35.5
33.6
33.6
30.79
34.07
34.07
33.92
35.91
35.57
34.12
36.32
33.15
NA
NA
32.86
34.57
33.02
35.43
34.97
33.92
35.91
35.57
32.94
34.14
34.44
35.24
32.24
35.34
34.25
36.15
35.85
NA
36.35
35.65
32.95
33.15
36.05
33.19
33.19
33.7
32.68
36.93
32.64
31.77
35.62
33.07
33.11
32.74
33.46
34.6
34.59
35.56
35.68
32.69
32.25
32.38
NA
NA
NA
NA
33.31
35.44
34.16
32.22
32.49
35.19
33.4
35.19
33.54
31.71
33.47
31.07
34.38
32.46
35.16
35.94
32.85
NA
33.08
33.93
30.88
33.7
33.7
30.18
NA
30.65
32.99
35.97
32.57
35.87
35.81
33.23
34.81
33.83
35.93
43.73
34.97
31.51
34.73
NA
36.33
32.53
32.75
33.85
34.92
35.82
34.32
32.72
35.82
34.42
33.61
33.01
32.31
34.91
34.81
32.61
NA
34.31
32.11
34.11
33.61
35.31
33.49
32.89
32.29
32.39
34.69
32.69
33.79
32.19
32.89
31.59
33.79
33.65
33.99
35.92
29.03
NA
35.92
31.77
34.66
NA
34.31
35.36
33.66
32.56
33.36
33.16
32.86
34.16
32.56
33.23
36.13
34.27
33.6
NA
NA
35.03
33.51
32.73
34.49
36.25
35.41
NA
33.77
32.82
34.47
33.82
36.11
34.39
32.79
31.87
33.27
32.91
NA
35.45
35.35
35.25
34.25
32.75
35.65
35.61
35.4
35.35
34.21
32.85
NA
32.88
35.22
NA
32.48
32.77
33.07
33.56
36.37
34.86
35.46
NA
35.06
34.16
32.86
31.86
36.56
NA
36.36
34.66
32.16
31.36
32.38
33.51
36.01
33.86
33.15
34.04
30.82
34.82
33.52
NA
30.37
33.67
30.97
NA
33.83
34.88
35.0
32.5
31.79
33.28
32.98
35.89
34.21
31.35
33.2
37.46
33.73
35.79
30.92
31.92
33.12
33.32
34.11
34.39
32.51
34.97
33.05
33.33
33.05
34.42
34.31
32.35
35.25
32.88
30.77
35.86
31.09
31.92
32.24
35.94
35.8
35.52
35.7
31.82
38.0
31.96
36.26
32.56
35.86
32.84
32.57
NA
34.43
34.69
34.32
32.52
35.62
35.62
32.62
30.53
35.49
34.05
33.8
35.45
35.04
31.69
33.93
36.12
33.81
42.32
33.78
33.42
31.56
33.75
NA
35.08
31.23
30.71
NA
34.77
NA
35.9
33.68
31.8
34.11
33.65
31.67
33.97
33.74
35.52
32.13
34.81
31.59
36.49
31.79
35.68
34.59
31.99
32.07
33.53
33.44
32.54
35.74
32.84
35.04
34.54
33.53
34.43
34.53
31.53
35.03
33.23
31.03
31.73
36.43
35.33
37.33
35.83
33.13
32.59
32.23
33.05
34.08
30.65
33.94
31.64
34.8
34.34
34.68
34.11
34.08
34.69
NA
NA
35.55
35.32
31.31
NA
NA
NA
NA
NA
NA
NA
NA
NA
NA
32.5
34.88
32.32
33.57
35.72
34.11
32.19
33.15
33.55
32.03
35.47
NA
33.32
NA
33.22
31.82
35.32
NA
NA
NA
33.52
34.92
32.46
35.5
31.64
32.99
35.66
32.02
35.94
36.48
35.91
35.8
32.16
34.02
33.35
34.42
34.12
32.1
34.59
35.21
32.55
29.21
32.85
32.75
34.25
34.55
31.15
35.87
NA
NA
NA
NA
NA
NA
NA
NA
33.07
33.22
33.16
32.78
35.65
31.63
33.66
NA
NA
NA
32.0
31.92
35.21
34.96
NA
33.27
32.68
NA
31.78
34.86
33.94
34.78
32.82
37.24
36.39
33.25
31.96
36.81
33.8
NA
29.08
NA
34.72
37.08
32.7
34.2
31.2
36.0
34.6
34.58
35.85
34.24
34.59
34.58
34.73
33.86
34.32
34.78
34.43
31.04
33.84
36.16
34.76
33.37
34.98
35.13
34.13
NA
32.83
33.85
33.15
34.55
32.65
33.35
32.52
NA
NA
NA
NA
32.14
32.38
34.41
36.64
33.93
32.83
35.01
35.62
34.74
29.64
34.5
36.31
32.76
35.3
35.83
34.09
32.43
34.11
33.61
33.24
NA
34.78
32.37
34.9
NA
31.12
36.37
33.39
33.87
35.74
35.27
31.99
32.92
36.21
32.46
33.4
33.9
34.78
33.18
34.88
33.69
32.32
32.76
35.97
35.01
32.55
29.93
32.23
32.2
31.4
32.45
34.52
34.65
35.85
34.89
34.59
35.29
32.19
29.79
33.39
33.89
34.49
35.19
34.96
34.96
32.96
33.46
35.46
32.56
34.96
32.26
NA
32.86
33.96
34.56
33.76
34.06
33.56
33.46
32.77
35.35
32.75
34.55
NA
34.05
35.35
NA
NA
NA
NA
NA
NA
NA
NA
NA
NA
NA
NA
NA
NA
32.01
34.13
35.47
34.12
31.09
32.39
33.46
36.47
35.21
NA
34.11
32.11
35.41
35.21
32.61
33.91
35.21
33.81
35.86
35.66
33.63
32.18
33.07
NA
NA
NA
NA
NA
NA
NA
NA
NA
NA
NA
NA
NA
NA
NA
NA
NA
NA
NA
NA
NA
NA
NA
NA
NA
NA
NA
NA
NA
NA
NA
NA
NA
NA
NA
NA
NA
39.83
34.53
33.83
34.23
NA
NA
NA
36.26
33.46
36.2
36.98
31.12
33.6
35.95
34.05
33.95
34.45
36.75
32.35
35.03
31.63
37.03
33.33
36.23
35.13
34.74
NA
31.84
35.14
33.24
34.14
NA
31.84
33.14
NA
NA
NA
NA
NA
33.91
35.09
35.56
33.74
33.33
NA
32.3
36.93
31.76
32.74
33.23
33.7
32.14
32.94
33.04
34.17
34.17
34.47
36.67
32.27
33.71
32.51
34.11
34.11
33.49
35.32
33.91
33.03
36.44
32.62
NA
33.17
32.16
34.54
32.68
33.53
32.45
35.04
31.69
35.28
33.29
34.91
34.91
32.87
32.87
33.89
35.93
30.64
35.93
33.19
33.83
33.4
34.41
33.29
31.27
32.47
32.27
35.07
35.77
33.82
34.02
31.42
35.32
32.81
33.87
33.93
30.63
32.22
36.06
34.16
33.14
30.87
35.64
35.14
32.66
32.58
35.07
33.34
33.7
32.96
33.85
34.55
31.75
34.45
32.65
33.23
33.15
35.87
32.23
32.11
32.75
32.52
32.66
NA
NA
NA
34.2
33.56
NA
33.69
35.67
34.77
32.17
33.77
33.17
32.18
32.83
34.45
34.08
32.14
30.53
33.41
33.33
32.66
31.03
30.35
32.85
31.34
33.63
35.27
34.43
33.02
35.34
32.55
34.49
33.48
36.0
36.25
30.65
32.35
35.45
31.99
33.45
33.78
34.65
35.71
31.35
33.62
34.85
33.26
34.91
NA
37.18
33.58
30.48
NA
NA
NA
33.82
34.68
31.68
35.58
32.18
31.28
34.38
36.78
36.38
29.68
35.38
31.28
NA
NA
NA
NA
NA
NA
35.6
31.5
36.5
34.05
30.23
36.17
35.71
32.67
32.97
34.04
33.29
35.78
31.45
32.51
32.72
34.18
33.19
35.61
31.84
32.56
31.86
34.05
32.18
35.61
29.99
NA
32.18
31.96
31.14
32.4
33.54
35.3
31.2
32.9
35.05
32.02
35.37
32.27
35.37
33.67
33.57
33.57
31.17
NA
32.97
33.57
36.5
33.04
36.33
34.45
NA
31.94
33.46
32.89
32.55
36.08
NA
36.19
35.65
32.63
33.63
34.75
NA
33.69
32.29
34.59
33.19
34.99
30.19
33.19
34.29
34.69
32.62
32.62
32.62
33.65
33.3
NA
34.05
26.19
32.36
32.02
NA
35.36
33.93
33.03
34.53
NA
34.16
33.48
34.26
NA
33.35
31.93
33.8
34.52
32.87
32.54
35.25
32.69
36.55
37.01
35.82
35.7
32.54
33.72
34.42
36.36
35.75
36.42
32.96
33.45
34.34
32.54
36.04
35.6
34.35
34.86
34.02
35.01
35.6
35.49
31.73
32.67
34.55
35.18
31.73
32.05
32.05
34.87
33.93
35.78
32.09
NA
31.95
31.36
32.92
NA
32.85
33.39
NA
34.41
36.21
34.81
NA
34.01
34.32
35.32
32.47
35.74
34.88
36.37
31.94
35.8
33.6
30.58
34.13
31.34
32.47
33.02
33.13
35.45
31.95
31.13
34.24
35.01
34.58
31.58
32.5
36.86
34.58
33.28
34.96
36.01
32.0
34.44
33.52
35.93
34.62
32.7
31.87
35.75
NA
34.75
31.66
31.03
36.73
34.83
32.93
34.18
32.3
NA
35.03
35.42
36.75
33.58
NA
NA
NA
NA
NA
NA
NA
NA
NA
NA
NA
NA
NA
NA
NA
35.15
32.16
33.01
33.69
33.16
32.46
NA
NA
NA
NA
NA
NA
NA
NA
NA
NA
NA
NA
NA
NA
NA
NA
NA
NA
NA
36.55
35.49
31.41
30.86
33.14
34.86
32.95
36.55
33.75
31.45
34.25
33.15
34.15
30.55
32.95
31.75
33.35
32.59
33.91
33.91
34.78
33.2
34.0
33.6
33.99
36.33
35.34
33.78
NA
35.35
34.47
34.18
36.82
31.53
29.77
35.64
32.22
35.06
NA
34.42
36.39
36.18
36.99
34.52
36.37
33.43
31.47
32.47
NA
NA
37.3
31.69
32.74
36.11
NA
37.66
NA
NA
NA
NA
NA
34.19
33.09
35.89
33.89
33.73
34.35
35.11
31.92
34.08
35.5
34.34
35.52
36.02
34.82
35.42
30.64
35.13
35.15
35.92
32.66
35.09
34.69
34.29
34.99
33.09
35.49
36.19
34.49
33.79
35.54
32.57
32.84
32.3
35.27
NA
32.07
33.74
35.46
31.91
NA
32.5
35.59
32.49
32.29
33.59
NA
33.12
32.12
35.82
31.22
34.82
NA
35.54
35.55
NA
35.78
36.19
33.53
34.04
33.53
33.79
31.99
34.01
33.41
37.71
35.51
32.91
33.51
32.14
34.02
33.62
35.07
34.31
34.3
33.29
34.58
32.52
35.85
31.47
36.29
32.51
34.32
35.36
33.8
31.47
36.83
NA
31.55
NA
34.32
NA
35.71
35.21
35.46
32.46
34.69
NA
33.82
31.41
34.19
33.65
32.77
33.64
31.08
33.12
NA
34.05
33.1
34.4
NA
32.23
34.49
35.15
NA
31.19
35.54
35.09
33.05
NA
NA
NA
NA
NA
33.0
31.1
32.5
34.9
33.1
33.6
35.0
35.9
35.1
35.4
NA
35.68
32.28
31.58
31.08
NA
35.5
36.04
35.74
31.34
33.24
35.74
35.84
32.72
34.92
34.22
32.72
35.42
32.22
32.62
35.52
34.62
NA
34.51
31.41
33.71
34.11
34.01
32.31
37.21
NA
32.11
35.51
32.61
34.41
31.51
32.01
35.41
34.61
36.11
32.21
30.81
33.31
34.49
32.09
34.19
35.89
32.69
34.69
31.79
32.79
36.39
34.99
34.82
32.4
36.52
34.88
31.14
30.82
NA
34.63
35.01
33.51
35.91
36.31
32.11
35.42
35.24
32.59
37.9
33.6
34.7
34.17
32.58
34.16
32.31
33.26
34.05
34.04
34.99
33.37
NA
NA
NA
NA
NA
NA
NA
36.46
35.35
31.37
30.74
NA
34.82
34.51
34.84
NA
33.7
34.7
NA
NA
33.2
35.14
35.27
33.67
34.67
33.57
33.07
34.17
37.27
33.17
36.47
34.64
35.94
32.14
32.74
35.44
34.94
32.84
34.44
33.24
34.94
33.17
32.4
35.17
35.96
35.43
34.39
34.56
33.56
31.96
33.56
31.66
35.86
33.86
31.36
33.56
33.66
33.56
33.19
33.88
30.77
32.2
32.08
31.87
33.89
33.05
33.86
30.8
32.38
32.06
31.85
32.29
35.29
35.59
NA
28.79
31.29
33.19
30.69
34.58
34.98
34.48
32.98
NA
35.58
35.28
32.35
NA
NA
35.07
36.55
35.23
NA
33.05
34.58
35.59
NA
NA
33.27
36.07
37.19
32.05
29.01
32.13
NA
32.52
33.76
31.8
31.6
32.5
34.1
34.5
35.3
34.9
36.01
35.57
35.52
32.43
33.93
33.51
32.9
34.13
34.5
33.3
33.63
33.24
36.51
35.22
33.44
33.4
35.93
30.7
35.02
37.55
34.03
35.85
35.55
32.02
34.47
31.92
NA
35.22
34.63
33.09
34.53
34.01
34.56
35.44
31.89
36.08
33.37
34.04
34.8
35.45
31.91
35.69
35.69
31.84
31.97
31.87
32.03
32.1
35.86
36.4
35.61
32.31
36.01
33.11
33.31
33.31
31.91
35.81
33.21
33.51
31.14
35.19
34.31
34.79
35.96
32.75
33.42
32.07
NA
NA
NA
NA
NA
NA
34.38
35.72
32.74
33.27
35.39
32.73
NA
33.43
35.38
30.49
32.99
36.02
34.45
36.07
33.87
33.87
32.22
34.15
34.7
33.32
34.42
33.49
NA
33.99
34.69
NA
32.49
33.89
31.69
31.19
37.19
33.69
33.69
31.61
32.95
34.77
32.12
32.7
32.2
31.8
35.5
31.9
36.36
34.46
32.96
34.56
34.36
34.66
31.22
31.82
34.92
33.72
34.52
31.72
31.92
35.84
34.28
30.86
33.22
35.14
34.95
33.06
35.49
30.74
33.77
32.52
33.55
31.61
34.61
33.16
30.9
34.9
36.22
32.6
35.32
32.51
30.26
NA
33.07
36.3
NA
32.8
36.1
NA
36.12
34.9
36.22
32.02
34.73
31.26
37.36
35.51
36.23
32.63
36.23
34.73
35.73
32.41
36.61
34.63
35.48
33.49
31.88
33.98
32.97
32.24
34.14
34.27
33.85
33.13
35.32
32.78
34.77
33.09
33.73
34.85
33.29
35.33
33.94
32.37
35.65
34.71
NA
35.4
34.13
35.23
34.77
31.69
34.32
34.65
31.41
31.43
30.71
35.87
35.21
33.29
32.4
33.28
36.99
35.62
33.69
NA
33.28
38.51
35.07
36.1
32.3
34.15
32.35
31.85
35.45
36.25
33.55
32.9
35.1
34.7
33.5
NA
32.2
31.0
36.71
32.19
34.4
31.85
32.72
32.5
31.74
NA
NA
35.64
38.64
31.14
32.24
36.84
31.64
33.46
33.89
36.33
33.56
34.23
31.91
35.31
32.09
33.32
34.75
29.18
35.0
34.82
32.3
34.3
NA
34.3
33.9
35.1
35.7
32.7
36.07
33.2
34.16
35.73
35.26
33.76
33.47
34.33
33.66
34.08
33.71
33.85
NA
33.12
33.02
34.72
31.32
NA
35.67
36.21
32.12
36.31
31.76
32.76
32.93
31.76
32.6
34.58
36.17
33.87
35.03
33.26
31.86
34.56
31.66
35.37
34.64
33.87
31.93
35.2
35.53
33.59
NA
32.14
32.78
33.59
35.09
34.77
32.19
32.77
NA
35.34
32.3
31.23
34.45
32.89
31.68
32.11
34.86
34.74
36.73
34.53
32.63
33.63
NA
NA
NA
31.11
33.91
35.21
31.71
30.61
32.81
34.71
34.61
32.71
32.21
33.82
34.24
35.39
36.95
34.81
34.81
35.01
33.31
35.51
34.01
32.61
34.19
33.0
33.24
34.07
33.66
33.34
41.35
36.97
NA
31.37
35.83
35.46
NA
34.23
34.73
33.43
35.7
33.88
35.76
29.19
33.14
32.74
31.34
33.14
34.84
34.94
32.44
32.44
34.24
31.44
35.44
32.74
35.95
34.48
35.08
36.09
32.09
35.69
33.49
34.99
33.74
32.84
33.04
32.28
33.78
35.01
29.84
35.75
32.17
35.77
33.7
34.61
33.1
34.7
NA
37.75
35.96
35.96
34.09
32.45
31.27
34.56
36.43
34.57
30.22
35.49
35.77
35.28
33.67
34.76
33.94
35.22
35.49
33.3
32.31
36.07
34.27
34.05
34.36
34.89
34.13
35.2
34.28
34.01
33.5
34.0
35.2
32.88
37.29
33.46
35.39
35.59
33.51
35.41
35.41
NA
34.7
34.34
34.56
34.65
35.22
34.27
32.16
34.47
35.8
34.31
33.91
32.9
32.07
33.3
34.42
34.64
32.64
33.99
35.07
35.49
29.73
32.05
32.19
32.21
32.2
35.86
33.87
34.56
33.02
32.46
33.28
37.1
35.19
32.46
36.28
31.09
33.55
34.1
34.43
34.83
36.33
35.13
NA
NA
NA
32.68
37.05
NA
NA
NA
36.0
30.6
32.9
33.8
32.1
34.7
33.93
34.01
34.68
32.32
34.23
NA
35.87
35.0
33.57
35.37
35.49
34.49
35.69
34.22
36.39
34.9
36.57
35.33
34.5
31.83
33.77
32.66
32.29
33.93
35.73
35.33
32.73
33.83
33.9
36.42
NA
34.89
35.05
34.04
36.34
34.74
NA
33.63
34.65
36.44
31.55
31.83
34.65
34.4
35.94
NA
33.2
35.16
34.79
32.58
34.08
35.18
33.28
31.68
31.88
34.22
NA
31.02
32.52
34.52
NA
NA
34.72
NA
NA
NA
NA
NA
NA
NA
NA
32.88
33.13
31.06
34.7
33.58
32.2
33.79
33.78
31.25
NA
54.25
32.55
34.33
37.05
34.42
31.48
33.92
36.41
32.45
31.97
35.77
30.73
32.9
32.35
32.63
36.54
35.24
35.64
31.74
30.83
33.16
34.33
33.37
34.52
33.54
31.96
33.26
34.23
32.92
34.87
36.14
NA
31.31
33.49
34.38
32.87
34.77
34.39
34.53
NA
35.67
33.95
34.81
35.17
35.44
35.72
NA
35.11
34.86
33.39
34.43
35.83
32.4
35.12
32.59
31.49
32.87
33.37
35.69
32.67
32.52
35.61
32.24
34.28
34.02
31.82
35.11
31.41
33.35
32.75
34.24
33.89
32.39
33.01
32.73
33.54
36.04
35.73
35.13
34.13
32.03
35.93
33.86
NA
33.15
33.8
35.75
33.48
32.7
31.9
37.4
34.96
33.01
35.72
32.94
33.97
33.68
33.04
34.21
32.01
31.57
34.87
35.39
33.37
34.83
34.57
36.43
33.24
39.06
34.84
33.24
34.25
36.74
34.24
31.65
36.8
32.3
31.4
35.4
32.8
32.5
34.0
35.79
31.59
30.29
34.29
33.88
32.55
37.5
33.93
NA
33.64
36.57
36.58
NA
33.53
32.89
NA
NA
NA
33.11
NA
32.99
32.57
33.95
NA
33.05
37.12
35.34
NA
32.4
NA
33.36
31.43
35.64
34.03
35.48
NA
NA
33.7
32.48
35.97
36.02
35.32
34.72
32.52
35.31
34.51
32.74
32.86
33.52
33.41
NA
NA
NA
NA
NA
NA
NA
NA
NA
NA
32.06
32.8
32.0
32.57
32.49
34.13
32.57
33.14
33.1
35.05
33.83
32.04
32.59
37.58
32.27
33.14
31.53
35.38
32.86
32.07
34.71
36.66
35.0
34.11
31.66
30.23
34.77
35.9
32.96
34.67
36.04
32.82
34.29
35.0
33.19
30.42
32.31
35.84
34.89
33.34
NA
33.91
NA
34.91
34.86
33.89
32.7
31.83
NA
34.77
32.39
34.5
NA
35.02
33.57
32.47
NA
33.41
30.69
34.24
34.62
36.02
33.42
35.35
34.49
33.04
32.28
34.42
32.76
35.46
32.14
34.06
32.63
33.35
NA
NA
35.12
33.4
33.14
35.63
34.27
32.99
35.94
36.05
31.98
34.42
35.38
36.56
34.8
32.12
35.48
32.49
NA
33.08
30.94
33.01
36.17
33.88
32.3
34.58
36.42
33.62
36.23
33.1
34.81
32.5
NA
34.18
34.93
NA
36.47
33.81
34.42
35.16
35.16
36.37
33.24
31.01
34.95
32.64
37.3
32.26
NA
NA
35.13
32.12
34.8
34.4
NA
NA
33.29
33.34
33.62
NA
NA
NA
35.42
32.66
32.4
33.81
33.29
35.63
33.52
33.81
34.85
34.0
34.57
34.78
31.39
34.03
32.25
33.41
31.82
33.11
31.36
34.82
34.96
33.23
32.12
32.95
32.14
35.65
31.54
NA
33.64
35.4
NA
NA
34.79
35.95
35.05
34.64
36.49
33.95
34.24
33.2
33.6
33.46
35.14
NA
34.93
34.32
33.76
33.56
33.17
32.27
34.3
34.89
NA
34.42
32.26
33.9
32.55
33.4
33.48
34.21
34.42
33.85
34.78
NA
NA
34.42
36.93
NA
31.56
33.36
34.96
35.16
33.26
34.16
32.06
33.66
31.76
34.36
31.46
34.56
33.36
35.57
31.75
30.34
33.4
33.27
32.46
31.92
32.7
33.09
36.75
35.51
32.02
31.9
31.64
33.4
34.82
NA
32.28
36.43
31.76
33.3
NA
32.19
NA
35.66
35.02
35.92
36.91
35.73
35.27
33.9
35.36
35.37
35.0
32.6
36.6
32.2
33.9
33.6
33.0
33.1
33.5
33.4
34.7
34.61
36.45
33.28
39.1
34.95
33.45
33.66
34.99
36.58
33.2
35.3
35.02
35.22
34.66
34.02
33.93
31.75
34.43
NA
NA
34.21
NA
33.42
34.88
NA
NA
NA
35.05
34.35
34.65
NA
NA
NA
NA
34.59
35.62
33.74
36.28
33.95
31.25
31.06
34.99
34.91
34.1
NA
34.8
34.88
NA
NA
NA
35.21
32.67
34.61
35.15
35.6
32.35
34.81
33.06
33.06
34.99
32.81
34.03
35.18
33.98
36.08
34.71
NA
NA
NA
NA
34.19
35.19
33.49
35.09
34.39
35.89
32.79
33.09
35.39
32.18
34.38
33.28
34.38
34.38
33.28
32.06
34.35
33.31
33.33
33.06
34.79
NA
31.73
33.33
33.03
36.13
34.73
35.03
34.57
35.64
33.52
32.61
NA
33.96
34.89
33.29
36.82
37.4
31.23
33.29
32.26
35.17
34.57
32.2
36.4
33.95
32.91
32.15
34.96
NA
34.17
32.87
32.6
36.36
32.06
33.69
33.34
37.47
NA
31.62
33.22
32.42
34.01
32.95
34.75
33.15
35.1
33.74
34.15
33.9
33.33
33.15
NA
33.13
34.6
33.13
33.58
34.89
34.7
32.55
36.3
33.43
33.37
34.17
33.57
32.87
35.57
32.37
34.22
34.3
31.28
33.35
32.31
35.2
32.5
34.9
32.3
33.4
34.8
33.2
36.7
35.94
34.84
35.24
33.74
32.44
34.84
35.33
32.03
32.63
33.44
32.84
33.44
31.54
33.44
35.94
35.94
32.84
34.04
34.04
33.54
35.84
34.84
32.84
34.54
35.74
NA
34.91
36.15
34.38
35.12
33.68
35.75
36.14
33.9
35.5
34.67
31.78
33.12
32.12
32.65
35.69
36.17
34.97
33.4
36.09
36.12
33.12
33.84
31.85
35.08
NA
35.01
NA
31.33
35.96
36.45
31.7
32.71
32.77
31.53
32.53
34.61
36.26
33.95
34.97
36.58
32.07
31.49
31.85
34.59
31.92
35.02
34.54
36.16
32.54
NA
37.19
36.21
35.64
32.54
33.28
33.98
33.38
NA
32.88
NA
NA
33.06
33.4
NA
31.61
35.43
34.43
35.66
33.45
34.86
32.73
35.56
31.91
33.51
34.95
32.83
35.61
32.31
33.68
36.05
34.23
37.34
35.48
33.13
34.93
32.47
32.44
35.79
36.3
33.4
35.23
33.06
32.07
32.62
35.89
32.91
32.05
35.45
34.73
31.85
34.97
35.37
34.77
33.07
32.17
NA
33.57
NA
30.54
37.82
NA
NA
NA
34.86
31.91
33.94
30.79
NA
30.77
33.26
35.88
35.44
33.05
34.13
34.34
31.19
NA
33.91
33.78
NA
33.5
32.13
32.09
34.66
33.16
NA
NA
32.71
34.51
34.91
33.81
32.61
31.91
34.3
35.78
33.3
32.44
32.7
35.3
32.95
NA
35.24
31.47
36.3
34.64
31.74
34.11
NA
35.29
31.59
36.36
34.76
31.89
34.21
NA
35.1
35.8
35.1
33.99
33.91
35.91
34.6
33.64
33.26
33.13
32.45
32.62
33.38
32.86
35.02
33.08
31.59
34.39
31.39
32.79
33.49
33.8
34.68
33.65
33.42
34.92
34.61
32.96
32.55
NA
33.91
31.66
NA
33.79
34.67
33.6
33.37
34.89
34.52
32.89
NA
32.4
35.8
33.8
35.8
36.0
37.29
31.34
34.97
31.43
36.14
35.84
34.13
30.73
31.23
33.03
33.33
31.17
33.17
35.67
34.67
33.16
NA
32.21
34.11
33.82
32.84
33.96
32.97
33.62
32.07
36.29
31.13
33.12
35.14
31.72
32.76
33.18
33.21
36.25
30.71
32.38
35.82
33.8
33.49
34.19
32.69
32.19
31.69
31.09
34.84
35.14
33.84
31.24
35.84
33.94
36.44
34.34
32.84
34.74
32.62
30.76
31.09
32.82
37.12
35.32
NA
32.53
33.96
33.48
31.36
35.81
34.24
35.53
NA
NA
NA
NA
NA
32.82
31.92
34.99
34.23
32.78
36.71
34.75
33.27
36.21
36.05
34.75
34.35
33.25
33.95
NA
NA
35.04
34.42
33.37
34.28
33.12
31.9
33.68
32.61
33.98
32.18
34.52
32.62
33.32
35.8
36.19
NA
30.76
35.55
NA
34.26
35.38
37.06
33.81
35.76
36.14
NA
30.69
35.62
NA
34.29
35.4
37.0
33.67
34.63
32.02
34.77
32.66
35.94
33.46
33.86
35.76
34.26
31.29
35.51
35.33
33.28
32.23
36.57
NA
NA
NA
NA
NA
32.2
28.2
30.6
32.88
32.84
33.39
34.84
34.2
35.48
35.34
32.84
32.06
32.2
32.84
32.8
33.34
34.8
34.16
35.44
35.3
32.8
32.39
32.16
34.35
33.34
33.41
33.99
34.42
33.08
35.99
35.58
33.32
35.91
35.24
31.53
34.03
31.66
31.37
34.4
34.93
34.11
32.79
NA
41.8
31.2
34.12
34.18
34.25
32.56
33.29
NA
31.45
34.12
33.35
34.38
32.57
33.61
36.14
31.97
35.34
34.03
32.79
34.19
33.21
34.97
33.75
32.53
31.88
35.39
34.04
32.69
34.35
33.22
34.95
33.53
32.5
35.36
35.66
33.35
37.49
34.29
34.09
35.47
35.69
35.52
33.53
33.88
NA