58.55
58.87
62.97
59.72
62.05
57.67
61.52
60.94
60.15
63.27
62.78
61.68
58.2
63.53
62.05
61.66
60.99
62.24
62.56
59.34
61.74
58.46
63.42
61.08
58.28
58.06
58.34
60.31
60.61
61.58
60.82
60.42
60.65
62.28
60.93
62.05
61.63
61.49
60.92
64.13
NA
57.84
63.04
60.61
61.87
64.54
63.63
61.94
59.41
61.92
61.02
60.89
61.66
61.18
60.67
60.47
59.34
62.06
61.88
58.22
59.92
62.7
63.8
63.67
59.42
60.4
64.52
61.18
59.97
60.78
61.31
59.39
62.25
60.63
60.93
62.02
60.56
61.6
59.91
58.66
60.42
60.03
63.6
62.23
57.88
58.69
60.84
58.83
56.78
59.5
60.95
61.18
64.7
62.42
61.1
62.01
61.26
61.38
61.0
62.23
61.72
61.44
61.35
NA
62.91
62.08
66.73
61.69
61.68
58.4
60.99
61.35
61.41
61.43
57.71
62.3
61.47
59.79
60.18
60.07
59.39
65.0
59.38
61.53
59.27
58.58
62.75
58.62
60.48
62.77
62.0
62.56
59.15
60.1
61.48
61.05
61.23
61.25
60.02
59.56
61.81
61.85
59.84
59.19
62.47
60.57
62.3
61.81
60.05
61.35
58.11
61.4
61.35
61.29
61.38
60.37
61.85
63.24
63.67
61.06
58.32
61.54
61.08
61.17
59.4
58.37
61.91
61.24
62.21
61.17
60.18
NA
60.48
61.94
59.76
59.77
60.57
60.45
61.54
60.85
61.09
61.19
60.89
61.84
61.58
62.98
62.13
61.45
61.52
62.06
61.07
62.4
60.33
61.16
66.44
59.38
62.39
61.62
62.98
61.23
59.0
59.29
60.72
61.07
60.19
60.0
60.66
61.64
63.1
58.98
62.38
59.96
61.48
62.91
60.85
63.24
59.71
59.94
61.07
62.21
61.83
59.95
59.34
61.26
61.43
64.04
60.77
58.91
60.86
62.64
60.42
63.87
61.39
62.53
62.32
58.51
57.79
59.71
60.24
60.05
61.81
60.5
61.97
61.27
61.89
60.41
61.67
58.93
59.03
60.53
61.17
61.29
60.74
64.24
60.74
59.01
60.67
62.22
60.89
59.79
61.08
60.79
61.35
59.57
60.59
60.16
58.7
58.79
60.95
63.0
60.74
63.35
62.22
59.69
59.37
59.33
61.52
62.21
61.82
61.08
60.41
61.91
63.66
59.35
58.66
62.21
60.73
58.5
62.14
60.69
58.47
61.13
62.89
58.76
NA
61.81
60.79
60.96
60.41
60.94
NA
60.75
61.61
60.29
57.65
61.89
60.93
61.18
62.35
59.95
60.05
61.93
62.29
63.46
60.8
57.95
61.97
61.11
59.21
59.83
60.62
62.08
61.28
58.56
59.61
60.58
59.68
61.04
58.13
57.78
61.35
58.64
60.4
60.57
60.44
61.19
59.74
60.24
61.53
60.39
60.47
60.49
61.0
60.8
60.81
62.14
59.34
61.61
62.72
60.75
63.25
58.4
59.55
59.93
57.44
62.0
61.0
60.68
60.93
59.06
60.39
60.38
59.84
60.23
61.2
60.64
60.46
61.57
61.47
64.31
61.51
60.24
62.95
61.14
NA
NA
NA
NA
NA
NA
NA
NA
NA
61.0
62.18
60.83
61.79
59.51
59.24
61.84
61.21
60.49
60.56
61.67
64.23
62.08
58.15
59.07
61.3
64.28
64.1
61.32
59.86
60.47
56.98
61.4
61.19
61.28
63.83
60.49
60.43
59.68
60.74
59.23
60.55
62.11
65.06
62.24
61.39
61.27
60.53
60.52
60.35
59.62
58.79
59.93
61.41
58.99
62.45
58.46
59.9
59.14
61.63
61.21
59.49
61.15
58.96
59.23
61.69
61.3
59.69
61.26
60.07
61.61
60.65
63.96
61.84
61.8
NA
62.15
62.96
59.8
59.22
59.02
61.56
61.26
59.66
60.99
60.01
61.56
60.65
63.76
61.41
61.6
NA
61.83
62.51
59.82
63.42
65.08
58.49
61.04
60.23
58.83
57.99
NA
61.64
59.34
58.87
58.8
61.99
61.29
61.18
62.73
61.18
61.59
58.88
60.38
58.04
57.41
58.07
61.74
60.28
64.52
62.03
61.33
63.05
61.88
61.85
61.44
61.49
61.32
57.38
58.67
60.5
61.79
63.52
61.16
58.72
62.45
62.39
63.68
61.31
64.72
61.97
64.23
62.25
58.67
62.22
60.44
61.74
59.49
61.35
63.32
63.97
58.77
60.84
59.64
61.1
59.88
61.11
60.31
62.82
62.14
63.26
61.63
59.5
60.34
61.0
60.83
57.75
61.11
63.65
61.43
61.32
60.79
58.6
61.07
61.04
63.96
61.52
62.43
60.66
61.28
60.73
61.75
59.65
61.05
59.58
61.55
60.51
60.92
59.59
60.71
60.13
61.18
60.98
64.62
62.14
57.87
59.7
62.95
62.16
64.95
59.45
63.1
59.8
61.25
63.01
61.78
60.84
61.45
61.63
61.87
61.49
61.31
60.22
60.28
57.94
58.96
61.87
63.7
60.28
61.12
61.29
60.39
60.0
63.99
61.09
61.48
61.88
61.61
61.05
59.52
65.88
60.0
63.5
58.21
58.85
62.16
61.71
60.95
60.76
62.22
62.98
58.09
61.32
64.25
59.3
60.14
61.63
60.55
62.54
61.4
60.93
60.26
60.27
60.77
61.6
61.44
59.43
60.38
63.83
58.62
60.4
60.94
60.85
61.89
67.21
58.53
61.6
63.29
64.46
61.08
60.02
62.13
58.8
61.08
61.91
61.01
61.87
61.08
60.91
61.82
61.81
62.9
60.78
61.12
62.31
61.39
61.99
59.21
60.53
63.83
64.55
61.14
60.57
62.25
62.13
59.72
61.69
61.19
60.43
60.97
61.63
61.28
63.71
64.4
60.4
61.27
58.16
61.42
58.19
64.77
60.57
61.39
60.14
61.48
59.27
60.05
60.24
61.04
61.11
61.43
61.77
61.47
61.75
61.43
60.53
60.86
60.23
60.76
62.11
59.74
62.96
60.61
62.79
59.51
62.03
59.06
61.85
61.81
62.47
61.08
62.32
59.39
60.27
61.44
63.3
60.0
61.02
59.97
61.47
60.25
60.33
62.18
62.0
63.7
62.34
61.29
60.44
61.3
60.62
60.14
61.1
59.37
60.82
60.82
64.53
62.49
61.75
62.52
61.69
60.77
60.38
59.89
60.15
65.9
60.75
61.63
60.42
60.81
61.35
61.95
59.73
61.2
59.35
61.19
61.82
60.16
60.96
62.29
61.54
61.72
63.88
61.81
61.44
59.86
61.53
60.99
58.74
61.11
61.87
59.64
58.97
58.56
58.59
63.53
60.04
61.92
60.3
63.3
61.13
61.41
62.07
63.33
62.39
60.02
60.87
58.63
59.7
64.08
62.29
61.9
61.29
63.24
61.35
60.58
61.31
57.77
58.61
61.74
59.35
61.6
60.23
62.34
NA
61.46
61.64
61.42
61.43
59.78
62.35
60.5
62.74
60.4
62.08
61.66
60.25
64.19
60.66
60.66
61.44
59.42
61.14
60.37
62.21
60.6
59.91
62.34
61.82
60.11
59.17
61.36
59.92
61.75
63.55
61.09
63.3
61.62
61.76
61.06
59.87
61.78
59.07
57.38
61.47
63.4
61.52
59.82
61.11
60.63
63.76
60.87
59.03
59.94
63.58
61.58
60.97
58.77
62.67
61.24
64.37
62.06
58.65
61.83
NA
62.03
63.42
59.81
60.67
61.67
63.18
61.3
61.25
61.04
61.22
61.54
59.67
61.89
59.42
62.77
64.1
61.14
62.08
59.46
62.78
63.72
61.15
62.04
59.48
62.98
63.67
61.27
61.95
59.49
62.47
63.34
61.08
62.16
59.56
62.91
64.17
61.22
57.48
57.96
60.86
62.82
59.0
61.17
57.26
58.34
58.06
58.86
62.79
61.15
61.54
58.26
61.12
60.61
59.21
NA
NA
59.31
57.71
NA
59.41
61.51
61.41
60.01
59.01
58.89
60.03
62.92
61.97
59.24
59.22
61.15
60.0
61.0
62.48
61.58
61.26
60.62
58.91
59.11
61.18
60.69
59.79
61.27
59.95
60.14
61.43
61.4
62.85
NA
NA
NA
NA
NA
NA
NA
NA
NA
60.8
61.52
59.2
62.2
61.7
59.2
61.01
61.69
59.19
61.73
59.82
60.82
63.41
64.67
60.38
61.85
60.0
62.23
65.08
60.76
63.16
60.71
62.51
61.03
61.34
60.76
61.34
61.15
61.31
63.27
59.65
61.57
59.44
58.44
62.03
59.88
62.81
60.29
60.93
61.21
60.12
NA
NA
59.98
61.09
59.48
59.8
60.01
59.86
60.41
61.78
63.72
61.92
61.12
64.82
58.52
61.3
60.4
58.93
62.07
58.24
62.43
59.28
58.75
65.65
NA
NA
59.52
61.59
60.74
NA
59.13
59.53
57.76
58.51
63.8
60.33
58.79
62.98
60.73
61.34
60.98
61.08
61.58
58.85
61.85
58.15
58.45
59.15
61.05
62.05
62.65
61.12
58.9
60.1
61.18
58.64
58.06
58.91
58.4
61.97
NA
60.19
61.17
61.22
63.72
60.62
61.12
60.55
NA
NA
61.87
63.76
61.85
61.76
58.99
57.9
61.35
60.5
58.97
61.66
59.14
59.44
59.44
59.44
56.84
57.84
60.34
61.44
61.59
57.94
60.47
60.7
60.84
57.93
62.07
60.5
61.19
60.82
61.25
58.57
57.76
60.28
59.24
61.24
60.54
62.24
61.54
64.14
61.14
60.81
61.55
61.27
58.51
61.15
NA
61.96
61.66
59.7
64.4
60.63
62.85
58.37
58.23
63.86
63.6
64.09
58.52
61.22
60.6
60.89
59.57
60.97
60.71
57.86
61.1
58.9
63.45
61.79
61.75
59.59
57.95
59.93
62.93
61.93
60.63
57.83
58.43
60.87
61.45
63.68
61.35
58.32
59.94
60.14
61.56
60.47
63.38
61.45
60.75
62.16
58.93
61.35
62.34
61.56
60.77
60.59
58.03
62.22
60.86
61.88
61.18
64.78
58.98
59.12
59.42
59.32
60.72
59.79
63.75
58.94
64.66
60.04
58.37
61.71
61.46
62.22
60.31
61.52
NA
NA
58.32
60.49
58.39
60.62
59.37
60.01
57.54
61.22
60.68
61.68
58.5
59.39
60.75
60.45
61.5
59.8
66.23
58.45
62.38
63.38
59.38
63.78
61.18
61.18
61.78
59.08
59.78
62.38
63.38
59.38
63.88
61.18
61.28
61.88
59.18
59.88
62.39
63.39
59.39
63.79
61.19
61.29
61.89
59.09
59.79
62.32
63.32
59.42
63.72
61.22
61.32
61.92
59.12
59.82
62.36
63.26
59.46
63.66
61.26
61.16
61.76
58.86
59.96
NA
58.73
63.95
58.32
61.57
60.27
NA
NA
NA
62.37
61.84
59.66
60.37
62.15
60.83
59.27
63.81
62.84
64.66
61.08
60.77
63.76
61.55
61.13
64.25
61.78
58.3
58.57
60.14
60.99
60.76
60.89
61.7
NA
NA
61.2
61.35
NA
61.35
60.67
59.06
NA
61.36
58.19
60.53
61.23
60.95
58.28
62.19
60.6
62.27
64.52
59.3
59.02
59.95
59.4
58.78
61.53
59.84
62.18
59.2
60.84
60.72
63.65
63.74
60.47
59.02
60.39
58.03
62.92
60.14
59.31
61.26
58.73
57.5
61.85
61.39
61.55
61.66
60.96
64.05
58.53
NA
61.71
62.83
60.35
62.56
66.97
60.54
60.12
60.09
62.57
61.77
63.22
61.85
58.0
58.73
60.86
61.21
59.78
60.97
60.01
61.12
64.16
61.43
61.14
59.04
63.21
64.72
61.33
59.38
58.11
61.76
60.39
61.49
63.77
58.68
57.48
60.68
57.78
61.48
56.68
60.18
60.19
65.05
58.8
60.34
64.98
58.98
63.11
60.86
60.41
59.71
62.21
62.13
58.08
61.55
61.23
58.87
63.34
62.16
60.97
62.47
60.46
61.82
62.79
60.03
60.72
61.1
61.63
63.56
61.2
62.34
61.18
54.74
61.2
61.34
61.16
61.18
63.84
NA
NA
NA
NA
NA
NA
61.53
57.84
62.57
61.01
60.96
60.96
62.78
60.98
63.02
61.41
61.07
59.28
NA
59.11
60.76
58.16
63.14
63.07
60.87
60.42
59.72
62.23
62.14
58.09
61.56
61.24
58.88
63.35
61.93
60.32
62.85
60.74
60.91
62.38
62.21
65.93
59.88
60.65
62.12
60.46
63.9
58.77
62.59
63.13
63.07
62.69
59.75
62.44
61.46
62.58
62.78
62.47
62.38
59.71
62.79
61.73
60.59
61.01
60.13
61.56
59.87
62.85
61.68
60.22
60.34
61.12
61.9
60.94
59.93
61.35
59.8
62.61
61.48
60.6
60.27
60.91
60.92
60.9
60.05
61.52
59.75
62.69
61.56
60.84
60.23
61.03
60.77
60.9
60.02
61.5
59.68
62.68
61.54
60.96
60.27
61.04
60.77
60.9
60.02
61.5
59.68
62.68
61.54
60.96
60.27
61.04
63.04
61.16
60.85
61.25
58.63
57.72
60.34
62.33
60.03
59.19
62.33
60.03
59.19
61.77
59.87
61.52
61.42
60.88
58.47
60.98
62.13
62.83
63.06
61.74
62.05
64.09
58.52
60.85
61.86
58.51
60.34
58.22
61.29
61.36
60.51
58.43
60.78
61.83
58.29
60.2
58.37
61.26
61.98
60.91
60.46
58.65
60.58
61.18
60.93
57.88
61.11
58.99
63.5
60.49
62.38
60.87
61.21
61.38
60.28
61.29
61.19
63.42
63.23
60.77
62.54
61.29
61.56
61.53
54.91
61.44
61.37
61.63
60.87
61.37
62.61
NA
57.72
60.67
NA
61.64
60.31
58.86
60.68
60.49
58.9
60.37
60.59
NA
NA
61.47
63.84
61.94
61.51
58.78
61.27
58.73
58.39
65.03
61.49
60.96
58.66
58.07
62.17
60.63
60.05
62.24
57.41
NA
57.21
59.95
60.19
61.15
62.35
61.99
61.24
58.72
58.3
65.01
61.46
60.96
58.64
58.05
62.14
60.73
59.95
62.06
57.51
NA
57.2
60.04
60.37
60.84
61.26
NA
NA
65.01
61.47
60.97
58.64
57.97
62.16
60.83
59.96
62.02
57.62
61.92
NA
60.39
61.05
60.61
58.33
57.61
58.99
58.99
59.11
59.1
59.12
59.44
61.55
61.73
60.98
59.07
NA
NA
NA
NA
NA
NA
NA
NA
NA
NA
NA
NA
NA
NA
NA
NA
NA
60.03
58.96
61.99
59.63
63.38
NA
NA
NA
NA
NA
NA
60.34
58.71
60.78
60.46
58.68
60.35
62.66
61.57
62.32
59.2
60.46
61.54
59.16
58.18
60.66
59.16
61.47
NA
60.54
59.55
60.88
61.94
59.54
61.83
61.33
57.76
60.49
60.88
59.11
61.76
61.39
57.96
60.5
61.12
59.03
61.85
61.41
58.08
60.61
61.19
60.07
61.08
58.68
59.03
61.61
59.81
58.34
61.92
60.9
62.61
60.48
62.39
61.4
62.57
59.58
60.72
61.22
58.57
60.63
59.07
NA
61.27
60.45
61.99
62.23
62.03
61.01
62.23
61.56
59.99
61.17
60.31
57.52
61.24
59.75
58.59
58.36
60.01
57.7
61.1
61.28
62.29
59.58
61.19
NA
NA
63.17
63.47
60.77
61.67
61.37
58.47
60.53
59.75
60.7
60.84
60.24
61.36
60.01
61.19
60.83
61.71
60.87
61.36
58.98
61.69
60.18
60.67
63.04
58.58
59.66
60.17
60.71
59.59
62.16
59.69
59.46
61.68
61.88
61.13
59.26
60.42
62.22
60.12
61.64
63.24
60.32
60.77
58.77
63.1
61.45
62.37
59.93
62.72
NA
59.54
60.29
58.28
60.5
61.25
NA
NA
NA
60.83
60.9
62.17
62.22
64.52
61.48
59.51
61.17
61.05
58.24
61.78
59.95
NA
NA
NA
NA
58.97
60.57
60.07
63.87
63.37
64.17
60.32
60.92
62.22
59.02
58.78
60.42
63.49
NA
NA
NA
59.03
59.23
61.43
58.93
61.23
61.83
59.73
60.23
61.53
61.73
60.53
59.53
61.73
59.82
62.32
61.22
57.82
NA
61.12
63.52
59.83
59.26
62.01
60.91
61.74
60.8
59.8
59.3
61.2
60.7
61.6
60.4
63.1
59.9
61.2
60.7
59.57
59.47
60.57
62.07
62.77
61.17
60.77
62.07
61.77
62.57
60.87
60.43
59.72
62.36
62.11
58.14
61.62
61.3
58.97
63.36
60.89
60.44
59.92
62.47
62.15
58.13
61.64
60.95
58.98
63.32
59.61
60.81
63.41
59.41
60.81
61.46
62.06
57.96
61.28
60.48
64.68
60.78
59.98
58.98
59.68
63.38
60.28
57.38
59.48
63.08
59.77
59.07
60.95
61.95
58.85
59.25
61.15
60.95
61.05
61.15
63.85
61.05
62.95
59.55
61.05
61.55
62.45
61.35
59.55
61.65
61.55
59.35
60.95
58.14
61.84
61.84
58.44
60.54
61.24
61.69
61.59
59.97
64.07
61.07
63.37
59.37
59.57
61.07
60.2
62.5
59.5
63.2
59.6
59.85
58.65
61.75
61.35
62.4
60.71
60.01
60.81
58.41
63.91
58.63
60.04
57.34
63.24
57.44
61.04
58.72
60.5
61.98
60.37
61.55
58.97
62.81
62.02
60.29
61.93
59.22
61.16
59.62
61.32
61.98
61.08
58.88
61.08
57.18
62.58
63.18
57.67
57.96
59.83
63.89
58.18
63.25
60.94
59.24
64.14
61.54
62.04
61.04
61.04
62.17
61.17
63.17
58.31
61.81
61.66
59.77
62.48
61.66
59.77
62.48
61.2
57.5
62.8
60.02
60.92
61.42
61.32
58.72
63.12
59.22
58.02
59.82
62.13
59.03
59.13
60.93
65.73
59.93
60.58
60.78
61.38
61.38
61.92
61.42
60.31
58.13
60.11
60.24
60.25
60.93
59.05
59.04
62.48
60.85
60.36
59.9
62.21
61.85
58.08
61.55
61.02
58.79
63.15
60.84
60.38
59.88
62.34
62.03
58.09
61.54
61.03
58.8
63.23
60.19
59.99
60.19
61.09
61.59
61.49
58.79
60.39
57.49
61.21
60.88
60.28
59.98
61.08
61.88
59.38
59.97
59.91
61.98
60.5
61.24
61.63
66.61
59.1
62.18
61.91
59.01
58.91
61.01
65.41
59.61
60.61
61.72
58.25
61.73
60.72
58.99
62.53
62.18
62.35
58.57
62.99
61.24
62.34
58.44
57.94
61.04
63.94
64.44
59.24
61.24
61.04
59.54
61.74
61.77
62.35
57.93
60.63
59.4
63.09
61.19
62.87
59.96
61.92
61.47
61.48
60.98
60.68
60.66
59.96
60.56
59.96
60.46
61.16
60.33
61.17
61.8
58.73
59.99
NA
57.22
61.18
61.57
59.32
61.34
61.71
58.82
60.02
62.41
57.05
58.83
61.53
63.23
61.33
61.95
61.43
60.61
60.71
59.71
61.11
60.78
62.49
60.71
59.91
62.83
64.53
59.13
60.73
60.53
61.63
61.33
58.23
65.23
61.73
60.33
58.53
61.23
59.93
64.39
60.59
57.89
58.39
63.29
62.65
60.92
59.7
61.67
59.2
62.92
60.89
59.67
61.64
59.17
62.24
61.24
60.47
63.07
61.17
61.27
60.97
61.17
61.74
59.4
62.3
57.32
61.8
58.6
58.55
64.35
61.25
59.05
59.45
59.82
61.45
58.65
66.19
58.7
63.03
62.48
61.0
61.48
62.03
62.89
59.88
60.59
59.41
61.0
63.39
59.3
61.17
61.82
62.33
60.47
59.87
58.27
59.07
62.07
61.27
60.47
58.92
60.52
60.82
59.52
61.52
59.22
59.32
62.12
64.72
59.62
60.52
58.82
59.92
63.56
62.06
61.26
61.66
60.56
60.37
61.87
60.67
61.77
61.77
62.22
61.22
61.22
61.62
62.02
60.64
61.95
61.23
61.64
62.02
59.37
NA
61.55
62.42
62.0
60.27
59.72
61.83
58.82
59.83
58.17
60.87
59.92
59.33
59.45
59.96
59.15
60.54
61.23
61.07
61.17
60.92
59.44
61.93
61.42
61.4
61.62
63.86
60.85
62.24
57.36
64.62
58.04
64.25
58.26
58.58
60.44
59.33
61.75
61.95
64.19
57.94
57.85
58.78
60.46
60.47
66.63
58.32
58.85
61.14
61.4
62.14
62.35
62.31
62.21
62.26
59.41
64.65
58.89
61.76
61.24
60.48
61.22
61.32
62.7
61.6
61.35
59.35
62.75
NA
63.44
63.34
61.14
60.04
58.94
61.64
58.54
NA
NA
58.75
60.35
62.98
60.38
61.98
61.58
61.18
62.19
61.53
65.96
58.86
62.01
64.49
59.86
58.42
60.04
61.18
62.21
61.64
65.96
58.91
62.41
64.46
59.88
58.48
60.04
61.22
59.91
53.9
55.5
NA
55.8
56.4
58.84
59.08
61.25
60.85
61.45
59.95
62.35
60.53
58.55
59.33
60.25
58.83
61.29
62.53
59.82
58.12
63.82
59.02
63.37
59.65
64.34
59.6
59.4
63.7
59.94
59.71
61.46
59.1
60.28
62.83
59.44
60.04
58.86
60.86
63.13
57.87
61.32
62.24
60.68
59.38
63.78
58.08
58.88
53.58
60.68
61.88
58.91
63.81
59.21
60.39
60.62
61.15
60.38
59.2
59.94
59.0
60.36
57.21
61.83
64.53
58.97
61.82
61.01
60.2
58.98
61.25
59.25
64.15
61.55
62.05
61.15
60.95
59.66
60.76
59.76
60.76
60.36
59.25
60.65
58.55
60.55
60.25
61.14
59.54
59.74
60.64
60.94
66.01
56.58
58.15
58.94
62.08
60.94
63.53
60.13
63.45
59.14
60.97
61.44
61.49
58.65
60.81
60.58
NA
60.77
60.97
60.47
58.97
63.27
60.97
62.17
59.36
57.5
62.3
57.21
61.83
64.53
58.97
61.82
61.01
60.2
58.98
62.2
58.72
60.45
61.23
60.96
60.54
59.45
58.47
60.62
62.46
61.46
62.96
60.0
59.3
60.4
61.98
61.41
60.68
58.39
61.52
NA
62.47
62.55
61.53
NA
61.13
64.05
58.34
58.34
61.42
61.99
63.58
63.65
58.37
61.75
58.63
61.11
65.87
58.87
61.47
60.75
61.54
62.26
62.79
60.67
59.61
60.01
60.94
59.02
60.31
59.44
60.43
59.72
60.91
61.54
66.5
59.65
59.37
59.82
58.38
62.45
62.35
61.15
62.85
58.65
62.45
62.65
62.85
59.65
61.45
59.15
61.05
NA
62.14
62.44
61.01
NA
NA
62.44
62.87
62.97
59.74
61.35
58.36
61.15
NA
60.92
58.82
60.03
60.61
62.25
59.34
58.68
61.31
60.88
60.49
60.41
59.34
63.48
61.36
61.96
58.66
58.06
59.56
62.66
60.49
60.99
61.89
61.17
61.83
58.48
60.65
60.0
62.13
59.69
63.21
62.01
57.85
62.53
60.39
58.83
61.37
60.77
58.55
57.09
61.3
62.8
60.83
61.08
63.55
60.3
58.45
60.48
60.78
61.78
58.68
59.18
60.98
60.78
60.78
61.18
63.88
61.08
61.98
60.0
59.74
NA
60.95
NA
NA
64.44
59.08
59.68
61.15
62.22
62.44
59.24
58.44
59.84
61.24
64.68
58.78
60.68
60.98
59.28
63.28
59.1
61.6
61.77
59.64
63.74
59.45
60.17
63.03
58.16
59.52
58.84
60.76
60.14
59.7
59.21
59.65
60.25
62.95
58.35
59.65
58.95
60.95
60.35
60.35
58.45
60.45
59.74
61.27
61.04
60.54
60.8
60.23
63.88
60.78
59.78
60.08
60.58
59.38
55.58
58.78
61.38
57.98
59.98
NA
65.15
62.37
60.4
64.35
63.91
60.95
58.61
60.11
60.79
59.62
63.87
60.9
58.54
60.11
60.72
59.59
59.49
61.5
60.43
60.83
60.43
60.53
63.33
57.84
62.3
61.98
62.1
60.76
61.06
59.29
61.8
62.89
61.08
64.11
62.01
61.91
62.04
60.67
61.47
59.94
61.49
63.12
60.95
64.03
60.83
63.93
61.53
59.73
62.78
62.08
62.45
62.29
60.29
60.37
60.06
58.86
62.26
62.28
57.22
60.45
61.09
62.05
61.53
65.15
60.48
58.3
63.17
57.83
63.38
63.18
62.33
60.38
59.93
59.71
60.9
62.0
58.14
59.63
62.17
61.55
61.55
61.55
61.31
63.61
61.0
60.54
61.16
59.83
61.18
56.9
63.56
61.66
60.23
62.13
60.71
63.09
61.18
60.23
61.38
59.27
59.93
61.74
59.4
62.3
59.74
61.75
61.53
61.57
59.65
61.55
60.54
61.38
59.27
59.93
61.74
61.74
57.84
59.04
61.84
60.04
60.05
59.45
58.65
59.45
59.85
61.05
62.15
60.95
58.65
60.52
60.02
59.0
63.05
58.93
60.46
63.56
60.1
63.39
63.81
61.94
61.52
60.84
59.03
58.85
60.0
62.37
61.36
60.85
65.99
62.12
60.69
61.92
61.24
58.8
61.06
62.2
62.46
59.6
59.41
58.8
62.95
62.4
62.01
59.84
60.68
61.65
61.98
58.54
62.52
NA
62.8
61.35
63.23
60.65
60.65
58.31
61.12
62.06
60.65
58.02
61.74
58.67
58.21
61.56
58.42
61.76
58.83
60.77
59.25
62.77
62.0
60.22
59.06
62.98
62.29
60.75
58.62
59.72
61.22
60.92
61.42
61.72
61.91
61.21
61.61
61.41
59.51
63.51
NA
61.51
62.31
62.11
60.41
59.51
61.99
61.19
61.79
62.99
59.29
63.39
61.69
61.99
62.89
60.49
61.69
59.74
62.08
61.25
59.6
63.18
57.4
61.53
57.96
60.93
60.93
60.36
59.36
62.06
59.06
62.36
60.96
61.56
59.26
61.06
59.01
58.74
61.27
60.81
60.78
60.74
61.74
59.18
58.23
60.4
60.66
60.34
62.85
60.41
61.09
61.96
61.13
59.85
62.32
62.6
57.6
60.93
60.88
59.25
60.95
59.95
60.55
61.85
61.55
59.39
59.63
60.13
60.34
62.2
NA
61.75
61.55
61.8
61.35
61.93
60.62
61.38
60.17
58.77
58.76
NA
59.36
59.06
58.56
61.96
58.26
NA
59.06
60.86
61.26
62.96
59.57
57.12
59.27
59.98
58.37
59.98
66.32
60.82
60.52
NA
58.67
60.97
62.37
NA
58.59
59.94
60.85
61.49
60.68
62.31
59.46
59.92
60.56
64.67
62.12
57.62
61.67
59.0
59.12
60.72
61.32
61.82
61.18
60.91
62.31
59.85
62.31
61.49
62.31
62.04
62.12
60.55
62.12
60.95
62.93
59.7
61.54
63.43
63.78
60.49
58.85
63.99
60.81
59.39
59.99
61.36
60.86
61.36
58.76
61.72
62.06
NA
59.84
60.83
60.12
62.12
59.82
59.62
62.22
62.67
61.37
58.9
60.48
61.17
60.0
64.55
57.1
59.19
59.82
58.26
59.9
61.0
61.58
62.82
NA
59.04
64.05
61.93
60.96
60.78
NA
58.89
58.66
62.4
60.8
61.65
61.42
62.6
61.18
59.57
61.45
60.73
63.09
58.49
64.09
60.57
60.5
62.32
61.53
60.8
61.94
62.04
60.94
63.84
61.34
60.44
61.53
60.43
62.13
62.53
59.03
60.33
63.03
61.53
59.03
60.53
59.93
61.03
62.23
62.56
63.69
59.64
64.1
61.37
61.55
62.01
59.34
59.99
61.07
56.8
57.7
60.87
56.64
57.56
56.72
58.93
63.35
60.35
59.81
61.32
61.84
58.71
59.09
59.07
61.56
58.72
NA
58.54
59.87
60.36
60.1
59.04
60.52
61.57
61.17
61.21
61.08
60.74
58.12
61.72
60.92
60.52
60.42
60.62
62.22
61.52
58.52
61.22
59.96
62.24
59.82
63.3
62.0
57.95
62.77
60.46
58.88
58.5
58.57
63.44
60.61
61.43
60.82
58.71
62.13
60.13
60.04
65.98
59.02
65.25
62.15
61.45
58.25
62.55
60.15
60.87
60.56
57.36
63.64
60.83
62.09
61.01
60.81
62.12
62.18
61.03
60.73
59.4
61.5
60.66
61.57
NA
NA
60.36
59.35
59.35
64.75
58.25
61.54
63.15
NA
63.94
64.3
58.3
62.22
59.14
59.84
59.22
63.76
63.93
59.71
61.63
60.88
60.68
62.28
60.37
58.74
64.2
58.1
61.8
59.7
61.8
59.53
60.7
58.71
60.63
60.32
59.92
59.47
60.02
60.51
60.37
63.77
61.61
60.06
61.3
62.43
60.15
60.53
60.53
61.43
61.23
59.35
61.65
57.65
62.55
61.15
62.66
59.02
NA
59.76
60.92
59.83
62.3
60.32
60.84
62.97
61.34
61.62
62.29
60.81
62.26
57.04
61.48
62.37
58.88
58.79
61.43
62.06
61.04
60.73
61.76
58.87
NA
61.6
61.75
62.64
62.42
57.87
61.88
61.6
61.36
60.37
59.61
61.63
59.51
62.78
60.08
58.8
61.28
62.58
60.28
58.64
61.63
61.22
60.13
59.94
62.77
63.62
62.09
61.37
61.85
58.73
61.23
58.16
58.36
60.89
61.79
60.59
61.29
59.09
61.19
60.79
62.19
58.89
58.86
60.06
61.66
59.76
60.06
60.96
63.66
61.46
61.26
62.26
61.56
60.36
57.66
60.36
60.46
60.06
61.42
60.35
63.95
60.45
64.05
61.55
60.05
60.05
60.55
61.64
NA
NA
60.89
NA
NA
NA
59.31
60.51
62.41
61.71
60.31
64.31
60.75
58.77
60.04
62.08
65.23
60.65
59.59
59.99
61.14
59.51
60.51
61.21
58.81
61.51
59.61
59.31
61.21
60.28
58.6
61.21
63.26
62.7
59.86
60.9
61.76
60.27
59.81
61.33
61.38
61.06
61.11
60.83
59.64
60.77
61.62
60.45
60.14
61.17
61.41
61.09
60.32
60.88
59.75
60.65
61.99
59.82
61.15
61.75
61.08
60.57
60.86
NA
NA
NA
NA
61.78
NA
59.5
63.6
64.03
59.03
61.03
61.03
NA
NA
NA
60.45
61.29
58.99
59.33
62.82
58.85
57.84
59.95
61.55
60.65
57.95
63.65
61.53
64.53
58.93
61.13
61.23
60.93
58.84
61.84
63.54
60.64
61.84
60.94
61.94
61.84
60.44
62.36
60.1
61.48
58.21
61.82
60.98
58.86
60.27
61.68
61.68
NA
61.2
58.97
61.34
61.58
63.76
61.24
62.24
63.24
61.84
59.97
61.57
60.67
58.17
63.77
61.21
60.31
61.51
60.41
61.59
57.99
61.2
61.06
58.3
62.0
60.76
61.0
62.4
60.79
62.44
62.08
62.01
61.16
61.75
61.29
60.63
59.87
61.4
60.89
60.89
58.85
58.94
59.44
59.36
57.17
60.96
59.57
58.37
58.23
64.27
62.27
62.57
58.17
59.07
61.02
61.62
64.22
61.02
62.38
59.61
61.29
65.57
62.84
61.06
61.46
65.0
62.39
57.88
57.92
62.0
61.6
61.28
61.58
60.07
59.81
61.55
61.25
64.15
60.35
62.25
62.74
56.26
59.02
61.27
62.19
62.26
61.25
62.12
NA
NA
61.23
58.6
62.71
62.28
58.64
59.37
57.97
55.17
61.57
61.27
61.92
60.46
58.5
58.97
59.57
63.04
60.95
60.72
61.53
59.57
62.13
62.05
64.03
61.66
58.84
57.11
60.88
60.54
59.53
61.05
61.5
57.61
60.15
61.55
62.85
60.65
64.39
60.83
60.25
60.38
57.84
64.42
61.39
57.89
62.68
60.96
64.58
61.58
57.68
62.38
61.08
NA
NA
58.52
60.98
63.38
59.98
60.58
62.48
61.58
60.78
58.88
65.58
59.08
63.78
NA
NA
NA
NA
NA
NA
58.6
62.6
58.4
60.44
56.64
61.28
60.32
58.65
65.62
56.77
58.28
58.82
62.19
61.09
64.98
56.9
58.28
58.95
62.09
61.34
63.43
62.49
61.24
59.36
NA
60.61
62.8
62.22
62.34
60.92
60.45
60.32
62.75
60.89
58.62
61.58
61.17
63.77
60.67
61.07
62.07
61.97
62.07
NA
61.37
60.67
60.87
60.36
58.31
59.32
62.82
61.85
62.11
60.39
63.62
58.15
60.98
58.59
59.54
62.23
61.43
59.14
NA
61.29
62.49
62.59
57.79
60.19
57.89
62.09
60.69
59.93
61.64
64.35
62.68
60.6
60.92
NA
61.75
52.39
62.49
63.58
60.66
60.16
58.97
61.18
58.46
59.25
60.6
60.12
59.09
NA
61.11
61.11
60.42
59.23
60.88
63.46
60.06
60.62
61.75
60.33
58.93
61.16
58.66
62.12
61.32
58.77
58.45
59.85
60.03
60.83
59.84
60.64
59.14
60.03
60.87
61.09
59.71
59.65
60.63
59.92
63.36
61.17
59.92
NA
62.74
63.36
62.42
NA
NA
59.77
58.79
64.04
60.36
61.45
61.94
60.83
60.71
61.43
NA
59.71
59.21
62.71
61.11
60.05
61.58
61.62
60.2
57.84
59.98
60.63
61.65
57.87
59.7
62.91
60.92
65.31
64.85
58.37
60.97
58.56
62.44
61.07
61.48
61.69
58.04
62.03
63.67
58.56
59.58
60.48
59.97
61.11
60.84
60.12
61.1
59.35
58.08
60.31
62.34
60.45
59.15
58.75
61.46
62.09
59.56
58.92
63.99
60.82
61.46
59.76
59.68
60.48
59.29
61.01
61.38
58.11
57.39
64.19
57.63
58.58
62.79
60.92
59.29
60.22
60.24
60.92
62.55
62.79
59.98
60.53
60.38
61.44
60.16
61.96
63.36
61.11
60.71
62.01
61.01
60.41
60.91
60.41
61.51
61.81
60.68
60.68
61.58
60.68
60.38
60.88
61.88
61.28
59.38
NA
61.37
59.3
64.01
62.19
61.51
61.21
60.35
58.65
61.55
63.75
60.05
60.35
60.35
63.95
60.45
63.85
62.35
60.59
61.01
60.58
60.14
62.17
60.91
62.04
61.75
58.88
59.38
61.67
61.77
60.02
60.61
60.02
58.26
63.25
57.97
59.14
61.49
59.76
NA
63.65
59.85
61.01
60.83
58.97
61.92
61.68
64.68
58.71
60.8
61.11
59.31
64.41
58.8
60.73
61.11
59.41
60.24
59.62
62.35
63.83
58.69
61.99
60.99
58.89
61.29
NA
59.74
59.04
62.23
60.1
59.48
59.88
58.35
60.78
60.21
59.62
63.09
61.29
60.4
61.23
60.9
60.69
61.29
60.89
57.89
62.19
61.49
60.29
60.79
61.79
57.98
61.42
61.16
63.85
59.27
59.54
64.61
61.12
59.27
67.84
59.08
62.62
58.29
63.09
62.69
61.89
61.89
61.82
62.22
60.52
67.32
61.12
NA
58.65
57.61
NA
58.05
58.6
61.42
61.93
60.91
60.65
57.58
60.11
60.71
60.31
62.11
62.61
62.53
61.07
60.77
60.7
60.44
60.74
60.48
63.64
60.1
63.16
59.04
64.12
60.22
62.01
59.59
60.9
58.9
60.1
58.82
59.72
63.38
58.35
60.34
NA
60.7
59.15
58.79
60.24
61.69
NA
60.82
61.12
61.03
61.87
60.02
60.83
65.83
62.6
NA
60.64
61.55
60.73
58.79
62.19
60.2
59.99
61.28
67.97
59.6
60.49
59.55
NA
NA
NA
NA
NA
62.3
63.8
60.3
60.4
61.3
60.6
61.6
60.6
59.0
61.7
60.5
59.08
61.98
62.78
62.18
NA
59.45
60.34
57.74
63.04
61.74
60.34
57.74
62.52
59.22
59.72
61.02
59.52
64.52
63.02
60.87
60.62
60.22
61.11
63.81
60.61
58.31
61.61
62.81
59.81
NA
61.01
57.81
61.61
58.41
63.11
64.11
59.41
61.11
59.31
63.71
62.31
62.61
60.39
59.89
58.79
60.89
60.59
58.69
63.89
62.29
58.99
57.79
59.24
59.94
60.67
58.32
63.47
62.05
60.95
60.69
59.61
58.11
59.81
60.31
63.01
58.45
60.42
62.3
60.89
61.63
60.59
60.65
62.45
59.53
63.0
60.11
60.18
61.25
61.67
61.41
60.03
60.75
58.64
63.81
62.21
61.24
60.96
60.56
58.83
63.52
62.04
61.08
60.69
62.17
60.18
61.0
60.5
60.0
NA
NA
61.7
59.83
59.14
61.87
59.87
60.67
61.37
60.77
58.77
60.47
57.37
60.34
61.14
61.84
61.24
61.14
59.14
62.24
61.44
61.64
60.34
60.16
63.62
59.67
60.62
60.64
61.51
61.36
61.36
62.66
60.46
62.96
57.86
62.26
62.46
61.26
61.06
60.93
61.03
61.11
63.58
61.06
61.16
64.61
60.64
61.11
61.13
63.55
61.1
61.06
64.59
60.79
58.89
58.99
56.39
60.69
63.19
60.79
64.49
60.58
61.48
60.08
62.18
61.68
61.08
58.5
60.88
NA
58.0
60.34
58.41
59.09
NA
60.85
59.7
56.71
61.85
62.57
61.19
60.12
61.83
63.23
63.69
62.08
60.54
61.04
60.47
61.6
62.4
58.9
61.3
58.4
58.5
59.76
60.15
58.2
61.32
61.08
62.66
61.32
61.48
61.08
61.15
60.16
60.66
61.55
60.44
59.83
61.4
61.62
58.88
62.03
58.72
59.62
60.59
61.39
59.59
61.44
61.54
60.84
62.4
60.62
61.47
60.22
59.65
60.52
57.95
60.35
62.81
58.73
60.98
60.58
58.07
60.38
62.83
60.39
60.09
59.87
60.5
62.85
61.91
61.76
59.61
58.47
61.11
63.91
61.01
60.81
61.81
62.21
62.01
58.41
61.01
60.61
61.3
58.61
61.09
61.53
60.33
61.72
62.95
61.76
59.08
60.47
64.21
59.23
60.29
NA
61.4
60.37
61.16
61.24
60.79
61.06
59.53
61.45
60.58
59.54
60.78
58.33
57.82
59.19
60.85
60.85
61.95
59.19
57.82
61.67
60.57
61.39
63.99
59.39
59.69
NA
60.29
59.69
61.69
60.79
59.59
61.99
61.69
65.02
61.03
60.29
59.17
61.9
60.9
63.4
60.3
61.7
59.06
58.96
60.86
58.66
60.16
60.96
62.12
56.32
60.42
60.72
60.92
61.12
63.22
60.27
60.42
63.79
60.65
58.86
59.52
59.2
58.5
59.71
60.32
60.68
60.43
64.75
61.16
62.05
61.84
60.19
59.39
60.4
58.95
61.2
63.44
62.88
62.32
60.5
NA
62.2
59.0
NA
58.22
60.52
59.17
62.59
60.72
62.58
58.92
59.01
60.63
61.23
59.03
58.33
59.13
61.05
58.71
58.35
58.09
59.66
60.97
60.9
60.01
64.64
59.34
61.0
58.9
61.8
58.86
62.2
59.23
62.38
60.52
60.86
60.92
61.06
59.24
60.91
60.98
61.55
63.19
58.15
61.55
60.21
59.99
63.42
62.01
61.05
62.44
62.16
62.8
60.54
60.85
59.08
61.12
61.5
60.05
58.82
60.73
60.85
61.94
60.17
60.34
58.57
62.71
60.85
63.35
64.75
58.45
57.95
59.65
61.2
58.2
59.3
58.8
58.7
60.0
61.3
61.62
61.07
59.07
62.97
62.19
62.12
64.14
59.34
61.24
61.24
59.24
62.14
62.14
59.84
60.54
60.31
61.6
58.33
61.14
57.97
61.97
59.37
64.41
60.1
60.56
63.79
61.24
61.16
62.3
59.9
60.1
60.0
61.5
61.4
62.0
62.2
58.99
60.52
61.54
62.11
58.98
60.55
60.84
61.27
61.73
61.78
60.48
59.72
57.61
62.22
61.52
59.42
61.02
60.74
60.65
58.29
60.35
58.75
63.83
61.5
61.2
64.26
61.71
58.15
58.5
60.06
61.02
62.26
62.06
59.36
60.96
59.03
60.27
61.54
60.77
59.72
60.28
63.53
NA
61.7
62.84
61.3
59.65
60.16
62.94
61.64
NA
58.95
62.02
63.28
59.99
60.88
62.52
64.2
59.76
60.88
61.23
61.03
62.63
60.53
NA
NA
NA
61.61
59.01
61.61
65.71
63.91
65.31
62.81
63.21
63.31
63.41
61.0
59.79
58.31
61.75
62.01
61.21
60.61
62.51
61.61
62.21
64.54
61.9
61.96
60.72
59.71
60.38
61.7
55.23
60.75
61.1
67.67
59.36
60.32
60.93
60.73
60.63
59.63
60.87
60.75
61.58
62.19
60.84
60.24
64.14
63.24
61.64
61.34
64.04
61.24
59.04
65.34
61.44
59.84
59.35
59.98
60.68
59.39
64.39
61.99
60.49
60.89
59.74
60.84
61.44
63.59
60.65
59.12
57.19
58.29
61.07
59.25
57.38
61.19
61.36
60.75
60.49
60.28
61.04
60.1
61.04
61.51
64.09
60.34
59.4
60.32
60.97
59.91
59.93
60.33
60.14
60.96
60.79
61.09
59.8
61.12
60.6
60.32
60.84
58.45
58.76
60.71
61.41
60.01
58.58
58.61
60.7
62.4
60.7
61.77
60.85
60.8
61.7
60.1
60.67
61.97
60.04
61.03
58.54
60.32
61.02
62.25
58.52
62.09
59.56
60.83
61.32
60.62
60.58
61.09
58.45
63.03
58.36
58.93
62.84
61.65
61.93
58.56
62.94
62.78
64.37
60.94
64.95
60.6
60.25
61.02
61.32
61.99
61.44
59.8
60.07
61.99
61.16
62.81
60.89
60.34
61.93
62.43
60.33
59.93
NA
NA
NA
61.61
60.66
NA
NA
60.0
61.6
61.6
64.9
62.0
63.5
59.9
59.0
58.21
61.26
60.38
62.31
NA
59.86
61.6
NA
59.06
60.59
61.29
59.69
60.61
58.42
60.79
60.62
59.21
60.6
63.77
60.4
60.87
60.69
60.33
58.93
59.63
61.93
60.03
60.17
59.31
61.68
61.04
60.96
60.44
58.54
60.64
61.91
61.91
59.04
58.86
61.21
61.44
60.21
59.92
60.27
60.09
62.27
60.06
60.05
62.18
59.88
61.18
61.28
61.48
62.28
58.32
63.22
65.52
61.52
58.72
59.72
59.52
62.82
58.09
62.79
64.99
61.09
57.89
58.89
59.09
63.09
61.7
63.31
62.4
59.65
60.88
61.93
61.58
61.94
63.25
61.75
62.75
61.95
60.96
60.27
60.8
62.79
59.4
58.71
64.16
58.55
58.54
64.9
63.3
63.8
62.16
58.14
60.14
57.24
62.64
61.91
62.45
60.21
61.98
59.87
60.21
61.54
59.32
61.03
60.63
60.63
58.44
NA
62.13
60.19
60.49
61.02
58.68
60.22
61.22
NA
61.32
60.33
60.21
60.62
58.71
59.81
NA
59.74
60.24
61.76
62.14
59.69
61.89
59.14
61.4
61.61
61.67
61.04
60.55
60.61
62.21
58.36
63.88
59.69
57.88
61.62
57.77
63.6
62.92
61.68
61.02
61.42
61.53
61.15
60.98
61.96
58.54
57.63
57.93
59.93
64.03
58.33
61.05
NA
61.77
58.52
60.8
61.45
62.5
61.9
57.7
61.21
61.71
60.05
61.84
62.14
62.78
61.4
60.03
64.61
62.33
59.24
58.31
59.63
61.29
62.2
61.67
60.34
64.51
58.35
61.27
60.47
59.71
60.27
62.64
59.8
61.6
60.4
60.4
60.4
62.1
61.1
58.63
NA
63.18
60.89
58.68
61.0
57.82
62.11
NA
61.05
59.71
60.66
NA
61.69
64.24
65.34
NA
NA
60.43
NA
59.97
62.65
60.96
63.39
62.17
60.98
61.26
NA
63.14
NA
63.44
60.73
56.99
59.54
61.52
NA
59.33
61.27
61.3
59.71
58.12
61.32
57.52
61.02
59.48
59.82
60.59
61.01
60.89
61.59
63.59
60.82
62.49
61.16
61.4
60.6
NA
61.18
61.18
63.45
61.42
61.52
61.45
61.54
62.49
60.8
59.84
61.7
59.02
59.78
61.0
62.15
62.65
61.02
59.47
60.52
62.11
60.0
61.34
62.4
60.89
58.45
60.34
57.27
63.83
61.55
60.09
60.54
63.81
60.81
61.89
61.37
60.13
59.15
58.25
60.27
61.08
61.71
58.18
61.7
60.69
62.08
62.2
61.07
59.37
61.68
61.47
64.64
62.59
60.88
64.04
60.76
NA
59.97
60.56
63.62
59.93
60.66
62.34
60.47
58.49
61.19
62.7
60.84
59.8
62.07
61.93
61.28
62.71
60.64
63.65
60.91
60.59
61.36
59.99
60.93
61.22
60.37
61.15
60.29
61.81
64.23
60.6
58.51
63.28
59.6
59.64
59.09
59.52
61.14
59.01
61.28
61.37
62.04
61.66
62.02
58.13
60.91
61.87
59.82
59.17
60.18
61.38
60.84
60.5
61.2
NA
60.83
59.34
60.27
59.02
60.36
61.07
59.2
60.69
61.52
60.98
65.26
60.64
61.34
58.05
61.64
NA
NA
58.87
61.07
60.81
60.69
NA
NA
60.6
60.98
61.42
NA
NA
NA
61.77
61.17
61.87
60.83
62.14
59.76
62.61
60.09
59.05
60.89
60.8
58.82
63.45
57.74
62.25
60.59
63.18
61.53
64.06
59.85
60.1
61.78
63.95
62.94
62.02
60.1
61.42
63.53
61.37
59.95
NA
NA
60.03
58.11
61.29
57.54
58.58
60.92
60.1
61.26
61.84
60.75
60.24
61.37
61.37
60.79
60.2
61.89
60.98
61.63
61.93
59.25
NA
61.43
62.34
61.9
60.17
60.45
61.65
61.57
61.89
60.4
59.63
NA
NA
60.26
59.13
NA
62.46
59.76
61.36
59.96
61.16
60.16
63.26
61.56
60.06
60.66
64.96
61.26
60.66
60.22
61.56
62.98
60.98
NA
NA
59.06
NA
62.41
61.02
58.61
62.48
60.44
62.47
60.91
61.08
61.2
61.1
60.42
63.3
60.02
59.86
63.88
NA
59.29
61.32
59.56
58.82
61.21
60.28
60.7
58.55
60.56
60.9
65.0
59.7
60.9
62.0
61.6
59.9
61.2
61.8
59.4
61.3
62.24
61.71
60.7
64.2
57.97
60.97
61.66
57.98
58.52
57.31
58.27
62.94
61.24
59.69
60.45
59.44
62.19
60.49
60.19
58.61
60.59
62.62
61.15
58.06
NA
NA
NA
61.05
60.65
58.35
60.59
65.52
58.73
63.21
60.31
58.34
61.56
61.39
61.46
64.0
62.13
59.87
58.6
60.88
60.0
59.14
57.65
57.86
58.87
61.47
58.76
62.82
61.23
59.15
62.0
63.13
62.0
61.49
61.88
60.68
62.02
60.82
60.48
60.98
59.38
60.19
NA
NA
NA
NA
61.19
60.89
62.49
61.49
61.19
61.59
60.79
59.79
61.29
60.88
61.18
61.08
61.18
61.48
61.58
62.87
61.32
60.41
61.4
62.53
61.77
61.43
63.93
62.13
59.23
60.33
61.73
60.53
60.32
57.89
60.36
61.91
NA
60.45
57.54
61.16
60.46
62.33
63.62
61.3
64.39
59.88
60.02
65.66
58.76
60.27
61.0
59.94
60.98
NA
61.03
61.93
62.99
60.66
60.45
62.58
61.43
62.43
61.37
63.76
61.37
64.56
61.37
64.29
62.0
59.61
60.55
61.95
60.55
60.7
62.15
59.61
61.98
61.09
60.21
62.85
58.45
60.81
58.76
60.99
60.77
60.67
60.87
60.37
61.47
62.67
58.47
60.17
61.31
60.96
63.65
60.96
62.95
61.3
63.8
60.1
60.7
61.5
61.3
60.9
59.5
59.14
60.34
57.94
59.54
60.44
60.54
60.97
61.95
62.05
60.94
61.54
62.24
62.24
57.34
60.34
60.34
61.24
60.34
59.04
60.84
59.14
59.24
61.34
62.24
61.74
NA
58.66
60.12
59.31
60.94
60.25
59.16
58.84
61.36
58.63
60.8
60.83
60.44
62.12
61.53
58.58
60.52
60.08
58.1
59.05
60.99
62.16
60.31
64.43
61.03
NA
60.6
NA
62.24
59.75
58.58
63.85
61.62
61.41
64.38
61.83
58.39
58.67
60.27
61.18
58.54
65.99
63.49
60.82
59.16
64.06
57.87
61.83
57.81
63.68
59.99
58.46
58.38
59.02
63.68
60.48
60.38
58.28
NA
60.52
59.51
59.93
61.5
60.94
62.62
62.87
61.09
62.31
58.8
60.28
60.92
60.74
60.87
61.28
61.04
61.01
60.84
60.96
61.18
61.16
61.2
58.77
58.17
59.73
61.42
60.39
61.68
62.81
58.75
58.6
58.49
61.02
61.35
61.54
60.96
60.38
60.44
62.44
60.86
60.87
62.34
59.97
59.57
58.67
61.27
62.67
NA
60.97
NA
61.77
60.66
60.42
60.03
64.23
60.12
61.06
58.08
62.85
59.59
61.95
61.86
59.71
59.88
63.36
59.85
61.72
62.2
60.63
61.17
60.94
57.73
NA
61.98
58.64
61.14
61.53
NA
NA
61.61
61.41
60.71
61.31
60.41
58.21
61.46
61.21
63.05
61.98
60.73
60.23
62.98
NA
60.78
62.49
59.33
58.85
61.37
61.12
62.19
60.9
62.53
59.41
58.75
61.42
61.17
62.12
60.7
58.5
60.4
58.49
61.11
60.31
61.32
61.54
60.87
60.3
61.94
62.48
60.23
61.02
60.28
60.05
62.74
58.19
62.99
61.69
61.99
60.82
60.47
61.73
61.33
60.6
60.83
61.49
62.36
61.09
61.82
62.01
61.68
60.81
60.55
61.78
61.34
60.63
60.85
61.51
NA
60.8
62.1
60.6
60.5
61.2
61.35
63.83
60.04
61.95
58.44
60.44
61.03
63.63
63.23
60.73
61.23
63.47
64.17
58.67
58.37
62.15
59.86
61.51
57.01
61.43
59.87
62.89
61.14
61.67
61.88
59.03
65.63
61.82
59.87
61.72
61.37
61.26
61.91
58.89
63.84
60.34
58.28
60.16
58.59
59.99
60.69
61.49
65.19
61.99
61.54
64.24
61.44
59.24
57.14
61.74
59.54
60.84
61.64
59.44
65.18
62.6
63.58
62.01
61.27
61.44
NA
63.05
59.03
63.69
60.94
56.74
59.73
61.56
NA
NA
NA
NA
NA
62.47
62.23
59.4
61.12
61.62
59.89
61.3
59.65
58.66
59.55
57.75
60.05
62.55
63.05
61.33
60.19
62.01
60.58
61.17
60.87
61.7
63.47
60.41
61.5
60.41
62.38
61.12
60.82
63.02
59.3
58.13
63.89
65.71
60.65
60.91
58.26
58.11
60.63
58.93
59.29
57.98
63.69
65.76
60.62
60.85
58.26
58.13
60.57
58.83
60.13
61.74
61.31
61.95
59.74
61.76
61.76
57.56
59.86
61.49
58.33
58.89
60.94
61.46
59.14
60.78
58.38
61.28
59.98
60.78
58.28
61.28
59.98
63.26
61.86
61.79
61.17
59.45
58.71
60.09
61.32
61.24
61.13
63.72
61.94
61.74
60.89
59.09
58.45
60.04
61.28
61.2
61.09
61.26
60.23
61.3
61.69
61.39
60.86
61.21
59.78
60.97
60.01
61.12
64.16
61.43
61.14
64.71
61.19
61.76
59.73
62.17
62.28
54.27
64.85
60.41
61.69
59.87
62.31
62.59
60.91
64.91
60.58
62.13
60.05
62.33
62.26
60.82
62.66
59.62
61.34
58.93
57.65
61.79
59.81
61.35
64.19
62.78
59.67
59.44
58.99
57.71
59.36
59.81
61.46
64.32
59.56
58.36
61.2
60.39
59.89
60.89
59.81
57.85
58.05
61.62
61.51
61.38