175.5
173.98
176.05
176.64
175.65
175.05
176.9
175.36
175.72
176.05
NA
175.65
175.87
175.88
175.01
175.26
177.36
174.77
175.12
177.71
173.48
175.96
177.0
177.55
176.97
NA
177.2
NA
175.44
173.79
174.19
174.74
174.97
175.57
174.66
175.91
175.4
175.58
175.68
175.92
176.18
175.4
175.72
177.63
174.59
174.08
177.34
NA
176.25
175.11
175.89
173.68
174.68
176.58
175.72
NA
NA
172.83
174.29
174.64
175.96
172.79
174.9
175.38
177.27
NA
NA
NA
NA
176.7
NA
176.37
176.19
175.97
174.97
178.87
177.39
174.61
175.98
175.88
176.98
175.83
178.21
173.92
176.69
NA
NA
NA
175.24
175.21
174.86
176.34
176.25
174.0
174.93
174.43
176.73
174.99
175.58
177.02
175.65
177.16
176.56
175.98
173.91
176.31
175.47
176.49
175.71
176.91
175.99
173.88
175.3
175.0
174.15
173.77
175.53
NA
176.32
172.59
175.84
175.45
173.92
174.0
172.34
174.62
176.53
172.29
175.76
NA
174.36
176.96
175.91
178.31
177.31
175.78
175.43
175.8
175.95
NA
177.68
174.87
176.65
176.27
175.96
175.72
177.06
NA
NA
NA
175.88
NA
173.25
177.45
174.1
173.76
175.97
173.92
176.9
176.71
174.63
175.91
176.6
176.16
175.45
175.4
177.29
174.37
174.67
174.78
177.12
174.86
175.11
176.03
176.81
176.54
174.62
175.74
176.22
176.38
175.63
172.19
174.51
175.5
175.07
175.38
174.84
174.99
176.62
175.32
177.81
175.56
174.44
175.55
175.98
NA
176.65
173.33
174.06
175.8
175.37
175.61
174.83
175.0
175.25
175.66
NA
NA
175.78
175.61
176.09
NA
177.12
174.84
176.06
176.46
175.98
175.09
173.75
176.61
175.06
177.58
175.35
175.62
175.96
175.33
176.88
175.89
178.01
176.79
176.79
176.0
177.95
178.1
175.86
NA
NA
NA
NA
NA
174.51
177.46
177.29
176.02
176.29
172.75
175.91
176.3
174.87
175.53
174.75
174.68
174.83
175.29
178.21
176.21
NA
175.76
174.99
NA
NA
175.36
176.15
177.61
NA
177.55
175.74
175.97
175.99
177.13
175.55
176.18
174.18
NA
175.32
175.0
175.53
176.64
174.41
173.3
NA
177.7
174.49
175.6
174.51
175.94
175.3
175.2
176.88
176.24
175.26
NA
172.4
NA
174.44
171.89
175.03
176.73
176.24
175.18
176.14
178.16
174.2
176.26
176.34
175.74
176.45
176.06
176.01
175.72
175.6
176.57
176.03
174.56
175.96
175.79
175.7
175.79
174.13
174.73
176.12
174.25
175.52
175.37
175.88
175.94
174.7
174.76
175.17
175.95
176.45
175.5
175.07
175.75
NA
175.87
174.33
174.95
174.15
173.23
176.06
176.32
173.28
NA
176.77
176.5
NA
174.84
174.15
173.85
175.5
175.26
175.6
174.83
175.0
173.93
173.1
175.87
174.65
NA
173.65
174.86
176.25
175.19
175.18
NA
176.28
175.24
176.17
176.23
176.23
175.99
176.29
174.81
177.22
176.27
174.26
176.67
176.71
175.78
173.36
177.05
176.94
175.02
176.69
174.91
173.09
174.37
176.59
172.35
173.73
173.97
176.36
176.85
176.52
176.4
175.69
172.67
174.88
176.36
NA
175.71
175.38
174.67
NA
NA
174.93
NA
176.07
176.35
176.26
NA
NA
173.99
177.52
176.99
173.99
176.11
175.97
NA
177.84
175.53
177.12
174.76
173.87
174.94
NA
177.78
175.49
NA
174.65
175.16
174.98
174.36
174.76
174.39
174.79
174.39
174.59
173.21
172.23
175.09
NA
NA
NA
NA
NA
174.5
175.71
176.43
NA
174.54
NA
NA
179.03
176.62
NA
NA
NA
175.92
174.75
175.86
175.23
175.96
173.72
175.22
176.6
NA
174.66
174.76
175.43
174.9
176.28
173.17
174.87
175.17
NA
NA
NA
NA
NA
NA
NA
174.86
176.5
174.36
NA
175.96
174.96
176.81
174.12
175.14
175.45
175.55
176.57
174.3
NA
NA
NA
NA
NA
175.0
175.85
176.26
NA
NA
173.95
176.34
173.87
174.05
176.51
177.36
178.53
NA
NA
175.32
174.64
174.39
175.08
175.93
NA
176.19
174.5
175.46
174.16
176.14
NA
174.26
NA
174.93
175.7
174.96
175.54
176.18
176.07
175.57
175.65
175.79
176.11
175.85
175.33
175.32
NA
175.51
176.04
174.28
176.9
NA
176.02
NA
NA
NA
NA
175.12
NA
175.31
NA
NA
176.08
173.7
NA
NA
NA
NA
178.53
178.53
178.52
178.52
178.52
174.87
174.59
175.19
NA
174.8
NA
176.72
175.22
NA
175.35
NA
175.71
177.03
NA
NA
NA
172.41
174.9
173.27
177.78
176.05
177.12
173.73
174.96
176.21
175.78
173.45
175.24
174.96
176.5
174.32
177.15
175.68
175.41
174.9
NA
176.35
176.12
176.12
174.63
176.49
174.61
NA
174.13
NA
NA
175.64
NA
NA
NA
174.61
NA
NA
175.83
NA
NA
NA
NA
NA
NA
NA
NA
NA
NA
NA
NA
NA
NA
NA
NA
NA
NA
NA
NA
175.31
174.33
176.44
173.3
173.88
174.15
177.13
175.82
175.25
177.01
175.61
174.83
NA
NA
NA
177.14
177.06
NA
NA
NA
176.9
176.5
177.08
175.49
NA
NA
NA
NA
174.25
176.16
176.63
176.63
172.9
NA
NA
175.06
175.52
NA
NA
NA
NA
NA
NA
NA
NA
NA
NA
NA
174.41
NA
NA
172.95
175.82
176.26
176.81
NA
177.89
179.75
175.11
177.18
175.26
NA
NA
NA
NA
NA
NA
NA
NA
NA
NA
172.97
175.87
NA
NA
176.3
177.65
NA
174.43
177.32
174.66
175.51
176.98
177.05
174.85
NA
179.16
NA
NA
NA
NA
NA
NA
NA
NA
NA
NA
NA
NA
NA
NA
NA
175.22
172.12
177.72
174.92
175.52
174.12
175.82
NA
NA
NA
NA
NA
NA
174.5
NA
NA
NA
NA
176.74
174.93
175.59
NA
NA
NA
NA
174.92
173.56
176.86
NA
NA
NA
NA
NA
NA
NA
NA
177.36
176.88
177.24
176.46
176.76
NA
NA
NA
NA
NA
NA
NA
178.75
179.32
176.14
172.01
NA
173.28
173.18
176.23
NA
NA
NA
NA
175.49
176.62
176.46
175.09
174.13
NA
174.96
174.37
175.42
174.93
175.64
174.16
176.04
178.14
178.24
175.43
175.62
175.23
NA
176.32
174.52
173.68
175.9
NA
NA
NA
NA
NA
NA
NA
NA
NA
NA
176.54
174.84
177.24
NA
NA
NA
NA
NA
NA
174.94
176.14
174.57
174.68
174.63
NA
NA
NA
NA
176.2
174.5
174.1
174.9
174.76
173.76
175.19
174.9
175.75
176.35
175.0
NA
NA
NA
NA
NA
NA
NA
NA
NA
NA
NA
NA
NA
NA
178.09
175.69
175.5
178.15
174.35
NA
NA
NA
NA
NA
NA
NA
NA
NA
NA
NA
NA
NA
174.85
NA
173.45
NA
NA
NA
NA
NA
NA
175.7
177.5
NA
175.97
175.97
NA
175.55
175.95
NA
176.05
NA
NA
NA
NA
NA
173.93
175.83
174.95
177.65
NA
NA
NA
NA
NA
NA
NA
NA
173.61
176.49
NA
NA
176.02
NA
176.52
NA
173.62
174.38
NA
177.37
174.83
NA
173.78
180.58
174.28
177.58
NA
174.32
177.3
NA
NA
NA
NA
NA
NA
NA
NA
NA
174.69
NA
NA
NA
174.29
174.27
175.56
177.51
NA
174.18
175.62
175.75
172.99
NA
NA
NA
NA
NA
176.55
180.15
176.47
178.89
176.22
177.76
174.65
178.25
177.49
177.49
NA
NA
NA
NA
177.95
NA
173.61
177.61
NA
NA
NA
NA
NA
NA
NA
176.45
175.65
172.75
174.95
NA
NA
NA
175.84
175.64
177.24
NA
NA
NA
174.96
175.49
175.45
177.42
178.33
NA
NA
NA
177.03
177.55
173.19
174.58
174.69
175.45
175.21
175.61
174.21
172.81
NA
NA
NA
175.88
175.77
NA
NA
NA
NA
173.42
175.15
173.97
173.25
176.05
174.35
174.35
174.45
176.95
NA
172.68
173.23
NA
NA
NA
NA
NA
176.02
175.1
174.77
179.65
174.6
NA
175.99
175.4
178.35
175.13
177.33
NA
175.91
176.11
175.81
NA
NA
NA
NA
NA
NA
NA
175.54
NA
NA
NA
NA
NA
NA
NA
NA
NA
NA
NA
NA
NA
NA
NA
176.14
174.98
175.11
175.53
175.55
176.15
177.95
NA
NA
NA
NA
NA
NA
NA
176.17
175.21
NA
NA
NA
176.51
176.56
NA
NA
NA
176.24
NA
177.27
175.6
175.87
175.76
176.05
NA
175.01
NA
NA
NA
NA
NA
NA
NA
NA
NA
177.92
NA
174.74
NA
174.48
175.79
NA
NA
NA
178.06
176.61
180.59
176.25
172.95
NA
176.88
177.35
174.56
NA
NA
NA
NA
NA
176.05
NA
175.01
173.17
177.17
175.37
NA
NA
NA
178.14
NA
NA
NA
NA
NA
174.66
NA
NA
173.91
175.95
176.87
175.2
NA
174.57
NA
NA
176.88
176.82
NA
176.58
174.01
NA
NA
NA
NA
NA
NA
NA
NA
177.66
172.04
177.85
NA
NA
NA
NA
NA
176.08
173.08
NA
NA
NA
NA
NA
NA
NA
175.76
174.3
175.8
175.28
175.98
176.01
175.67
173.1
175.02
174.13
173.26
174.96
174.06
NA
NA
NA
176.44
176.93
176.06
176.35
175.85
171.85
176.65
174.99
175.9
NA
NA
175.88
176.25
177.44
176.76
176.77
NA
NA
175.07
175.48
176.13
174.04
174.81
174.04
178.28
177.88
NA
NA
NA
NA
179.13
175.94
173.98
176.64
NA
NA
NA
NA
NA
NA
NA
NA
177.26
NA
176.06
177.26
175.66
175.6
174.4
178.6
175.3
175.7
175.25
173.82
176.29
NA
NA
174.36
176.49
174.69
NA
NA
NA
NA
NA
NA
177.19
NA
176.45
174.15
NA
176.07
175.97
173.37
174.55
174.71
175.39
NA
181.05
175.76
172.01
177.84
174.37
174.54
175.73
175.16
176.16
177.17
175.58
NA
NA
NA
NA
NA
177.26
174.85
176.42
175.93
176.21
172.98
174.38
179.31
173.51
NA
173.08
NA
175.68
175.28
NA
178.48
173.17
172.47
172.97
NA
NA
NA
NA
NA
175.04
175.44
176.24
174.43
NA
NA
174.66
174.66
176.35
NA
176.03
175.38
175.95
NA
174.51
175.57
176.85
174.3
NA
175.4
NA
NA
NA
NA
NA
NA
NA
NA
NA
NA
176.37
175.57
NA
NA
NA
NA
NA
176.59
NA
174.8
NA
NA
174.34
176.64
175.34
175.44
NA
NA
NA
NA
NA
NA
NA
NA
175.73
176.63
NA
NA
177.07
175.22
NA
NA
176.03
176.43
173.13
176.33
176.13
NA
NA
NA
177.5
177.48
176.19
175.52
NA
176.3
NA
174.83
176.03
174.73
NA
NA
NA
NA
NA
NA
NA
175.4
176.22
175.08
175.4
NA
176.62
NA
NA
NA
NA
176.71
175.9
NA
176.21
174.84
177.14
176.04
176.05
175.56
177.6
174.68
176.72
175.24
175.44
175.24
NA
NA
NA
NA
175.45
179.65
174.65
175.55
175.15
176.55
175.61
175.41
176.21
175.71
175.31
174.31
175.41
177.51
178.38
175.58
175.77
175.65
175.71
174.75
175.55
175.6
NA
178.15
178.41
176.11
NA
173.8
177.09
NA
175.6
177.2
175.83
NA
NA
175.6
171.9
172.32
176.76
176.74
177.66
178.06
175.11
NA
176.56
174.26
176.46
176.05
176.33
174.71
NA
174.67
NA
178.14
173.85
174.06
NA
176.15
177.33
174.66
176.36
175.22
NA
NA
NA
175.18
176.34
NA
175.83
175.73
176.23
175.47
NA
NA
NA
175.85
175.12
175.93
175.08
175.69
175.48
174.09
173.19
NA
NA
176.54
NA
175.37
175.69
175.19
172.69
NA
NA
NA
175.77
172.92
176.27
NA
175.57
175.57
175.67
175.36
NA
175.55
176.09
175.55
174.95
176.15
177.25
176.85
174.96
NA
174.98
NA
176.16
NA
177.8
173.51
177.02
174.86
175.1
177.55
NA
NA
NA
NA
NA
175.74
175.56
174.41
180.38
NA
174.93
175.5
NA
175.79
174.9
173.86
174.82
174.23
179.77
175.64
NA
171.75
173.48
172.54
175.34
NA
NA
NA
174.57
NA
NA
178.09
174.53
175.23
NA
NA
NA
NA
NA
NA
NA
NA
174.38
NA
174.97
NA
174.86
173.73
174.82
173.64
176.07
NA
174.75
174.28
174.91
174.16
172.56
174.4
176.23
176.36
176.48
176.55
173.98
174.15
176.09
NA
NA
NA
176.06
174.95
173.08
175.88
177.28
175.28
175.58
NA
175.78
176.07
176.75
177.28
175.07
175.6
177.21
175.1
NA
176.94
176.24
175.92
NA
176.29
175.99
NA
175.74
175.79
175.59
176.19
NA
NA
175.2
175.94
NA
176.08
175.41
176.14
174.58
175.0
174.01
176.33
NA
NA
NA
175.66
NA
NA
NA
175.55
172.12
175.55
174.95
176.15
177.25
176.85
174.8
175.02
175.86
173.86
175.66
175.42
172.67
174.48
174.45
176.42
175.61
175.57
180.63
174.98
170.84
176.57
NA
NA
174.96
NA
175.24
175.16
173.45
176.12
NA
NA
NA
NA
174.7
178.25
178.15
178.21
178.1
178.15
178.17
NA
175.73
NA
NA
NA
NA
NA
NA
NA
NA
NA
NA
NA
NA
NA
NA
173.31
174.75
175.87
174.23
NA
174.91
177.01
176.71
176.31
174.61
174.11
176.31
NA
NA
174.97
175.9
NA
176.51
NA
NA
175.85
NA
NA
NA
173.67
NA
NA
NA
NA
174.64
NA
175.23
177.49
NA
NA
174.01
NA
173.51
NA
177.9
176.3
175.73
175.95
175.2
175.39
174.29
175.63
176.03
NA
NA
NA
NA
NA
175.0
173.51
NA
NA
176.35
176.02
NA
NA
NA
NA
174.61
174.83
176.03
174.13
175.49
178.25
NA
174.84
NA
174.84
174.74
176.04
176.14
NA
175.77
175.59
175.77
175.26
175.57
175.2
175.78
176.88
175.52
NA
175.6
175.34
178.14
NA
176.09
175.69
173.41
176.81
176.31
178.49
174.79
NA
176.08
NA
NA
175.19
176.13
175.19
175.5
178.32
173.63
175.4
NA
NA
175.65
174.38
174.64
NA
NA
NA
NA
176.32
176.15
174.56
175.5
175.36
176.2
174.23
175.53
175.93
176.03
NA
176.19
178.3
176.8
172.6
174.81
NA
175.99
174.94
173.88
175.09
NA
171.18
175.68
NA
NA
NA
NA
NA
NA
NA
NA
NA
175.97
NA
NA
175.78
175.25
175.65
176.05
174.75
176.21
175.31
175.53
175.1
175.4
176.11
177.51
177.37
174.41
177.0
NA
174.83
NA
NA
175.8
176.59
NA
NA
NA
NA
176.71
176.15
175.11
177.01
174.41
NA
173.28
173.45
175.13
176.24
NA
NA
NA
175.4
175.1
176.09
176.13
177.33
176.5
NA
174.0
NA
176.76
NA
176.69
NA
173.73
NA
NA
NA
NA
NA
NA
174.96
176.26
176.07
175.99
173.65
175.7
175.39
176.37
NA
175.69
176.21
NA
NA
NA
NA
NA
NA
NA
NA
NA
NA
NA
NA
NA
NA
NA
174.32
174.18
176.93
176.73
176.1
174.61
NA
177.28
NA
174.58
173.41
174.5
176.26
176.58
175.47
175.17
173.77
176.07
174.37
174.87
172.17
176.11
176.31
178.01
176.21
176.11
177.49
176.79
176.29
176.69
176.15
175.93
176.04
NA
171.52
173.82
177.29
177.51
175.85
177.19
175.33
177.28
NA
NA
NA
NA
NA
176.05
175.6
173.8
174.4
174.5
NA
NA
NA
NA
NA
NA
NA
175.01
176.53
NA
NA
172.66
177.17
172.77
176.67
NA
NA
174.81
173.84
174.39
NA
NA
NA
NA
NA
174.16
174.86
177.06
176.76
176.36
174.56
174.16
176.26
175.91
NA
NA
NA
NA
NA
NA
NA
NA
NA
NA
174.2
174.89
175.97
173.77
177.57
176.77
NA
NA
NA
174.04
176.52
176.92
175.52
175.82
NA
175.72
172.14
177.51
176.16
175.75
174.29
NA
NA
NA
NA
177.87
NA
NA
175.9
175.8
175.87
176.04
175.78
176.44
173.83
175.99
174.84
NA
NA
179.21
175.23
173.52
NA
NA
NA
176.37
172.99
176.41
176.23
176.42
NA
176.14
NA
NA
NA
178.61
175.56
176.07
175.91
175.5
175.83
173.29
NA
NA
NA
NA
177.18
177.22
175.11
175.0
176.55
175.16
172.96
173.86
NA
NA
NA
NA
NA
NA
174.86
176.76
NA
NA
NA
NA
NA
NA
175.99
NA
175.25
175.59
174.06
173.22
177.65
175.63
176.62
NA
176.13
NA
NA
174.45
175.81
NA
175.37
174.77
NA
176.17
174.17
176.71
174.79
175.91
175.4
176.08
174.54
175.79
174.79
NA
NA
NA
NA
NA
NA
175.89
173.39
175.3
175.17
172.77
174.42
175.06
176.46
176.65
175.28
NA
176.02
175.32
175.89
173.39
176.26
176.64
175.94
175.67
173.76
178.23
176.98
176.79
NA
NA
175.54
174.54
176.14
173.5
176.5
176.65
176.43
NA
175.4
177.4
176.4
175.4
NA
175.85
174.39
NA
176.99
176.66
179.16
176.08
175.11
173.96
177.36
175.27
NA
NA
NA
NA
NA
NA
NA
NA
NA
NA
NA
NA
NA
175.07
173.07
176.47
NA
175.2
176.44
NA
NA
NA
NA
NA
NA
NA
175.52
172.5
NA
NA
NA
NA
NA
NA
NA
NA
NA
NA
NA
174.18
172.68
173.88
176.18
175.38
176.55
174.69
176.8
172.29
NA
175.19
176.48
176.47
175.92
176.05
177.54
174.73
174.43
NA
175.49
175.17
NA
NA
NA
NA
NA
NA
NA
NA
NA
175.72
174.8
175.37
175.85
175.42
174.34
NA
175.63
176.19
NA
NA
175.21
NA
175.98
177.01
176.38
176.5
NA
NA
NA
NA
NA
NA
NA
NA
NA
NA
NA
NA
NA
NA
NA
NA
NA
176.06
NA
NA
NA
NA
NA
175.3
176.41
176.1
175.0
176.79
176.83
173.31
175.56
177.07
176.69
172.98
174.75
175.94
NA
171.92
177.62
NA
170.45
178.35
NA
173.79
NA
178.19
NA
175.7
173.08
177.4
NA
NA
177.93
NA
176.61
175.33
NA
NA
NA
NA
NA
176.07
175.68
177.26
NA
NA
174.11
175.3
177.13
175.15
NA
NA
176.32
NA
NA
NA
NA
NA
NA
NA
NA
NA
NA
NA
171.8
175.29
173.37
175.17
175.55
NA
176.53
175.24
173.41
173.97
176.09
175.15
175.84
175.81
NA
NA
173.81
175.7
NA
176.88
176.93
NA
175.54
175.34
NA
NA
NA
173.89
175.97
175.41
172.92
175.53
NA
NA
NA
NA
NA
NA
NA
NA
NA
NA
NA
NA
176.91
176.55
176.59
NA
NA
NA
177.07
NA
NA
174.28
NA
175.66
177.3
NA
NA
176.12
177.67
NA
177.3
179.32
179.51
NA
NA
177.17
174.87
175.57
174.67
175.77
176.61
175.41
174.93
175.07
175.02
175.59
174.93
NA
177.22
173.46
176.47
175.29
175.88
178.8
177.84
174.31
177.11
175.06
NA
NA
173.1
NA
NA
175.84
176.19
175.75
175.74
NA
176.18
176.29
176.13
175.09
NA
NA
NA
NA
NA
NA
NA
NA
NA
176.07
174.65
175.46
175.83
175.06
175.77
NA
178.43
NA
177.56
174.78
NA
175.47
175.75
176.58
175.58
NA
NA
175.72
NA
NA
NA
NA
176.71
NA
NA
NA
175.66
175.46
175.86
177.06
NA
NA
NA
NA
NA
176.43
176.03
NA
177.63
176.03
NA
176.32
174.22
176.32
176.12
175.92
175.92
NA
NA
176.26
176.66
178.53
175.17
172.71
173.96
177.35
176.93
175.21
175.5
173.34
NA
178.72
NA
172.38
176.36
178.45
177.38
176.06
176.41
173.49
NA
NA
NA
NA
NA
NA
NA
NA
NA
NA
NA
NA
NA
NA
NA
175.64
175.31
NA
173.93
NA
NA
174.25
172.63
175.33
176.79
174.28
176.44
174.48
176.05
175.66
NA
NA
NA
NA
NA
175.6
NA
NA
NA
173.51
NA
175.32
NA
NA
NA
NA
176.94
175.84
175.84
177.34
176.37
176.93
NA
173.16
176.46
174.06
175.46
176.24
175.91
176.26
175.23
NA
NA
175.65
176.03
NA
175.63
177.64
174.53
177.99
174.79
173.8
176.04
175.79
177.31
177.43
173.97
175.87
174.53
175.39
176.2
176.17
NA
NA
NA
174.34
176.57
178.91
173.73
177.61
176.21
176.41
177.57
175.77
175.66
NA
NA
175.5
175.8
175.28
NA
176.57
NA
NA
175.21
174.28
176.6
NA
175.92
178.12
176.62
175.66
177.06
174.66
176.21
175.31
172.85
175.38
175.61
176.14
176.91
175.8
174.9
NA
176.12
NA
176.66
175.33
174.6
176.01
176.39
172.7
175.85
NA
175.71
NA
NA
173.36
NA
NA
NA
175.36
NA
175.54
173.91
175.61
175.17
175.64
174.2
173.55
NA
NA
NA
NA
NA
NA
177.22
173.62
175.17
176.01
177.09
177.01
NA
176.31
175.7
177.0
NA
174.51
NA
NA
NA
NA
NA
NA
NA
176.26
174.14
174.52
NA
176.61
179.11
175.21
174.98
176.09
176.67
176.67
175.59
177.2
176.7
175.52
177.19
NA
NA
175.76
174.99
176.5
178.65
173.4
NA
174.69
175.64
NA
178.31
NA
NA
NA
NA
NA
NA
NA
NA
NA
NA
NA
NA
NA
NA
NA
NA
NA
NA
NA
176.92
173.29
175.19
175.59
174.94
176.57
176.37
175.67
NA
NA
174.15
176.18
176.25
177.65
NA
NA
173.18
NA
NA
174.88
172.9
NA
175.44
NA
175.68
176.59
179.02
175.04
NA
NA
NA
NA
NA
NA
NA
NA
NA
176.32
175.58
NA
NA
177.03
179.29
176.09
175.14
NA
NA
NA
NA
NA
NA
NA
NA
177.48
NA
NA
NA
NA
NA
NA
NA
NA
176.41
NA
NA
NA
174.94
NA
NA
174.79
172.96
175.23
177.39
175.66
177.13
174.78
173.42
NA
NA
NA
NA
NA
NA
NA
NA
175.54
174.57
172.17
174.29
176.09
175.29
NA
175.63
173.81
173.4
176.82
NA
174.82
175.33
175.96
NA
NA
NA
NA
NA
NA
NA
174.28
175.38
174.96
176.5
174.32
176.27
176.09
NA
NA
NA
NA
NA
NA
NA
NA
NA
NA
NA
NA
NA
NA
NA
176.01
NA
177.56
174.9
174.66
NA
NA