31.98
32.67
31.33
32.34
32.65
32.54
32.88
35.5
32.18
31.94
NA
32.52
33.03
33.14
33.09
33.16
31.25
NA
33.66
32.17
29.15
32.91
31.57
31.85
31.51
30.39
NA
31.49
32.82
32.32
32.62
32.77
31.11
31.91
34.8
32.76
32.71
32.8
32.64
31.96
32.35
31.63
33.54
31.72
NA
31.98
31.57
NA
32.06
32.9
32.8
28.83
33.52
31.75
30.9
NA
32.28
33.07
33.34
33.51
32.57
30.8
31.65
32.38
31.15
NA
NA
NA
NA
30.95
33.91
31.02
32.86
32.55
29.49
29.59
31.25
33.32
32.88
31.24
31.99
32.61
32.0
31.38
32.48
32.64
31.48
NA
32.57
NA
32.28
32.53
31.88
31.59
32.28
32.56
31.17
34.16
32.88
31.04
32.59
31.93
31.39
33.54
33.18
31.54
32.87
32.12
32.66
31.95
32.55
32.55
31.24
34.78
31.74
33.11
32.37
NA
32.81
NA
32.92
31.94
32.56
34.48
31.98
31.74
32.39
33.22
31.93
31.05
33.14
NA
35.44
31.76
35.46
32.85
35.81
30.73
31.32
32.34
31.09
31.89
30.96
33.31
32.62
32.91
30.98
32.8
32.62
NA
31.47
NA
35.82
32.05
31.39
32.81
NA
34.13
30.83
32.52
33.41
31.91
32.93
31.82
34.09
32.98
32.48
33.93
32.04
34.66
NA
31.97
35.56
31.49
33.92
NA
34.81
NA
33.0
32.59
31.89
33.84
32.57
31.43
32.03
31.85
32.56
31.84
31.62
32.75
NA
32.29
NA
32.56
34.2
NA
32.57
32.5
31.53
32.62
32.35
33.21
30.95
33.27
31.94
NA
NA
NA
32.4
33.1
32.74
32.11
31.34
32.36
33.72
32.75
32.59
33.36
33.31
31.01
33.29
31.69
32.04
NA
32.65
32.73
32.69
29.17
32.0
33.37
NA
29.33
NA
NA
NA
NA
NA
NA
NA
NA
36.74
NA
33.64
31.09
31.7
33.25
32.86
NA
33.8
32.6
33.27
30.56
32.2
34.06
31.92
31.96
NA
NA
32.15
NA
32.29
33.38
32.39
30.74
32.64
32.34
33.02
31.47
31.56
NA
33.95
31.8
35.33
31.55
32.28
NA
33.19
32.45
32.37
NA
NA
32.09
31.73
31.67
36.1
NA
34.07
31.13
32.26
NA
32.98
NA
31.0
33.04
34.64
35.15
34.52
32.77
31.87
34.27
32.55
NA
33.49
32.84
34.36
33.92
32.64
32.95
32.92
31.98
31.67
32.61
32.88
32.72
32.89
34.61
32.95
32.92
33.87
31.35
33.66
33.42
32.95
32.97
32.64
32.62
33.0
33.04
34.41
32.91
32.51
31.7
33.86
32.94
32.28
31.04
35.18
33.06
36.69
30.1
32.87
31.97
32.9
NA
31.09
32.24
31.26
NA
NA
31.97
31.17
32.69
32.5
33.4
31.3
32.92
34.69
31.92
34.67
32.1
35.46
31.61
31.04
31.63
32.7
32.66
32.82
34.61
30.71
31.54
32.8
34.19
31.27
32.46
32.75
30.92
34.0
31.88
30.78
33.02
30.77
35.01
30.4
32.28
32.12
32.41
30.18
30.7
32.08
29.66
33.55
32.63
31.35
30.91
33.26
35.29
34.03
34.64
33.11
32.48
32.45
31.74
30.83
34.84
32.07
33.8
34.3
32.66
32.66
33.56
31.96
32.99
31.91
31.37
NA
31.76
36.25
32.89
32.8
NA
NA
33.96
NA
31.85
NA
NA
NA
NA
33.99
32.15
32.1
NA
NA
29.01
32.09
28.88
31.84
NA
32.23
32.34
35.57
32.92
NA
31.84
NA
32.78
33.05
33.53
31.71
32.87
NA
36.32
33.02
34.67
32.92
31.78
35.05
NA
NA
33.4
31.72
31.55
32.94
34.89
30.67
32.46
36.15
31.7
32.12
32.1
33.19
30.2
32.03
32.02
33.52
32.52
NA
NA
32.77
NA
32.74
33.78
30.56
30.76
31.83
NA
32.14
31.64
32.94
NA
32.23
31.98
32.84
31.74
32.67
35.33
34.28
31.71
32.06
NA
NA
36.87
32.71
32.57
31.99
33.2
32.49
32.64
32.06
33.17
31.9
31.73
31.81
35.52
31.35
31.83
32.34
32.28
32.06
31.11
31.64
32.62
33.53
33.33
33.94
33.94
NA
34.23
32.57
32.65
31.58
34.65
33.9
NA
32.52
32.39
32.35
32.22
30.89
32.74
33.3
31.99
31.98
34.3
32.63
34.69
31.73
33.8
30.89
NA
NA
NA
NA
34.74
34.92
NA
33.71
29.99
29.92
29.83
30.73
30.95
31.64
31.4
NA
NA
NA
NA
NA
34.92
35.22
31.28
NA
NA
31.44
32.35
32.07
35.11
NA
34.62
32.88
34.35
33.49
33.48
33.08
35.19
31.92
NA
30.82
32.41
31.61
34.57
33.1
32.01
31.42
33.87
34.49
32.68
31.53
33.02
31.33
34.02
31.66
34.57
31.16
31.79
32.2
31.84
32.97
32.64
33.17
32.98
34.11
35.64
32.47
NA
30.76
NA
NA
33.18
32.31
NA
31.2
31.9
31.45
33.02
31.88
31.83
31.38
32.95
32.1
31.84
31.56
33.08
32.0
31.76
31.61
33.1
32.08
31.76
31.61
33.1
32.08
35.54
NA
32.39
32.01
34.02
34.02
31.2
31.36
NA
31.13
31.16
NA
35.49
30.62
31.86
32.76
32.97
NA
33.18
NA
32.12
32.44
32.5
33.24
NA
33.43
33.3
32.89
31.64
35.14
32.53
31.5
34.82
NA
NA
33.59
NA
33.98
34.79
32.52
32.84
32.53
32.87
32.86
32.52
34.57
30.42
32.74
31.28
NA
NA
34.99
NA
30.63
34.28
NA
31.18
31.9
32.65
31.12
29.56
35.0
NA
30.73
NA
NA
31.24
31.58
32.67
31.44
29.04
35.06
31.96
NA
NA
NA
31.12
NA
32.34
NA
28.98
32.63
NA
NA
32.39
NA
30.17
31.71
29.32
31.48
31.71
29.32
31.48
31.76
29.36
31.13
31.79
29.36
31.56
31.6
29.22
31.52
31.25
32.4
29.07
31.4
32.65
33.16
35.11
NA
NA
NA
NA
30.8
NA
31.92
NA
NA
NA
NA
33.67
34.98
32.46
34.85
31.42
27.88
NA
34.47
35.23
30.16
33.12
32.4
NA
31.86
31.79
NA
NA
NA
33.37
33.52
33.39
33.67
33.53
35.48
31.44
35.86
31.42
35.94
31.42
31.72
33.78
34.67
33.68
33.54
NA
38.62
30.75
NA
NA
31.84
NA
NA
31.22
31.54
33.08
32.88
33.92
35.11
31.19
32.41
34.32
31.44
32.67
33.2
35.14
33.62
33.22
32.39
30.39
30.18
NA
32.66
32.59
32.3
28.88
NA
NA
NA
NA
NA
30.2
NA
NA
NA
32.07
30.23
31.93
33.13
NA
NA
NA
31.17
31.4
32.2
NA
NA
33.26
30.1
33.26
32.71
33.81
34.61
32.28
NA
31.78
NA
29.68
32.77
32.47
34.35
31.55
36.54
31.54
31.29
32.98
33.51
32.31
31.07
NA
32.87
31.97
33.4
33.3
32.55
34.15
32.41
33.61
30.5
31.61
30.81
34.03
29.94
31.74
32.26
33.83
30.06
34.46
32.55
31.51
31.7
32.79
31.72
32.53
32.03
33.33
32.83
32.78
NA
NA
32.58
32.62
31.74
32.14
33.74
31.44
32.27
31.47
NA
31.99
31.99
33.3
32.82
32.72
33.32
32.32
31.13
34.23
33.13
32.33
30.48
29.88
32.68
32.97
32.05
NA
NA
NA
NA
NA
NA
NA
32.81
29.55
33.31
31.99
31.67
31.38
NA
31.58
31.78
32.58
31.2
31.83
NA
34.74
NA
31.31
33.91
32.91
32.61
32.65
31.33
NA
32.51
32.61
34.17
33.8
34.09
35.68
32.02
31.83
34.47
32.31
31.65
32.02
NA
34.88
34.9
33.81
30.93
32.05
30.71
30.42
34.55
34.48
33.06
32.63
32.52
NA
32.68
NA
NA
36.04
32.42
32.42
31.9
31.11
33.21
32.33
32.19
33.0
32.21
35.51
32.61
31.23
32.94
35.94
34.94
NA
33.99
NA
33.96
30.44
32.74
32.44
35.27
34.07
34.27
33.07
33.47
NA
32.26
NA
NA
NA
32.46
33.57
31.38
30.63
30.39
30.2
33.65
33.06
31.29
NA
NA
NA
NA
NA
NA
NA
NA
NA
NA
NA
NA
NA
32.47
31.24
32.36
NA
NA
34.72
31.32
31.52
38.72
31.76
32.07
31.42
31.32
32.22
32.62
33.62
31.82
27.39
30.93
32.98
33.62
30.57
NA
NA
32.84
32.24
33.57
34.3
32.55
32.23
32.65
32.51
31.31
NA
33.51
31.21
40.8
NA
NA
NA
32.85
NA
NA
NA
NA
33.04
31.63
32.95
NA
33.65
32.28
33.18
33.88
31.19
31.22
NA
NA
NA
27.9
NA
NA
27.0
NA
34.28
32.42
34.39
32.9
32.12
31.32
32.42
36.2
31.14
32.68
31.37
35.9
31.01
32.87
32.93
33.28
NA
31.42
NA
31.14
NA
32.81
32.5
NA
NA
NA
32.07
32.6
32.73
33.01
32.06
29.52
32.34
31.75
32.15
33.75
31.45
32.4
33.6
32.04
31.94
32.14
31.62
32.31
35.31
32.33
32.77
NA
32.25
31.57
35.28
33.7
31.52
33.32
31.57
NA
NA
32.52
31.8
31.98
33.09
32.86
32.75
32.81
33.96
32.06
29.52
32.34
30.92
32.32
31.72
32.6
33.15
28.05
31.82
31.36
33.06
33.56
NA
NA
33.32
NA
36.24
31.95
32.53
31.19
34.34
28.81
34.36
NA
32.09
32.6
32.21
32.54
32.54
32.58
32.39
31.43
31.89
34.42
31.84
NA
34.11
34.12
31.31
31.73
32.01
NA
32.44
NA
32.44
31.24
32.36
32.69
32.17
32.67
35.97
31.9
32.23
32.23
31.5
34.74
32.39
32.94
34.38
31.68
31.83
34.54
NA
NA
NA
33.85
34.15
33.85
31.97
32.79
32.55
NA
31.97
31.84
32.78
32.47
33.68
32.68
33.51
32.17
32.69
32.27
32.67
34.71
34.23
34.54
34.47
NA
32.4
31.29
33.64
32.05
34.84
32.53
35.01
31.69
30.69
34.78
33.52
33.69
35.89
32.99
32.31
35.22
34.21
32.23
33.83
NA
NA
NA
NA
31.67
NA
31.3
33.0
32.2
33.2
31.2
29.46
34.36
32.26
31.86
35.26
32.8
29.92
34.38
31.28
31.11
35.42
31.1
32.39
34.07
31.22
32.65
34.31
33.47
NA
32.64
32.02
32.17
32.95
34.31
31.64
32.34
31.27
35.23
36.16
33.71
NA
31.87
32.18
29.65
32.83
32.81
32.71
NA
32.66
33.96
29.96
33.7
NA
NA
NA
35.63
31.51
30.78
32.06
34.91
32.28
36.27
33.69
NA
31.59
35.3
31.98
32.47
NA
32.02
32.8
NA
32.52
30.41
30.39
32.19
31.11
33.44
35.37
NA
32.36
31.36
33.66
32.06
32.06
NA
NA
32.06
34.17
31.68
30.56
32.86
33.12
32.66
33.05
31.87
34.4
33.19
30.01
33.07
31.87
NA
NA
32.95
32.75
32.45
32.75
32.63
33.13
31.47
32.44
32.43
33.9
30.76
NA
34.76
31.36
NA
NA
35.11
34.03
NA
NA
32.37
32.87
34.07
32.37
35.05
31.28
30.86
35.88
31.34
NA
NA
36.02
32.32
NA
34.39
NA
32.51
NA
33.37
34.0
NA
31.78
33.28
32.38
32.28
NA
NA
32.66
30.21
31.17
30.5
31.08
32.66
32.76
NA
32.52
32.72
32.74
35.03
34.12
31.81
31.66
32.07
32.99
33.46
NA
32.24
33.91
31.5
NA
NA
32.66
31.5
32.81
34.91
32.22
33.1
33.62
NA
31.89
31.89
32.59
32.99
31.83
31.08
32.58
31.26
32.38
33.73
32.37
31.9
32.15
29.68
32.62
32.64
31.04
34.14
32.14
31.64
33.54
32.23
32.03
32.33
30.43
33.73
32.53
30.33
30.63
31.79
33.5
31.79
33.49
31.89
35.39
32.55
NA
NA
NA
32.41
32.41
30.72
30.84
31.31
30.08
31.6
32.0
30.97
32.47
NA
30.45
31.55
33.84
31.3
35.15
NA
30.69
31.73
NA
32.9
NA
33.1
32.05
33.45
31.28
31.43
30.65
32.34
31.07
35.6
33.1
NA
31.98
34.94
36.51
32.71
33.12
NA
32.68
34.4
34.32
31.45
33.15
32.35
32.45
32.05
32.8
26.96
26.16
33.06
32.58
32.64
32.67
33.24
33.16
32.46
32.53
33.53
32.53
32.85
32.65
NA
32.42
NA
34.76
33.16
33.26
NA
NA
30.57
32.92
34.67
NA
32.68
33.18
33.28
30.2
NA
32.46
35.13
30.51
31.75
31.67
33.43
31.43
32.58
32.57
31.87
31.16
32.02
NA
31.83
29.67
31.23
NA
NA
32.19
32.29
32.76
31.96
32.66
31.46
32.17
31.76
32.77
32.95
NA
37.75
32.15
32.44
NA
33.11
34.26
33.0
34.14
30.64
33.29
NA
32.3
31.93
NA
33.91
33.29
35.23
28.79
34.34
NA
34.31
31.71
33.4
32.7
NA
NA
NA
NA
NA
NA
NA
NA
NA
NA
34.23
NA
NA
NA
NA
NA
32.69
31.26
32.91
32.63
33.75
33.53
34.13
32.04
32.67
32.55
32.53
32.68
34.33
34.45
NA
32.44
33.32
32.97
31.74
33.77
34.41
31.91
32.01
32.71
32.71
32.16
32.81
32.93
NA
33.5
35.95
32.94
31.25
33.13
NA
32.31
NA
32.38
NA
34.91
34.4
34.4
32.87
34.12
32.72
NA
31.52
32.52
34.23
33.48
33.84
35.02
32.4
32.03
32.76
32.65
33.83
32.24
32.85
31.95
NA
32.95
32.68
32.43
31.42
33.15
34.34
30.51
31.75
31.67
33.43
31.43
32.0
33.77
32.53
33.19
32.38
32.29
34.47
31.59
35.37
33.09
32.24
32.32
33.05
35.05
33.86
NA
31.72
NA
32.15
NA
33.37
34.95
34.2
32.94
31.65
32.08
32.48
32.58
33.08
NA
NA
NA
NA
NA
NA
32.58
32.8
31.6
31.98
35.26
31.86
31.93
35.37
NA
NA
34.05
31.78
32.32
33.09
33.07
33.12
33.49
33.08
32.56
32.02
34.47
31.77
NA
NA
34.27
33.57
33.17
33.27
32.39
32.87
32.09
31.42
32.94
32.0
NA
34.68
32.15
32.64
NA
32.26
32.72
30.84
32.14
35.64
32.44
31.73
33.89
32.5
31.35
NA
31.8
32.5
NA
32.5
NA
31.21
31.21
31.76
30.86
31.4
32.92
34.02
33.31
32.64
31.54
33.65
34.23
33.9
31.31
34.31
32.35
30.58
31.18
31.3
32.59
NA
31.89
32.4
32.38
32.27
32.63
33.69
35.4
31.94
31.84
32.93
32.05
29.55
32.85
32.15
35.15
32.31
NA
NA
32.73
32.0
32.4
32.38
32.48
32.56
NA
NA
NA
NA
32.14
31.57
32.2
32.38
30.98
NA
NA
NA
34.98
27.81
NA
NA
NA
NA
33.09
32.45
32.83
31.85
33.91
31.94
34.05
33.03
31.28
33.47
33.53
33.0
NA
NA
33.25
33.36
32.93
32.62
31.23
NA
NA
NA
33.19
31.19
31.89
32.79
32.79
33.0
32.82
32.62
32.42
35.21
32.24
33.86
32.69
30.58
32.59
33.57
34.79
32.79
30.11
NA
32.19
32.29
32.32
31.62
33.62
31.12
NA
33.08
NA
NA
33.21
30.61
33.41
32.61
32.71
32.01
31.65
34.64
34.05
30.15
32.52
32.78
31.21
32.51
NA
NA
35.32
NA
NA
32.95
32.17
NA
NA
32.08
30.98
33.97
34.22
31.49
31.94
33.55
NA
33.88
32.81
31.72
32.13
32.0
27.9
32.7
32.48
32.38
33.19
34.44
30.94
NA
32.12
36.22
NA
32.11
30.86
32.81
NA
32.29
31.79
NA
32.15
33.77
31.48
NA
32.31
31.11
31.18
30.98
31.23
NA
34.89
31.71
NA
31.12
30.84
NA
NA
NA
NA
NA
NA
32.22
33.83
31.57
NA
32.17
32.66
31.4
32.94
NA
34.67
30.42
31.4
31.03
31.74
35.91
33.12
30.84
31.34
34.44
32.85
34.02
32.13
32.24
32.26
32.56
32.26
31.26
34.16
30.96
32.72
32.69
32.36
NA
32.46
NA
30.99
NA
31.09
34.79
32.26
32.26
32.42
NA
32.28
33.08
31.63
31.58
32.21
31.01
32.06
29.67
31.5
31.6
29.4
31.0
29.6
32.16
33.45
33.44
33.26
32.28
32.5
34.78
33.05
34.73
32.59
31.85
31.82
33.45
32.47
32.64
31.88
34.02
32.39
30.79
31.69
32.95
NA
32.64
31.8
33.1
31.67
31.27
33.66
31.67
32.98
34.41
32.11
32.01
34.31
34.31
33.91
33.11
33.41
33.94
32.15
NA
NA
NA
NA
NA
33.17
32.37
33.44
32.69
34.78
31.56
30.95
33.77
35.76
NA
32.36
33.0
32.49
32.49
31.09
31.79
NA
32.19
31.29
NA
35.09
33.59
31.24
32.54
33.21
33.16
35.46
32.96
32.46
32.16
31.66
33.16
33.04
32.88
33.01
33.01
33.08
32.99
32.92
32.95
30.26
NA
32.52
32.92
34.21
33.93
33.18
NA
NA
33.2
33.53
34.99
32.35
31.71
NA
31.58
36.45
NA
33.3
NA
31.58
31.16
32.77
32.87
35.49
35.03
33.73
33.0
33.2
33.4
32.01
31.63
31.95
34.57
32.05
31.88
32.51
32.5
32.91
31.03
32.94
32.64
33.54
32.94
36.29
31.49
31.66
32.54
32.74
32.94
32.54
30.92
32.05
NA
32.47
32.97
34.54
30.38
29.27
32.03
31.74
NA
32.75
NA
NA
34.0
31.55
NA
33.64
31.94
NA
32.34
32.69
32.31
29.8
33.18
32.57
31.54
31.0
32.53
35.25
NA
33.4
NA
32.84
42.52
33.4
32.32
31.22
31.9
34.86
30.98
35.33
32.9
33.28
32.26
31.89
33.93
NA
33.19
32.46
31.36
31.48
33.28
32.72
32.77
34.52
30.11
NA
31.17
NA
NA
34.33
32.93
NA
35.91
33.51
31.43
31.66
35.15
32.31
32.61
32.61
32.51
31.87
31.64
32.43
33.44
32.46
34.18
33.03
34.53
31.3
35.33
31.33
32.85
31.29
31.71
32.24
30.84
34.94
NA
31.22
31.82
32.32
32.68
32.68
31.59
NA
32.84
32.54
31.64
35.75
31.5
32.38
32.55
32.55
32.45
31.65
32.56
32.96
32.26
NA
29.25
32.58
32.78
NA
32.37
32.37
33.87
32.57
32.61
32.61
32.21
32.31
33.7
33.2
32.5
32.5
33.2
35.67
32.54
31.24
34.94
33.96
34.21
31.79
31.86
32.33
35.29
NA
32.87
34.66
33.81
32.86
32.76
32.83
34.7
33.78
32.87
32.83
32.73
32.63
34.13
33.23
31.3
37.0
31.22
31.41
32.27
31.61
NA
32.81
31.32
NA
32.84
33.02
NA
32.16
31.3
31.13
28.9
NA
NA
NA
NA
NA
NA
NA
NA
NA
NA
NA
34.98
32.4
NA
32.1
37.1
NA
31.2
NA
NA
32.66
34.79
29.69
32.75
31.93
31.64
NA
NA
30.51
32.31
32.71
33.34
32.32
35.9
32.81
31.55
32.78
33.62
34.42
32.32
NA
NA
NA
31.06
31.3
31.76
32.05
32.35
35.03
30.63
NA
NA
31.84
30.18
32.88
33.64
33.04
33.04
NA
33.19
32.93
31.73
NA
31.47
NA
31.78
NA
35.61
31.58
33.86
31.36
35.58
32.85
33.39
NA
35.25
NA
33.37
NA
32.43
31.93
32.63
32.73
33.23
32.3
32.31
34.13
32.55
32.53
NA
36.34
33.39
36.3
33.89
33.03
32.94
33.23
33.84
NA
32.24
34.34
32.63
31.05
NA
NA
NA
32.37
32.22
32.17
32.17
32.5
32.5
32.5
NA
35.17
32.8
35.37
31.7
33.2
31.4
32.29
32.59
30.09
33.89
NA
NA
31.69
NA
30.35
30.47
35.21
NA
34.57
31.64
32.32
32.22
30.32
NA
32.93
33.05
32.56
33.25
NA
33.68
32.43
32.42
33.24
31.52
32.54
NA
NA
32.9
33.2
32.28
31.33
33.57
32.24
32.6
31.69
34.32
35.82
35.27
34.24
NA
30.94
35.28
30.76
34.6
NA
32.62
32.32
32.02
31.14
31.33
33.04
33.22
NA
NA
32.38
32.88
31.35
32.94
32.79
32.56
32.32
31.56
32.26
32.76
34.95
NA
34.17
NA
NA
33.07
32.9
34.31
NA
31.54
32.11
31.57
34.47
31.31
32.41
32.93
32.72
35.78
31.57
NA
NA
32.97
32.06
32.18
32.69
34.96
32.28
33.24
32.2
32.55
30.27
NA
31.48
32.18
31.82
NA
32.54
32.64
35.24
32.24
32.81
32.86
30.62
32.68
35.39
32.45
32.11
32.71
30.96
32.47
NA
32.26
33.46
32.06
32.86
32.76
31.96
32.74
34.65
32.89
30.53
32.28
33.24
32.6
34.21
33.32
32.35
32.62
32.72
34.7
NA
NA
35.03
35.58
34.51
33.25
31.04
NA
NA
32.1
33.1
35.41
29.93
32.11
31.57
34.82
32.71
32.72
31.11
31.62
32.69
33.01
35.23
33.91
32.02
33.66
30.72
NA
32.65
NA
31.13
33.58
31.68
32.71
31.84
30.28
31.87
33.86
33.06
33.61
32.93
33.0
32.93
33.16
33.08
32.98
32.49
32.38
32.74
31.47
NA
32.59
NA
33.69
34.49
33.09
31.08
30.08
33.28
30.58
29.92
30.9
NA
33.03
31.93
32.63
34.13
31.5
NA
32.89
32.71
32.24
32.16
27.18
31.96
32.88
32.0
31.49
34.31
NA
33.54
34.31
31.49
32.92
31.93
31.89
34.54
NA
34.01
29.11
31.52
32.1
31.7
NA
NA
32.24
32.54
31.65
34.01
33.02
31.53
32.26
31.71
32.64
34.21
32.45
30.85
33.97
32.17
33.25
32.31
32.52
31.6
29.44
31.44
35.38
31.54
32.44
33.64
30.44
32.65
31.1
31.89
31.68
32.76
31.73
32.79
32.13
32.59
34.63
30.91
30.69
31.41
NA
31.32
35.91
32.21
31.79
33.84
32.47
32.8
33.68
32.91
33.39
32.52
31.87
31.99
34.79
32.57
33.29
32.49
NA
33.28
33.15
NA
31.91
NA
31.2
33.25
34.69
32.84
34.8
33.03
32.71
34.89
32.67
31.13
34.27
31.01
31.91
32.65
NA
NA
32.32
31.57
35.57
NA
32.88
NA
NA
NA
NA
32.76
30.06
33.18
31.61
NA
32.71
32.6
31.61
NA
31.41
33.09
33.71
31.9
31.2
30.75
31.68
31.11
30.72
31.71
32.08
30.33
35.25
31.91
30.68
32.13
NA
32.82
34.84
NA
NA
31.23
31.07
30.19
32.09
32.99
30.29
33.13
32.97
32.88
32.75
33.95
31.23
33.16
32.66
32.9
32.73
33.94
NA
NA
31.17
32.48
34.5
32.2
33.3
33.11
NA
NA
32.64
46.03
NA
32.33
32.41
32.52
33.64
32.9
NA
33.61
32.7
32.56
33.58
29.71
35.64
32.83
33.07
33.1
31.86
31.49
34.74
33.63
36.19
32.49
32.59
32.59
32.84
31.74
NA
31.84
32.15
32.74
NA
NA
NA
NA
NA
NA
32.27
33.1
33.25
34.78
30.34
32.68
32.28
31.83
32.06
32.08
33.22
31.3
35.23
32.49
32.65
NA
34.65
31.13
NA
30.37
32.1
33.35
32.5
NA
32.28
31.31
32.15
NA
31.78
33.06
33.6
30.58
36.53
31.32
32.08
NA
31.79
32.98
33.96
30.61
32.53
34.7
31.17
34.26
32.36
34.36
NA
31.91
34.95
30.49
33.32
33.92
41.28
32.78
32.75
29.61
33.52
NA
33.48
32.87
35.47
NA
33.85
28.22
32.68
31.53
33.02
32.34
32.41
32.34
32.69
32.23
32.88
32.25
32.71
34.06
35.76
32.76
32.86
32.16
NA
NA
NA
NA
32.75
32.64
31.94
NA
30.71
NA
NA