65.61
65.91
67.42
66.24
67.51
67.91
65.26
65.36
66.64
65.22
66.32
66.32
65.22
66.32
66.92
65.95
66.46
66.17
66.39
66.36
66.33
67.14
67.53
66.97
66.51
67.15
67.24
67.33
66.69
65.08
66.38
66.54
62.55
65.91
66.87
63.85
66.12
66.38
66.63
65.89
67.04
67.45
67.07
66.77
65.45
65.62
65.18
66.06
66.53
66.58
65.29
65.76
66.59
63.23
65.11
64.62
65.66
66.13
65.57
67.24
65.94
66.03
67.49
66.41
68.2
64.92
67.19
66.52
NA
67.22
65.06
65.64
65.76
66.82
67.03
65.13
63.86
66.84
65.49
66.39
67.59
65.67
66.13
67.42
67.33
65.97
63.58
64.13
65.37
66.73
67.6
61.92
67.97
67.08
65.03
66.89
68.65
65.64
66.99
67.53
65.93
65.07
65.5
65.35
66.4
67.18
66.5
67.0
66.14
63.98
64.84
66.18
67.38
67.2
66.94
67.69
66.55
65.95
65.73
66.23
67.8
67.61
67.31
67.08
65.68
67.31
67.09
65.52
67.13
66.99
65.85
67.84
67.09
65.83
63.98
67.23
68.55
66.89
67.02
65.75
66.11
67.51
66.73
65.6
66.66
66.68
66.01
66.71
67.35
66.23
66.03
66.58
66.53
66.96
65.88
66.52
66.91
64.34
66.3
64.49
67.95
67.8
66.65
68.19
65.31
66.94
66.37
65.82
66.21
67.09
NA
68.7
67.41
65.71
67.44
67.34
67.14
67.08
67.28
67.18
65.61
NA
67.1
66.9
66.32
67.54
67.41
63.52
63.54
63.65
63.84
63.76
63.5
64.78
65.67
65.5
66.97
66.57
63.88
66.71
60.69
64.63
67.26
66.39
66.97
67.2
66.67
66.67
67.58
67.57
67.37
66.99
65.84
66.81
67.76
66.14
65.65
67.91
63.29
66.47
66.41
65.82
66.63
67.32
67.36
66.06
66.52
65.99
63.45
66.93
65.99
65.46
66.34
65.11
67.04
66.55
61.84
65.58
67.08
66.23
64.42
65.07
66.84
63.56
67.04
65.49
67.71
65.67
61.39
67.28
64.05
67.51
66.37
66.66
66.13
66.41
66.48
66.1
65.89
67.12
67.04
67.59
66.71
60.0
66.99
67.03
60.85
65.7
67.35
64.51
65.93
65.71
65.85
66.16
64.91
67.4
66.14
68.34
66.74
66.19
66.67
66.86
66.23
67.62
64.61
66.75
66.42
67.42
63.36
67.22
62.99
67.71
66.8
63.8
65.63
66.18
67.23
66.13
67.07
67.07
65.91
65.63
67.67
64.01
65.82
65.49
65.31
67.93
67.96
67.53
66.26
66.23
65.59
66.26
65.46
67.65
67.64
65.33
61.26
68.51
66.71
66.12
66.53
66.22
65.18
66.77
66.25
66.52
NA
NA
NA
NA
NA
NA
65.65
65.28
66.4
66.29
65.66
66.7
66.96
67.26
66.39
65.81
64.91
67.02
66.45
65.5
65.18
66.51
66.07
65.47
66.54
66.64
67.16
66.34
65.47
NA
NA
66.81
65.18
NA
66.71
66.38
65.48
66.9
NA
67.49
NA
65.34
64.66
NA
67.45
66.55
66.78
66.77
66.14
65.93
67.15
59.11
62.75
63.89
63.86
66.91
65.26
64.73
65.78
66.99
65.15
66.75
NA
NA
65.79
66.48
62.42
66.86
NA
64.23
63.68
65.96
66.6
66.47
66.45
56.13
63.1
66.02
64.64
NA
NA
NA
69.29
64.57
66.82
65.61
64.41
67.12
67.68
66.33
66.64
67.35
NA
NA
NA
62.5
62.76
62.6
65.31
NA
NA
NA
NA
NA
NA
NA
NA
65.84
65.14
64.7
66.83
67.14
64.36
66.82
64.9
66.69
64.37
67.64
67.31
66.4
66.66
65.62
66.91
63.56
66.6
67.2
67.0
63.3
64.9
67.2
67.5
67.4
66.7
67.38
65.39
66.7
NA
66.03
66.5
66.03
66.73
66.06
66.96
63.74
63.14
67.74
68.04
67.04
64.24
65.02
66.85
64.35
62.05
66.19
66.25
62.33
66.3
67.29
65.11
66.72
65.78
66.63
67.25
66.59
64.91
66.3
66.8
65.42
64.94
NA
NA
NA
NA
NA
NA
NA
NA
NA
NA
NA
67.59
66.32
67.36
67.05
66.04
68.5
68.54
67.21
66.73
66.04
66.28
67.08
65.28
65.88
65.88
66.48
65.88
67.88
66.38
67.08
65.28
65.88
65.78
66.48
65.88
67.88
66.39
67.09
65.29
65.89
65.89
66.39
65.89
67.89
66.42
67.12
65.32
66.02
66.02
66.52
65.92
67.92
66.26
67.16
65.06
65.86
65.96
66.46
65.86
67.96
66.94
66.92
68.42
66.97
65.83
67.14
67.02
66.07
62.32
67.8
66.7
65.3
66.1
65.69
66.97
60.47
66.52
66.94
66.03
66.36
65.05
66.03
65.35
62.15
63.99
65.11
66.5
67.2
67.2
67.4
66.6
65.5
63.2
66.54
60.21
65.44
66.87
67.03
66.94
65.83
65.03
65.33
64.95
67.28
65.93
65.52
67.39
65.06
67.34
66.4
66.26
67.62
66.97
65.2
66.68
65.6
66.32
63.91
64.87
67.42
65.28
67.38
66.58
65.31
67.8
66.47
60.9
65.66
66.81
66.99
66.98
66.67
65.78
65.58
65.98
64.07
68.06
66.84
65.87
67.34
62.57
65.27
64.75
63.14
62.93
64.92
64.91
64.81
65.0
65.0
67.29
66.62
67.18
67.73
67.67
66.34
67.09
65.55
67.49
63.78
65.1
63.47
63.28
63.44
63.1
62.99
62.86
63.1
NA
63.52
63.2
62.96
63.18
63.04
63.07
67.01
67.17
65.03
66.37
66.79
66.34
65.83
65.32
64.47
66.15
66.82
66.53
65.86
65.48
67.08
66.58
66.32
66.32
65.63
66.69
67.09
60.74
69.2
NA
66.29
67.36
67.07
68.89
60.16
65.51
66.81
67.42
NA
NA
NA
NA
NA
65.21
67.25
68.14
66.07
64.15
66.34
67.43
63.71
67.52
63.63
66.74
65.54
66.64
66.84
66.94
66.3
66.04
64.61
NA
66.78
66.17
69.4
64.33
66.81
67.19
66.77
66.44
66.44
66.75
66.24
66.56
65.76
67.41
66.02
67.34
65.55
65.24
63.02
66.41
66.67
66.21
66.53
66.23
67.32
65.92
67.43
65.54
65.14
66.53
66.68
66.14
66.57
63.12
67.53
65.67
67.32
64.78
65.54
64.01
63.78
63.52
63.34
63.08
63.11
63.82
63.59
63.4
63.27
62.98
63.08
63.26
67.79
65.93
67.34
67.21
67.03
63.99
64.44
65.82
66.51
65.57
66.71
67.44
66.83
66.06
65.91
67.7
65.97
66.07
66.01
67.44
66.83
66.06
65.91
67.7
65.97
66.07
66.01
67.44
66.84
66.5
65.91
67.77
66.04
65.9
66.03
67.3
66.8
66.1
65.92
67.57
65.99
65.59
66.0
67.48
66.72
66.27
65.84
67.88
65.83
65.69
65.92
68.05
65.34
64.18
66.08
65.1
NA
67.2
NA
NA
NA
NA
NA
NA
NA
NA
NA
64.41
65.91
64.81
NA
NA
NA
NA
NA
NA
NA
NA
NA
66.24
66.07
65.42
66.06
NA
NA
66.2
NA
NA
NA
NA
NA
NA
65.95
66.96
66.19
67.23
66.83
67.0
65.52
NA
NA
66.71
66.37
66.53
NA
66.93
66.58
66.57
65.21
65.71
66.81
66.64
NA
63.15
62.9
63.03
62.75
62.74
62.56
62.75
62.9
63.08
62.88
62.7
62.77
62.75
62.86
65.24
65.51
65.58
62.71
65.33
65.72
66.78
67.13
67.93
66.58
64.28
67.03
68.64
67.1
65.83
66.32
66.51
66.75
66.58
67.08
65.08
65.58
66.24
62.12
66.45
65.49
66.3
66.08
66.45
65.96
66.5
64.48
61.71
65.85
65.85
NA
NA
NA
66.45
64.44
66.77
67.09
NA
66.31
64.21
66.02
NA
NA
64.04
65.04
64.26
NA
NA
64.17
65.46
63.99
67.77
65.61
64.51
66.05
65.51
NA
63.38
NA
NA
67.12
65.92
66.82
67.32
65.92
65.46
65.72
66.72
67.62
66.72
65.11
65.96
68.85
66.82
67.48
64.04
NA
66.18
67.75
67.08
68.23
68.15
66.33
67.28
66.01
64.56
64.25
61.95
64.95
66.17
65.12
67.42
66.92
67.68
65.63
67.02
66.12
62.35
66.47
68.47
66.67
66.27
65.67
67.7
67.6
63.6
65.3
64.7
68.11
66.16
67.76
66.96
60.96
66.58
64.28
65.98
64.98
64.08
65.98
64.78
66.5
66.5
66.3
66.77
67.17
65.74
66.89
66.82
NA
NA
NA
NA
67.57
65.87
65.7
66.4
67.31
67.21
67.61
65.51
67.21
66.51
64.91
66.11
66.6
65.8
66.08
65.31
66.33
66.94
64.04
66.85
66.55
65.85
65.85
66.55
66.55
66.25
66.84
68.19
66.31
66.1
66.29
66.73
64.89
68.26
65.36
67.12
66.7
67.67
67.41
68.3
68.18
66.93
66.52
67.79
68.43
68.0
67.28
66.63
66.33
66.2
66.74
66.77
65.06
64.42
67.23
66.11
66.3
63.76
63.76
66.3
66.8
65.82
65.73
67.33
66.83
67.63
63.93
66.53
67.33
66.93
66.33
66.78
65.88
62.62
65.09
65.81
64.62
65.12
65.94
67.43
67.41
67.05
65.68
66.38
66.28
66.61
65.51
67.11
67.81
65.01
66.81
59.31
67.51
66.31
67.14
67.44
67.44
67.34
67.1
66.74
66.38
67.67
67.67
67.17
67.67
67.44
65.74
68.11
66.4
66.91
67.5
65.78
65.9
65.89
67.0
66.11
NA
66.28
66.48
65.71
64.19
63.4
66.81
64.3
63.02
59.36
64.54
68.17
66.09
65.06
67.31
67.85
66.96
66.71
67.05
64.86
66.09
63.24
63.5
63.3
63.2
63.3
63.9
66.37
61.83
66.84
66.54
60.34
66.94
66.04
65.44
67.14
67.11
65.44
64.24
66.24
67.84
59.94
64.07
66.35
65.22
64.37
67.26
66.23
66.34
67.86
66.21
65.29
65.99
66.15
65.45
67.65
66.85
67.35
65.75
67.71
66.61
66.07
66.87
66.97
64.07
63.57
65.07
63.37
64.77
67.37
64.57
67.35
68.05
66.85
66.85
65.65
65.85
66.85
60.03
66.88
65.69
65.91
67.1
66.15
66.82
65.94
65.76
66.79
67.38
66.45
66.46
65.81
67.29
65.79
60.4
63.53
65.72
66.8
66.15
NA
59.77
66.06
66.16
67.84
67.72
66.22
66.69
65.75
64.87
66.29
68.18
67.25
66.05
65.75
64.65
65.85
67.45
67.15
63.45
NA
66.32
68.02
66.72
61.92
65.22
66.82
66.52
67.72
66.92
61.96
67.32
67.37
67.04
67.57
67.96
67.0
67.39
67.34
67.75
67.52
66.3
66.86
66.15
66.9
65.02
67.06
68.07
66.1
64.5
66.38
67.43
63.57
67.49
62.94
67.88
66.48
64.68
67.78
66.18
66.88
67.1
67.08
66.31
65.21
66.64
65.86
67.08
65.89
66.23
66.47
66.49
66.87
64.91
64.01
64.22
62.52
67.26
62.36
67.04
66.29
64.49
66.69
67.09
67.49
66.55
66.55
66.85
66.04
65.7
66.4
67.06
67.03
67.85
66.45
65.05
67.85
65.85
66.25
63.67
65.25
65.96
63.33
66.33
65.26
64.28
66.78
66.18
66.95
67.84
66.44
65.14
67.74
65.94
66.74
64.85
65.35
66.33
69.57
65.46
66.8
64.82
65.72
67.12
66.02
66.13
67.31
67.02
66.75
67.3
67.02
66.14
66.91
66.57
66.83
67.09
68.66
67.31
65.7
63.62
67.0
66.29
67.67
67.61
67.42
62.6
66.63
67.03
67.52
67.51
67.01
60.61
66.11
65.21
63.61
66.85
66.75
67.3
67.2
67.6
65.5
67.2
66.5
64.9
66.1
65.96
65.16
65.46
67.36
67.46
66.15
65.45
66.35
67.45
67.45
66.64
65.94
66.24
67.09
68.54
66.97
66.39
66.47
68.12
60.2
NA
65.99
68.68
67.76
66.68
66.71
63.88
66.27
64.16
67.65
66.05
67.85
65.05
65.95
66.25
65.98
66.29
66.79
65.36
NA
63.75
63.17
63.63
65.62
66.87
66.77
62.66
65.76
66.04
66.37
66.07
66.58
66.85
67.02
66.72
66.22
67.23
64.92
66.81
67.82
66.42
65.22
67.72
66.12
66.82
65.95
67.05
65.54
66.64
66.64
65.54
67.53
66.01
67.5
65.57
66.49
62.26
66.36
65.56
67.86
63.71
66.59
66.9
64.74
66.97
67.07
67.0
64.72
62.1
63.71
64.86
67.49
64.14
64.78
66.22
65.84
66.89
65.08
65.87
66.96
66.74
67.02
66.02
64.92
67.02
66.52
66.52
60.32
67.64
67.54
67.74
65.34
66.94
66.34
65.14
66.65
66.49
66.94
65.94
65.74
65.74
60.36
65.36
66.49
67.49
65.89
66.07
68.07
67.13
61.28
67.63
66.53
67.73
66.03
66.73
62.17
67.49
66.9
67.61
66.37
65.38
67.35
67.23
67.13
67.35
65.01
67.24
65.91
65.4
66.8
66.93
64.14
67.94
66.95
67.05
64.45
68.05
67.55
66.93
67.55
66.19
66.1
65.93
65.78
NA
NA
66.9
67.74
66.66
67.18
66.54
66.66
66.69
65.87
67.6
66.98
67.43
64.9
67.39
64.69
67.0
61.53
66.82
61.27
67.27
66.7
66.8
63.7
66.4
64.2
66.03
66.53
67.43
66.23
65.53
66.13
66.53
67.33
66.85
66.49
66.64
63.08
64.86
67.0
62.59
68.39
66.99
65.18
65.72
64.37
66.07
66.44
66.63
62.14
NA
67.3
66.46
66.92
66.45
66.95
59.91
65.19
67.45
66.62
66.48
67.33
66.33
64.78
64.28
66.47
65.89
66.77
65.95
67.07
65.92
66.62
63.82
67.15
66.33
66.52
66.84
65.33
62.99
65.94
66.7
66.0
65.7
66.36
66.86
66.31
67.25
67.02
65.07
66.46
65.36
67.11
64.05
66.52
66.6
66.35
66.44
66.33
63.48
65.67
66.6
66.84
NA
61.7
65.98
66.41
67.05
67.1
65.73
66.73
63.03
65.33
67.73
66.43
NA
66.59
66.19
65.82
64.84
66.67
64.37
64.81
66.03
67.16
67.27
66.43
66.74
68.34
60.15
65.27
66.04
67.46
61.56
67.25
67.17
66.32
66.12
63.26
66.92
67.72
66.42
67.62
66.91
61.91
67.31
67.51
66.91
67.61
67.91
66.89
61.89
67.39
67.59
66.89
67.59
67.99
66.47
65.78
67.58
62.68
66.21
67.31
64.28
66.86
66.46
66.66
67.76
67.26
66.78
66.48
65.06
66.38
66.09
67.89
66.89
65.09
65.39
66.39
66.09
66.52
66.76
66.9
67.95
66.75
67.35
65.45
65.95
66.75
67.05
65.06
66.06
66.56
65.16
60.86
64.96
66.8
64.8
66.25
66.61
NA
68.47
66.57
66.67
66.7
65.7
64.72
65.87
67.43
65.7
67.91
67.03
67.71
66.03
65.86
66.36
NA
63.59
66.42
66.74
67.44
68.14
65.84
66.68
66.98
66.68
66.48
65.58
66.18
65.28
66.68
67.18
63.88
NA
66.57
66.9
65.74
63.2
66.34
66.74
67.42
67.39
66.56
62.98
66.96
65.77
63.33
66.38
65.45
67.31
66.41
65.21
64.51
64.11
64.31
NA
66.44
65.54
66.73
65.71
65.28
66.74
67.44
68.14
65.84
66.73
67.26
65.25
55.61
67.88
66.98
66.04
66.44
66.14
66.59
67.44
65.55
66.21
66.09
66.69
66.07
68.16
66.63
66.32
65.43
67.31
67.27
66.22
65.92
67.0
66.65
66.0
66.28
67.35
66.56
67.24
66.36
66.35
61.61
67.98
67.5
65.9
66.0
66.32
64.92
66.32
63.82
65.12
66.84
66.45
65.75
66.09
66.71
66.53
66.31
67.16
65.95
65.49
66.18
67.18
67.08
68.1
66.15
66.93
65.09
65.71
65.61
NA
66.85
67.51
66.16
67.15
61.21
NA
63.01
63.21
66.1
66.29
65.59
64.71
65.95
65.11
66.68
67.19
66.35
67.03
67.78
67.89
67.37
68.78
66.27
66.66
67.57
61.28
66.57
66.34
66.42
65.49
66.43
66.77
66.76
62.18
65.06
65.85
65.98
66.14
67.2
67.25
65.61
66.01
64.49
67.92
66.56
66.06
64.16
62.47
67.31
66.18
65.08
66.76
67.36
65.86
66.46
66.76
66.53
66.05
62.82
66.9
67.03
64.76
66.37
65.69
66.32
NA
66.68
65.27
66.56
66.87
66.54
64.69
66.61
67.48
66.58
66.46
64.78
65.98
64.89
66.73
64.92
66.97
65.83
64.9
65.8
66.84
65.79
67.5
66.3
64.9
67.6
65.8
66.4
67.28
61.75
66.41
NA
66.2
66.92
65.27
66.48
67.34
67.19
68.29
66.55
67.69
67.37
65.61
66.09
66.18
67.22
63.85
65.88
59.88
67.37
66.46
67.93
66.35
66.39
66.87
66.59
58.69
67.28
65.35
65.85
65.09
68.79
66.59
66.79
67.59
65.76
61.96
67.76
61.56
62.76
66.56
67.66
67.16
66.76
63.97
64.75
68.45
67.05
67.15
66.95
66.35
65.45
66.35
64.78
66.12
67.26
67.01
66.72
67.73
67.52
66.34
65.54
66.04
66.84
67.04
67.01
66.18
66.94
66.49
NA
65.96
66.46
66.72
63.89
66.61
65.88
63.69
64.84
66.61
67.01
65.31
69.22
67.93
NA
NA
NA
NA
NA
NA
NA
64.6
65.4
64.96
63.34
65.31
66.65
67.15
65.95
66.63
66.14
67.94
66.64
67.04
66.89
67.96
66.71
65.92
66.86
65.75
NA
64.34
68.04
67.04
66.44
66.67
67.07
65.87
65.81
66.59
66.39
66.59
66.79
66.17
67.15
64.65
61.43
67.52
64.35
65.84
66.94
64.28
66.42
67.44
67.11
65.87
65.71
66.63
68.02
68.02
67.0
65.32
67.32
68.02
62.62
65.77
65.52
66.02
67.52
67.22
65.53
66.73
68.29
65.78
66.89
65.53
66.44
66.56
66.86
61.76
66.16
66.14
64.45
66.13
65.1
65.73
66.39
66.01
66.91
63.15
67.16
67.61
66.67
67.89
65.61
66.09
66.18
67.22
63.85
65.88
59.88
66.45
67.49
67.54
67.08
68.43
66.48
66.63
67.35
61.4
66.37
66.21
65.69
62.78
65.46
66.82
66.66
66.47
65.15
66.07
66.51
66.84
67.09
66.22
66.81
64.56
66.4
66.91
67.43
65.79
66.56
66.79
65.42
66.11
67.31
62.24
65.39
67.06
67.28
66.54
67.48
64.48
66.68
67.88
66.08
67.62
66.22
66.22
67.62
65.52
66.22
66.98
66.58
NA
67.21
68.08
67.25
68.28
67.18
66.64
66.75
65.67
66.24
66.9
66.52
66.23
65.41
64.01
66.4
67.12
66.51
65.93
65.13
66.45
66.77
66.12
65.12
66.23
61.41
65.45
66.39
66.82
66.68
66.94
66.94
66.94
65.84
66.14
66.14
65.86
65.06
65.68
67.47
66.36
66.85
67.43
66.18
66.58
67.31
64.7
66.56
64.47
66.45
66.81
66.77
66.66
67.81
66.47
64.5
66.32
NA
66.69
66.63
67.68
62.2
65.8
67.1
67.4
66.3
67.1
66.6
66.0
63.41
66.31
66.16
66.85
65.16
66.32
66.32
67.32
65.81
60.6
64.53
66.7
63.28
65.05
66.76
65.5
65.78
65.88
66.88
65.84
66.5
66.33
66.06
67.25
66.15
67.53
65.11
65.28
65.5
65.31
66.65
65.07
68.43
67.16
66.53
67.16
67.16
66.35
66.89
66.18
65.82
65.82
66.53
66.4
66.09
65.75
68.25
68.15
67.65
67.25
66.85
61.35
64.65
65.94
67.28
64.94
67.69
66.2
64.04
66.25
67.17
65.84
62.88
62.77
66.35
64.21
66.34
67.01
65.79
67.49
65.6
65.6
65.63
65.6
66.54
66.07
65.37
65.29
67.85
66.79
66.55
67.13
68.0
68.14
67.29
68.85
66.48
66.73
67.54
61.4
66.53
66.36
61.08
66.48
65.88
67.78
66.18
65.68
64.98
68.08
63.36
66.46
65.56
62.71
67.11
66.61
64.71
67.68
67.16
67.05
67.09
64.33
65.61
67.51
66.86
67.61
65.83
66.92
65.73
67.93
65.02
66.88
67.34
65.7
67.63
67.19
66.65
65.65
67.45
66.87
67.44
66.75
64.72
65.85
65.78
59.08
NA
65.77
66.19
66.39
66.55
67.43
65.2
67.57
66.54
65.92
66.02
64.72
65.72
62.42
65.26
64.49
66.21
65.21
65.91
66.71
60.71
67.65
NA
67.76
67.88
65.4
62.55
64.64
67.03
66.22
67.23
66.94
67.96
66.61
67.16
66.34
66.69
65.02
64.38
66.44
67.34
67.65
65.65
67.05
66.85
66.25
67.35
66.35
66.1
65.65
67.17
66.84
67.11
66.11
68.01
NA
65.9
62.4
67.65
66.48
65.32
63.41
66.61
67.29
65.69
67.13
64.81
65.81
63.41
60.31
67.01
68.11
66.15
66.88
67.57
65.97
66.29
65.53
67.69
67.16
67.08
66.86
NA
NA
66.6
66.1
66.1
NA
61.03
64.1
66.43
64.17
66.54
65.37
65.87
66.27
65.02
66.34
67.42
65.34
66.74
66.6
66.56
65.56
66.46
66.57
67.05
66.13
66.26
66.96
67.16
66.44
66.42
67.49
68.49
66.49
65.9
68.08
66.92
66.52
68.24
69.18
67.77
66.98
67.29
67.26
67.43
65.57
64.82
67.1
61.1
66.0
65.83
66.42
66.4
65.56
66.55
67.1
66.49
66.78
67.36
66.76
66.24
64.19
63.29
66.0
65.5
66.59
67.2
66.01
67.76
66.81
64.65
60.91
66.56
66.54
66.5
65.15
64.1
53.62
65.04
63.07
68.64
68.53
69.27
67.18
66.35
67.18
65.53
67.45
66.49
66.79
66.39
65.63
66.12
67.29
66.68
66.3
66.46
65.96
66.06
66.9
64.93
67.03
65.66
66.56
64.66
65.16
65.8
67.08
65.21
65.82
65.97
63.67
65.17
65.96
66.05
68.68
65.63
66.09
67.18
66.21
65.65
66.51
67.38
NA
NA
NA
64.99
65.59
66.03
66.21
67.63
66.43
66.03
67.53
67.43
67.03
62.37
62.8
65.92
NA
63.65
64.69
65.95
66.96
67.0
67.33
65.71
65.44
67.54
66.34
65.94
66.64
67.04
66.34
67.34
61.17
66.75
67.94
66.24
67.44
65.54
66.74
66.74
66.54
66.01
67.21
65.11
66.61
66.71
67.31
67.31
67.85
66.26
66.34
66.89
65.94
66.24
NA
67.36
67.16
65.78
65.03
67.0
67.98
66.84
59.6
66.15
67.15
67.43
63.05
61.24
63.12
66.43
66.07
58.64
66.88
68.28
67.71
65.83
68.53
67.13
66.39
65.8
65.5
66.0
66.11
65.38
64.41
66.23
67.55
65.3
67.05
64.65
66.25
67.35
64.25
65.99
66.32
67.06
67.8
66.38
63.08
60.05
64.25
65.3
64.19
66.38
66.28
66.83
66.41
66.35
66.55
67.1
66.49
66.82
66.08
66.46
64.8
66.13
66.63
66.26
66.24
65.64
66.44
63.24
67.34
66.64
65.64
65.14
65.52
62.42
65.12
64.22
66.75
66.58
65.58
65.79
65.29
66.69
64.39
62.59
66.44
62.14
68.31
66.15
67.65
64.55
66.35
66.45
67.65
67.86
66.46
67.86
64.56
66.46
66.46
67.66
66.16
67.28
66.42
67.98
66.08
NA
64.78
67.88
66.08
66.78
67.57
66.07
67.57
64.67
66.37
66.07
67.61
66.01
67.81
65.91
66.51
66.77
66.09
68.49
66.36
66.42
65.39
66.38
65.99
66.52
63.14
68.62
66.88
65.62
66.97
67.26
66.38
65.42
67.21
67.32
66.26
65.71
67.63
66.43
67.63
63.63
66.63
66.63
66.67
61.67
67.81
67.31
63.34
67.31
66.41
65.74
65.66
66.29
65.33
66.74
63.72
NA
64.56
63.28
67.82
66.72
66.92
67.02
67.72
66.02
67.02
67.12
66.08
64.99
66.4
NA
68.1
NA
66.87
67.07
67.07
67.77
66.37
66.97
NA
66.65
66.09
66.99
66.29
66.47
67.03
67.65
66.28
63.82
65.83
67.56
67.2
66.61
67.64
66.38
66.16
67.62
63.96
65.13
66.97
67.15
64.67
63.96
65.89
66.38
67.43
66.15
66.41
66.16
66.96
67.35
67.28
62.58
65.62
65.32
63.72
65.79
64.49
61.69
65.39
66.3
66.08
52.65
66.38
66.11
66.88
62.78
65.25
65.92
66.82
67.27
67.94
66.6
64.57
NA
65.48
65.4
65.42
66.02
63.95
67.35
67.85
65.94
66.44
67.44
65.24
65.84
63.88
66.69
64.73
68.01
67.09
66.72
65.56
66.39
66.95
67.45
66.56
66.94
67.09
67.44
67.41
65.96
66.71
66.38
60.82
65.67
66.04
66.96
67.09
66.87
62.91
64.84
66.69
66.52
65.71
68.25
66.03
65.5
64.57
64.27
66.47
67.27
63.47
64.89
67.42
67.07
NA
NA
NA
NA
NA
NA
66.33
67.23
65.33
66.43
66.63
65.53
65.32
66.98
66.44
66.17
65.24
66.98
65.45
66.42
66.25
66.68
65.59
63.74
67.32
67.54
68.35
67.59
66.82
67.44
67.33
68.87
67.59
67.08
64.17
68.61
67.33
64.02
67.24
66.94
67.34
65.24
67.44
66.21
66.44
66.4
66.86
66.44
67.36
66.07
65.19
66.72
65.32
64.92
66.16
64.13
66.18
62.34
66.79
64.97
65.93
65.78
65.08
66.98
65.28
65.18
66.18
64.28
66.28
63.68
66.98
68.18
67.88
65.88
65.91
65.44
65.71
64.53
66.64
66.58
67.12
65.52
66.24
66.5
66.4
66.8
67.4
65.78
67.66
63.78
66.05
64.71
66.51
65.91
65.72
66.21
66.36
66.71
63.94
66.13
67.36
67.01
65.69
65.6
67.42
63.53
67.44
66.74
67.06
65.44
65.4
66.33
66.78
66.98
66.44
65.16
65.75
67.6
67.23
65.34
66.09
66.89
67.19
67.59
64.39
63.69
66.39
65.93
65.89
65.14
66.28
NA
65.69
66.97
65.42
67.34
68.09
67.29
65.45
66.78
65.01
66.77
66.34
63.26
66.46
66.71
65.29
64.55
66.53
65.55
66.1
66.95
63.95
66.92
67.06
66.42
66.7
66.18
NA
65.78
66.79
65.18
NA
62.5
65.68
67.41
68.02
66.57
67.16
59.84
66.93
56.7
67.19
66.84
66.13
65.28
65.64
61.34
66.44
65.91
67.81
66.36
68.06
66.86
66.93
62.32
67.34
67.38
67.04
67.59
67.96
66.66
68.56
66.06
66.06
65.74
67.53
66.29
65.27
66.74
64.92
66.53
67.97
66.51
66.02
65.42
66.78
65.33
67.04
66.04
67.57
65.71
64.9
65.82
67.27
66.72
67.36
67.17
65.47
65.03
66.62
67.15
65.56
66.91
66.0
65.08
66.78
66.12
66.25
67.05
65.15
66.55
64.38
66.03
65.3
67.23
67.81
66.94
66.58
67.68
63.88
67.4
66.6
66.78
65.15
67.58
68.38
67.07
66.66
67.52
60.04
66.18
67.39
67.22
NA
NA
NA
65.18
65.11
67.83
66.93
66.63
66.03
66.93
61.83
66.23
65.54
66.56
66.29
67.56
66.5
66.44
NA
66.51
67.21
63.87
67.56
67.15
65.93
68.2
66.16
NA
65.26
66.03
65.77
66.15
67.12
67.81
66.32
63.95
63.42
67.72
67.58
67.58
67.3
67.3
65.93
67.48
66.03
65.87
67.61
65.28
66.8
67.32
66.76
67.04
65.96
65.69
66.17
60.17
65.95
65.95
66.7
64.26
62.45
63.21
66.9
67.04
65.54
66.34
64.44
66.54
66.04
65.44
66.84
66.64
66.26
65.33
65.11
67.81
65.22
65.72
65.58
66.6
67.12
NA
66.27
67.21
63.88
67.08
66.68
66.58
66.92
68.18
66.16
63.97
68.57
67.07
66.8
66.28
67.78
64.72
66.5
66.38
66.41
65.97
66.24
65.88
67.2
65.92
66.7
65.29
64.99
64.72
64.49
64.19
64.22
64.9
64.63
64.4
64.23
63.94
64.02
64.21
67.22
66.66
67.46
64.74
66.9
66.01
NA
NA
65.97
66.19
68.06
67.81
66.71
65.71
66.18
66.63
64.0
65.71
65.57
65.65
65.55
67.29
66.81
67.12
65.93
65.7
67.9
67.56
66.84
66.35
67.56
66.22
67.49
66.66
67.6
66.27
66.5
NA
67.39
63.49
67.37
61.45
66.09
62.2
NA
NA
NA
NA
NA
67.59
67.83
66.89
66.48
65.88
66.48
64.4
66.6
65.4
65.7
63.6
66.55
65.69
66.63
62.83
66.38
67.34
60.77
66.48
65.05
67.87
65.65
67.42
66.69
63.88
65.98
67.06
68.15
67.67
66.69
65.83
59.99
66.47
64.23
66.54
66.44
67.75
63.67
66.12
NA
NA
NA
NA
NA
63.99
64.82
65.31
66.3
66.45
67.84
67.58
65.14
66.74
67.31
66.46
67.03
65.35
62.55
66.7
66.78
67.63
66.42
66.66
67.9
66.52
67.11
66.97
66.88
67.08
67.86
67.02
66.64
67.9
66.44
NA
66.93
66.84
67.1
NA
67.01
66.88
66.1
63.88
66.96
65.56
64.66
61.86
65.51
64.13
66.71
66.99
67.27
66.95
67.23
67.28
66.37
66.6
66.21
67.56
63.26
67.75
67.34
66.4
65.16
66.44
65.77
66.31
67.24
65.77
65.65
66.32
66.02
66.23
66.1
59.26
68.48
65.78
66.66
66.16
67.57
59.35
68.75
65.91
66.78
66.27
67.76
60.19
67.44
67.43
64.26
66.48
66.69
64.47
67.23
67.79
66.06
66.33
64.82
68.9
68.68
66.23
67.71
65.84
67.03
66.89
66.93
67.12
NA
65.71
66.7
66.87
66.87
67.54
65.73
66.67
66.65
66.9