177.49
178.63
177.11
178.54
177.46
176.74
177.41
176.67
178.23
178.36
178.36
178.36
178.36
178.36
NA
NA
NA
NA
179.58
179.29
176.28
177.84
176.98
176.89
176.99
177.03
177.65
177.47
177.46
174.93
178.31
176.06
174.86
177.7
177.24
176.1
176.4
177.62
177.69
178.89
177.02
176.88
176.9
177.49
NA
178.52
177.69
177.09
177.72
176.97
177.58
177.86
178.23
175.18
177.76
176.92
178.19
178.95
178.81
177.09
175.96
176.63
177.19
176.89
174.99
177.7
176.48
180.71
NA
178.44
177.1
177.6
178.12
177.18
177.99
176.47
175.45
177.15
178.8
176.46
177.13
176.59
179.44
177.52
177.38
176.76
176.6
178.8
177.3
178.6
177.59
175.33
177.07
179.36
177.87
178.04
176.68
176.68
NA
177.74
176.31
177.99
178.02
177.31
179.78
177.72
177.7
178.36
177.43
177.09
178.09
178.38
177.43
177.39
177.77
177.3
178.33
178.7
179.45
177.03
177.58
177.56
175.68
178.85
178.29
176.36
178.92
177.98
177.98
177.45
177.79
177.88
178.1
177.24
175.58
177.41
176.66
179.69
177.22
176.21
178.04
177.13
180.28
175.99
178.25
177.27
174.46
178.58
177.76
179.72
177.61
178.47
180.34
177.12
178.21
178.06
178.36
176.35
178.39
176.87
176.68
178.02
179.83
175.66
175.79
NA
178.4
178.4
178.53
177.15
NA
174.51
177.49
177.55
177.0
178.99
178.12
177.37
177.59
177.17
NA
NA
177.19
176.75
177.71
177.62
178.39
175.38
173.98
175.27
173.94
NA
NA
177.52
178.42
175.98
177.73
178.86
177.03
177.41
175.33
174.59
178.24
176.38
177.02
177.64
178.28
178.49
178.99
176.77
177.51
177.53
179.22
179.03
176.5
174.46
176.87
177.11
174.84
177.31
178.55
176.93
178.55
177.9
177.54
175.96
177.63
178.77
177.0
177.42
177.39
178.05
179.38
178.24
179.02
177.49
175.5
178.3
176.99
176.87
176.94
176.36
177.77
176.45
176.92
177.48
177.26
178.02
175.96
177.42
177.42
176.37
176.72
176.13
178.13
179.22
177.57
178.49
NA
177.42
177.03
176.59
177.3
174.75
177.74
177.69
174.27
178.17
177.52
178.51
178.78
178.12
178.81
179.24
177.43
NA
NA
178.12
180.89
176.42
178.79
176.8
178.89
178.17
178.05
176.59
179.36
175.22
176.97
177.38
177.29
177.2
177.68
175.91
178.73
178.72
177.04
177.61
177.65
177.03
178.66
176.9
176.98
177.09
176.98
182.06
176.72
177.35
177.11
176.3
177.42
177.47
175.87
NA
NA
179.52
176.52
177.63
175.86
NA
177.47
177.43
177.08
178.87
180.61
178.23
179.56
176.55
177.0
179.04
180.63
178.18
179.42
NA
178.16
178.36
177.96
180.06
177.86
177.26
177.66
176.76
NA
NA
177.76
NA
178.16
178.29
178.19
177.89
180.09
177.69
NA
177.79
176.59
178.29
NA
177.69
NA
178.49
179.89
NA
176.39
180.09
177.79
NA
177.69
176.79
NA
NA
177.79
NA
178.99
NA
NA
NA
NA
NA
177.47
178.68
176.83
NA
NA
NA
NA
178.32
178.49
177.63
NA
NA
NA
NA
NA
178.79
176.24
178.13
180.32
NA
174.88
NA
NA
178.54
NA
NA
177.0
179.07
NA
NA
NA
NA
NA
NA
NA
176.76
176.61
NA
177.59
177.25
178.76
177.19
NA
NA
NA
NA
176.7
176.79
NA
NA
NA
NA
NA
NA
NA
NA
NA
177.89
177.96
177.65
177.29
177.77
NA
NA
176.87
176.84
176.92
176.89
NA
NA
NA
NA
NA
NA
179.46
178.76
177.76
177.06
178.46
177.56
177.36
177.66
179.26
178.94
178.87
177.0
NA
177.6
176.82
176.66
178.31
179.16
177.91
NA
NA
NA
NA
NA
NA
177.68
177.06
174.96
NA
178.48
176.27
175.31
177.2
178.21
176.02
177.55
178.34
178.19
180.42
177.02
177.1
176.98
NA
177.16
181.4
NA
NA
NA
NA
NA
NA
NA
NA
NA
NA
NA
177.53
177.18
176.5
178.38
176.76
175.23
NA
176.07
NA
NA
178.63
177.23
179.23
176.43
178.33
179.63
177.33
177.73
178.63
177.23
179.23
176.43
178.23
179.53
177.33
177.73
178.62
177.22
179.22
176.42
178.22
179.52
177.32
177.72
178.62
177.12
179.22
176.42
178.32
179.52
177.32
177.82
178.52
177.02
178.82
176.42
178.12
179.52
177.32
177.82
177.59
175.45
176.41
177.7
178.25
178.17
NA
179.4
174.65
178.65
177.15
177.45
177.85
177.84
NA
175.77
177.42
178.96
NA
NA
NA
NA
NA
NA
175.77
175.76
177.38
177.48
176.78
176.98
178.98
178.38
176.68
177.92
175.22
176.82
177.32
177.22
180.32
178.67
177.5
178.63
176.62
177.43
181.74
177.48
177.48
175.58
177.71
178.42
177.35
176.82
177.83
178.89
175.7
NA
178.04
NA
177.97
176.65
178.26
178.86
177.66
178.62
177.79
178.65
175.55
176.55
178.15
179.45
177.15
NA
178.27
178.46
177.19
177.67
NA
NA
NA
NA
NA
176.64
NA
NA
NA
NA
NA
NA
NA
NA
178.76
177.94
177.98
177.62
NA
NA
NA
NA
NA
NA
NA
177.66
177.14
177.57
177.13
177.02
177.07
177.01
NA
178.02
177.49
177.45
177.68
177.14
177.27
177.37
178.44
176.95
177.21
177.84
177.1
NA
177.16
177.16
NA
178.72
177.59
178.55
177.81
177.92
178.24
177.56
177.28
177.27
177.87
177.19
175.96
175.8
NA
179.14
175.94
177.31
176.95
173.83
NA
177.46
NA
NA
NA
NA
NA
NA
NA
178.33
NA
177.4
178.27
177.54
178.23
NA
177.47
176.63
177.92
176.92
177.92
177.42
179.32
NA
NA
NA
NA
NA
NA
NA
NA
NA
177.45
177.96
178.31
176.69
177.65
179.43
178.84
176.94
178.37
180.36
177.77
178.17
176.85
175.49
NA
NA
NA
NA
NA
NA
NA
NA
NA
NA
176.81
177.65
179.42
179.94
176.52
178.26
180.45
178.44
178.4
176.85
177.76
177.46
177.92
177.57
177.83
177.28
177.75
177.43
177.93
177.6
177.94
177.44
177.4
178.14
175.87
176.97
178.16
178.67
176.98
180.57
177.38
177.96
176.05
178.5
NA
NA
NA
NA
NA
NA
NA
NA
NA
NA
NA
NA
NA
NA
NA
NA
NA
NA
NA
NA
NA
NA
NA
NA
NA
NA
NA
NA
NA
NA
NA
NA
NA
NA
NA
NA
NA
NA
NA
NA
177.42
178.42
178.82
178.32
179.32
NA
NA
NA
NA
NA
NA
NA
NA
NA
NA
NA
177.64
177.26
180.4
NA
NA
NA
NA
NA
NA
NA
NA
NA
178.21
178.09
NA
NA
NA
NA
178.89
NA
NA
NA
NA
NA
NA
177.39
NA
NA
NA
NA
NA
NA
NA
NA
NA
NA
NA
NA
NA
NA
NA
NA
NA
NA
NA
NA
177.59
177.14
177.45
177.77
176.93
176.93
176.95
177.38
177.88
177.35
177.29
177.58
177.09
177.18
NA
NA
NA
NA
NA
NA
NA
NA
NA
NA
NA
174.12
NA
176.0
174.47
175.56
173.85
174.58
175.31
175.16
173.32
174.01
171.58
174.21
173.35
172.0
172.89
171.13
NA
172.43
172.34
170.7
NA
178.85
176.76
NA
NA
NA
NA
NA
NA
NA
NA
NA
NA
NA
NA
NA
176.85
179.05
178.54
NA
NA
175.88
177.71
NA
177.32
178.42
178.92
178.42
179.28
NA
177.13
NA
NA
178.04
177.64
179.14
177.44
177.94
NA
178.04
177.04
178.24
178.74
175.29
175.71
174.09
NA
NA
NA
NA
NA
NA
176.6
175.94
177.32
176.69
177.77
178.2
177.38
NA
NA
NA
178.04
NA
NA
NA
NA
176.24
177.98
175.88
NA
179.54
176.24
177.24
180.84
177.34
177.38
178.08
176.18
179.18
NA
NA
179.63
178.03
176.53
180.13
NA
177.5
177.2
180.3
177.5
177.2
180.2
NA
NA
NA
177.16
178.36
177.25
177.6
NA
NA
NA
NA
NA
NA
NA
NA
NA
NA
NA
NA
NA
NA
NA
NA
NA
NA
NA
NA
NA
179.2
178.25
177.95
NA
NA
NA
NA
NA
NA
NA
NA
NA
NA
NA
NA
NA
177.94
NA
NA
NA
NA
NA
NA
NA
NA
NA
NA
NA
NA
NA
175.35
NA
NA
NA
NA
177.3
NA
NA
NA
NA
NA
176.64
176.64
NA
NA
180.35
NA
NA
NA
NA
NA
NA
NA
NA
NA
177.93
178.13
176.34
NA
NA
176.49
178.83
177.57
178.04
176.2
176.69
177.32
175.82
NA
179.28
177.48
176.88
177.48
177.98
177.78
173.78
178.18
177.98
177.35
177.85
177.25
177.35
177.33
177.91
178.24
NA
NA
NA
NA
177.32
178.64
NA
NA
NA
NA
176.39
175.97
178.01
178.45
178.64
NA
178.29
178.81
177.68
177.33
NA
177.08
180.15
NA
175.81
177.95
177.85
177.44
178.21
177.75
176.89
178.09
175.23
177.79
177.34
177.49
177.46
177.85
177.44
177.46
177.51
177.99
NA
NA
176.41
177.71
NA
179.81
179.01
178.41
NA
NA
NA
NA
NA
NA
NA
177.25
NA
NA
NA
NA
NA
NA
NA
NA
NA
NA
NA
175.84
176.14
177.94
176.94
179.14
NA
NA
NA
NA
NA
NA
NA
NA
NA
NA
NA
NA
177.5
177.5
177.4
177.9
180.0
178.3
177.4
176.86
177.74
178.36
179.1
177.69
177.69
174.49
173.73
176.99
177.56
177.45
176.57
179.0
179.48
178.15
178.85
174.81
177.22
177.65
177.98
178.34
NA
177.51
NA
NA
NA
NA
NA
NA
NA
177.66
179.91
177.04
177.77
177.27
178.87
176.57
176.37
177.67
177.77
176.37
NA
177.52
176.92
177.42
174.02
175.55
179.25
176.95
176.95
179.55
178.18
178.41
177.01
177.04
177.97
177.1
NA
NA
NA
NA
NA
NA
NA
178.31
176.06
177.7
178.19
177.98
177.68
177.83
177.66
178.2
178.16
177.65
176.7
NA
NA
NA
NA
NA
NA
178.84
177.55
176.71
178.05
179.41
176.72
177.94
177.63
176.48
179.81
179.11
177.95
181.03
176.54
176.62
175.51
177.5
176.25
178.03
179.31
178.01
176.61
178.41
178.51
NA
NA
NA
174.68
NA
177.27
177.87
177.86
NA
NA
NA
NA
NA
NA
176.84
NA
NA
NA
NA
NA
NA
NA
NA
NA
NA
NA
NA
NA
NA
NA
NA
NA
178.28
173.89
177.21
177.64
176.75
176.95
176.95
179.05
179.27
177.55
NA
NA
NA
NA
178.21
NA
NA
NA
NA
NA
NA
NA
NA
177.63
178.06
178.23
177.44
177.45
177.38
177.52
177.46
NA
181.36
175.76
178.26
178.46
179.66
176.66
178.57
NA
NA
NA
NA
NA
NA
NA
NA
NA
NA
NA
NA
NA
NA
NA
NA
NA
NA
NA
NA
NA
NA
177.32
178.85
177.19
178.36
180.28
177.55
175.91
NA
179.36
NA
176.8
NA
NA
NA
NA
NA
NA
NA
NA
NA
NA
NA
178.49
177.41
179.43
177.67
178.69
177.97
174.75
175.58
NA
179.75
NA
176.56
NA
NA
NA
NA
NA
178.57
177.47
177.97
178.57
NA
NA
NA
NA
NA
NA
NA
NA
NA
NA
NA
NA
NA
NA
NA
NA
177.23
177.37
177.18
177.51
NA
NA
NA
NA
176.68
178.42
177.46
180.07
NA
NA
NA
177.85
176.11
177.44
178.71
NA
NA
177.73
NA
NA
176.93
177.05
178.79
178.31
NA
NA
NA
NA
NA
NA
NA
NA
NA
NA
NA
NA
NA
NA
NA
NA
NA
NA
NA
NA
NA
175.79
179.13
176.88
176.88
179.68
NA
NA
NA
NA
NA
NA
NA
NA
NA
NA
177.69
NA
NA
179.49
176.98
174.13
174.42
174.46
174.28
174.36
176.97
175.85
178.13
177.03
179.37
176.32
NA
177.16
179.46
176.16
NA
178.39
177.53
178.38
NA
181.22
178.14
175.85
NA
NA
178.44
177.92
177.89
177.64
NA
NA
NA
NA
NA
177.12
176.67
178.66
NA
177.1
176.83
NA
177.1
176.51
NA
177.01
176.51
176.01
176.21
177.61
NA
NA
NA
NA
NA
NA
NA
NA
178.25
177.19
176.98
NA
178.21
177.52
176.28
179.18
175.98
NA
NA
NA
NA
NA
NA
174.8
178.24
177.46
177.83
177.72
178.79
178.31
173.05
176.01
177.55
179.06
178.28
NA
NA
NA
NA
180.99
179.11
181.14
178.98
NA
NA
NA
176.9
178.04
177.23
176.61
NA
NA
NA
NA
NA
179.86
177.86
178.4
177.7
NA
NA
NA
176.62
177.09
179.18
178.28
177.25
NA
NA
NA
NA
177.02
176.34
176.32
NA
176.37
NA
176.12
176.43
178.5
177.0
177.4
177.04
178.24
175.24
179.84
177.54
177.54
NA
179.44
177.95
178.81
178.51
178.49
178.13
175.57
177.05
177.82
177.33
178.16
180.4
178.25
175.78
NA
179.37
177.46
175.66
176.85
176.64
176.88
178.17
175.28
177.38
177.48
177.38
177.78
179.57
178.17
178.47
177.07
176.87
178.07
177.17
179.57
178.17
178.47
177.17
177.17
178.17
177.17
NA
177.53
177.13
176.43
NA
NA
NA
178.24
177.24
176.94
179.15
177.55
177.58
177.07
178.74
178.06
177.25
177.45
177.15
177.91
178.45
176.65
178.15
177.9
178.55
177.4
NA
NA
NA
NA
NA
NA
NA
NA
NA
NA
NA
NA
NA
NA
NA
NA
178.89
NA
174.54
179.94
177.54
NA
NA
180.33
NA
NA
176.05
176.47
178.12
176.77
179.22
NA
177.5
173.67
177.15
179.53
NA
NA
NA
NA
NA
NA
NA
NA
NA
NA
NA
NA
NA
NA
NA
NA
NA
NA
NA
NA
178.87
NA
NA
NA
NA
176.4
180.15
174.7
177.43
NA
NA
178.19
177.99
177.46
177.47
177.13
NA
177.58
176.73
NA
NA
NA
NA
NA
NA
NA
177.46
176.68
177.66
NA
NA
NA
176.85
178.25
178.45
178.56
177.18
179.08
176.46
178.21
179.48
177.24
177.65
177.91
177.81
176.87
177.7
177.11
178.52
179.41
177.89
176.93
178.18
178.04
178.26
177.66
177.88
179.56
176.81
177.25
177.65
178.49
179.41
178.3
178.23
176.83
176.93
176.33
179.03
177.94
NA
177.65
177.34
178.33
179.84
NA
174.73
179.39
175.91
177.69
177.32
176.98
177.61
177.01
177.01
177.31
179.11
178.68
175.75
177.43
177.31
180.92
177.86
NA
NA
176.66
176.76
178.16
177.48
178.64
176.97
176.47
178.91
179.12
178.23
178.54
NA
NA
NA
NA
NA
NA
NA
NA
NA
NA
NA
178.11
176.8
177.59
177.28
179.26
NA
176.71
NA
NA
NA
NA
NA
177.03
176.17
174.87
176.57
NA
NA
NA
175.73
176.85
178.99
176.79
178.08
177.48
177.38
177.98
177.38
177.29
176.54
176.69
178.44
177.42
179.78
177.78
179.56
176.37
NA
176.05
177.78
177.33
177.25
177.21
178.2
177.21
177.44
176.23
176.39
175.7
178.24
175.68
178.96
176.59
177.62
177.95
176.33
177.45
176.58
177.16
NA
NA
NA
NA
NA
NA
176.87
178.15
173.13
NA
178.3
177.2
177.85
178.53
177.97
178.95
177.39
178.55
177.5
178.15
177.55
178.85
177.55
177.05
175.35
177.75
174.85
177.24
178.76
177.76
177.88
177.68
178.03
173.21
175.33
178.3
178.83
178.5
178.05
177.45
176.85
176.35
176.85
NA
NA
NA
NA
NA
177.98
177.68
177.68
178.38
175.83
178.83
177.23
177.63
177.13
177.53
177.73
177.33
179.43
176.61
176.74
178.79
177.99
178.43
178.78
177.07
178.89
177.19
177.89
177.19
179.39
181.11
178.93
180.62
179.56
NA
181.59
178.1
177.46
176.32
177.04
NA
177.44
178.71
179.39
176.89
176.23
NA
171.86
NA
NA
NA
181.06
179.06
181.04
179.02
177.43
NA
179.14
177.35
177.75
177.31
178.11
176.91
177.36
178.3
177.2
180.5
177.8
178.43
177.7
177.25
NA
NA
NA
NA
177.16
177.86
177.06
177.96
177.25
178.45
176.75
175.68
177.08
178.48
177.48
178.78
NA
179.78
179.48
NA
178.29
176.74
177.51
178.35
178.77
178.95
176.86
176.86
178.14
178.59
177.61
177.34
176.99
177.04
176.69
177.29
176.79
175.99
176.79
NA
NA
NA
NA
177.73
177.81
175.52
177.02
176.81
177.74
178.5
177.28
176.68
175.28
178.68
174.11
176.01
177.63
177.48
179.52
178.53
179.26
177.03
NA
NA
NA
NA
177.71
177.55
178.85
177.55
177.05
175.35
177.75
174.85
NA
176.91
177.57
178.44
NA
178.28
177.26
177.34
175.67
178.69
179.0
178.96
176.36
178.56
178.56
177.16
177.86
178.46
178.86
178.52
176.82
177.42
176.92
177.12
177.3
176.35
176.83
177.06
177.46
179.49
176.42
177.02
178.4
177.05
177.04
175.68
177.01
176.88
179.41
177.51
176.49
176.75
179.95
177.75
NA
NA
NA
NA
NA
NA
178.1
177.4
NA
NA
NA
NA
NA
NA
NA
NA
NA
NA
NA
NA
NA
NA
NA
NA
NA
NA
NA
NA
177.62
177.41
178.66
177.33
179.25
173.71
178.71
176.57
177.03
178.8
NA
NA
NA
NA
NA
171.7
173.9
176.5
NA
NA
NA
NA
177.81
177.03
177.56
176.89
177.2
NA
NA
NA
NA
NA
NA
NA
NA
NA
NA
NA
NA
NA
NA
175.71
178.71
177.31
177.21
178.31
178.21
NA
178.91
175.3
NA
177.87
177.79
177.4
177.59
177.29
178.09
178.0
NA
NA
177.99
177.24
NA
NA
NA
178.0
177.6
177.7
NA
NA
172.36
178.66
178.02
177.94
177.68
174.79
174.97
176.98
176.99
NA
177.11
174.36
174.44
175.65
173.02
174.88
175.06
177.77
177.23
177.95
177.05
178.48
179.91
178.13
177.04
177.04
176.74
177.34
177.64
179.94
175.24
177.34
NA
NA
NA
NA
177.26
178.13
177.33
176.9
179.78
NA
NA
177.58
178.27
177.43
177.06
179.92
176.6
176.32
177.75
178.92
179.29
177.02
177.76
177.4
178.01
176.35
177.82
178.18
NA
NA
NA
NA
NA
NA
NA
NA
NA
NA
NA
174.59
177.99
175.79
179.39
178.09
175.39
177.29
176.09
176.61
176.41
178.01
176.31
177.71
178.61
174.99
177.48
178.0
173.6
179.4
175.55
176.49
177.3
178.69
175.76
179.86
177.42
177.85
177.29
177.5
NA
NA
178.18
177.13
177.4
178.16
179.01
177.53
179.28
177.4
177.64
176.44
181.62
178.48
NA
NA
NA
179.48
177.48
176.48
NA
NA
NA
177.9
NA
NA
NA
NA
NA
178.06
177.28
176.85
177.35
179.35
179.15
175.75
177.2
NA
176.05
180.93
178.03
176.19
177.03
177.28
NA
NA
NA
NA
178.56
176.91
176.11
178.15
180.95
179.23
176.21
178.01
178.81
177.8
176.51
179.11
177.31
177.61
178.41
177.29
178.73
NA
178.43
177.16
178.96
NA
NA
NA
NA
NA
NA
NA
176.79
178.49
174.43
174.03
NA
177.66
178.56
174.86
173.36
174.88
177.83
178.57
181.0
NA
180.22
177.23
177.14
176.36
NA
NA
NA
NA
NA
NA
NA
NA
NA
175.13
NA
NA
177.12
178.58
178.5
177.0
178.8
NA
NA
NA
177.58
174.78
178.95
177.57
179.27
179.6
177.97
181.24
179.97
178.51
175.51
177.51
NA
177.05
178.59
175.99
177.99
177.14
174.4
177.36
177.8
174.29
174.51
178.02
178.38
178.4
179.4
178.26
178.58
177.46
NA
NA
176.51
177.42
178.35
180.44
176.76
176.7
178.53
177.57
178.43
178.86
177.52
177.75
176.67
175.97
177.8
178.21
178.08
179.31
NA
NA
177.36
177.01
176.01
NA
NA
NA
NA
NA
NA
NA
NA
NA
173.67
173.97
NA
177.61
176.36
178.62
178.11
178.62
178.22
177.02
NA
178.21
176.68
177.27
178.39
NA
NA
NA
176.81
177.01
177.4
NA
NA
NA
NA
179.59
178.5
178.69
178.41
177.63
176.93
178.93
176.32
177.54
178.59
NA
176.45
177.57
178.96
176.67
176.39
NA
NA
NA
NA
179.68
176.85
177.41
178.87
177.89
177.89
178.49
177.59
177.39
177.79
NA
NA
177.39
NA
177.51
NA
178.66
178.96
NA
NA
NA
NA
NA
NA
NA
NA
NA
NA
NA
175.82
177.55
NA
NA
NA
NA
NA
NA
NA
177.11
176.71
177.51
178.11
177.41
177.61
177.71
177.7
177.85
177.66
177.91
176.63
179.43
178.13
NA
177.36
NA
178.33
177.67
177.39
176.72
173.71
176.79
NA
177.27
181.13
175.91
175.11
176.83
NA
178.87
179.35
176.24
176.22
178.24
177.84
178.04
NA
177.17
177.57
NA
NA
NA
NA
176.94
176.96
177.31
178.26
176.66
177.66
177.26
176.96
179.36
177.13
177.64
176.79
177.64
176.86
174.81
174.98
177.86
178.16
180.26
178.26
176.53
177.1
177.26
178.15
177.92
178.48
176.84
176.04
178.05
180.9
179.16
178.5
NA
NA
NA
NA
NA
NA
NA
NA
NA
NA
NA
NA
NA
176.18
NA
NA
NA
NA
NA
NA
NA
178.57
178.07
176.46
NA
NA
NA
NA
NA
NA
NA
NA
NA
NA
NA
NA
NA
177.79
178.33
174.15
NA
NA
NA
NA
NA
NA
NA
NA
NA
NA
NA
NA
NA
NA
NA
NA
NA
NA
177.31
178.3
178.7
178.02
178.02
177.75
178.73
178.17
177.43
175.51
179.02
180.37
178.3
177.73
176.55
176.78
177.7
NA
NA
NA
NA
NA
NA
NA
NA
NA
NA
176.21
175.7
176.68
178.55
175.88
178.47
178.68
177.18
177.26
178.6
177.01
177.18
175.38
NA
178.16
NA
177.41
176.81
178.01
179.11
178.91
176.31
177.41
178.61
177.05
NA
NA
NA
NA
NA
177.14
177.74
179.04
178.84
176.44
177.44
NA
NA
NA
NA
NA
177.47
177.66
177.68
180.19
177.18
177.41
177.48
176.45
177.21
177.7
178.32
178.51
176.7
177.8
180.52
178.04
177.24
177.04
176.94
177.18
178.57
178.2
178.95
177.47
178.45
177.98
178.33
177.27
175.57
177.12
177.42
176.32
177.25
176.75
177.45
176.82
176.32
179.1
NA
178.57
177.35
177.06
176.05
178.66
178.04
177.75
178.43
179.36
179.58
NA
NA
178.32
NA
178.63
178.26
176.57
178.77
178.97
176.83
178.83
176.83
178.03
177.83
NA
NA
NA
NA
NA
NA
177.32
178.21
178.65
177.41
177.25
178.03
NA
NA
NA
NA
177.82
179.04
175.69
177.28
177.9
177.15
179.42
NA
NA
NA
NA
NA
NA
NA
NA
NA
NA
NA
NA
NA
NA
NA
NA
NA
NA
NA
NA
NA
NA
NA
NA
NA
NA
NA
NA
NA
178.72
178.1
176.67
177.81
175.03
176.79
NA
178.14
177.56
NA
179.58
NA
176.6
176.99
177.06
176.6
176.65
177.74
176.91
NA
177.9
178.93
175.51
NA
178.41
177.05
177.21
179.21
177.21
176.01
177.41
NA
NA
NA
NA
NA
NA
177.03
178.0
177.01
178.74
177.5
177.7
177.55
177.87
175.94
177.35
177.87
179.24
177.23
178.13
177.13
178.63
177.73
177.83
177.73
178.63
176.33
177.33
NA
NA
NA
178.2
177.81
177.18
177.47
174.06
177.62
176.88
178.67
178.6
NA
NA
NA
NA
177.35
NA
NA
NA
177.21
177.41
176.91
NA
177.7
178.5
178.97
178.9
178.87
176.97
177.01
NA
178.63
177.29
175.15
177.54
176.21
176.96
178.25
178.41
176.87
177.07
178.01
178.5
177.8
177.62
178.2
177.35
176.4
174.58
176.88
175.38
177.28
178.28
175.18
176.14
178.59
178.3
177.25
177.7
NA
178.1
176.83
NA
177.5
177.26
176.86
179.13
177.13
176.5
176.58
176.91
177.7
178.41
178.07
177.6
175.96
178.14
178.28
176.4
177.7
177.04
NA
NA
NA
NA
NA
NA
178.1
175.75
178.6
NA
NA
178.53
177.94
177.24
176.77
176.96
177.74
177.25
178.42
177.0
176.35
177.94
NA
177.76
177.66
NA
178.92
177.32
179.01
177.71
177.21
NA
NA
NA
NA
NA
NA
NA
179.02
179.32
179.62
178.92
NA
NA
178.16
178.63
178.3
177.42
NA
NA
NA
NA
177.55
177.36
179.25
176.83
178.55
177.17
177.61
176.09
176.91
177.6
178.58
177.74
177.41
178.16
NA
177.62
176.88
178.67
NA
NA
NA
176.55
177.13
175.95
179.03
178.13
176.13
177.63
178.44
179.59
176.0
175.88
180.73
177.16
174.83
NA
NA
NA
NA
NA
NA
NA
NA
NA
NA
175.54
179.46
177.42
177.24
NA
NA
NA
177.64
178.87
177.66
176.76
177.26
178.76
177.36
176.66
177.26
176.42
177.46
178.16
179.13
174.03
178.89
177.77
176.89
179.29
NA
178.29
176.29
179.5
177.73
179.33
NA
176.98
180.23
177.19
NA
177.04
177.13
176.99
176.52
174.6
177.43
177.51
176.28
177.66
176.35
176.72
178.41
177.38
177.06
177.05
177.64
178.25
NA
NA
NA
NA
NA
177.4
174.5
177.71
177.8
178.23
177.18
175.54
176.4
177.23
176.11
178.01
176.71
177.71
178.0
179.42
175.22
178.42
178.42
177.82
176.45
NA
176.45
177.3
178.39
176.4
177.0
174.53
NA
179.69
177.12
178.06
177.16
179.06
180.06
177.62
176.93
179.52
174.86
174.09
176.91
177.19
179.2
178.45
178.33
177.28
178.34
NA
NA
NA
NA
178.95
177.56
178.86
NA
NA
NA
177.64
177.87
177.35
NA
NA
NA
NA
NA
NA
NA
178.34
176.69
177.25
179.88
177.31
178.11
NA
NA
NA
177.96
NA
NA
177.11
178.45
180.1
177.68
175.57
178.29
178.33
178.3
178.36
NA
NA
NA
NA
NA
178.22
177.64
180.53
179.07
177.44
178.88
180.58
177.46
176.83
176.83
NA
NA
NA
NA
NA
NA
178.06
175.9
NA
NA
NA
NA
NA
NA
NA
NA
176.52
179.62
177.02
176.59
177.19
177.99
178.29
176.39
177.12
174.71
NA
NA
176.9
175.67
173.74
175.13
173.74
NA
NA
NA
NA
NA
177.11
176.77
177.7
NA
NA
177.23
175.38
178.57
178.01
NA
NA
NA
NA
NA
178.47
176.82
176.01
NA
180.88
NA
NA
NA
NA
177.27
177.72
176.62
179.38
176.81
176.9
NA
NA
178.24
175.94
177.74
178.88
177.43
178.0
176.83
179.32
176.18
177.25
177.29
176.79
178.66
174.19
177.05
NA
NA
NA
NA
NA
NA
NA
NA
NA
177.26
178.24
176.66
177.79
178.39
177.59
NA
177.23
174.87
176.69
NA
NA
NA
NA
177.54
178.75
177.62
177.77
177.96
176.01
177.53
177.71
178.42
176.39
150.91
177.67
178.56
178.86
NA
NA
NA
NA
NA
NA
NA
NA
NA
NA
NA
NA
NA
NA
NA
NA
NA
NA
NA
177.47
178.44
180.48
178.42
176.7
176.65
178.62
177.67
177.07
176.95
176.57
179.48
178.03
177.12
179.12
177.02
177.42
177.02
179.22
179.2
NA
176.6
178.1
177.0
177.0
179.85
176.65
178.05
176.85
179.25