31.48
31.42
31.78
31.22
31.38
31.63
31.53
31.63
31.7
NA
31.32
31.32
NA
31.32
31.2
30.8
31.12
30.75
NA
32.09
32.86
32.24
31.79
31.81
31.32
31.66
31.18
31.91
30.98
31.8
31.71
31.38
32.07
32.19
31.06
32.37
30.97
31.18
32.13
32.79
31.97
31.77
31.26
31.33
31.66
31.65
31.76
32.11
31.37
31.87
31.58
31.0
30.94
32.55
31.84
32.1
31.48
31.51
31.71
31.73
31.21
31.77
31.8
31.73
29.56
31.15
32.27
30.73
NA
31.12
31.46
31.43
31.22
30.38
31.54
31.17
31.71
31.66
31.7
32.01
31.15
31.69
31.72
30.88
31.51
30.94
31.66
30.93
31.62
31.48
31.06
33.66
32.06
31.78
31.85
32.16
31.03
31.93
31.75
31.59
32.01
31.25
31.54
32.01
31.65
31.28
31.68
31.07
31.61
31.02
32.73
31.54
31.05
31.81
31.55
31.43
30.84
31.54
31.22
32.07
32.1
31.4
31.0
NA
31.94
31.7
31.62
31.92
32.03
30.76
31.76
NA
31.06
31.86
NA
32.07
31.2
31.62
31.82
31.29
31.69
31.69
31.88
31.09
31.65
31.55
31.57
NA
31.65
NA
31.7
31.17
31.26
31.19
31.81
31.32
31.58
32.61
31.93
32.24
31.6
31.18
31.35
31.74
30.2
31.63
32.14
32.05
31.88
31.15
NA
29.34
31.39
31.29
31.01
31.34
30.7
30.99
NA
31.63
31.6
31.35
31.38
31.1
31.24
31.67
31.48
31.31
31.93
31.39
31.63
NA
NA
31.48
31.78
31.45
31.22
31.58
31.09
31.72
31.92
32.03
31.98
31.23
31.63
30.99
31.59
31.54
31.74
32.04
32.11
31.94
32.01
31.22
NA
31.42
31.36
31.73
31.37
31.12
31.93
31.79
32.03
31.64
31.31
31.28
32.12
32.14
31.9
32.39
31.65
31.98
31.52
31.92
31.6
31.95
32.84
31.36
31.97
31.83
31.48
29.67
31.48
32.17
31.54
31.62
32.08
31.77
32.67
31.88
32.16
31.95
31.46
31.35
31.71
31.49
32.03
32.04
31.45
31.98
32.27
31.82
31.79
31.07
31.97
32.36
31.71
32.11
32.19
31.56
31.73
30.95
31.61
31.66
31.23
31.07
31.7
31.24
31.17
30.72
NA
31.47
31.53
31.92
32.11
31.74
30.44
32.38
NA
31.54
31.52
31.2
31.11
31.47
32.01
30.77
31.78
31.26
31.66
31.21
31.73
32.12
31.43
32.65
31.51
31.84
31.8
31.34
31.41
31.6
31.64
31.88
31.79
NA
NA
31.51
31.31
30.51
32.53
NA
31.52
31.19
31.35
32.25
31.12
32.04
31.06
32.05
31.43
32.19
31.29
32.32
31.28
32.17
31.58
31.64
31.57
31.69
31.87
31.99
NA
30.95
NA
31.6
32.04
30.58
30.9
31.51
31.52
31.92
31.92
31.33
31.67
NA
NA
31.39
31.73
NA
NA
NA
31.97
NA
NA
NA
31.43
31.61
NA
30.81
NA
NA
31.98
NA
NA
NA
31.78
31.04
31.94
31.75
31.89
28.87
32.98
32.48
31.34
31.32
31.57
30.92
31.83
31.69
31.05
NA
NA
NA
31.42
31.61
32.06
30.2
29.81
32.12
31.41
31.38
31.49
32.08
32.1
NA
32.31
31.32
32.53
NA
NA
NA
30.23
31.17
31.81
38.68
32.57
NA
31.44
31.7
32.14
31.56
NA
NA
NA
32.74
32.99
32.99
31.35
NA
NA
NA
NA
NA
NA
NA
NA
31.86
31.31
32.05
31.71
30.84
31.66
31.76
31.78
31.61
30.8
32.1
30.96
32.65
32.65
31.82
31.74
32.0
31.4
31.9
31.5
31.8
31.9
31.6
30.9
31.5
31.8
31.8
32.04
31.2
NA
31.47
30.64
30.17
30.87
31.11
31.58
31.64
33.74
31.74
30.84
32.14
32.04
32.76
31.15
31.95
34.05
31.59
31.15
31.82
30.82
31.07
32.64
32.1
31.61
30.8
31.7
30.98
33.08
30.83
31.09
31.64
32.64
NA
NA
NA
NA
NA
NA
NA
NA
NA
NA
NA
30.75
31.56
32.39
31.74
31.39
30.7
28.46
30.95
31.34
31.27
NA
NA
NA
NA
NA
NA
NA
NA
NA
NA
NA
NA
NA
NA
NA
NA
NA
NA
NA
NA
NA
NA
NA
NA
NA
NA
NA
NA
NA
NA
NA
NA
NA
NA
NA
NA
NA
NA
NA
NA
31.0
30.68
31.68
31.82
30.95
30.82
30.81
32.1
31.7
31.2
31.1
30.9
31.4
31.15
32.06
32.46
31.85
32.09
31.7
31.21
31.77
31.98
32.02
32.75
31.31
31.19
31.3
30.8
30.3
31.1
31.3
31.7
32.3
31.24
32.41
31.26
31.31
31.0
31.25
31.83
32.12
32.39
31.31
31.15
32.06
30.83
31.75
32.39
32.14
30.32
30.43
30.77
31.58
31.43
30.86
31.88
30.4
31.94
30.66
31.29
31.08
30.68
30.78
31.65
30.91
31.37
32.69
31.11
31.41
31.27
31.2
31.61
31.32
30.9
31.35
31.6
30.48
31.23
31.2
31.32
32.22
32.53
NA
33.24
33.49
31.56
31.49
31.45
31.52
31.52
31.54
31.09
30.64
30.5
30.42
31.91
32.66
30.07
31.76
31.83
31.74
32.86
32.92
32.89
32.97
NA
33.13
33.07
NA
NA
32.92
NA
33.18
33.13
NA
31.65
31.65
32.12
32.18
NA
31.65
31.81
31.81
NA
31.91
NA
31.65
31.96
NA
NA
31.74
31.54
31.51
30.41
31.69
30.14
32.78
28.75
NA
30.72
30.18
31.39
31.34
30.71
NA
31.76
NA
NA
NA
NA
NA
NA
31.47
31.22
NA
32.06
38.36
31.75
31.19
NA
31.17
32.97
NA
NA
NA
NA
NA
32.26
30.84
32.57
NA
31.23
30.37
30.32
31.02
31.79
32.75
31.01
31.63
30.91
31.13
31.33
NA
31.35
32.1
31.14
31.09
31.95
31.66
35.04
30.99
31.18
31.24
NA
31.63
32.15
31.18
30.99
31.96
31.7
31.24
31.18
31.24
31.63
31.44
31.96
31.31
30.92
32.54
31.89
33.33
33.7
33.7
33.59
NA
33.76
NA
33.82
33.71
33.57
NA
33.8
33.86
31.87
NA
30.97
31.52
31.19
30.52
31.91
31.62
31.03
31.66
31.96
31.4
31.36
31.82
31.12
31.49
31.77
31.69
31.19
31.4
31.36
31.82
31.12
31.49
31.77
31.69
31.19
31.44
31.44
31.7
31.13
31.44
31.91
31.61
31.44
31.5
31.44
31.78
31.22
31.49
31.9
31.54
31.25
31.6
31.49
31.81
31.34
31.51
31.8
31.65
30.85
30.65
31.86
NA
NA
30.55
NA
30.9
NA
NA
NA
NA
NA
NA
NA
NA
NA
31.33
32.49
31.99
NA
NA
NA
NA
NA
NA
NA
NA
NA
32.28
30.84
31.0
31.98
NA
NA
32.51
NA
NA
NA
NA
NA
NA
30.82
31.46
30.95
NA
31.18
31.7
31.12
NA
NA
31.91
30.8
NA
NA
NA
NA
NA
NA
NA
NA
NA
NA
33.23
33.44
33.44
33.37
34.6
33.47
33.23
33.29
33.09
33.16
33.38
33.43
33.37
33.39
30.99
30.67
30.46
32.72
31.8
31.42
31.68
31.86
31.54
31.46
32.15
31.51
31.05
30.23
30.75
31.24
32.01
31.32
29.94
31.44
31.05
31.33
30.97
30.71
NA
30.77
30.95
31.6
30.99
29.63
31.14
30.69
39.13
32.37
32.21
NA
NA
NA
31.69
32.29
30.98
31.14
NA
31.72
31.99
31.73
NA
NA
NA
NA
NA
NA
NA
29.87
31.71
32.15
30.63
31.57
31.86
31.62
30.46
NA
31.92
NA
NA
31.7
31.32
30.82
31.32
31.22
31.45
32.02
31.42
31.42
31.42
32.17
31.15
28.32
31.64
31.24
31.83
NA
31.3
30.63
31.72
31.81
31.08
30.82
30.82
31.0
31.36
NA
NA
NA
NA
NA
NA
NA
NA
31.93
31.82
31.02
NA
NA
NA
NA
NA
NA
30.5
31.2
31.6
31.8
31.8
30.51
31.26
31.16
30.96
31.76
31.48
31.48
32.08
32.28
31.38
32.48
31.98
31.1
31.1
31.1
31.47
32.47
30.74
31.39
31.17
31.21
33.01
31.21
31.21
NA
31.97
31.6
31.2
32.41
31.41
31.01
NA
31.51
31.41
30.61
31.41
30.6
30.6
32.19
32.25
31.63
32.04
32.54
31.55
31.25
31.55
31.25
31.55
31.25
31.85
32.21
31.5
31.81
31.49
31.44
31.81
33.34
31.03
30.83
31.78
31.77
31.37
31.53
30.95
31.61
31.73
31.45
31.12
30.95
31.75
31.08
31.91
31.31
31.87
31.34
31.27
NA
NA
NA
NA
NA
31.14
31.14
31.7
30.8
32.12
31.43
31.13
30.73
31.43
NA
31.93
31.63
31.63
32.03
31.18
30.58
32.72
NA
30.91
33.6
31.74
31.61
31.22
31.12
31.28
31.38
31.78
NA
31.71
31.71
30.91
31.01
31.31
31.01
29.61
31.81
31.81
31.44
31.14
31.04
31.04
32.83
30.99
31.51
31.07
30.87
30.87
30.87
31.24
NA
31.54
31.73
31.34
30.9
31.18
31.2
31.31
31.74
31.78
NA
31.68
31.45
32.26
32.77
32.24
31.25
32.34
NA
31.9
31.9
31.38
31.9
32.42
31.61
31.36
32.05
31.91
32.77
31.91
31.09
33.91
33.63
33.84
33.89
33.69
33.67
31.93
31.9
31.74
31.64
NA
31.24
31.74
31.44
NA
NA
31.94
30.94
31.54
30.54
29.84
32.57
31.78
NA
NA
NA
NA
NA
31.95
31.79
31.88
32.66
31.1
NA
NA
NA
NA
NA
31.91
30.81
31.77
31.87
31.77
32.17
32.47
32.17
32.37
32.27
31.67
32.37
31.35
31.25
31.15
31.15
31.15
31.95
31.15
34.15
31.33
30.86
31.8
31.58
32.27
31.97
31.68
31.23
30.99
30.75
30.44
31.48
31.3
31.29
31.79
29.65
31.53
NA
NA
NA
NA
NA
31.95
31.36
31.25
31.92
31.62
31.38
31.65
31.79
30.83
30.83
30.0
30.95
31.65
31.95
31.65
31.55
NA
31.55
NA
31.22
31.42
31.82
30.52
31.82
31.52
31.42
32.12
31.62
32.65
31.2
32.17
31.12
31.5
31.66
NA
NA
NA
NA
32.02
31.34
34.95
31.54
30.85
31.21
31.22
31.35
31.91
31.47
31.52
31.45
32.44
31.32
31.89
32.08
31.98
32.18
31.68
32.18
31.28
31.93
31.31
NA
32.05
31.26
31.02
32.1
31.49
32.01
31.69
31.73
31.49
31.31
32.41
31.95
32.53
31.12
32.29
31.19
NA
NA
NA
NA
NA
32.15
31.85
31.85
31.04
30.87
31.33
30.98
31.31
32.15
32.15
32.15
31.65
32.35
31.25
32.17
31.67
31.84
31.42
31.36
31.53
30.68
31.38
31.68
31.78
32.14
32.04
32.14
31.64
32.24
31.34
31.05
31.05
32.52
30.59
32.42
31.6
32.02
31.72
31.72
30.62
31.73
32.01
31.69
31.69
31.4
31.41
31.24
31.61
31.85
31.06
31.59
31.85
30.72
31.46
39.53
30.9
31.35
31.51
31.93
31.42
32.86
32.05
31.55
32.71
31.81
31.21
32.21
32.11
31.71
32.61
31.54
31.45
32.4
31.4
NA
32.2
31.5
NA
30.6
31.4
31.86
31.16
31.76
31.76
31.06
32.15
31.25
31.85
31.85
31.15
31.04
31.84
31.14
31.43
31.52
32.06
31.17
31.88
30.43
31.38
NA
31.88
31.69
30.21
32.21
30.2
32.15
31.47
31.43
31.95
31.85
31.35
32.35
32.25
31.05
31.29
31.89
33.4
NA
NA
32.63
33.01
32.89
32.24
NA
NA
32.81
31.15
31.54
31.49
31.6
31.31
31.54
31.22
31.52
30.72
32.01
31.92
31.4
32.02
31.92
32.12
31.62
32.12
31.22
31.78
31.51
31.54
31.44
31.44
32.54
31.63
31.87
31.5
32.07
31.05
NA
31.56
33.76
29.86
31.96
31.42
31.73
32.55
31.7
NA
32.5
31.24
31.38
30.82
31.63
31.12
31.84
31.89
31.38
31.25
32.03
31.24
32.05
31.79
NA
31.82
31.32
29.22
31.32
31.32
31.32
30.22
NA
30.74
31.04
NA
NA
31.54
NA
31.35
31.58
32.04
31.34
31.54
32.04
32.26
31.26
31.29
NA
31.09
31.27
31.57
31.88
30.73
32.23
32.13
31.63
32.33
31.33
32.0
31.54
30.85
30.34
31.79
31.96
30.92
31.82
31.32
32.01
NA
32.04
29.81
31.43
NA
NA
NA
NA
31.55
31.15
31.25
28.75
31.9
31.84
31.94
32.95
31.73
31.26
NA
NA
NA
NA
31.52
31.47
30.82
31.42
31.53
31.71
31.37
31.78
30.61
31.23
31.61
NA
32.12
30.73
32.37
30.76
32.96
31.87
31.5
30.2
32.0
31.0
31.3
32.13
31.73
31.23
30.93
31.63
32.03
31.63
31.73
31.45
31.09
31.13
31.29
32.8
31.71
32.59
30.99
31.59
31.92
32.09
31.97
NA
31.68
31.68
32.55
32.9
32.0
31.92
31.38
31.71
31.93
31.71
29.13
31.8
31.14
31.91
31.53
31.93
31.58
32.28
NA
NA
NA
NA
31.61
31.02
31.02
32.76
30.02
31.21
40.15
32.09
NA
32.68
31.5
31.58
32.2
30.6
31.26
31.56
31.63
32.33
31.16
32.14
31.61
30.99
31.36
32.83
31.73
31.56
31.78
NA
31.21
33.59
30.74
31.56
31.84
NA
32.99
30.92
31.59
32.1
31.67
31.63
30.73
31.63
31.13
30.93
31.43
NA
30.85
31.69
31.72
32.04
31.51
32.07
31.28
31.98
31.37
NA
31.14
31.77
34.06
31.82
31.68
32.14
31.16
31.66
31.58
31.57
31.69
32.32
32.49
31.42
31.72
30.62
31.22
31.21
32.31
30.81
31.71
30.71
31.01
31.21
31.19
32.29
30.79
31.69
31.09
31.19
31.29
31.53
31.48
31.38
32.08
30.68
31.51
32.62
31.56
31.06
31.16
30.86
31.46
31.28
31.83
30.8
32.04
31.69
31.89
31.79
31.49
32.29
31.59
30.69
31.42
31.2
31.46
31.35
31.35
31.35
31.75
30.95
31.75
31.15
31.76
31.06
38.16
31.76
30.46
31.16
32.0
32.2
31.36
NA
NA
29.87
32.07
30.37
NA
NA
31.72
31.36
31.76
31.97
31.61
31.66
31.71
31.55
31.66
31.26
NA
31.25
31.22
31.54
31.94
31.44
31.84
31.08
31.38
31.38
NA
NA
31.38
31.78
31.58
31.38
NA
NA
31.36
31.03
30.63
31.12
31.64
31.4
31.58
30.79
31.82
32.29
31.13
30.56
31.27
31.84
31.33
NA
NA
NA
NA
NA
NA
NA
31.12
30.79
31.84
31.86
31.13
31.54
31.94
31.44
31.84
30.53
31.25
31.44
40.44
31.43
30.83
31.64
31.74
31.14
30.78
31.33
31.36
31.21
31.71
31.87
31.26
31.35
31.86
NA
30.83
31.06
30.46
31.29
NA
NA
NA
NA
NA
NA
NA
NA
NA
NA
NA
NA
NA
NA
31.63
NA
NA
31.02
31.12
NA
31.6
31.14
31.34
31.32
31.49
31.19
31.71
31.21
31.98
30.85
32.03
30.55
31.47
31.42
31.29
31.2
31.33
32.31
31.26
NA
30.6
30.43
31.17
30.68
NA
NA
32.9
32.6
30.09
31.92
31.98
32.08
30.86
32.01
NA
31.82
31.56
30.94
31.04
30.76
31.18
28.99
31.05
31.4
31.2
31.66
31.55
32.0
31.2
31.31
31.86
31.3
31.33
31.98
31.83
31.83
31.24
32.32
31.66
30.88
32.41
31.28
30.86
31.18
25.16
31.56
33.76
32.55
31.63
30.38
31.58
31.56
31.46
31.66
31.96
31.56
31.23
30.35
31.67
31.53
31.71
32.66
NA
31.34
NA
31.18
30.94
31.34
31.42
30.86
NA
NA
NA
NA
32.1
31.79
31.66
31.29
NA
31.23
31.77
31.61
31.34
32.06
31.28
31.47
31.68
32.0
31.8
32.0
31.5
32.1
31.2
31.48
33.22
31.3
NA
31.23
31.58
30.44
31.57
30.92
31.35
30.99
31.4
31.99
31.15
31.25
31.61
32.08
31.18
31.45
30.91
30.91
32.18
31.46
31.98
31.61
31.39
31.27
31.41
29.75
NA
NA
NA
31.49
31.69
31.09
30.79
30.99
30.86
31.46
30.96
31.96
32.06
31.76
31.36
31.36
31.66
31.86
31.25
31.25
31.35
30.55
29.65
30.85
31.45
31.45
31.76
31.25
31.65
30.73
30.91
31.33
31.62
NA
NA
NA
NA
NA
31.79
31.5
31.5
31.58
NA
30.19
31.05
30.55
31.36
33.41
32.01
30.8
31.61
32.01
31.51
32.7
29.9
NA
NA
NA
NA
NA
NA
NA
NA
31.63
32.17
32.19
31.99
31.69
31.15
NA
30.95
32.03
31.04
31.04
31.44
30.94
31.53
30.85
31.14
31.96
31.3
30.85
NA
31.04
31.24
31.34
31.54
31.27
NA
30.97
32.01
31.69
31.79
32.09
31.29
31.69
30.94
31.59
32.78
31.57
32.21
31.47
31.65
31.24
31.39
NA
31.68
30.56
32.21
31.77
30.84
31.86
31.86
31.72
32.02
31.32
32.02
32.23
31.72
31.72
31.42
31.92
31.74
30.9
30.96
31.9
31.75
31.32
31.5
NA
30.76
NA
32.36
31.4
32.15
31.85
31.0
31.35
31.19
30.93
31.52
32.55
32.37
31.51
31.18
30.66
31.25
31.61
32.08
31.18
31.45
30.91
30.91
31.0
31.35
31.2
31.41
NA
31.28
31.33
31.0
31.75
31.82
31.67
30.74
31.87
32.02
31.2
30.06
30.92
30.41
31.18
31.43
31.3
31.59
31.7
31.7
31.63
31.52
31.13
31.97
31.03
32.01
33.51
37.07
31.85
31.48
32.64
31.26
31.57
31.58
31.44
31.57
32.3
32.48
31.78
31.68
32.12
32.02
31.72
31.52
32.22
31.02
31.38
31.38
NA
31.64
31.71
31.48
31.49
NA
31.56
31.81
31.8
31.84
31.63
31.94
31.72
31.75
32.35
31.73
31.87
31.6
32.03
32.09
31.85
31.67
31.99
31.64
31.21
33.69
32.18
31.6
31.01
31.19
32.24
32.04
31.74
31.74
32.44
31.89
31.79
31.46
31.92
31.16
31.57
30.83
31.11
31.73
31.21
31.46
32.03
31.08
31.84
31.08
30.9
30.56
31.54
31.24
31.17
32.07
31.27
NA
30.67
NA
31.38
33.0
NA
31.7
31.4
31.7
30.6
30.6
31.4
31.21
31.41
34.46
31.49
31.15
31.12
31.32
31.02
31.78
33.48
30.79
31.62
31.87
33.08
33.08
31.58
30.68
31.48
30.98
31.58
30.69
31.87
31.88
31.11
32.07
31.5
32.35
31.91
31.03
32.37
31.15
31.47
32.3
31.03
31.02
31.66
31.03
31.14
31.57
30.98
31.58
31.45
31.57
31.1
31.92
31.05
31.05
30.35
31.65
32.25
31.25
31.75
33.55
31.85
30.97
31.83
NA
31.72
30.73
30.98
30.76
31.71
33.29
33.17
31.55
30.77
30.93
30.81
31.75
NA
NA
NA
NA
NA
NA
NA
NA
32.39
32.06
31.57
31.4
30.92
31.27
31.04
31.5
29.11
NA
NA
31.04
31.8
31.8
31.8
30.78
31.38
30.98
30.98
31.38
30.68
31.68
31.38
34.36
30.86
29.96
NA
NA
NA
30.71
NA
31.76
30.25
32.13
33.56
32.7
31.9
31.63
32.7
NA
NA
NA
31.39
32.42
31.5
30.74
31.27
31.37
31.65
31.55
31.25
32.09
32.02
31.01
31.32
31.41
31.17
30.75
NA
NA
31.61
30.62
31.52
31.28
30.51
32.25
32.14
31.77
30.82
31.42
30.62
30.92
33.42
31.23
30.72
31.41
30.71
31.11
31.61
31.11
31.85
NA
31.32
31.23
31.03
32.49
31.02
30.59
32.05
30.54
31.49
31.48
31.11
30.6
32.17
31.58
30.5
32.67
31.54
31.24
31.85
31.75
31.55
32.25
NA
31.55
32.15
30.0
31.75
NA
30.74
31.81
31.91
29.41
NA
31.45
30.86
30.86
30.86
30.28
32.01
31.51
30.99
30.79
31.33
32.21
31.11
32.81
29.31
31.26
31.46
31.35
31.34
31.23
32.2
31.65
31.69
31.3
NA
31.16
31.55
NA
NA
31.8
32.0
31.2
NA
NA
31.47
31.7
32.27
31.18
30.27
31.97
31.77
31.98
31.61
32.13
30.24
30.74
31.71
30.96
31.66
31.94
32.15
31.53
31.55
30.76
30.66
31.66
31.13
31.21
31.89
NA
31.99
31.33
28.15
30.85
31.08
29.44
29.36
31.23
31.85
32.35
31.27
NA
31.3
32.55
31.4
29.3
31.74
31.32
31.02
31.52
31.29
31.24
31.27
31.03
31.43
31.46
31.51
31.39
32.99
33.29
32.15
30.92
31.03
31.57
31.92
31.67
31.71
32.5
33.48
31.85
31.93
32.13
31.27
30.83
NA
31.48
33.54
30.24
31.24
31.34
29.74
31.67
31.67
31.39
30.84
31.79
30.39
31.09
31.33
31.84
31.43
31.3
32.0
30.56
31.76
31.56
32.35
30.63
31.85
31.56
31.46
32.26
32.26
31.6
31.95
NA
31.02
32.19
33.19
32.44
30.94
31.9
31.35
31.87
31.06
30.73
31.02
31.51
31.54
31.39
NA
NA
NA
32.1
31.59
31.96
31.95
31.63
31.43
31.13
31.13
31.43
32.13
33.6
33.1
31.86
NA
32.79
30.53
31.76
32.16
32.07
31.83
33.13
32.84
31.94
30.24
31.94
31.64
31.24
31.64
31.94
32.08
31.36
32.04
31.84
31.54
31.34
31.84
31.84
32.74
31.61
31.41
32.21
31.11
31.61
31.21
31.61
31.94
31.58
31.42
31.1
32.14
31.44
NA
31.29
30.83
31.53
31.93
31.61
31.45
32.28
30.86
32.12
31.6
31.6
NA
33.71
30.6
30.89
30.98
31.94
31.67
31.29
31.15
31.53
30.83
31.33
31.34
31.9
31.7
31.69
31.63
NA
30.75
30.98
31.12
32.46
31.79
31.78
NA
31.44
32.46
32.12
32.19
31.77
31.7
32.3
NA
34.15
30.64
31.6
31.46
31.94
31.23
30.78
31.51
31.46
31.48
30.69
30.94
30.73
32.41
31.81
30.72
30.63
31.56
32.38
31.34
30.64
31.04
31.74
31.54
32.34
31.84
30.94
31.52
32.12
30.62
32.12
31.15
31.68
33.08
30.89
32.49
32.59
32.39
31.59
31.44
32.24
31.51
32.15
31.35
32.75
32.45
31.25
31.35
31.56
31.76
31.56
32.26
32.46
31.56
31.96
31.39
31.69
31.08
31.68
32.08
NA
32.28
31.78
32.08
31.38
31.97
31.97
31.27
32.07
32.37
31.07
31.91
31.81
31.31
32.21
31.01
31.29
31.0
30.95
31.14
31.32
31.39
31.37
31.58
30.87
31.93
30.78
31.32
31.6
31.21
31.22
31.44
31.78
31.28
31.23
31.55
31.87
31.93
31.83
31.23
32.43
32.53
31.23
31.55
31.35
31.49
31.69
35.04
31.61
31.77
30.93
30.17
31.77
31.1
31.42
33.42
NA
31.49
32.87
NA
30.82
31.32
30.02
NA
NA
31.02
31.22
31.8
31.09
31.19
NA
30.94
NA
NA
NA
NA
NA
NA
31.17
NA
31.74
31.79
32.09
31.49
32.21
31.86
30.83
32.02
33.49
31.93
31.5
32.03
NA
30.74
31.55
31.74
31.73
31.56
31.49
31.35
32.2
31.35
31.6
31.6
31.41
31.58
31.58
31.31
31.41
31.5
31.3
31.58
32.68
31.02
31.02
31.42
NA
NA
NA
31.99
30.43
31.78
37.85
31.55
32.07
31.73
32.68
31.78
31.33
31.78
31.78
31.56
31.11
32.23
NA
31.81
31.69
32.08
31.47
31.95
NA
31.45
31.14
31.74
31.04
31.94
31.04
30.43
30.79
32.12
31.57
31.47
30.51
31.43
31.32
30.75
31.84
31.26
31.25
31.49
32.11
30.82
30.48
31.61
31.11
32.46
31.34
31.57
31.1
31.28
31.79
32.62
31.74
31.22
31.88
29.99
30.88
31.41
NA
32.27
31.97
31.37
31.57
33.17
31.23
31.23
31.66
NA
NA
NA
NA
NA
NA
31.23
30.83
31.73
31.73
31.53
32.13
31.33
31.12
NA
31.13
31.39
30.85
NA
NA
32.23
30.98
31.16
31.73
31.19
31.15
32.26
30.98
31.49
30.72
31.0
31.49
31.49
31.24
31.24
30.72
31.75
32.17
25.94
31.34
31.64
31.64
31.34
31.75
30.82
26.33
31.05
31.28
31.71
NA
NA
NA
NA
NA
NA
NA
NA
NA
NA
NA
NA
NA
NA
NA
NA
NA
NA
NA
NA
NA
NA
32.17
31.2
31.85
31.23
31.22
31.04
31.6
30.64
30.85
31.25
31.65
31.66
30.3
31.5
31.7
NA
NA
32.4
31.11
32.36
31.31
32.11
31.81
NA
31.31
31.53
31.39
31.19
31.1
31.23
31.6
30.61
32.0
31.19
33.04
31.61
31.68
32.15
32.28
32.27
33.87
NA
32.58
31.69
32.91
30.93
31.53
31.34
31.21
NA
NA
NA
NA
NA
NA
31.5
31.27
32.01
32.32
31.71
NA
31.3
29.53
31.04
30.38
30.48
31.32
30.67
30.67
31.32
30.7
30.86
32.89
31.63
31.82
31.35
31.44
31.02
31.85
31.15
31.7
31.45
31.76
31.9
30.86
30.9
30.4
NA
30.82
30.6
30.94
NA
32.82
30.77
31.04
31.01
31.74
31.31
32.05
30.92
31.37
31.22
30.96
31.88
31.75
31.14
33.14
31.24
31.61
32.11
31.76
31.96
31.66
31.3
32.16
30.85
31.93
30.82
31.18
31.41
31.36
31.26
31.76
31.56
31.48
31.22
32.14
31.97
32.21
30.79
31.8
31.56
NA
32.05
30.99
31.29
32.23
31.33
32.86
31.57
30.9
32.7
31.62
31.51
31.62
NA
31.52
30.11
31.33
30.95
31.2
31.45
31.19
31.96
30.87
31.45
31.11
30.99
31.15
31.85
31.45
31.91
31.26
31.93
31.3
31.56
31.39
31.38
NA
32.4
31.57
31.32
30.93
31.37
32.19
30.71
31.04
31.56
31.78
NA
30.99
31.49
31.92
NA
NA
NA
31.08
31.15
31.43
31.83
31.53
32.13
31.93
32.03
31.43
30.89
30.91
32.14
NA
NA
31.58
NA
31.98
31.81
31.63
31.0
31.44
31.23
30.08
31.86
NA
31.98
32.14
31.01
31.36
30.55
30.96
31.06
31.33
31.89
31.32
31.06
31.95
31.69
31.84
31.78
31.32
32.24
31.06
31.72
NA
NA
31.97
30.31
31.49
31.84
31.83
30.37
30.27
31.75
31.75
31.5
31.98
33.81
NA
31.45
31.74
31.04
31.04
30.94
30.34
31.54
31.84
31.44
30.24
31.85
31.51
32.12
31.58
31.75
31.39
31.22
31.61
31.48
NA
32.04
31.2
32.28
31.08
31.88
31.38
31.55
31.13
32.22
30.71
30.66
31.32
31.47
31.76
32.07
32.35
31.16
31.06
31.56
31.17
31.71
31.35
31.62
30.97
31.36
NA
NA
NA
NA
NA
NA
NA
NA
NA
NA
NA
NA
NA
31.89
31.9
30.78
31.62
31.39
31.24
NA
NA
32.16
31.42
31.43
32.4
31.41
31.58
31.62
31.88
30.87
31.27
32.24
31.07
32.32
31.79
30.25
31.14
31.81
31.8
31.0
31.16
NA
32.13
31.41
31.37
30.7
31.09
31.57
31.48
31.46
NA
31.39
30.59
30.87
31.57
NA
NA
NA
NA
NA
NA
NA
31.43
31.51
32.2
31.38
31.48
32.28
30.9
30.9
31.7
32.0
31.6
31.63
32.29
31.93
29.93
31.17
31.13
31.84
31.49
31.14
31.18
31.46
31.38
31.07
32.76
31.35
31.51
31.25
32.25
31.64
32.02
NA
31.29
32.07
31.64
NA
32.36
31.07
32.41
NA
NA
NA
NA
NA
31.16
31.05
31.88
31.58
31.19
31.41
31.6
31.09
30.61
31.65
31.86
30.55
32.05
32.35
NA
31.94
31.17
32.02
30.51
31.62
31.8
NA
30.54
31.41
30.17
NA
30.75
30.51
31.58
31.78
31.84
30.49
31.56
30.1
NA
30.71
31.26
31.65
30.16
31.26
31.26
32.06
32.82
31.05
30.95
31.19
31.7
31.61
31.66
31.57
31.7
31.52
31.7
31.34
31.1
30.85
32.01
32.14
30.32
31.57
31.26
31.82
31.18
31.06
32.05
31.71
31.88
31.66
31.69
31.23
32.18
29.53
32.09
31.63
31.16
30.93
32.19
29.56
32.09
31.62
31.15
30.9
32.39
31.69
31.52
32.34
31.34
NA
32.32
NA
NA
32.08
31.38
32.16
30.99
30.37
30.98
32.86
31.64
31.17
30.86
31.11
32.36
NA
31.39
31.3
31.16
31.09
NA
NA
NA
NA
NA