177.79
177.84
172.97
174.17
175.91
175.34
NA
NA
176.11
173.66
171.34
171.3
176.68
173.8
176.41
177.0
172.62
176.24
177.06
176.61
175.28
175.92
177.45
172.88
175.7
176.37
173.26
174.26
174.01
173.76
174.05
173.94
NA
173.77
172.1
176.61
176.28
175.03
175.25
176.27
175.96
NA
172.59
173.42
173.06
177.75
NA
175.54
173.5
173.77
175.71
174.72
175.48
174.03
175.6
NA
176.39
174.32
172.43
176.44
173.58
177.17
172.47
175.91
175.94
175.79
175.33
175.93
174.7
176.5
176.43
174.1
178.11
NA
175.02
176.79
174.18
174.07
173.7
172.31
178.26
174.83
172.49
172.97
177.11
174.85
174.57
177.07
178.87
178.79
NA
173.86
175.64
176.58
174.52
175.91
173.11
172.95
173.27
177.14
173.46
175.71
174.15
175.8
177.29
175.93
175.8
174.16
171.03
172.91
174.01
NA
174.42
176.35
175.29
171.59
172.84
173.88
NA
NA
176.82
177.73
175.7
NA
NA
178.67
175.79
176.08
177.14
NA
172.88
175.49
172.61
174.67
177.76
175.35
NA
176.25
175.58
176.39
178.28
175.7
NA
179.13
NA
177.2
177.17
174.32
177.11
176.48
174.75
175.29
176.23
175.12
175.27
172.63
177.81
NA
176.05
175.1
175.19
173.21
175.63
173.93
173.3
175.84
172.69
175.26
174.02
176.04
174.82
176.37
174.47
174.19
174.18
172.16
176.04
175.31
NA
NA
NA
173.9
176.37
175.16
175.98
175.64
174.99
175.3
174.59
175.17
NA
NA
NA
NA
NA
175.2
175.0
172.96
176.02
176.22
NA
NA
175.85
173.62
NA
NA
176.0
174.2
176.98
174.08
172.77
176.26
174.75
174.75
175.43
178.38
175.77
NA
NA
174.66
172.82
NA
174.57
175.53
175.53
175.52
175.52
175.32
175.94
175.5
175.59
174.05
174.53
175.56
176.63
173.85
174.38
177.16
NA
175.75
NA
NA
NA
NA
NA
NA
173.96
178.05
NA
175.2
NA
175.82
175.78
178.05
NA
NA
173.91
173.03
174.22
NA
NA
NA
NA
NA
NA
NA
NA
NA
NA
173.31
172.11
NA
173.35
173.5
176.86
NA
NA
175.73
NA
NA
NA
NA
179.56
NA
NA
NA
174.62
174.92
NA
NA
NA
NA
175.93
174.38
174.5
177.68
NA
175.83
NA
NA
175.48
176.18
174.08
174.51
174.3
174.31
174.95
174.13
177.17
176.72
175.38
NA
173.94
173.04
176.14
177.34
176.84
NA
177.97
178.03
NA
NA
NA
NA
174.45
NA
NA
174.29
174.55
NA
176.35
176.95
175.65
175.29
176.31
176.31
NA
177.44
NA
175.65
NA
NA
174.92
174.22
176.42
179.5
NA
NA
NA
NA
NA
NA
NA
NA
174.16
NA
NA
NA
173.75
175.55
173.58
NA
NA
NA
NA
NA
172.85
174.57
178.07
NA
174.19
173.66
179.87
175.59
173.86
172.93
176.79
NA
174.11
175.64
NA
NA
NA
NA
176.65
175.35
174.85
174.15
177.65
176.0
NA
NA
NA
NA
176.79
173.91
NA
NA
176.06
NA
173.46
171.96
NA
175.59
176.55
NA
NA
NA
NA
NA
NA
NA
NA
NA
NA
NA
NA
NA
NA
NA
NA
NA
NA
NA
NA
NA
NA
173.73
175.11
176.1
178.38
173.86
176.37
180.37
176.7
178.0
174.74
NA
174.96
176.96
175.45
174.45
173.35
178.05
NA
177.01
174.81
177.45
NA
174.3
173.43
NA
NA
NA
NA
NA
174.14
NA
178.87
174.77
175.53
NA
174.36
NA
NA
NA
NA
NA
NA
174.53
177.9
177.06
174.27
173.37
174.07
174.37
179.87
177.44
175.74
173.11
173.99
NA
NA
174.57
175.04
NA
176.79
176.08
174.16
173.11
170.03
NA
173.03
176.63
177.33
177.43
NA
174.46
173.54
177.74
173.74
177.24
176.16
171.75
173.75
177.21
176.51
177.31
175.41
176.61
175.73
NA
NA
NA
177.71
172.58
175.86
174.21
172.66
176.61
174.22
175.51
172.9
174.74
174.55
NA
179.33
175.37
171.99
174.22
178.23
174.91
177.42
174.49
175.62
176.38
173.66
178.8
178.34
174.76
NA
NA
NA
NA
NA
NA
NA
176.37
176.34
176.44
175.65
176.09
177.01
176.96
172.46
172.03
175.67
NA
174.45
174.88
177.18
174.88
171.78
175.18
175.1
174.58
174.83
173.48
172.68
NA
173.05
174.45
175.05
176.45
175.7
173.9
174.63
172.93
174.0
NA
NA
NA
NA
NA
NA
175.38
171.57
175.06
NA
NA
173.01
176.71
NA
NA
177.4
176.33
174.86
NA
NA
173.67
176.27
175.6
175.72
174.87
175.2
NA
NA
NA
NA
174.75
173.41
174.7
176.82
177.17
NA
NA
174.5
174.51
174.64
173.71
171.1
171.6
NA
172.97
175.06
172.75
NA
174.2
171.85
173.88
173.85
NA
173.38
175.48
NA
NA
NA
176.29
176.44
NA
176.05
176.34
NA
173.05
174.14
173.98
176.19
172.94
174.27
174.82
178.02
175.5
174.0
NA
175.33
171.7
174.99
174.79
175.29
NA
173.26
174.56
NA
NA
NA
172.68
177.18
172.82
172.92
175.87
175.0
NA
NA
NA
NA
177.86
NA
176.66
172.36
176.86
172.76
NA
174.48
176.99
173.99
174.32
174.63
175.96
175.13
NA
174.94
175.89
NA
175.27
NA
175.59
172.32
174.67
176.95
173.15
171.77
172.77
174.97
174.47
174.77
NA
NA
NA
175.19
177.29
174.57
NA
175.19
177.49
174.69
172.74
175.5
174.2
174.6
172.8
172.85
176.69
175.43
NA
NA
173.78
174.28
NA
NA
NA
172.77
176.54
175.51
176.68
174.21
175.31
174.18
175.38
175.93
176.18
178.57
175.01
173.6
174.33
175.08
174.44
175.35
NA
NA
NA
NA
NA
174.78
NA
175.01
173.96
174.47
172.45
178.41
173.87
173.8
NA
NA
173.09
173.72
NA
176.52
173.5
178.29
NA
175.82
NA
NA
NA
178.98
174.61
175.2
176.8
NA
NA
174.69
175.77
174.99
175.29
172.55
177.03
172.5
172.1
NA
NA
NA
174.57
NA
NA
175.0
177.12
173.17
174.61
174.27
173.73
173.08
173.54
172.0
175.11
176.6
175.86
173.4
NA
175.87
175.9
NA
NA
NA
NA
NA
175.83
171.77
NA
NA
NA
175.32
176.32
173.3
174.29
174.84
175.3
172.36
174.14
171.59
172.59
175.09
177.03
172.5
NA
NA
NA
NA
NA
175.47
NA
NA
174.63
NA
NA
175.56
173.42
NA
NA
176.19
176.69
175.27
174.47
174.4
176.9
175.9
173.51
175.66
NA
177.8
174.42
174.92
176.74
174.55
171.99
172.66
NA
NA
NA
NA
NA
172.56
NA
174.5
175.04
NA
NA
NA
NA
174.01
175.11
174.91
173.31
175.07
172.27
NA
NA
175.72
172.88
NA
NA
NA
NA
NA
NA
176.59
174.49
NA
176.07
174.45
171.71
NA
173.48
NA
NA
NA
NA
177.92
175.42
175.64
NA
173.48
NA
175.94
175.48
NA
NA
173.54
175.29
174.78
173.29
NA
175.75
NA
NA
NA
NA
NA
NA
NA
NA