57.79
58.09
53.86
60.06
59.57
55.25
56.22
NA
57.42
57.97
57.23
57.29
56.34
54.45
56.19
56.42
56.88
58.69
54.71
58.25
55.48
56.8
56.36
55.95
56.67
56.75
55.26
54.92
55.57
56.36
56.35
55.31
NA
56.8
52.58
56.98
56.96
56.89
61.3
56.89
59.6
56.25
56.72
56.21
56.92
57.09
55.61
56.04
55.46
55.42
55.03
56.82
56.47
56.17
57.44
NA
56.86
56.58
56.72
59.21
55.56
57.83
54.41
55.84
55.08
55.76
55.71
57.16
56.91
56.23
56.3
56.74
55.93
NA
58.89
56.35
52.97
57.21
56.33
52.67
57.18
55.97
57.5
57.46
57.47
55.59
56.86
56.63
57.75
57.88
57.77
56.07
55.43
56.91
53.09
56.77
57.16
52.03
57.19
57.18
56.47
56.23
58.26
57.03
57.78
56.65
56.42
56.97
56.9
56.18
56.69
56.96
56.28
56.83
57.32
54.99
56.53
56.56
55.76
56.06
56.53
57.91
57.22
57.61
NA
55.62
56.59
57.03
57.11
55.38
56.87
55.36
54.36
57.34
56.93
55.91
55.87
57.9
57.31
56.94
56.44
56.89
56.5
56.4
57.29
58.19
56.52
56.29
56.98
57.06
56.19
55.95
56.66
56.21
54.25
57.14
59.78
57.18
55.94
57.47
56.21
55.86
57.06
54.29
56.72
57.32
57.29
58.69
57.16
55.71
55.66
57.05
NA
55.84
54.12
56.86
55.88
55.79
NA
NA
NA
54.54
56.11
55.17
57.26
55.66
56.42
55.34
NA
NA
55.46
55.45
55.44
54.68
55.78
55.32
56.68
56.19
56.58
56.56
NA
NA
55.58
57.03
57.43
56.98
57.55
55.05
57.62
55.91
56.26
56.16
56.24
52.64
57.25
58.02
56.83
56.71
54.41
57.55
53.0
57.02
55.04
57.88
57.88
57.89
57.92
58.26
53.37
56.72
55.45
59.77
54.52
56.05
55.88
58.63
55.29
58.25
54.03
56.8
55.1
56.61
54.8
56.62
56.71
55.56
55.32
56.02
57.57
55.33
56.38
55.46
59.08
56.03
56.55
53.89
56.58
57.46
57.96
55.18
57.2
55.11
57.13
55.14
57.27
55.13
57.24
55.13
57.24
57.44
57.04
57.13
55.55
55.84
54.01
55.11
55.11
52.47
52.71
56.85
56.39
57.22
55.39
NA
56.53
NA
53.12
55.92
NA
55.89
53.79
NA
52.67
56.91
56.38
57.18
55.3
56.81
59.31
NA
56.67
54.67
53.27
56.82
56.68
53.67
55.8
56.87
57.94
55.54
55.85
NA
54.73
57.43
54.83
57.33
58.23
55.13
56.13
56.19
59.41
57.61
56.58
55.68
55.05
56.87
54.2
54.31
52.14
56.3
60.58
58.18
55.73
53.31
62.5
62.5
56.2
57.22
57.12
55.62
56.07
56.1
56.38
55.78
61.94
55.35
57.12
56.68
54.46
58.16
59.12
56.44
59.02
56.62
54.7
56.06
55.25
57.56
54.33
56.13
56.19
56.34
58.04
56.74
55.78
52.82
55.46
55.27
54.97
57.33
54.34
57.45
61.05
53.69
54.59
55.34
56.37
58.5
60.47
57.22
57.06
50.5
52.1
58.15
56.42
57.22
57.62
55.52
55.52
56.17
55.49
56.63
53.06
52.95
56.03
56.04
57.42
59.67
57.04
NA
56.79
56.98
56.18
56.66
56.11
54.55
57.45
55.85
59.85
56.25
55.05
57.25
56.05
59.85
NA
54.2
57.23
NA
59.83
55.98
54.71
57.34
56.07
60.06
NA
59.61
NA
52.27
57.65
57.53
55.83
56.98
57.84
57.15
58.67
52.66
56.95
58.21
57.75
58.35
52.58
56.88
55.38
56.58
56.55
57.4
58.8
57.48
54.05
56.16
56.34
54.65
56.58
57.38
55.29
55.78
56.36
55.29
56.04
56.45
55.97
51.92
56.66
58.34
53.43
54.34
56.4
59.63
57.18
59.24
59.01
55.96
54.41
57.31
54.19
56.49
61.09
57.56
56.73
56.63
53.73
55.35
56.44
54.35
54.37
NA
54.73
56.0
56.84
55.98
56.18
55.38
56.57
56.93
57.08
57.92
59.0
58.89
57.69
55.89
54.29
57.59
55.24
55.34
53.64
56.53
56.73
59.23
58.22
57.95
58.82
52.32
55.58
54.22
57.0
57.42
55.0
58.2
NA
52.83
56.23
57.29
59.23
58.07
57.41
52.92
56.05
56.47
58.29
56.96
54.77
56.28
55.44
56.25
55.99
57.45
54.12
55.35
55.34
53.72
51.89
NA
57.74
55.52
55.55
55.7
NA
56.03
56.13
59.76
56.86
56.06
57.45
56.83
58.03
56.38
55.9
55.56
56.37
54.91
57.51
55.71
57.71
53.69
54.54
57.96
56.59
57.25
57.15
55.59
56.08
56.08
57.18
56.78
57.18
56.58
56.0
52.9
56.46
56.09
56.2
56.2
56.08
53.11
54.36
56.56
57.67
55.34
NA
NA
56.17
54.87
NA
55.95
57.72
55.96
53.84
NA
58.28
54.92
55.42
55.39
54.03
58.11
55.7
56.13
55.9
57.12
56.78
55.97
53.43
55.71
57.03
59.31
56.35
57.25
55.89
NA
NA
56.56
55.85
56.55
NA
56.64
55.77
56.2
56.5
56.8
54.95
57.27
57.0
54.06
55.29
56.99
56.99
52.69
54.72
56.99
57.39
NA
57.25
57.7
NA
55.31
55.69
57.01
54.48
56.26
56.56
59.11
55.04
59.11
56.78
57.3
54.64
56.72
53.81
57.61
54.21
56.17
54.61
55.11
57.04
57.01
NA
57.14
55.54
54.58
55.88
56.23
55.47
58.83
54.83
56.47
56.57
58.14
NA
57.01
56.71
54.71
55.51
55.28
56.37
57.56
55.78
56.0
55.3
55.75
58.18
55.8
56.23
54.04
55.3
56.19
55.71
55.24
56.95
56.85
58.0
56.1
56.54
52.74
58.34
53.44
56.71
56.25
56.4
55.82
58.02
55.72
54.44
55.86
58.26
55.76
55.19
57.03
55.41
58.01
52.77
58.41
54.81
56.22
58.83
53.04
55.64
56.65
56.05
53.19
55.79
57.59
57.74
57.29
57.01
56.7
58.87
54.75
59.03
54.66
56.05
55.23
57.77
55.0
58.69
56.6
56.71
54.31
55.39
56.81
NA
NA
57.3
54.7
56.24
56.69
58.93
58.51
59.21
54.59
56.99
54.1
56.48
55.55
57.84
54.84
56.08
52.93
56.66
56.79
56.76
52.93
56.33
53.33
55.47
56.77
61.25
56.14
55.63
53.13
NA
53.32
56.8
55.57
58.95
58.66
56.03
56.75
55.03
58.08
57.37
58.59
56.68
55.05
NA
52.14
54.96
57.51
56.95
57.4
56.97
56.7
53.82
58.08
54.16
55.75
56.43
54.77
58.55
57.04
57.18
55.76
NA
56.18
55.66
NA
NA
52.92
56.5
52.64
54.18
57.4
54.76
55.86
56.23
55.7
52.85
55.69
57.63
56.96
56.88
57.0
53.1
56.7
55.2
56.58
54.66
58.17
56.69
54.24
59.32
57.57
58.39
53.95
NA
57.37
54.43
55.62
53.89
56.29
58.11
54.92
56.37
56.41
54.47
55.27
53.77
55.6
55.8
54.94
59.04
55.24
56.44
57.04
54.59
56.53
55.46
57.07
52.39
56.79
56.44
53.26
54.28
53.85
55.74
56.88
NA
NA
NA
57.28
58.51
54.41
54.91
57.91
54.97
57.71
54.57
54.88
56.17
58.81
58.89
53.19
56.63
56.19
55.15
58.07
59.5
56.2
53.43
57.12
56.02
58.88
56.79
55.86
57.13
54.9
57.67
52.29
NA
NA
55.25
58.25
57.45
57.07
55.86
55.79
55.87
56.0
55.4
56.76
52.52
54.87
54.03
56.8
54.77
55.88
54.61
55.7
54.67
55.74
56.9
54.17