27.04
29.05
31.12
32.84
29.93
31.75
28.2
29.0
NA
25.2
24.39
29.57
29.02
31.77
27.4
27.4
28.04
31.63
NA
31.05
32.48
30.14
NA
29.35
29.06
30.71
28.71
31.33
29.64
28.76
27.33
28.87
30.75
31.82
30.08
27.96
31.39
28.09
29.06
27.43
30.37
29.06
29.33
29.8
29.91
31.78
28.16
29.48
31.41
30.11
29.42
28.67
29.24
31.88
NA
29.41
29.3
29.79
29.41
29.35
28.66
31.68
29.31
28.77
29.13
29.23
29.4
27.53
NA
29.12
29.13
29.12
NA
28.8
NA
28.86
30.17
28.62
30.08
28.76
30.25
28.94
30.22
NA
32.61
28.79
29.16
29.16
NA
30.32
32.46
29.82
32.29
31.53
NA
30.03
29.81
28.43
29.58
29.83
29.0
NA
29.85
30.53
29.69
26.81
NA
29.38
NA
29.48
30.01
27.16
28.09
29.49
30.82
29.61
30.7
29.71
NA
NA
NA
31.17
NA
30.62
28.92
29.72
26.83
28.97
28.7
28.8
25.23
29.96
32.47
27.37
27.93
30.81
30.32
30.22
24.72
30.39
30.09
NA
NA
30.06
27.78
NA
NA
30.27
31.17
29.49
29.09
30.07
29.0
NA
31.3
28.61
NA
28.7
29.9
29.92
29.62
30.08
29.59
29.18
29.62
NA
NA
29.63
NA
29.6
NA
28.24
29.44
29.17
27.51
28.27
30.43
NA
NA
30.06
27.92
29.97
32.77
28.97
30.48
30.09
28.24
NA
30.92
32.18
29.34
28.51
28.1
29.45
28.19
NA
29.0
28.08
30.06
31.22
NA
NA
30.54
29.65
29.01
30.42
NA
26.68
31.24
28.54
30.54
28.05
28.88
25.83
29.57
29.48
NA
27.55
32.38
NA
27.4
27.9
30.19
29.69
29.69
30.79
32.12
28.35
28.97
30.47
29.67
27.37
NA
28.37
30.73
27.5
32.29
29.29
30.2
30.92
27.69
NA
NA
NA
28.42
NA
NA
28.46
25.06
29.7
29.5
30.28
28.07
30.22
32.05
28.94
30.68
NA
30.78
31.46
29.78
29.85
28.75
27.57
29.15
NA
29.18
29.18
NA
28.62
29.79
29.48
29.79
NA
29.74
26.36
25.43
NA
34.52
29.52
29.82
29.82
28.12
29.12
28.62
30.52
28.4
NA
NA
NA
28.35
NA
32.6
29.09
30.05
29.25
29.58
28.38
28.01
29.61
NA
30.55
29.88
29.59
28.35
29.02
NA
NA
28.26
42.05
31.06
NA
NA
NA
29.52
NA
29.29
29.46
NA
25.28
29.98
29.72
29.19
29.88
29.65
28.35
29.02
32.03
30.83
30.04
29.36
30.0
32.55
29.3
NA
28.3
29.68
29.97
29.67
31.39
NA
28.27
NA
31.88
32.24
26.59
NA
30.18
29.68
30.43
29.38
NA
25.96
27.78
27.56
30.61
27.15
30.04
30.16
30.41
33.03
NA
NA
31.27
28.79
29.63
29.62
29.64
30.91
28.27
30.48
32.26
31.99
NA
NA
NA
NA
26.98
NA
29.81
29.91
31.01
NA
26.87
32.14
29.41
29.29
28.86
30.58
29.46
31.48
29.51
29.79
NA
27.59
29.81
29.66
27.66
30.03
28.45
29.72
29.67
30.4
29.45
29.77
NA
29.71
31.24
29.97
26.95
30.15
26.79
29.14
NA
29.33
29.83
29.3
28.94
34.04
29.89
30.93
30.95
28.73
31.28
32.18
NA
29.08
33.45
30.1
28.11
28.11
29.21
NA
NA
NA
30.14
30.54
30.39
29.84
29.04
29.78
29.27
NA
28.35
NA
28.9
NA
NA
NA
30.8
29.46
32.53
NA
27.45
26.82
NA
28.59
30.75
NA
31.05
NA
31.75
29.74
NA
NA
NA
29.67
30.43
28.45
NA
NA
NA
NA
NA
30.77
NA
NA
NA
29.09
24.71
NA
NA
29.62
31.6
NA
28.9
29.04
NA
31.65
28.11
29.54
30.04
NA
30.42
NA
30.12
28.82
NA
29.52
29.89
NA
NA
31.03
29.41
30.8
29.44
NA
31.06
28.0
28.78
28.98
NA
31.21
28.47
27.73
28.3
29.34
NA
27.97
28.89
28.99
28.98
28.82
NA
29.92
29.48
32.37
27.47
29.2
28.25
29.28
29.85
28.1
29.44
31.15
29.39
29.36
29.54
28.68
28.88
28.65
29.02
NA
NA
NA
29.16
28.9
29.96
NA
29.08
25.19
29.39
30.64
31.3
29.14
31.13
27.63
28.56
NA
NA
30.02
28.52
28.68
30.32
28.51
NA
NA
32.8
28.49
NA
NA
NA
NA
31.09
29.47
29.43
NA
29.06
29.62
30.15
28.32