171.04
176.0
NA
173.4
176.1
175.21
174.54
176.68
176.33
172.42
172.89
173.99
175.67
179.89
173.61
176.24
177.82
176.04
175.23
175.39
176.24
175.84
176.78
NA
175.62
177.28
175.93
174.98
175.97
176.75
174.12
176.94
179.04
176.22
175.96
174.55
177.18
175.43
176.07
174.43
176.14
174.46
176.42
174.87
NA
174.5
176.92
175.53
NA
177.63
175.78
175.12
175.99
178.88
NA
175.2
175.91
176.41
175.9
175.94
176.22
174.42
175.99
175.36
175.91
176.36
175.52
176.6
175.7
176.1
177.28
174.39
NA
176.43
NA
176.32
177.22
176.31
177.12
176.35
177.22
176.28
177.07
176.45
174.11
178.25
174.14
178.11
176.15
NA
NA
NA
175.7
177.21
NA
174.27
NA
174.89
176.12
172.84
176.66
NA
176.06
175.61
NA
176.21
NA
176.8
NA
176.06
NA
175.52
176.16
NA
NA
175.49
NA
NA
NA
NA
NA
179.39
NA
175.23
NA
176.15
175.66
175.61
NA
175.51
175.22
173.48
175.78
173.18
NA
174.4
174.24
NA
172.64
176.67
NA
NA
176.14
NA
NA
176.2
176.2
177.16
177.36
176.3
176.0
NA
NA
NA
NA
NA
NA
NA
NA
NA
176.04
175.35
176.69
177.32
176.51
177.74
NA
NA
NA
NA
NA
NA
NA
176.05
NA
NA
176.76
175.64
174.51
176.06
NA
175.57
176.6
176.02
NA
175.14
176.63
NA
175.85
175.06
173.71
NA
177.9
176.02
177.4
NA
173.6
NA
176.17
175.27
NA
NA
177.53
174.55
176.03
NA
NA
NA
173.89
NA
NA
NA
173.87
175.69
175.45
177.0
175.0
174.76
175.05
NA
NA
176.31
175.38
178.18
NA
NA
NA
NA
NA
NA
NA
NA
NA
NA
176.32
176.71
NA
175.46
173.49
173.34
173.55
NA
NA
175.17
176.21
NA
NA
175.26
176.06
176.28
NA
NA
NA
NA
174.48
NA
NA
NA
176.36
175.05
175.65
NA
NA
175.17
177.57
176.52
176.63
NA
176.74
176.23
174.35
175.33
NA
176.54
176.82
176.1
174.11
176.35
174.83
NA
NA
NA
NA
NA
NA
NA
NA
NA
NA
177.42
176.41
NA
NA
175.96
176.43
175.59
176.47
177.39
177.29
NA
175.95
173.41
NA
176.15
176.95
177.55
175.86
NA
175.48
175.63
172.16
NA
176.04
174.44
175.61
NA
NA
176.1
NA
175.19
173.39
NA
175.8
177.01
NA
176.95
177.55
176.16
177.86
175.72
175.93
175.11
176.26
NA
NA
NA
NA
175.24
174.91
NA
NA
177.99
NA
174.82
NA
NA
NA
NA
176.3
NA
173.58
174.47
NA
NA
176.19
173.78
176.14
NA
177.41
175.13
NA
NA
NA
176.95
NA
NA
176.46
NA
176.03
177.95
175.32
174.65
174.37
173.56
175.75
177.7
NA
176.1
NA
NA
174.29
NA
NA
176.7
NA
176.34
176.42
175.11
176.33
NA
177.6
177.06
NA
NA
NA
175.72
NA
175.21
177.79
NA
175.71
173.81
174.96
175.45
176.42
NA
173.9
174.67
176.11
171.85
177.9
176.58
175.07
NA
175.64
173.34
175.67
175.75
175.36
175.83
NA
175.22
177.54
NA
NA
NA
NA
174.69
NA
175.58
176.41
176.5
NA
NA
NA
NA
NA
NA
177.06
177.54
175.65
NA
NA
176.36
NA
175.9
NA
NA
NA
NA
176.48
175.85
176.12
175.02
177.42
177.05
176.92
175.58
NA
177.97
176.37
176.67
175.23
NA
NA
NA
NA
176.96
179.29
177.18
177.02
177.33
177.13
NA
175.49
NA
NA
NA
173.57
NA
NA
NA
NA
175.14
175.59
175.52
174.53
NA
176.77
174.99
175.93
167.94
176.68
NA
177.38
174.76
175.96
175.35
NA
NA
NA
NA
174.29
178.52
176.47
NA
176.26
176.72
NA
177.07
NA
NA
174.92
174.85
NA
174.71
181.42
NA
NA
175.52
NA
173.64
NA
NA
176.6
176.12
173.7
NA
173.94
175.55
176.93
176.65
175.46
175.52
173.75
175.46
175.62
175.77
NA
176.03
176.65
178.08
NA
NA
NA
175.85
175.95
178.32
NA
NA
NA
NA
NA
NA
175.07
NA
NA
176.29
NA
NA
NA
NA
NA
177.25
178.62
NA
176.69
176.34
NA
NA
NA
NA
175.29
173.71
NA
NA
NA
NA
NA
NA
NA