176.49
177.31
NA
NA
176.72
177.37
179.3
NA
178.62
179.83
178.23
177.36
178.1
176.55
179.08
176.88
178.25
179.82
179.85
180.28
178.02
178.24
179.62
175.73
177.62
178.13
177.45
177.51
176.6
177.51
178.02
177.58
176.08
179.07
179.48
178.48
179.3
178.35
181.8
178.76
176.7
178.91
178.53
176.02
176.95
178.96
178.4
178.17
178.01
178.9
177.15
178.41
178.52
178.76
177.36
177.61
178.62
177.42
177.59
176.45
178.42
177.69
177.75
177.09
178.35
178.03
177.9
177.77
177.43
178.31
179.91
177.91
179.68
179.89
179.94
179.91
179.1
178.91
179.12
179.42
179.82
179.55
179.72
179.16
178.71
179.93
179.24
178.88
NA
179.9
NA
178.37
178.26
177.06
178.17
177.37
177.96
178.4
NA
178.21
178.18
177.13
178.24
178.63
177.09
178.93
176.14
178.24
176.79
176.56
177.82
176.44
178.12
179.19
178.11
177.77
177.7
177.66
177.69
177.63
173.17
177.56
180.13
178.15
179.36
177.26
179.19
177.09
179.29
177.09
178.64
NA
NA
178.26
NA
175.9
176.33
NA
178.36
178.07
NA
NA
NA
177.89
NA
176.66
177.86
178.34
NA
NA
NA
176.96
NA
176.73
179.22
178.41
178.35
178.54
178.8
176.53
175.63
177.13
176.53
175.63
177.23
176.52
175.82
177.22
176.52
175.92
177.32
176.62
175.82
177.02
177.26
180.15
177.83
177.65
174.02
178.69
179.3
176.93
177.46
178.39
178.65
176.63
176.44
NA
177.62
175.87
179.1
177.72
176.15
177.47
NA
178.1
177.37
178.14
NA
180.22
175.37
179.79
NA
NA
NA
NA
NA
NA
NA
176.51
NA
NA
NA
NA
NA
NA
NA
172.3
172.0
171.22
NA
NA
NA
NA
NA
175.22
181.34
174.57
178.04
180.16
177.15
177.3
NA
NA
NA
180.3
NA
NA
NA
NA
NA
NA
NA
178.34
177.34
175.04
NA
175.09
177.85
176.09
177.38
176.7
NA
NA
NA
NA
177.39
177.89
177.84
176.31
NA
NA
NA
178.15
NA
176.64
176.9
NA
174.13
NA
NA
178.97
173.97
177.77
176.7
178.5
178.32
NA
NA
NA
178.99
NA
NA
178.02
NA
NA
179.08
177.71
176.09
177.68
176.93
177.93
179.2
178.21
177.21
NA
NA
NA
177.55
179.42
NA
NA
NA
NA
NA
177.69
177.09
NA
NA
NA
180.96
178.77
178.15
NA
NA
NA
NA
179.04
179.81
NA
180.83
NA
NA
NA
NA
NA
NA
NA
NA
179.56
177.72
NA
177.87
176.28
178.4
176.46
178.56
175.3
NA
NA
NA
NA
178.25
177.41
178.31
177.31
174.88
177.74
178.85
177.48
179.04
NA
NA
NA
NA
177.76
178.46
176.8
178.5
176.98
NA
178.91
180.45
177.87
179.91
177.27
177.18
178.07
179.87
NA
176.47
NA
178.87
178.47
NA
177.17
177.97
179.77
NA
179.73
180.0
176.12
178.15
NA
NA
178.07
NA
NA
NA
NA
NA
NA
NA
178.69
177.92
179.18
178.49
179.09
175.4
NA
NA
NA
NA
NA
176.45
175.58
177.06
178.56
177.25
NA
NA
180.21
NA
176.76
179.61
178.99
178.4
NA
178.27
178.69
177.79
176.89
179.16
179.89
176.12
NA
177.99
178.85
178.37
178.23
176.72
177.44
177.55
179.55
177.03
177.18
176.01
178.74
177.42
176.55
178.74
177.91
177.6
NA
178.47
176.24
178.14
NA
NA
NA
NA
176.28
178.01
180.63
NA
179.26
178.25
177.83
176.22
176.04
176.8
177.49
176.98
178.46
178.32
NA
177.55
179.55
177.95
177.55
176.65
176.3
179.1
178.1
NA
NA
NA
NA
178.99
177.92
178.27
178.17
174.5
178.95
178.58
176.54
179.81
179.01
178.4
177.83
NA
177.07
178.8
176.62
179.2
177.67
178.64
179.46
175.81
NA
NA
176.0
179.33
177.05
178.49
177.46
177.06
178.09
177.97
179.2
176.36
177.48
175.48
176.48
176.91
176.47
178.2
177.9
179.25
176.05
177.24
178.59
179.56
171.33
176.38
173.91
177.42
NA
177.6
179.1
NA
NA
179.39
NA
177.67
178.72
177.77
178.16
NA
NA
NA
NA
174.87
180.6
178.6
177.26
NA
176.64
177.59
178.49
NA
NA
NA
NA
NA
181.01
NA
NA
175.97
178.91
NA
NA
177.14
175.77
173.47
NA
177.12
180.36
177.82
177.9
177.43
175.5
177.18
177.39
175.18
NA
NA
NA
NA
NA
177.5
175.15
178.29
180.68
178.7
178.73
178.76
180.36
179.51
NA
NA
177.15
177.18
173.36
178.5
177.28
179.65
179.96
176.61
175.11
NA
176.54
NA
NA
NA
NA
NA
NA
176.91
179.06
177.49
178.05
177.84
177.39
177.83
178.5
NA
178.34
179.66
178.16
NA
NA
NA
176.59
NA
178.66
NA
178.37
177.29
178.43
177.43
179.73
178.61
177.91
176.16
178.56
NA
177.26
174.78
177.85
178.38
176.37
178.2
178.58
178.12
176.02
178.53
180.68
177.59
178.85
177.19
NA
NA
176.38
NA
180.24
178.93
176.56
177.42
178.12
NA
NA
NA
NA
NA
NA
179.82
177.76
176.11
NA
NA
NA
176.93
179.63
179.68
NA
178.12
176.51
175.38
177.69
180.37
178.26
178.69
177.83
176.35
180.36
175.85
NA
177.86
176.12
NA
NA
NA
177.69
176.02
178.12
177.8
177.68
177.17
178.84
176.23
177.39
178.22
177.64
NA
NA
178.21
180.61
NA
177.42
177.77
NA
NA
NA
178.19
NA
178.71
179.22
NA
NA
176.01
NA
NA
NA
NA
178.12
177.95
NA
NA
NA
179.81
NA
NA
177.64
178.24
175.94
178.57
179.08
178.08
NA
177.11
178.21
177.19
178.91
NA