58.9
60.2
61.8
60.38
59.3
60.86
62.94
60.82
60.55
62.94
61.22
58.48
57.68
59.75
62.81
60.94
61.38
62.92
62.79
62.64
57.12
59.74
59.8
62.07
61.48
58.53
57.83
59.25
60.04
59.05
59.31
57.45
57.64
58.61
61.71
60.91
62.18
57.91
57.43
57.7
55.68
60.22
60.96
62.32
59.43
61.34
61.82
61.68
62.13
61.04
62.58
61.89
60.54
58.06
59.33
62.16
62.32
62.61
59.62
62.04
61.52
61.6
62.23
59.33
60.63
61.01
57.57
62.07
61.92
62.12
63.11
60.93
63.16
62.81
63.55
63.26
61.35
63.37
63.0
62.74
62.72
63.3
63.24
63.1
62.79
63.38
63.31
62.99
NA
63.22
NA
62.51
61.22
62.11
61.44
61.6
62.05
63.01
61.61
61.03
62.51
60.65
59.98
62.53
61.16
61.13
62.02
59.7
59.97
60.21
60.34
59.08
60.04
63.01
58.93
59.37
59.36
59.38
59.39
59.25
56.26
63.54
62.47
NA
63.61
57.75
63.53
57.48
63.5
57.75
58.37
61.28
NA
61.74
NA
57.22
64.65
58.09
60.24
59.44
57.33
NA
NA
60.29
57.35
59.1
59.6
60.05
59.97
60.04
57.64
57.58
62.45
59.37
62.11
62.8
NA
61.9
60.94
59.58
58.78
61.28
59.58
58.88
61.38
59.59
59.09
61.09
59.62
59.02
61.02
59.56
59.16
61.86
61.92
52.01
59.43
55.21
60.44
57.63
62.25
58.25
58.38
58.31
58.31
55.67
55.62
58.06
58.95
61.35
60.78
62.17
61.49
62.29
NA
58.91
58.38
58.86
58.26
60.86
57.13
57.61
57.59
57.59
61.09
NA
NA
NA
NA
59.15
60.05
59.88
59.56
62.05
61.9
62.51
58.84
63.36
57.88
NA
NA
NA
59.48
61.58
61.39
60.43
62.62
62.37
58.53
58.37
62.04
58.29
59.35
58.51
59.32
60.53
60.06
59.72
60.57
62.33
62.86
63.25
60.4
62.02
59.82
57.42
59.11
61.22
59.54
61.42
62.17
60.08
59.77
60.24
NA
56.56
58.72
58.75
58.59
61.44
61.95
61.92
59.04
60.07
61.38
62.55
63.55
63.09
55.97
60.37
61.68
60.72
55.65
58.05
59.97
62.07
58.62
60.78
NA
NA
60.05
62.47
62.84
60.06
62.32
63.35
60.63
61.9
62.99
59.27
57.11
64.81
59.88
62.49
60.69
59.63
56.56
64.95
56.72
58.79
61.33
58.5
60.66
60.75
58.04
59.97
59.64
58.94
60.17
59.9
61.4
60.03
59.95
59.55
62.54
NA
NA
62.56
62.46
59.3
57.75
60.82
60.32
58.55
58.6
60.04
60.24
61.67
60.42
58.15
61.18
NA
61.74
61.84
56.33
61.95
56.55
58.71
NA
NA
58.58
57.8
58.15
58.9
61.7
59.9
62.69
63.78
58.32
62.23
62.9
61.41
59.52
61.02
61.56
59.7
60.2
61.26
62.16
58.35
59.03
57.61
59.0
59.51
59.68
60.16
62.02
58.71
61.11
60.91
58.91
58.71
60.11
58.89
61.39
59.59
58.49
59.79
62.9
59.98
60.05
61.32
61.63
59.45
59.3
62.57
59.74
57.84
62.84
60.41
59.27
62.65
56.89
60.46
59.22
62.7
60.81
60.51
59.36
59.33
59.74
57.84
62.84
61.64
59.88
59.0
61.16
58.59
60.18
54.42
NA
57.66
NA
60.1
61.92
62.46
58.57
60.58
61.19
61.18
58.38
59.48
62.58
57.68
60.2
60.51
63.06
61.89
60.21
58.97
59.9
63.9
59.23
61.05
61.86
61.38
60.48
62.63
60.12
59.99
60.18
60.49
55.1
NA
58.05
58.21
61.41
59.16
59.21
59.21
NA
59.53
62.05
62.48
56.37
62.24
62.17
58.75
61.39
59.11
59.42
61.03
60.56
59.93
58.55
61.68
59.23
61.05
64.28
59.58
59.98
54.48
62.58
58.48
60.17
NA
60.34
59.78
59.76
61.82
60.02
59.22
58.44
61.43
62.18
62.02
58.7
62.5
58.51
60.49
55.83
60.55
60.18
60.28
61.13
64.1
60.15
62.37
59.14
59.72
58.5
59.2
57.64
60.43
59.88
62.24
58.13
61.85
61.05
59.32
59.79
59.08
63.26
59.3
61.12
59.88
61.85
60.15
59.48
56.99
59.69
60.8
61.91
60.59
60.89
57.02
61.87
NA
60.57
62.57
61.42
60.97
57.69
NA
57.4
57.17
61.24
60.93
58.65
59.3
62.79
57.88
61.37
61.39
59.51
60.55
NA
61.08
60.13
60.93
60.07
62.36
44.91
62.84
59.14
61.45
63.04
59.84
60.54
62.75
59.93
NA
62.43
60.4
57.3
59.74
60.79
63.26
59.26
62.43
61.05
54.01
59.55
59.4
57.9
59.48
59.54
60.24
59.79
61.19
62.75
57.78
57.9
58.31
59.14
57.78
60.19
59.69
64.15
60.01
64.08
57.81
62.98
60.84
62.87
58.46
58.74
56.87
62.12
61.32
NA
61.67
NA
59.43
58.27
62.49
57.59
57.79
59.83
61.55
59.19
NA
58.92
62.55
61.34
59.51
60.47
62.71
61.08
62.7
58.77
61.07
62.37
59.83
58.29
60.97
57.49
59.2
59.17
58.98
59.48
61.4
57.21
61.91
59.0
61.91
NA
59.43
59.0
57.97
60.97
59.06
59.43
62.64
59.82
60.62
59.82
59.21
59.81
62.45
59.95
61.86
61.44
56.81
58.07
57.7
59.06
59.54
60.01
60.41
58.55
61.02
60.8
59.09
NA
60.04
59.2
60.36
58.06
NA
55.53
59.47
59.05
61.95
59.55
60.05
62.19
62.66
59.5
56.98
62.62
57.43
61.34
60.73
60.6
63.25
60.44
61.38
60.94
57.67
59.57
60.84
58.62
61.04
59.44
60.74
62.55
60.68
60.85
62.76
56.95
61.26
60.16
NA
59.89
59.27
62.28
58.53
61.31
56.2
64.86
NA
NA
NA
61.05
62.75
57.53
62.58
61.83
63.43
58.98
62.54
60.95
58.23
60.43
60.06
60.05
NA
61.79
61.12
57.85
60.0
61.83
60.55
57.95
60.95
62.66
63.4
58.91
58.87
61.04
61.85
60.75
58.13
NA