39.65
40.74
44.99
42.75
43.43
42.86
40.08
43.53
39.13
41.99
41.6
40.39
41.9
39.29
39.56
42.2
40.04
43.17
44.44
38.26
36.97
41.43
38.73
NA
43.3
39.7
42.14
43.26
42.13
39.02
43.97
36.96
41.0
40.08
38.84
40.66
39.51
42.14
41.69
45.63
40.14
43.83
NA
37.18
39.54
41.28
38.85
42.13
40.42
38.61
43.51
38.7
41.6
39.1
41.38
40.69
38.68
40.29
38.89
40.21
42.86
42.9
38.96
38.57
41.33
41.68
40.58
39.87
38.82
42.6
41.18
42.63
41.94
38.78
42.14
38.04
39.95
41.37
41.15
41.33
39.75
40.5
41.86
39.27
43.59
39.66
43.42
42.77
43.24
42.74
43.52
37.12
42.82
42.48
38.54
NA
39.34
40.34
41.71
40.07
38.49
37.25
40.32
43.42
41.96
42.1
41.82
NA
42.24
42.76
39.07
42.19
41.86
42.05
39.92
NA
41.92
40.47
42.28
38.82
41.65
39.41
40.76
42.42
44.08
45.37
42.15
43.56
41.75
NA
42.36
41.89
36.77
38.93
38.0
41.78
42.8
37.77
40.75
41.27
39.83
38.99
43.2
41.03
43.0
40.49
NA
NA
40.13
40.58
40.72
40.58
40.67
42.72
42.45
38.33
43.7
42.45
40.63
44.14
39.3
41.19
40.2
45.02
40.91
41.09
NA
42.25
38.5
38.69
42.66
42.16
38.67
38.87
42.41
42.98
NA
NA
NA
NA
NA
NA
NA
42.96
40.96
41.52
42.24
42.49
41.42
39.17
NA
NA
39.61
42.85
38.34
44.23
43.44
45.41
NA
42.4
40.92
39.32
42.12
41.87
39.16
38.46
41.59
40.29
40.4
40.1
38.67
39.86
39.51
40.91
NA
43.57
NA
41.34
35.29
40.37
41.2
42.06
43.01
39.82
41.0
NA
37.96
41.12
43.16
43.56
45.03
41.76
41.96
43.99
42.85
44.38
37.95
43.91
40.09
41.7
37.84
43.84
41.63
42.04
39.2
41.26
40.34
NA
39.33
40.87
38.39
43.75
42.22
42.06
39.63
42.25
42.9
42.6
39.57
39.23
43.98
41.81
39.17
37.79
39.29
41.64
40.94
38.39
43.98
NA
40.83
41.61
NA
41.26
41.58
39.04
NA
38.55
43.75
42.09
NA
39.41
38.75
NA
39.51
43.33
41.76
40.06
42.08
41.46
43.1
40.28
42.81
41.09
42.76
44.4
41.51
NA
40.29
39.02
41.38
39.92
40.56
41.46
42.13
40.73
40.09
43.34
42.22
41.4
40.72
40.09
41.78
40.57
38.83
39.29
41.51
40.14
43.19
41.38
40.51
41.58
38.95
38.85
40.81
40.51
43.35
42.14
NA
42.84
39.13
41.47
39.38
40.1
41.73
39.53
41.72
39.84
40.65
42.49
40.89
41.03
38.92
NA
38.84
42.81
39.32
NA
46.31
38.82
42.95
40.04
38.29
42.05
42.4
NA
44.5
43.41
42.78
43.95
43.59
43.0
43.34
41.56
43.42
45.34
41.88
NA
42.22
41.0
43.23
41.69
42.17
42.78
43.7
38.9
42.89
39.23
NA
NA
NA
NA
40.33
37.2
NA
40.96
42.56
43.25
43.32
40.39
41.91
40.81
41.91
39.21
41.51
NA
41.51
NA
NA
NA
38.57
45.15
41.06
39.14
38.4
44.38
47.2
40.76
41.45
43.94
41.48
41.77
NA
NA
NA
NA
38.55
NA
NA
41.58
41.1
41.24
41.77
42.1
39.87
41.92
42.9
43.38
40.85
40.55
39.15
41.61
41.72
39.55
43.37
40.79
NA
40.55
39.67
40.96
38.62
40.82
39.76
40.25
41.23
44.48
41.75
NA
NA
41.09
39.61
NA
38.88
40.18
40.95
40.85
40.79
43.83
43.06
42.07
38.97
42.97
40.47
41.53
41.92
42.42
42.42
39.22
40.48
NA
NA
NA
42.23
41.4
NA
40.36
41.3
41.5
42.41
43.05
45.2
42.49
43.54
40.14
41.8
41.31
37.41
42.01
44.1
39.28
39.49
40.53
43.51
42.01
43.51
42.22
41.43
43.03
42.74
39.0
41.26
39.63
40.98
40.24
40.38
42.17
39.72
NA
NA
NA
NA
41.59
41.52
43.06
41.78
40.56
NA
NA
NA
NA
NA
NA
NA
NA
NA
NA
NA
NA
NA
NA
NA
NA
NA
NA
NA
NA
NA
NA
NA
NA
NA
NA
NA
42.76
43.51
42.92
38.2
41.54
NA
40.49
41.51
42.58
42.99
45.04
42.83
38.44
39.59
40.19
NA
42.1
41.31
40.4
40.68
42.74
40.4
38.56
NA
43.84
38.38
39.0
40.48
42.19
42.47
39.48
41.84
38.6
44.78
42.18
43.35
39.98
40.13
41.43
42.6
41.04
40.78
41.19
32.1
42.58
40.4
40.59
43.56
42.99
42.21
42.63
40.67
NA
42.38
42.13
45.64
41.73
42.59
40.41
40.6
43.57
40.22
41.66
40.57
41.55
40.99
42.51
40.41
36.25
42.67
41.25
43.4
39.04
38.97
38.91
39.36
39.64
39.16
42.64
42.57
42.64
42.74
42.74
41.94
40.82
NA
41.68
41.35
40.12
43.07
39.9
43.07
39.5
40.84
39.36
40.91
38.95
38.22
NA
42.0
38.08
NA
42.33
43.66
40.46
40.79
42.74
40.63
40.3
41.15
40.8
42.75
NA
NA
42.27
40.1
42.44
43.2
39.08
41.01
39.31
40.5
41.66
NA
41.49
41.9
40.74
NA
41.24
38.87
NA
NA
NA
NA
38.3
40.58
NA
40.82
NA
41.28
38.88
40.82
40.82
41.08
38.49
42.38
NA
NA
NA
NA
NA
41.78
37.62
41.53
NA
NA
NA
NA
NA
NA
40.34
42.6
43.71
39.28
41.28
39.3
42.82
38.18
41.07
40.26
NA
NA
43.2
39.68
44.18
44.8
NA
42.3
38.57
38.7
39.61
41.91
37.95
37.6
NA
NA
38.77
37.51
41.71
42.46
41.47
NA
NA
40.27
40.37
40.67
39.15
40.78
40.54
41.97
41.05
43.06
40.93
40.42
39.93
40.21
42.57
43.0
40.83
42.96
41.51
44.67
42.2
40.95
40.02
40.33
43.55
38.85
38.16
42.92
41.91
41.55
40.11
NA
43.57
39.69
NA
NA
NA
44.92
38.97
37.94
NA
NA
NA
NA
NA
NA
NA
NA
NA
39.73
38.03
41.43
38.53
39.93
38.73
44.82
44.02
38.02
39.7
43.01
43.29
42.4
42.6
NA
42.59
40.32
40.89
43.42
42.62
40.23
41.34
44.0
40.61
39.61
37.41
41.08
38.28
39.58
41.88
NA
41.38
41.68
37.68
41.28
43.47
41.57
38.45
39.95
41.35
44.84
41.19
41.29
42.3
40.65
41.95
40.11
40.41
40.41
39.71
41.61
38.31
42.34
43.04
39.54
39.0
39.36
39.57
45.17
NA
40.4
42.83
41.86
40.43
42.14
38.87
NA
NA
NA
40.82
42.93
40.19
40.82
42.93
40.19
40.42
38.22
44.13
42.13
41.93
45.02
39.66
39.91
NA
NA
NA
NA
NA
NA
NA
NA
NA
NA
NA
NA
42.41
40.68
43.28
40.92
44.61
42.61
43.21
42.47
41.63
38.89
40.69
41.9
42.39
40.95
43.04
40.44
35.94
40.34
38.64
39.69
42.5
40.54
40.66
38.26
39.72
42.67
41.52
39.47
39.57
NA
NA
NA
NA
NA
NA
35.52
38.12
41.81
41.51
NA
41.48
40.65
40.81
39.21
40.93
38.93
40.15
41.04
NA
40.12
41.01
NA
42.44
42.87
39.17
40.86
41.46
NA
NA
NA
39.91
42.11
39.79
NA
NA
NA
NA
NA
NA
NA
38.86
38.87
41.69
35.71
44.05
38.54
39.21
41.15
40.19
40.39
40.58
NA
NA
42.62
41.02
40.92
36.72
42.26
40.66
39.97
41.67
40.87
36.97
NA
NA
40.01
42.29
39.17
41.59
41.06
38.9
41.33
41.18
39.49
38.56
39.48
NA
NA
42.75
42.4
42.07
40.38
41.98
40.58
41.97
40.91
41.08
43.85
40.19
39.67
40.73
NA
NA
40.69
37.36
41.67
40.01
41.34
NA
NA
42.3
40.25
42.15
40.45
42.48
44.48
43.01
43.46
NA
NA
40.34
42.14
40.24
40.88
39.58
39.45
42.47
44.14
42.33
41.65
NA
38.62
NA
39.18
40.21
NA
42.31
40.11
42.18
40.19
40.52
39.84
39.08
39.68
40.76
45.96
42.15
42.06
42.15
39.24
38.84
42.04
38.43
39.2
40.32
41.44
40.5
43.04
40.05
41.55
40.45
NA
42.85
45.96
NA
NA
NA
40.32
42.12
40.52
41.65
40.06
41.93
40.22
40.16
40.59
NA
42.37
43.81
41.85
41.27
NA
43.29
37.19
41.85
39.38
41.65
43.01
40.66
41.31
39.32
42.62
42.58
41.34
42.25
42.85
41.05
42.55
43.35
42.45
44.55
NA
39.55
43.35
40.65
37.65
38.35
40.35
42.19
42.89
41.7
42.73
44.14
42.47
45.12
NA
39.68
43.75
40.94
38.41
38.45
40.54
40.84
38.22
44.52
42.56
38.99
40.04
32.88
41.19
41.46
41.27
40.25
41.01
42.76
NA
40.19
41.47
42.04
38.67
43.22
42.25
NA
39.61
41.16
40.23
42.03
NA
42.3
40.9
41.69
43.37
40.97
38.61
38.48
39.78
38.71
42.64
41.74
45.54
43.63
41.97
39.21
42.44
41.88
NA
NA
40.88
41.84
41.84
39.17
42.23
37.78
38.05
43.43
43.25
40.49
39.33
40.62
40.34
43.23
40.47
39.27
40.58
40.36
42.8
41.64
37.04
39.19
41.35
41.93
37.27
39.36
41.56
43.13
39.88
41.98
NA
NA
NA
NA
43.9
44.12
44.23
35.83
38.12
43.59
41.14
42.74
37.61
41.05
43.01
46.13
38.68
42.63
41.68
43.11
40.88
39.86
40.86
41.46
NA
42.79
36.75
40.88
39.86
41.25
42.35
42.75
41.45
38.65
40.55
42.15
42.25
41.65
43.05
38.35
38.55
41.95
40.25
42.95
43.65
40.28
43.82
40.56
40.67
41.06
41.96
44.46
40.28
NA
NA
NA
38.99
NA
NA
NA
41.12
41.57
43.12
42.43
40.02
41.33
40.62
39.88
38.38
41.2
41.2
43.54
36.04
41.97
40.6
37.72
40.11
42.41
39.01
41.61
39.69
42.39
39.69
41.69
41.64
38.95
43.08
39.69
39.69
42.66
39.76
39.84
42.58
42.16
42.36
NA
41.55
40.54
39.93
39.64
43.75
42.04
40.53
43.46
42.63
40.88
42.56
44.01
40.24
NA
38.36
42.86
NA
42.27
38.68
42.81
43.92
NA
NA
NA
NA
40.52
42.62
42.52
40.32
38.86
39.93
43.72
39.1
42.38
39.72
43.08
40.46
NA
43.06
40.56
NA
37.48
37.48
38.88
40.17
39.0
38.93
38.58
41.59
42.73
41.96
40.38
39.98
41.76
39.76
39.16
NA
NA
NA
NA
40.82
42.68
42.62
42.46
38.64
42.82
39.7
43.11
NA
NA
39.96
43.07
41.89
42.67
41.92
41.54
42.74
39.34
42.63
40.93
41.13
42.29
38.99
42.02
43.23
40.09
38.47
40.83
NA
40.89
38.74
39.82
42.0
40.56
40.42
39.26
41.32
39.4
42.98
39.86
41.24
42.41
40.46
42.03
NA
39.25
42.13
43.03
NA
40.64
41.13
41.65
NA
NA
42.64
40.51
41.23
41.96
NA
NA
39.17
41.7
42.69
39.93
43.64
43.62
42.92
41.65
40.77
40.12
NA
42.11
42.74
NA
NA
42.46
38.94
38.79
41.94
41.05
40.45
41.75
44.53
NA
40.36
43.95
43.72
42.65
43.72
42.63
45.93
39.39
42.33
37.64
41.08
40.88
37.57
45.7
NA
NA
NA
NA
41.02
40.62
43.92
39.95
39.8
42.0
40.0
39.34
41.71
40.79
42.99
40.63
41.17
NA
40.36
NA
42.15
NA
38.74
41.59
38.68
41.6
43.56
38.27
39.59
NA
35.81
NA
41.62
41.83
39.36
41.63
42.99
40.64
41.29
39.3
NA
41.83
42.7
NA
NA
NA
NA
NA
NA
NA
NA
NA
NA
NA
39.03
42.03
40.53
NA
NA
NA
41.12
39.34
41.21
38.82
NA
42.27
NA
38.35
42.63
42.63
38.73
42.94
42.24
43.44
42.04
NA
NA
43.86
NA
NA
41.21
40.88
40.88
40.44
41.84
NA
38.27
40.61
38.81
40.79
NA
40.49
42.71
41.71
40.24
38.7
37.44
42.02
42.72
41.66
41.55
40.08
38.51
42.44
43.25
39.27
41.1
40.64
42.94
42.15
39.74
41.4
45.0
40.05
41.36
38.05
43.08
39.28
40.12
42.12
40.42
38.38
NA
NA
NA
NA
NA
NA
NA
NA
NA
NA
NA
NA
40.6
NA
40.7
38.45
39.04
38.69
39.08
36.55
42.18
43.74
38.08
41.81
38.47
36.17
39.87
41.47
40.87
36.77
39.37
42.37
44.17
40.07
39.27
40.89
42.7
41.24
39.75
41.04
42.59
37.49
45.06
38.03
43.57
43.54
NA
42.76
42.29
41.11
43.22
42.3
41.34
40.78
44.31
NA
NA
41.31
42.07
39.56
41.76
39.88
38.01
41.02
40.9
42.44
41.03
41.72
41.92
40.9
42.48
42.43
42.78
42.59
40.71
38.25
41.08
41.35
37.69
40.34
43.07
38.65
39.92
NA
NA
NA
41.39
NA
NA
38.96
39.86
42.06
NA
NA
NA
42.83
38.15
41.75
42.21
44.13
39.76
39.92
39.37
43.02
NA
NA
NA
NA
40.84
41.87
41.07
37.25
35.89
39.69
39.19
40.49
40.59
40.29
44.97
38.43
44.7
41.61
41.29
44.69
40.69
38.79
43.99
40.69
38.39
41.72
42.62
39.12
NA
NA
43.51
42.16
39.23
40.82
42.48
41.05
41.57
43.38
40.9
42.73
38.69
39.16
38.42
40.43
41.78
41.42
35.46
38.88
37.69
44.17
42.95
44.55
44.84
NA
NA
43.4
NA
43.48
43.94
NA
38.92
41.82
42.91
NA
41.41
43.91
41.31
45.11
41.61
42.11
36.51
NA
38.71
39.36
37.57
39.79
NA
NA
40.58
41.43
NA
43.2
41.1
42.0
NA
40.27
NA
38.02
38.58
40.96
41.52
41.52
40.49
41.18
41.18
41.18
40.05
NA
41.52
40.35
43.48
39.51
40.65
39.0
43.09
42.42
38.45
40.72
40.3
42.16
40.69
41.69
37.79
42.27
NA
NA
40.99
43.37
40.88
38.31
36.21
41.11
NA
40.51
37.41
39.61
42.41
44.31
40.11
39.51
NA
NA
41.0
39.55
42.3
39.41
43.23
39.29
42.49
39.49
39.8
40.36
41.23
42.96
39.62
40.36
41.73
NA
38.31
38.31
41.0
NA
41.3
42.58
41.91
41.28
44.12
39.77
40.97
39.83
44.97
40.34
42.84
40.54
40.98
42.41
NA
42.72
37.49
41.34
42.24
41.14
40.71
40.94
39.42
40.11
42.32
41.37
42.44
39.44
39.98
42.41
39.8
41.1
NA
NA
NA
NA
NA
40.43
41.95
45.85
42.22
40.51
44.53
42.23
43.41
NA
43.52
42.12
40.61
40.15
43.46
42.62
38.11
41.15
38.56
43.16
42.16
44.5
40.23
40.52
42.85
41.05
NA
39.33
42.93
41.83
42.61
45.31
41.81
40.71
42.61
41.25
44.89
45.1
40.24
40.34
43.04
39.38
42.48
40.98
38.84
40.94
41.56
41.82
39.4
40.36
40.05
41.75
39.95
41.86
39.76
42.82
44.65
41.3
42.52
40.48
41.48
40.68
40.17
41.67
40.17
40.31
41.51
40.41
41.7
41.9
38.35
43.16
40.48
36.39
40.71
41.87
40.44
34.54
40.95
41.97
40.77
39.51
40.33
41.83
NA
41.64
40.15
43.31
41.71
41.15
40.52
39.55
39.21
41.67
39.34
40.87
NA
40.66
41.63
NA
38.03
43.04
43.8
41.7
42.7
42.69
37.74
38.98
42.79
44.79
41.69
42.79
NA
43.43
40.03
40.93
NA
41.38
41.61
42.69
39.05
38.26
41.77
39.22
38.94
40.58
40.12
NA
39.93
39.7
42.19
40.45
42.75
40.75
NA
40.45
43.21
40.51
40.79
43.59
41.36
39.81
41.95
38.24
41.24
37.73
42.43
41.9
37.74
40.41
NA
NA
39.2
42.37
42.48
43.1
40.14
42.83
43.32
39.98
38.82
42.46
44.07
39.57
39.38
43.32
38.44
42.98
41.34
42.34
42.24
39.14
40.93
42.04
41.28
42.58
38.6
39.12
41.17
41.24
41.21
42.35
40.73
40.79
39.4
44.89
38.49
38.15
38.94
42.33
33.22
41.95
38.6
39.77
38.03
NA
NA
NA
41.02
39.41
NA
42.69
40.14
37.32
41.48
NA
41.79
NA
41.32
42.02
42.16
NA
38.68
38.35
42.59
41.09
40.94
41.07
40.68
40.07
38.19
43.1
40.4
42.28
41.13
41.45
39.23
37.29
40.46
43.29
40.05
40.41
42.68
44.06
39.36
42.46
40.91
40.76
39.25
38.49
41.22
42.6
NA
42.16
41.56
39.94
41.16
42.96
42.44
42.05
41.97
38.96
42.21
40.06
42.29
40.91
41.76
44.39
37.19
39.64
38.28
38.48
38.09
41.26
NA
41.31
39.11
38.23
43.28
39.39
NA
NA
NA
39.96
41.9
41.71
38.3
NA
40.31
41.98
43.99
40.91
40.82
41.36
41.98
37.59
NA
40.23
42.29
39.1
41.43
40.61
42.34
39.33
NA
39.36
39.36
40.42
40.88
38.93
41.09
38.36
40.38
38.34
42.07
NA
42.1
43.2
38.4
36.9
40.97
41.25
41.46
41.69
38.3
39.13
43.42
39.38
NA
NA
NA
NA
NA
NA
NA
44.19
39.91
36.57
39.18
41.67
NA
42.0
40.54
38.78
43.88
35.58
41.23
40.83
NA
NA
NA
44.69
43.19
40.29
35.19
43.18
46.48
44.07
42.82
40.13
41.84
40.3
45.32
40.95
37.98
NA
40.71
39.36
43.31
40.22
41.42
NA
41.88
39.86
41.16
41.14
41.67
40.27
37.77
44.69
43.0
41.5
38.14
42.7
42.18
41.88
41.84
41.54
37.54
40.54
41.34
41.34
36.94
32.77
43.12
39.24
40.94
41.97
40.41
43.62
39.02
40.95
NA
40.76
40.42
38.34
NA
40.96
43.39
42.73
38.18
41.84
37.65
39.08
NA
42.45
41.22
37.18
41.28
38.8
NA
39.15
42.61
43.89
43.91
40.54
37.69
44.19
42.38
38.97
42.37
38.43
38.04
43.24
41.36
41.01
39.5
38.9
43.87
42.91
40.55
40.9
40.22
41.86
42.25
37.81
41.45
40.94
42.5
38.87
41.27
38.58
43.58
42.23
NA
42.84
43.22
41.4
42.1
NA
41.71
44.61
40.54
39.29
41.59
41.89
41.95
41.92
44.49
41.61
42.89
42.05
40.6
NA
42.53
NA
41.67
42.9
42.14
40.64
NA
NA
43.4
38.9
40.52
41.45
38.17
39.06
39.73
44.64
36.94
40.43
44.07
42.15
43.15
39.39
40.55
42.25
43.91
36.41
40.01
38.84
43.33
42.6
42.63
37.92
41.87
42.27
35.0
37.79
37.69
39.56
45.1
43.39
42.24
42.73
41.16
40.83
38.24
41.24
42.88
40.13
37.26
41.37
38.9
NA
NA
NA
41.38
41.16
40.91
36.93
40.06
43.05
39.38
39.46
NA
40.56
NA
40.8
43.07
41.75
37.0
42.39
39.95
44.17
42.81
40.86
41.47
40.12
40.08
41.57
41.86
42.44
39.0
40.48
42.19
NA
NA
43.19
42.81
43.72
42.97
46.25
42.73
43.14
40.2
40.29
40.27
40.3
38.46
38.02
41.15
44.19
NA
41.49
41.67
42.59
42.52
NA