175.85
172.91
174.84
175.6
NA
172.79
178.88
173.02
173.0
173.62
173.92
174.12
173.63
NA
170.15
174.44
NA
175.72
173.53
176.87
172.6
176.05
173.54
175.44
174.95
175.71
172.56
174.35
174.64
175.12
172.87
175.46
172.29
172.21
173.86
178.12
175.21
174.24
174.09
172.98
175.47
NA
174.11
174.58
173.3
172.46
174.6
173.0
176.97
175.49
178.04
NA
170.96
174.95
170.99
172.76
176.71
175.83
172.63
171.05
173.69
172.23
173.24
173.71
172.59
174.32
173.21
171.59
175.48
173.39
173.05
174.44
175.8
175.27
172.92
175.21
171.23
175.43
175.77
171.34
175.46
171.95
173.33
170.97
173.42
175.25
172.63
175.15
173.84
172.51
173.58
174.78
NA
171.87
173.37
176.1
176.48
175.26
175.06
173.0
174.87
174.43
173.53
175.21
173.79
173.36
173.43
174.84
171.32
171.23
175.75
173.74
175.75
173.48
175.2
NA
175.15
173.55
173.2
NA
174.45
174.66
173.02
NA
172.77
174.64
174.46
NA
173.41
174.04
174.43
173.38
176.44
172.83
173.6
171.78
174.18
172.89
173.92
172.6
175.13
173.28
175.28
173.44
175.69
170.51
NA
NA
173.42
176.06
173.02
175.73
174.41
174.7
174.3
177.76
173.79
174.68
174.21
175.86
172.86
174.1
174.39
176.62
173.81
172.58
175.23
173.22
174.87
172.8
174.19
173.32
174.88
172.86
174.32
174.86
172.88
NA
NA
NA
NA
NA
NA
NA
NA
173.53
172.96
173.87
175.52
175.86
175.05
174.25
173.56
173.98
174.02
172.6
175.69
NA
173.82
175.16
173.21
174.32
177.77
176.39
NA
173.99
NA
173.83
173.85
173.4
174.49
NA
173.53
175.05
NA
NA
NA
NA
175.89
172.53
174.01
175.59
173.6
173.91
174.78
179.28
170.59
174.98
173.42
172.59
172.98
173.79
174.49
174.24
173.85
173.78
176.23
175.02
176.51
173.82
NA
177.5
NA
175.31
173.36
175.33
NA
175.39
176.82
171.87
173.63
174.04
172.43
174.45
NA
174.31
173.39
173.32
175.1
173.45
175.64
173.4
174.49
174.64
174.02
174.95
173.21
175.09
176.64
173.59
173.74
175.57
NA
174.06
175.67
174.32
NA
173.18
175.69
172.86
173.52
173.72
NA
NA
174.17
175.9
173.28
173.86
174.36
172.66
174.37
174.12
176.38
171.63
176.39
175.32
174.62
171.74
174.09
175.95
174.54
174.65
172.61
174.12
175.39
171.53
175.71
175.97
171.38
175.63
174.97
172.93
173.05
174.45
173.9
173.24
172.74
174.15
175.2
173.48
174.56
172.42
174.95
173.55
172.76
173.72
175.34
173.4
175.27
176.73
174.77
175.97
174.49
171.66
NA
NA
NA
NA
176.57
173.86
175.07
NA
173.48
170.63
175.65
170.18
174.86
170.65
173.62
NA
170.47
174.21
176.7
175.05
173.47
173.16
174.05
169.88
170.6
174.65
NA
174.52
174.69
176.85
174.23
173.8
175.14
173.74
174.44
NA
173.24
175.01
176.41
170.76
174.08
175.65
170.59
174.68
172.12
172.14
171.96
172.21
171.96
NA
NA
176.42
171.2
173.09
172.85
172.43
175.99
174.31
173.71
175.61
173.21
NA
NA
NA
NA
175.31
174.61
172.66
175.21
173.44
NA
173.57
175.24
172.39
175.84
173.92
175.64
172.9
174.04
NA
NA
NA
NA
NA
NA
NA
NA
NA
NA
174.97
172.1
NA
NA
NA
174.1
175.0
NA
NA
NA
NA
175.33
172.68
NA
NA
172.54
176.32
175.59
174.17
NA
174.81
174.11
175.21
NA
NA
NA
175.49
176.2
NA
NA
NA
174.8
173.4
NA
174.54
176.19
178.39
170.09
175.11
175.0
175.95
175.17
171.87
176.67
171.67
NA
NA
NA
NA
NA
173.92
NA
174.77
173.86
175.02
NA
174.11
175.13
174.41
172.95
174.45
174.76
NA
NA
172.12
174.56
173.75
174.85
NA
NA
176.45
175.04
172.41
176.77
172.97
174.45
174.41
174.69
173.58
174.18
NA
175.97
174.2
173.48
NA
NA
NA
NA
172.68
170.99
173.07
176.7
174.52
173.93
172.83
173.33
173.23
175.73
173.93
172.83
173.33
173.33
175.73
173.92
172.82
173.32
173.32
175.72
173.92
172.82
173.22
173.32
175.72
173.92
172.82
173.12
173.32
175.52
173.93
173.89
173.43
171.53
173.83
NA
175.06
174.91
174.26
174.79
NA
174.14
175.2
174.14
176.27
174.37
NA
NA
NA
174.45
172.55
176.49
174.52
174.85
175.25
175.29
175.06
175.77
172.06
174.0
173.39
NA
NA
NA
NA
174.76
NA
NA
NA
173.52
175.68
175.57
171.89
174.24
174.7
176.7
172.29
172.67
172.13
173.73
NA
NA
174.55
174.17
NA
NA
NA
NA
NA
172.29
172.67
172.13
173.73
NA
NA
174.89
175.67
174.73
174.74
173.67
174.4
175.05
174.49
170.86
175.44
175.44
174.84
NA
NA
NA
NA
NA
NA
NA
NA
175.11
NA
NA
NA
NA
177.73
172.66
177.23
174.34
174.81
176.43
177.27
175.02
175.07
173.13
175.76
172.14
172.36
175.63
172.04
174.16
175.06
NA
NA
NA
NA
172.08
173.0
174.51
NA
NA
175.56
NA
NA
NA
NA
NA
NA
NA
NA
NA
NA
NA
172.47
NA
174.7
174.9
NA
NA
NA
NA
NA
NA
NA
NA
NA
NA
NA
172.65
172.56
174.79
174.47
174.32
NA
NA
NA
NA
NA
174.02
174.47
173.94
NA
NA
NA
NA
NA
NA
172.64
171.49
173.86
175.59
175.05
175.87
NA
170.54
173.31
NA
NA
NA
173.0
177.66
NA
NA
NA
179.57
176.63
177.58
NA
NA
175.94
174.9
NA
173.22
174.83
173.63
NA
NA
NA
NA
NA
172.68
176.38
176.98
173.53
174.61
174.32
175.16
173.77
175.46
173.94
175.65
172.17
174.25
173.42
175.24
NA
173.69
NA
172.16
174.26
NA
174.44
175.14
174.98
174.48
174.74
175.7
172.61
NA
174.81
NA
174.77
175.09
NA
NA
NA
NA
NA
NA
175.41
173.36
174.64
175.42
173.4
174.67
175.47
173.52
174.79
175.54
174.24
174.64
175.74
170.74
178.04
172.68
176.08
174.38
NA
NA
NA
NA
NA
175.34
172.27
172.67
172.17
173.87
172.33
172.73
172.23
173.63
NA
NA
NA
NA
NA
NA
173.9
174.5
174.0
173.9
174.6
174.0
171.66
173.46
175.64
175.65
NA
174.05
175.8
172.5
NA
NA
NA
173.59
175.69
174.09
173.39
176.69
172.89
172.65
175.25
NA
NA
NA
NA
NA
NA
174.64
177.41
NA
NA
NA
172.7
NA
NA
NA
175.97
175.64
174.63
175.97
175.64
174.63
176.65
177.25
NA
NA
NA
173.34
174.65
175.25
NA
NA
NA
NA
NA
NA
NA
NA
NA
NA
NA
NA
NA
175.22
174.92
176.93
173.98
175.68
175.28
NA
NA
NA
NA
NA
NA
NA
NA
171.82
175.32
171.62
174.16
NA
NA
174.12
NA
NA
174.64
174.72
NA
NA
175.02
NA
NA
178.25
174.35
173.65
174.15
175.26
173.4
171.05
175.09
NA
NA
NA
NA
NA
175.65
175.15
NA
NA
NA
NA
NA
NA
NA
170.55
174.65
NA
NA
NA
NA
NA
NA
NA
NA
173.84
176.64
175.04
172.04
176.84
171.24
177.84
177.43
176.75
177.13
175.49
176.71
176.5
177.33
175.16
174.81
175.37
174.61
173.91
173.91
NA
172.62
173.02
173.92
174.25
174.95
174.57
174.27
NA
174.97
176.35
NA
NA
172.9
173.36
174.41
174.4
174.54
172.3
173.57
175.68
174.73
NA
NA
NA
NA
173.43
175.67
NA
NA
NA
175.83
173.88
175.44
172.74
172.99
173.4
NA
NA
NA
175.46
177.89
NA
NA
175.08
NA
NA
NA
NA
NA
NA
NA
NA
NA
NA
NA
NA
NA
NA
NA
174.24
NA
174.68
176.05
173.48
177.48
172.04
175.35
173.75
173.75
177.68
170.85
175.81
NA
NA
175.65
175.56
NA
174.01
NA
173.9
NA
173.92
NA
NA
NA
NA
NA
NA
174.16
172.19
173.66
173.1
172.9
NA
NA
NA
NA
174.15
NA
173.92
NA
NA
NA
NA
NA
NA
NA
175.53
174.45
NA
NA
175.56
NA
174.66
174.66
173.76
173.96
NA
174.44
174.31
174.26
175.42
174.44
173.49
171.99
176.13
174.54
NA
172.25
NA
NA
NA
NA
NA
NA
NA
NA
NA
NA
NA
NA
NA
NA
NA
NA
NA
NA
NA
NA
NA
NA
NA
NA
NA
NA
NA
NA
NA
NA
NA
NA
NA
NA
174.0
173.52
174.19
175.19
175.73
178.1
173.6
176.07
177.08
174.48
NA
NA
NA
NA
NA
NA
175.22
176.13
NA
NA
NA
NA
NA
173.75
173.16
171.93
176.21
175.68
175.58
175.9
174.57
174.27
178.82
175.68
171.18
173.57
NA
172.85
NA
173.25
174.05
175.35
175.73
176.0
173.12
172.92
175.16
174.82
171.99
174.52
175.97
174.96
172.74
172.0
174.52
175.97
174.93
172.76
178.01
174.41
176.02
176.25
174.6
174.32
175.92
176.13
171.71
NA
NA
NA
174.61
176.72
NA
176.63
NA
NA
NA
173.35
175.14
176.26
171.56
NA
NA
NA
175.29
173.97
176.16
NA
NA
NA
NA
NA
NA
NA
NA
175.38
176.0
NA
NA
173.37
173.27
174.57
174.07
174.87
172.87
174.17
174.07
173.67
173.97
NA
174.67
175.07
173.67
174.27
173.37
173.65
174.12
172.64
173.52
175.96
174.56
174.06
178.12
NA
NA
NA
NA
NA
NA
NA
NA
NA
NA
NA
NA
NA
NA
NA
173.4
177.62
173.26
NA
176.21
174.5
172.27
176.88
NA
172.87
173.37
174.37
NA
172.87
172.67
174.37
NA
NA
NA
175.23
172.93
174.93
175.57
173.16
175.15
173.45
176.35
175.11
174.92
173.75
175.5
175.08
NA
NA
NA
175.67
173.97
175.77
172.77
174.47
172.77
NA
NA
NA
175.49
173.94
175.1
173.78
NA
NA
NA
NA
NA
176.73
174.73
173.73
175.63
176.85
175.77
174.29
172.43
172.58
171.46
175.47
NA
NA
NA
NA
NA
177.13
176.93
176.63
169.9
174.7
174.07
176.65
175.4
172.36
175.85
171.35
177.93
173.3
176.0
NA
174.78
174.86
175.25
174.94
170.63
174.03
174.53
NA
NA
NA
NA
NA
175.75
175.49
173.76
178.39
172.64
175.85
NA
174.85
173.05
172.35
174.71
175.01
175.31
173.83
172.8
173.16
173.28
171.9
175.18
175.1
175.11
175.03
174.68
174.65
171.33
174.74
175.6
175.68
175.23
NA
NA
NA
NA
NA
174.79
NA
NA
175.7
175.05
172.1
NA
NA
174.45
176.64
NA
174.76
NA
174.74
174.33
172.22
173.84
NA
174.15
174.73
174.68
177.79
176.38
172.35
175.77
175.46
174.51
178.17
NA
176.76
174.7
NA
NA
173.8
NA
175.09
NA
176.23
174.53
175.43
173.39
174.11
175.88
174.14
173.86
173.93
173.09
170.9
176.69
175.94
172.9
173.86
175.1
174.2
175.46
173.93
NA
175.53
173.63
NA
175.68
173.68
174.58
173.86
NA
NA
NA
174.92
174.83
174.48
175.92
173.18
NA
NA
175.88
NA
175.43
174.33
174.77
176.64
174.38
176.62
175.2
173.14
172.77
176.91
171.24
176.14
NA
174.26
175.42
174.44
173.49
171.99
176.13
174.54
175.19
174.73
175.33
NA
NA
NA
NA
NA
NA
NA
NA
NA
172.74
NA
173.47
174.67
174.67
NA
176.74
176.75
173.67
174.42
174.02
174.67
172.4
176.31
172.81
176.41
173.16
174.46
172.46
174.1
172.9
172.7
173.7
172.49
176.18
NA
NA
NA
NA
NA
NA
175.56
174.36
172.75
176.45
173.78
174.68
174.78
174.28
174.08
175.01
175.58
174.28
174.79
173.59
NA
NA
174.28
177.73
NA
175.78
172.82
176.11
175.52
174.36
175.46
173.86
175.28
172.22
NA
NA
171.96
174.35
174.8
175.75
175.15
NA
NA
NA
176.5
174.75
175.35
174.75
175.35
NA
175.31
174.8
174.4
174.65
175.15
174.67
175.37
173.83
174.92
NA
NA
NA
NA
NA
NA
NA
NA
173.76
175.28
174.71
NA
NA
NA
173.11
NA
175.71
172.91
174.41
174.21
176.61
NA
NA
NA
NA
NA
173.57
172.17
NA
174.43
175.57
172.89
NA
NA
NA
NA
173.57
173.58
175.17
172.27
174.7
NA
NA
NA
NA
172.64
NA
173.06
173.61
NA
172.78
174.95
175.47
171.19
173.49
NA
172.25
171.98
NA
173.34
173.36
174.86
175.6
175.1
173.9
175.02
179.75
NA
174.77
176.25
174.16
174.11
172.06
174.97
175.03
173.51
175.11
174.31
174.51
174.48
175.18
175.82
172.4
174.1
174.06
175.19
176.54
174.58
174.07
175.72
177.34
176.84
173.51
173.13
NA
173.63
NA
176.75
173.68
172.28
172.88
171.88
176.68
NA
NA
NA
NA
NA
NA
NA
NA
NA
NA
NA
NA
NA
NA
NA
NA
NA
174.54
173.81
172.55
174.13
174.59
177.59
177.65
175.41
174.61
172.07
173.4
173.95
175.74
NA
NA
176.15
174.57
175.18
172.6
174.53
173.9
174.12
174.02
174.69
NA
174.39
NA
177.0
175.53
176.0
175.9
176.4
176.46
172.56
174.16
173.29
174.19
174.19
173.49
NA
174.49
NA
176.86
174.99
NA
175.7
NA
NA
NA
NA
NA
NA
NA
174.7
NA
174.8
NA
174.5
175.47
174.97
NA
172.02
172.49
176.82
173.02
174.32
174.49
174.38
175.4
NA
175.0
174.44
172.75
175.06
NA
NA
NA
NA
NA
176.01
174.67
172.47
172.47
NA
NA
NA
174.45
NA
NA
174.76
NA
177.16
174.46
172.96
NA
175.86
172.96
174.06
NA
176.76
NA
NA
178.47
177.87
173.62
174.42
173.92
173.62
174.82
180.52
173.99
NA
176.41
176.76
174.61
174.85
172.19
174.12
176.64
177.22
NA
NA
NA
174.57
174.49
174.76
174.66
174.58
175.33
174.69
NA
NA
NA
NA
173.96
174.35
174.24
175.23
174.82
NA
NA
NA
174.87
174.67
173.14
175.09
174.01
175.09
176.24
175.33
177.2
174.54
175.85
176.05
173.9
NA
173.57
174.87
174.67
173.68
NA
NA
NA
NA
NA
NA
NA
174.99
175.39
173.29
174.19
175.82
171.56
173.64
NA
172.63
172.39
NA
173.29
173.54
NA
NA
174.52
NA
176.28
173.04
175.14
175.24
175.1
175.5
174.9
174.4
173.3
175.89
174.1
174.02
NA
NA
NA
NA
NA
NA
171.77
174.67
175.88
174.61
172.76
172.63
NA
NA
NA
NA
NA
174.85
174.26
174.53
173.92
NA
NA
NA
NA
NA
NA
NA
NA
NA
170.58
170.68
173.95
171.95
172.61
NA
174.84
173.95
172.59
NA
174.83
173.95
175.43
177.88
NA
NA
NA
174.01
172.37
174.51
176.18
172.4
176.96
174.41
172.97
174.89
174.7
175.08
NA
174.0
172.69
NA
NA
NA
172.78
176.14
175.4
174.81
175.24
175.97
NA
NA
NA
NA
173.51
174.31
175.71
NA
174.83
176.14
174.91
171.08
173.99
173.55
172.91
174.88
171.36
175.47
174.22
174.15
173.92
175.78
174.97
NA
NA
NA
NA
NA
174.78
175.09
172.53
173.55
172.56
173.49
175.4
NA
175.19
175.27
172.98
173.95
NA
174.27
173.86
173.01
174.12
174.25
172.94
NA
NA
174.47
NA
NA
NA
NA
NA
NA
174.5
172.02
176.79
173.86
175.41
175.31
173.21
176.11
176.2
172.24
NA
NA
174.49
172.84
177.12
172.64
174.05
174.65
175.32
172.44
NA
NA
NA
NA
173.67
174.56
NA
NA
175.26
NA
NA
NA
NA
180.96
177.17
177.29
176.25
NA
NA
NA
NA
NA
NA
175.28
NA
NA
173.52
174.27
NA
NA
179.65
178.2
NA
180.77
173.94
170.97
175.67
174.57
173.77
176.67
175.24
173.25
173.5
174.32
173.28
174.12
172.05
175.77
173.52
173.53
179.33
174.9
175.24
174.99
173.17
176.51
176.18
172.53
173.12
175.55
172.17
NA
NA
NA
NA
NA
NA
NA
NA
NA
NA
178.45
172.59
175.65
176.9
172.65
173.7
177.17
NA
NA
NA
NA
NA
NA
NA
NA
NA
NA
170.99
173.95
NA
NA
175.58
NA
173.64
175.4
172.09
171.56
NA
NA
NA
NA
NA
NA
NA
NA
NA
175.63
175.03
175.63
NA
174.92
176.02
174.35
176.69
176.04
176.63
177.05
NA
NA
174.97
174.9
172.26
174.19
174.19
174.09
172.64
174.05
NA
NA
NA
175.25
172.99
174.83
173.48
175.62
175.96
NA
174.13
174.55
176.48
NA
NA
NA
NA
173.98
NA
NA
175.26
176.07
173.79
173.53
175.17
171.71
NA
NA
NA
NA
NA
NA
NA
172.14
174.34
NA
173.57
173.66
173.88
174.14
NA
171.47
175.71
NA
173.82
176.8
174.99
177.31
175.26
173.66
104.07
173.34
175.41
177.64
175.67
175.2
171.77
172.87
173.66
174.56
NA
172.57
175.78
175.84
173.3
174.5
NA
NA
173.12
173.42
NA
NA
174.61
174.79
175.01
175.42
173.89
174.16
173.58
173.01
NA
175.7
174.35
174.91
176.89
174.49
171.56
173.51
174.47
171.64
176.51
NA
NA
NA
NA
NA
NA
NA
NA
176.25
176.13
172.52
174.61
175.11
175.65
171.38
NA
NA
NA
NA
175.33
176.23
172.59
174.14
175.55
176.79
172.52
174.46
176.2
171.94
172.62
173.4
177.43
175.31
175.74
174.79
174.81
NA
174.5
173.81
171.81
NA
NA
174.87
171.8
171.47
175.7
174.04
175.59
176.59
NA
174.37
NA
NA
NA
NA
NA
NA
NA
NA
NA
NA
NA
NA
NA
NA
NA
NA
NA
NA
174.59
175.99
172.8
175.1
175.81
174.17
174.15
174.07
174.07
NA
NA
175.09
172.95
175.79
NA
NA
173.78
173.88
175.53
174.81
174.16
173.46
175.88
175.02
175.18
175.34
175.12
NA
173.72
NA
174.54
173.76
173.72
175.06
173.68
NA
NA
NA
NA
NA
NA
NA
NA
NA
174.09
NA
NA
NA
NA
NA
173.42
172.35
175.05
175.94
175.18
176.63
NA
NA
171.31
174.35
175.49
174.71
174.24
177.56
173.78
171.91
174.14
NA
NA
NA
173.67
173.39
172.06
174.0
173.39
NA
NA
NA
NA
NA
NA
NA
NA
NA
NA
NA
NA
NA
NA
NA
NA
NA
NA
173.92
174.14
174.52
174.4
174.35