57.35
56.19
59.24
58.66
56.6
57.59
60.78
57.68
59.84
56.19
63.18
56.89
56.85
59.51
54.88
62.27
57.6
57.51
57.72
58.14
58.12
57.99
57.81
59.05
58.42
58.57
58.2
58.29
62.01
57.02
57.13
59.12
57.36
NA
57.2
54.15
NA
54.14
55.9
57.73
57.87
56.47
55.73
56.96
57.09
57.85
55.34
56.19
63.62
59.22
60.15
59.84
58.98
58.74
58.7
59.6
59.79
57.02
61.34
61.19
56.99
59.68
NA
58.47
58.37
56.59
58.1
60.58
58.39
58.26
NA
56.71
58.01
NA
58.21
56.71
58.17
57.7
55.66
59.25
56.59
NA
58.35
58.05
56.21
53.12
59.34
NA
NA
NA
56.18
NA
NA
57.6
57.75
58.12
57.66
57.05
NA
NA
59.56
56.23
NA
NA
55.76
60.28
57.33
57.83
55.14
55.38
55.5
57.85
NA
56.32
56.85
54.67
55.45
55.34
56.66
54.96
57.06
56.23
58.09
59.03
58.61
57.05
58.14
57.82
56.25
56.44
55.8
60.97
57.49
56.48
58.4
60.41
60.48
62.85
56.92
59.79
57.96
56.58
57.07
56.03
57.6
57.85
57.14
53.73
58.26
60.58
53.79
56.81
57.42
58.73
53.51
56.59
58.75
59.34
57.93
56.75
57.92
57.99
58.06
57.96
57.72
58.56
57.11
55.03
57.34
56.43
54.89
NA
57.71
57.81
56.51
57.81
61.32
57.45
56.7
NA
NA
NA
55.13
58.79
55.03
58.6
55.08
NA
58.16
58.24
57.98
56.75
57.81
54.58
56.97
57.73
59.31
56.8
57.72
58.19
57.08
54.33
58.23
57.6
54.07
58.08
59.45
57.95
NA
NA
NA
60.24
58.57
58.15
56.66
58.0
54.77
61.87
NA
NA
56.73
57.98
58.83
56.84
56.34
54.74
56.94
57.34
57.94
56.51
54.21
57.61
NA
58.43
NA
55.95
58.24
57.0
57.21
56.77
57.56
58.09
57.78
57.97
NA
58.5
58.39
59.18
56.97
57.93
59.68
57.46
57.99
NA
NA
58.21
NA
NA
58.22
58.48
58.34
62.08
55.58
62.08
56.58
61.68
55.58
61.98
56.58
62.79
55.59
62.09
56.69
62.82
55.72
62.12
56.62
61.96
55.66
61.46
56.66
58.53
58.01
56.91
57.63
58.57
56.75
56.03
61.99
59.04
59.66
59.23
58.47
56.17
59.13
59.25
57.96
57.41
54.11
54.13
58.51
58.35
60.37
58.61
60.38
52.28
56.62
57.16
55.71
55.26
57.02
57.94
58.55
59.58
NA
63.09
58.84
55.8
59.42
58.38
55.88
57.93
57.93
61.45
59.36
59.55
56.81
54.97
57.16
55.36
54.33
55.87
58.08
56.23
58.39
NA
54.16
58.37
NA
58.21
56.96
59.91
58.77
58.61
59.01
NA
59.53
58.03
58.43
NA
54.69
59.61
57.86
56.94
58.2
57.99
NA
NA
57.48
NA
58.95
56.56
57.95
59.3
57.61
56.91
57.75
59.79
NA
NA
NA
NA
NA
59.05
58.65
NA
NA
58.59
60.77
57.1
58.56
56.94
NA
NA
NA
58.27
NA
NA
60.39
57.99
59.36
NA
60.26
58.17
57.07
58.87
NA
NA
57.41
54.77
NA
NA
58.32
58.18
58.44
58.03
57.49
58.66
57.3
58.67
57.21
58.76
60.56
57.65
55.83
56.35
61.64
NA
56.18
60.69
59.44
58.69
56.12
58.12
54.16
55.74
58.12
NA
58.27
NA
56.95
58.25
54.95
57.57
56.47
60.96
NA
NA
NA
55.03
56.03
59.82
58.52
57.07
57.31
56.07
58.74
56.51
57.77
57.67
58.68
59.78
59.78
61.88
56.98
58.28
55.88
61.58
57.38
57.38
54.78
58.57
58.07
60.47
60.07
55.75
57.54
59.24
58.49
57.69
NA
61.09
59.09
56.29
58.1
55.87
61.47
NA
NA
58.25
NA
55.5
55.11
55.24
54.74
54.04
62.58
62.36
58.35
56.12
58.19
55.41
59.28
59.08
57.99
57.97
60.67
58.5
58.5
57.3
58.8
59.22
58.48
61.09
52.69
58.21
57.12
60.56
58.04
63.24
59.06
55.07
57.88
57.58
57.4
61.47
60.63
62.19
56.08
57.26
62.34
NA
58.18
62.79
56.03
54.45
58.55
62.45
57.13
61.03
60.33
57.63
60.22
NA
61.16
58.43
58.19
60.34
60.05
60.02
56.74
60.94
57.04
59.47
56.63
60.42
53.77
57.09
62.21
60.56
60.0
57.8
59.51
57.38
56.9
59.73
55.29
58.35
60.99
61.36
62.28
NA
54.62
57.82
63.12
59.76
64.06
54.57
59.67
59.72
56.36
59.14
58.42
56.37
58.95
59.84
NA
NA
61.39
56.92
57.82
NA
59.52
57.34
NA
52.78
NA
58.03
57.35
58.61
59.08
58.04
NA
55.9
52.65
NA
58.4
59.07
58.65
57.88
NA
NA
NA
52.74
NA
57.63
60.56
57.57
60.88
57.78
57.21
59.41
60.74
57.84
54.58
57.58
58.98
58.7
58.37
58.58
57.5
57.1
58.44
55.36
60.6
54.34
52.75
56.95
59.65
56.09
57.93
NA
58.27
58.87
56.57
54.97
58.58
57.5
56.2
57.12
52.72
NA
52.48
58.06
59.56
57.76
58.76
59.36
59.47
60.67
56.29
55.77
58.4
61.18
56.77
58.86
59.83
57.59
60.08
55.59
57.63
NA
59.14
58.33
59.08
58.74
56.87
57.77
56.72
56.65
56.6
59.77
59.34
58.11
NA
54.04
NA
58.76
59.47
57.57
57.65
58.14
57.45
52.73
27.13
58.37
54.32
57.9
59.24
56.79
55.65
58.08
58.18
57.88
52.38
57.14
60.04
62.28
60.38
56.48
58.98
NA
57.15
57.06
55.48
62.14
58.49
55.36
61.16
60.25
56.69
61.8
58.2
55.13
57.22
60.5
57.59
59.98
56.85
60.39
58.28
57.73
58.14
55.61
NA
57.7
57.94
61.05
58.97
58.07
57.87
59.16
56.06
57.96
56.66
56.88
59.03
60.93
60.38
56.78
60.26
56.63
60.42
57.51
62.25
56.78
60.26
57.36
NA
57.11
60.26
58.36
56.2
56.48
57.58
61.12
54.54
59.84
58.72
57.92
57.22
59.21
58.51
56.51
58.81
59.91
59.09
58.19
56.39
58.69
59.99
57.39
58.3
NA
57.68
58.43
56.55
55.76
56.96
60.66
56.69
56.24
57.85
59.25
56.35
NA
NA
57.85
59.4
53.54
58.73
NA
NA
55.47
53.27
57.21
57.5
57.1
55.24
60.58
58.98
55.78
59.44
56.21
55.97
NA
56.98
58.54
53.04
58.44
57.44
53.56
57.24
60.6
56.55
58.7
62.21
60.73
56.5
58.86
62.27
59.4
57.2
53.04
58.44
56.6
57.85
58.43
57.63
62.45
55.88
62.37
56.82
56.62
56.52
57.19
56.36
59.53
56.09
NA
59.62
56.42
62.12
59.02
NA
NA
58.52
57.85
58.17
57.53
56.23
58.45
58.6
NA
NA
NA
59.65
58.75
55.85
59.15
59.75
59.75
57.45
57.85
60.09
58.87
55.91
54.62
53.7
60.49
59.0
59.93
59.56
56.76
57.5
57.83
58.1
58.33
58.82
58.48
56.48
60.38
56.48
58.46
56.97
60.13
62.09
57.85
56.51
NA
60.31
56.14
56.32
56.97
52.5
57.3
60.04
56.98
59.46
60.15
58.46
58.29
55.79
56.26
56.86
59.06
58.65
55.45
61.35
NA
58.67
57.5
NA
55.28
61.06
56.53
57.41
57.91
54.11
57.57
60.06
61.4
58.6
58.35
58.11
NA
61.09
57.33
59.53
55.53
NA
NA
57.65
56.69
57.3
59.05
55.85
57.73
56.13
54.83
57.43
54.0
NA
59.37
59.12
58.37
55.47
57.79
58.29
59.55
54.35
55.69
56.82
NA
57.82
57.51
55.76
56.25
59.55
56.77
57.0
57.56
55.89
59.97
56.89
57.66
55.03
56.98
58.86
58.37
58.42
57.94
56.42
57.62
59.14
60.35
55.95
NA
58.48
57.68
52.62
NA
NA
NA
NA
NA
NA
NA
NA
NA
NA
NA
NA
NA
NA
NA
NA
NA
NA
NA
58.3
53.33
56.94
55.33
55.03
NA
NA
59.2
57.56
57.83
57.65
58.03
57.48
55.17
56.17
56.97
62.55
58.37
57.34
56.84
60.14
57.64
56.08
63.52
63.48
56.6
55.9
NA
NA
55.81
54.12
56.72
56.42
61.86
57.99
57.5
59.04
52.45
59.38
57.0
57.77
60.0
56.01
56.95
NA
57.35
57.85
58.21
58.13
55.74
NA
61.37
52.95
56.47
53.19
57.63
57.63
60.21
59.98
NA
NA
59.68
56.91
57.54
59.15
56.2
59.04
57.74
59.42
58.03
58.8
57.98
55.98
55.72
61.12
57.1
61.29
56.84
57.14
53.66
57.29
56.79
57.34
NA
58.06
56.3
57.84
57.45
58.15
58.67
54.2
57.03
59.04
NA
58.85
55.02
50.82
58.87
56.0
60.44
56.6
56.67
54.04
55.44
58.14
NA
61.61
58.31
60.34
56.66
60.23
56.92
56.53
57.48
58.89
NA
57.38
59.07
55.38
56.64
59.64
57.04
57.95
58.07
57.66
55.39
57.1
56.04
63.09
59.0
60.14
57.87
60.0
57.95
60.03
54.97
55.28
59.79
60.06
53.11
56.21
56.71
NA
57.59
58.26
58.3
60.12
56.19
55.88
58.25
57.18
58.37
61.29
NA
55.91
57.87
57.29
58.02
59.1
53.5
59.76
57.2
59.07
60.71
59.45
60.92
54.45
57.4
56.7
57.9
57.9
58.04
55.65
57.85
61.43
59.33
NA
58.3
56.29
57.71
58.37
58.04
58.44
55.64
58.44
56.48
59.01
55.54
58.04
57.74
57.79
55.84
58.84
56.41
60.44
57.0
57.99
56.94
NA
56.37
51.81
60.77
55.66
58.09
57.54
56.04
NA
55.14
55.24
58.24
58.53
57.46
57.54
57.66
59.46
57.25
55.4
56.12
64.41
56.07
57.82
61.52
57.32
57.09
58.69
60.06
61.56
60.32
58.95
58.51
60.2
62.03
54.92
58.01
59.31
56.01
55.79
60.22
61.27
55.72
57.86
55.33
NA
NA
NA
NA
56.02
57.72
57.72
57.62
57.02
60.58
58.98
53.54
58.54
55.38
58.95
54.45
56.85
58.26
59.16
54.06
57.06
59.16
59.31
NA
61.58
NA
52.88
NA
61.67
59.17
54.17
56.67
59.11
52.71
56.91
56.9
58.77
NA
60.63
59.03
54.63
55.38
54.49
58.85
54.65
62.84
62.9
61.73
59.13
55.13
57.23
54.9
56.82
57.6
61.28
58.04
60.5
61.54
57.83
NA
57.06
59.87
57.5
56.79
54.32
59.25
NA
57.73
NA
58.53
58.51
60.77
NA
57.1
58.6
55.17
54.73
55.65
54.47
55.22
57.81
59.09
54.29
57.06
58.24
56.17
NA
56.81
56.14
56.16
54.8
NA
58.34
58.32
59.39
56.68
56.52
56.69
55.81
58.77
56.83
58.75
57.44
54.94
56.08
56.73
NA
58.07
NA
58.6
NA
59.93
54.66
57.53
62.76
55.9
NA
58.37
53.17
57.83
57.63
NA
55.82
59.59
54.43
57.93
58.33
56.37
60.09
NA
NA
58.1
57.36
57.93
60.26
58.29
57.13
56.4
58.37
59.3
58.1
60.19
NA
61.72
58.31
55.09
NA
NA
55.38
NA
55.85
59.42
58.12
54.18
61.94
NA
NA
59.31
NA
55.38
56.57
63.52
NA
57.22
57.95
59.74
58.94
58.47
56.19
56.87
55.75
57.0
62.39
60.6
57.04
62.66
58.38
57.5
58.3
57.67
54.81
NA
NA
59.4
58.1
61.32
57.44
59.52
60.82
55.45
55.7
58.7
58.41
57.9
57.49
NA
NA
58.97
57.36
NA
55.49
55.63
58.04
61.42
55.25
59.32
59.65
60.04
59.15
58.43
56.31
58.86
59.82
NA
57.76
57.36
57.88
55.45
57.42
58.68
55.4
60.56
58.47
60.15
57.49
56.2
56.43
57.58
56.48
56.51
55.9
56.29
58.89
55.78
57.91
58.58
NA
59.04
59.88
55.94
60.62
56.87
NA
NA
56.69
55.88
NA
58.49
NA
57.73
60.79
58.29
55.98
61.3
NA
56.92
60.5
58.2
53.56
56.81
57.15
58.77
58.72
63.68
56.25
62.01
55.97
60.47
59.3
NA
58.21
58.34
59.1
58.75
NA
NA
55.84
55.75
58.4
54.68
55.58
57.71
57.95
58.9
60.0
56.54
56.17
54.93
57.64
58.01
NA
59.29
NA
58.07
59.59
56.7
50.94
NA
NA
57.38
57.41
58.14
NA
56.97
58.59
NA
NA
NA
60.07
55.99
58.5
NA
59.05
58.83
63.57
56.23
62.38
59.0
58.44
60.99
NA
58.89
57.39
59.71
58.03
57.84
58.2
NA
NA
59.0
58.43
56.64
51.24
59.14
56.34
58.34
57.33
55.43
55.37
57.44
56.74
59.34
61.11
57.41
57.71
54.58
57.69
56.98
57.19
58.09
58.89
58.7
55.33
57.63
56.39
59.88
54.45
57.47
NA
59.7
NA
NA
57.67
58.67
57.67
NA
56.55
58.45
54.99
56.82
54.7
62.22
54.68
62.2
58.46
57.25
61.48
58.57
57.53
61.01
61.36
61.07
61.42
NA
NA
58.69
57.96
59.23