173.48
172.31
174.66
176.15
174.64
175.51
178.12
175.02
NA
174.28
177.05
174.85
176.71
NA
174.25
173.11
175.15
175.69
174.52
176.05
173.69
175.13
175.72
174.83
175.74
175.29
174.68
175.56
176.23
175.04
174.82
176.17
176.19
NA
180.26
NA
NA
175.03
173.27
174.5
175.61
177.61
174.38
174.23
NA
175.14
NA
172.64
175.76
175.72
176.39
176.82
173.67
174.42
175.69
176.05
175.15
174.9
177.72
174.41
173.88
175.11
NA
174.59
177.91
174.57
NA
NA
174.29
175.39
NA
171.21
175.47
NA
174.51
NA
175.3
174.16
172.68
175.67
173.11
NA
175.36
175.37
176.2
171.12
175.03
NA
NA
NA
NA
NA
NA
175.04
175.66
174.53
174.85
176.61
NA
NA
176.8
174.7
NA
NA
NA
175.71
176.22
176.98
172.38
172.73
172.12
175.16
NA
175.85
174.32
172.9
173.61
172.56
174.31
172.78
175.1
NA
174.8
176.05
176.2
173.78
175.32
175.57
175.01
175.13
174.87
172.49
174.17
NA
175.03
177.89
173.64
178.16
175.49
174.48
175.44
174.17
175.89
177.91
175.11
173.2
174.86
173.09
173.65
174.08
173.11
174.35
175.14
172.98
172.96
173.39
175.9
175.97
175.54
175.19
175.56
175.5
175.55
175.46
175.19
177.64
174.43
174.58
174.15
174.69
173.57
NA
176.01
175.29
NA
NA
175.86
174.72
174.75
NA
174.73
NA
NA
173.76
NA
173.99
176.59
NA
175.03
175.23
175.69
NA
NA
NA
NA
NA
NA
NA
NA
NA
175.71
NA
NA
NA
176.15
172.2
NA
NA
NA
NA
NA
176.5
173.76
174.93
NA
171.47
NA
176.58
NA
NA
NA
NA
NA
173.76
174.36
174.35
176.05
NA
NA
NA
NA
NA
NA
174.43
NA
173.93
NA
174.58
174.23
178.36
175.89
175.46
175.6
174.87
NA
174.65
176.07
NA
173.87
175.16
175.06
176.22
NA
NA
NA
175.26
NA
NA
174.29
173.85
176.56
176.93
173.93
177.73
177.13
177.03
173.93
177.73
177.03
176.92
173.92
177.72
177.02
177.02
173.92
177.72
177.02
176.82
173.92
177.72
177.02
174.65
NA
NA
176.43
175.14
177.86
175.23
NA
NA
NA
NA
174.74
175.1
172.67
176.08
174.17
174.5
175.35
175.76
176.55
175.6
176.72
176.96
NA
NA
NA
NA
176.47
NA
NA
NA
NA
176.0
NA
NA
175.84
NA
NA
NA
NA
175.26
175.53
NA
NA
NA
NA
NA
NA
175.17
175.86
174.92
176.79
175.15
175.01
176.57
NA
174.86
176.2
174.31
174.16
NA
176.67
176.45
176.81
NA
176.3
175.47
175.81
NA
173.98
175.06
NA
172.77
177.29
NA
NA
NA
175.85
NA
NA
NA
NA
NA
NA
NA
NA
NA
NA
NA
NA
NA
NA
174.61
173.32
NA
NA
NA
176.25
176.23
175.23
175.76
NA
NA
NA
NA
NA
NA
177.02
175.81
176.21
NA
175.78
174.37
175.61
NA
NA
NA
176.18
176.89
NA
NA
178.67
176.4
176.78
176.08
NA
NA
NA
NA
NA
NA
176.59
173.61
178.96
176.79
NA
NA
175.79
174.2
175.79
173.46
176.94
NA
175.04
NA
NA
NA
175.43
NA
NA
NA
NA
177.94
175.44
NA
NA
NA
NA
NA
175.54
178.68
NA
NA
NA
NA
NA
NA
176.84
174.54
NA
NA
NA
176.2
176.1
174.0
175.7
175.7
176.1
174.3
175.7
174.06
176.76
174.66
175.76
171.33
173.45
176.35
174.3
174.4
181.7
175.7
176.1
175.7
NA
NA
NA
NA
NA
NA
NA
NA
176.49
174.45
175.05
174.25
NA
NA
NA
NA
NA
NA
175.75
173.45
176.17
177.1
172.5
174.29
174.29
NA
NA
175.05
173.63
NA
NA
NA
174.91
NA
175.02
NA
NA
NA
NA
176.59
176.47
177.57
178.01
178.14
175.99
NA
178.14
NA
NA
NA
175.85
NA
NA
NA
178.35
177.15
175.35
171.15
NA
NA
NA
172.75
175.88
NA
NA
NA
NA
NA
NA
176.35
NA
NA
NA
NA
NA
NA
NA
NA
175.92
176.51
175.77
174.97
NA
173.81
NA
177.69
178.09
NA
NA
NA
175.62
172.55
177.05
176.07
177.97
172.95
NA
NA
NA
174.86
176.23
176.24
NA
NA
178.35
NA
NA
NA
NA
175.77
NA
NA
NA
175.16
174.77
176.03
NA
174.98
NA
NA
NA
NA
175.7
NA
NA
NA
NA
NA
NA
NA
NA
175.18
NA
NA
NA
175.06
NA
176.16
174.35
174.61
177.7
NA
NA
176.26
NA
174.3
174.98
NA
NA
173.56
NA
NA
NA
NA
NA
175.74
174.73
NA
174.73
172.45
176.35
173.45
174.3
174.98
NA
NA
NA
NA
172.9
173.8
NA
NA
NA
NA
NA
176.92
173.07
NA
NA
174.06
175.96
173.53
174.9
173.18
173.24
171.92
175.6
NA
175.25
173.98
174.69
175.53
NA
NA
NA
NA
NA
NA
175.98
174.02
NA
NA
NA
175.55
NA
NA
NA
NA
NA
NA
NA
NA
NA
NA
175.85
174.23
178.45
176.57
174.96
175.06
176.01
174.49
NA
NA
177.25
NA
176.15
NA
176.1
176.14
NA
NA
NA
NA
NA
NA
NA
176.71
176.31
NA
171.98
173.76
173.38
NA
171.86
173.72
NA
172.99
NA
NA
NA
NA
NA
NA
NA
NA
NA
176.6
176.2
174.9
175.3
NA
NA
NA
175.0
NA
NA
NA
NA
175.38
174.62
NA
NA
NA
NA
176.69
175.26
174.26
NA
NA
175.81
175.09
NA
NA
175.78
175.38
176.58
NA
175.67
174.97
176.27
176.27
NA
175.67
174.87
176.07
176.27
173.93
173.33
NA
174.08
173.45
173.35
174.85
175.15
174.05
174.85
175.12
NA
NA
NA
NA
175.47
175.97
NA
NA
175.57
NA
NA
175.04
175.84
176.26
NA
NA
NA
NA
175.33
NA
NA
177.4
175.0
NA
176.06
173.81
NA
NA
175.33
NA
NA
NA
NA
NA
NA
176.59
173.2
176.61
176.18
176.5
NA
NA
NA
NA
NA
176.41
176.11
176.81
173.86
177.77
177.02
173.41
173.3
174.45
174.38
176.34
NA
NA
NA
NA
176.83
175.83
NA
NA
NA
NA
NA
NA
172.47
NA
174.21
NA
NA
NA
173.8
174.4
173.1
176.3
177.2
175.4
175.1
175.6
177.55
NA
176.51
176.67
176.33
174.3
NA
179.47
NA
NA
174.68
174.94
174.93
174.97
175.92
176.49
173.39
176.87
NA
175.27
173.29
176.97
177.58
175.47
174.65
NA
NA
175.03
175.08
174.84
NA
NA
175.93
175.55
177.01
176.94
177.5
173.25
NA
NA
173.88
176.08
176.03
174.43
173.23
174.13
176.34
NA
NA
177.43
175.21
171.35
174.44
175.74
174.34
173.18
173.24
174.43
NA
NA
NA
NA
173.39
175.17
176.17
NA
NA
NA
176.23
175.92
174.94
175.11
177.21
174.36
NA
NA
NA
173.44
NA
NA
NA
174.95
178.15
175.08
174.88
176.13
172.39
176.66
172.74
NA
176.09
173.49
178.99
176.79
177.82
176.61
176.62
176.32
173.42
177.03
NA
NA
175.58
175.55
176.17
175.95
174.66
177.96
NA
175.72
174.71
175.46
174.85
NA
174.75
176.35
NA
NA
NA
176.35
NA
NA
176.15
NA
NA
176.41
NA
NA
176.2
NA
NA
176.45
NA
NA
176.37
NA
175.23
NA
NA
NA
NA
NA
NA
NA
NA
NA
NA
175.34
173.94
173.11
173.11
174.51
175.57
NA
NA
NA
NA
NA
172.83
NA
NA
NA
173.81
NA
NA
NA
176.79
175.49
174.53
NA
NA
NA
177.01
171.67
175.2
NA
175.23
177.79
NA
NA
NA
174.04
175.54
NA
173.95
172.61
NA
179.05
172.25
175.83
NA
NA
175.89
177.13
177.55
174.45
174.49
173.59
175.74
175.89
175.1
NA
175.12
174.95
175.19
NA
175.09
NA
NA
168.6
174.5
177.4
179.48
NA
NA
NA
NA
NA
175.7
NA
172.85
175.45
174.29
175.1
NA
169.15
171.18
178.06
172.52
NA
178.41
172.9
175.87
175.83
173.12
NA
174.36
173.89
174.73
174.53
175.83
NA
175.69
175.36
176.87
NA
177.41
NA
NA
NA
NA
NA
175.62
174.3
NA
174.88
NA
173.48
175.03
175.72
174.71
174.39
175.33
176.46
175.64
176.74
NA
NA
NA
174.21
NA
171.93
174.81
NA
NA
172.96
173.06
174.56
174.72
NA
NA
NA
NA
NA
174.85
175.17
173.94
175.53
NA
NA
175.29
NA
173.17
176.12
NA
NA
NA
176.24
174.35
174.82
175.96
179.07
NA
NA
NA
NA
NA
175.16
173.31
174.99
NA
175.29
NA
176.14
174.05
175.39
176.16
NA
NA
NA
NA
172.96
174.77
175.45
NA
173.34
176.34
NA
NA
176.81
177.1
NA
176.56
175.96
NA
175.44
175.95
175.34
177.4
175.47
175.67
175.57
NA
NA
175.47
NA
174.44
174.71
175.79
174.16
174.82
174.78
174.12
NA
NA
NA
NA
175.29
175.62
173.36
NA
176.65
175.29
174.45
175.61
179.31
178.68
177.44
177.6
174.3
174.6
172.1
173.11
NA
177.37
NA
NA
NA
NA
NA
NA
NA
NA
NA
NA
NA
NA
NA
NA
175.07
173.97
175.17
NA
NA
NA
NA
NA
NA
NA
NA
173.67
NA
NA
NA
NA
NA
NA
NA
NA
NA
NA
NA
NA
172.68
176.18
NA
175.06
174.68
174.07
176.62
173.97
178.56
173.31
176.75
NA
NA
NA
NA
NA
174.88
176.42
174.83
174.88
175.8
175.15
175.43
176.09
NA
177.78
178.49
177.8
174.83
174.61
176.4
NA
179.39
NA
NA
NA
NA
NA
NA
NA
175.17
172.39
174.54
NA
NA
NA
NA
NA
174.51
174.43
175.88
176.31
175.7
174.75
171.51
NA
NA
174.4
174.55
176.42
NA
175.42
174.15
173.02
175.09
174.59
177.07
176.43
175.63
NA
NA
NA
NA
NA
174.92
NA
176.83
175.58
174.61
NA
NA
NA
NA
NA
NA
NA
NA
174.95
176.7
173.3
173.0
174.8
NA
177.7
NA
NA
174.39
NA
176.14
174.58
176.68
176.46
174.4
175.02
NA
NA
NA
NA
177.22
174.81
NA
176.4
NA
NA
NA
NA
NA
NA
172.47
175.37
NA
NA
176.77
NA
174.37
174.87
175.97
175.67
173.38
176.11
171.69
176.31
178.24
177.56
174.94
174.84
174.05
176.68
NA
NA
176.92
NA
175.0
174.76
174.68
NA
NA
NA
174.18
175.63
173.67
175.2
175.91
179.02
174.36
NA
NA
NA
NA
NA
NA
NA
NA
NA
NA
177.53
174.33
172.84
177.28
NA
173.27
NA
173.46
NA
NA
NA
NA
NA
NA
NA
172.35
174.01
175.48
175.2
175.57
175.96
NA
176.31
172.08
176.39
176.46
174.4
NA
NA
NA
NA
175.18
173.23
NA
174.47
174.92
NA
175.22
176.37
NA
177.76
175.64
NA
NA
NA
174.04
NA
176.36
NA
174.58
175.11
NA
NA
176.55
NA
173.97
174.07
175.27
172.57
175.79
177.16
174.39
174.44
NA
NA
NA
174.3
180.3
176.83
NA
175.12
176.02
177.46
175.88
NA
NA
176.72
173.89
176.71
NA
NA
NA
174.87
176.55
NA
174.47
NA
176.77
174.41
174.57
NA
174.62
NA
178.06
178.34
NA
177.07
NA
NA
175.76
174.86
176.11
NA
176.2
NA
NA
NA
NA
NA
174.21
174.65
NA
175.01
175.0
NA
NA
NA
174.22
NA
NA
NA
NA
NA
NA
NA
NA
175.27
NA
NA
175.89
175.95
173.37
NA
176.57
172.17
175.47
NA
NA
NA
NA
NA
173.34
174.95
175.28
NA
174.38
176.33
172.67
173.9
174.36
174.17
176.51
NA
NA
NA
178.04
178.55
175.91
175.23
NA
NA
173.07
NA
NA
NA
NA
NA
175.74
174.25
175.16
174.87
173.46
NA
NA
177.39
176.71
177.02
174.77
174.92
NA
NA
NA
NA
NA
NA
176.46
175.59
177.01