60.59
60.72
61.45
NA
NA
56.91
60.79
61.86
63.37
61.21
61.18
58.89
60.51
60.08
60.73
61.75
61.41
60.72
62.03
61.22
62.04
59.49
NA
61.35
58.45
62.12
61.53
61.13
60.54
62.44
60.7
61.57
63.71
61.82
59.66
61.48
58.72
58.43
58.39
57.45
61.3
63.18
61.2
57.81
61.9
62.68
62.24
62.93
60.73
56.54
58.07
62.78
60.21
64.75
61.22
60.81
60.74
61.7
61.47
60.77
61.87
62.73
59.93
62.83
60.06
60.09
63.12
60.62
60.67
63.16
62.87
61.4
61.06
62.49
61.57
63.1
60.57
62.21
61.47
63.23
57.9
62.65
61.33
59.15
58.48
61.74
62.0
63.67
62.98
61.32
62.58
61.54
58.17
61.22
60.99
61.72
56.28
58.2
61.09
62.11
62.12
62.45
61.94
61.55
61.09
59.57
56.21
58.83
59.37
58.31
62.74
59.77
61.86
60.77
61.53
61.01
58.13
62.21
61.16
61.2
61.67
60.61
55.54
62.06
61.95
64.66
NA
NA
NA
61.26
61.72
64.41
NA
61.23
61.75
61.93
61.66
64.49
NA
NA
NA
61.79
NA
61.52
61.76
61.86
59.95
60.5
62.02
58.54
NA
63.06
60.91
61.25
60.65
62.08
60.52
58.48
64.54
62.22
60.8
61.16
62.96
61.75
60.63
58.14
59.17
NA
53.87
58.81
58.22
59.96
NA
59.87
62.38
62.88
60.9
61.06
61.05
NA
NA
NA
61.59
NA
NA
59.13
61.76
61.68
62.41
60.59
60.1
63.3
62.0
62.3
61.3
62.51
61.96
62.08
61.52
59.13
59.0
60.2
61.3
NA
NA
61.13
60.55
63.55
60.18
62.9
59.93
60.72
62.62
62.32
61.64
62.41
63.39
61.43
59.22
60.34
62.91
NA
NA
NA
NA
NA
NA
NA
NA
NA
NA
NA
NA
60.73
61.27
61.72
60.28
60.58
56.11
62.78
60.58
61.28
58.98
62.68
60.58
61.28
58.98
62.59
60.59
61.69
59.19
62.52
60.62
61.82
59.12
62.76
60.66
61.56
59.26
62.11
NA
61.16
60.42
62.18
60.71
61.36
59.6
NA
62.23
58.89
61.14
60.4
59.76
61.67
58.48
62.13
62.12
62.3
60.03
62.96
62.81
62.87
61.35
62.13
61.93
60.23
60.96
62.64
62.57
62.52
62.5
62.5
61.09
61.2
61.2
62.87
57.91
58.8
56.67
56.83
58.08
62.67
59.88
62.77
61.03
60.36
58.88
62.85
62.79
61.73
60.38
NA
NA
NA
NA
NA
NA
62.17
63.54
59.86
61.08
62.24
62.34
61.88
59.94
62.81
61.51
62.01
62.89
62.47
62.36
57.95
62.39
62.92
57.87
62.26
63.88
57.76
62.58
58.9
62.3
62.33
60.43
62.46
62.46
62.54
62.53
62.91
NA
59.9
61.09
NA
NA
NA
NA
NA
NA
NA
62.29
61.89
61.5
NA
62.08
NA
NA
NA
NA
NA
NA
60.11
56.79
60.67
56.89
59.96
62.77
59.4
61.07
61.74
61.73
60.76
59.17
57.27
59.31
58.69
64.62
59.89
NA
56.44
62.69
63.22
61.52
59.02
57.92
59.23
59.51
61.7
61.99
63.32
61.18
62.6
62.55
NA
62.12
60.91
62.27
62.15
61.5
60.3
57.3
62.11
62.71
60.01
62.01
58.59
60.3
62.18
60.77
61.87
61.71
61.4
61.65
63.07
60.83
59.23
60.24
60.85
60.5
61.59
61.84
61.89
61.54
58.18
60.65
60.26
61.68
62.07
61.27
61.07
61.77
61.61
61.8
63.2
63.4
58.43
61.73
61.03
62.83
62.1
62.08
57.78
62.7
58.51
61.21
61.11
63.01
58.54
59.24
58.77
59.77
61.24
60.94
62.68
61.96
58.18
62.08
61.38
58.08
60.58
61.28
58.3
62.1
61.4
58.3
60.7
61.3
61.3
59.78
57.85
57.8
60.91
61.95
60.4
62.76
61.08
62.93
58.25
61.45
61.34
60.74
61.84
61.84
62.14
57.81
62.21
62.0
61.87
62.08
59.41
59.16
63.15
62.05
56.75
62.2
60.56
60.0
61.66
60.17
61.57
60.17
62.41
60.97
57.69
61.68
60.03
60.23
59.16
61.38
62.46
60.99
60.99
56.33
63.5
61.89
59.59
62.52
62.48
60.34
62.98
62.02
62.05
61.82
61.22
62.22
62.27
59.87
57.16
62.57
63.41
59.16
61.46
62.35
NA
NA
62.69
NA
NA
58.81
61.02
62.02
60.85
59.48
61.65
62.06
63.33
59.61
61.08
61.48
62.38
63.08
62.18
60.08
58.98
62.4
61.19
61.11
62.31
60.31
59.21
58.31
NA
62.19
60.69
60.89
63.05
58.74
61.45
62.25
62.75
62.25
60.25
59.15
61.02
62.3
63.29
61.78
NA
59.94
59.83
58.7
NA
61.54
62.24
63.04
62.14
60.24
58.94
60.83
62.72
60.16
61.37
58.37
58.22
61.91
58.21
58.31
61.3
60.56
61.35
61.11
60.4
61.33
61.55
61.92
60.31
NA
NA
58.86
NA
58.85
62.84
61.34
60.15
61.45
62.35
62.75
61.95
61.73
57.24
60.12
59.5
59.27
59.6
61.38
61.42
62.32
63.02
62.12
60.02
58.92
59.83
62.95
61.64
61.14
61.99
62.77
61.92
60.1
58.96
61.46
60.56
63.13
59.07
61.97
61.97
62.37
62.82
59.11
60.25
58.89
57.72
60.32
61.94
61.14
58.14
59.36
63.09
62.69
58.99
61.39
61.57
61.31
61.43
62.23
63.03
62.33
59.53
58.53
60.98
61.18
61.27
61.54
60.82
61.73
NA
62.64
60.14
61.82
61.42
61.5
61.75
61.64
61.41
58.98
60.28
59.68
NA
59.65
61.98
NA
61.83
61.53
62.33
58.13
62.46
61.86
61.49
58.3
61.17
60.76
59.85
57.45
63.2
61.87
NA
59.72
61.72
62.02
NA
61.49
60.84
60.86
61.1
59.3
61.86
59.28
60.69
62.01
62.26
58.27
57.81
58.27
62.57
62.57
62.48
62.13
60.53
60.06
61.85
61.81
60.63
62.56
58.66
60.88
59.71
57.21
63.11
63.21
59.31
61.31
59.49
57.29
62.09
63.39
57.99
62.69
60.18
62.9
62.56
59.36
59.16
63.36
62.54
63.09
61.09
58.39
63.09
60.89
62.44
59.79
61.95
62.75
61.3
62.7
61.2
62.42
62.67
61.42
63.03
NA
59.93
60.87
63.41
61.6
56.72
58.94
61.38
61.38
59.88
NA
61.47
63.29
60.84
NA
61.05
56.76
57.21
59.81
62.7
62.25
58.68
59.75
58.94
63.04
62.24
62.99
61.05
61.79
59.26
61.06
61.78
60.13
61.42
61.72
60.79
61.59
60.51
58.66
59.15
63.65
60.97
58.72
56.34
56.96
62.14
58.44
58.38
62.04
57.66
NA
62.21
60.92
62.13
58.65
56.58
57.92
62.75
61.82
63.42
61.96
61.67
61.26
62.16
61.13
NA
61.29
61.16
NA
62.16
61.23
61.12
61.67
59.21
62.89
61.4
62.1
62.8
61.5
58.8
58.2
61.78
63.1
61.98
61.88
61.53
61.19
55.98
61.56
64.44
61.13
63.05
56.92
60.58
61.18
59.27
62.25
60.28
59.75
59.69
61.89
61.49
59.79
60.26
61.16
58.56
59.76
60.75
59.75
61.09
62.74
62.04
62.23
61.01
64.61
62.5
61.32
62.54
62.35
61.11
61.18
61.16
NA
NA
60.87
54.71
60.6
60.27
63.72
61.35
61.37
61.41
62.22
61.86
58.1
59.93
60.87
62.78
62.41
56.81
61.4
61.67
61.9
61.32
62.66
59.25
59.72
62.15
61.46
58.14
62.61
55.4
55.98
61.56
64.44
61.13
63.05
61.75
61.82
60.68
59.87
61.62
60.92
62.22
53.56
61.78
61.12
62.93
65.09
57.37
62.07
62.28
58.68
61.32
62.02
62.92
62.02
60.42
59.22
62.88
61.38
63.88
NA
NA
NA
NA
NA
NA
60.43
60.43
62.8
61.72
62.07
60.79
57.99
60.96
62.64
61.7
61.04
62.34
60.27
62.06
57.1
60.96
61.19
61.85
61.17
59.57
59.82
61.76
61.74
62.72
59.83
59.91
62.62
59.9
59.89
61.7
62.2
60.0
63.3
64.7
NA
61.94
61.83
NA
62.22
61.1
59.51
62.59
62.05
62.35
59.36
62.53
62.53
61.46
61.09
60.65
61.05
61.35
59.25
61.47
59.62
62.43
61.3
61.62
60.92
62.56
59.05
62.36
58.42
58.54
62.15
60.28
59.98
60.88
62.66
62.41
61.98
60.7
60.89
62.53
58.82
61.43
60.41
60.28
60.76
63.31
61.96
59.0
61.16
61.55
61.0
59.63
62.82
62.12
62.02
59.79
60.29
59.25
60.56
63.47
59.01
61.95
59.84
59.71
57.56
60.46
62.14
61.62
60.69
63.34
60.24
63.81
63.19
60.51
63.51
61.31
62.59
61.34
60.95
62.13
NA
62.41
62.25
60.43
NA
NA
NA
61.32
59.02
59.12
59.13
61.56
61.75
62.29
57.62
63.08
62.93
63.87
60.74
55.61
62.2
61.85
62.26
58.34
60.5
60.3
59.32
62.22
59.15
60.68
62.01
61.07
59.85
NA
62.46
61.1
61.6
61.57
60.28
62.37
58.65
60.09
62.22
61.4
63.59
61.68
57.24
60.76
58.06
60.96
59.66
61.86
62.96
59.86
59.16
58.66
58.17
62.62
60.82
60.72
61.02
60.82
57.61
61.23
61.45
61.07
59.86
56.71
59.42
61.76
61.76
62.88
60.33
NA
61.19
63.02
59.12
62.44
58.24
61.04
59.64
61.99
60.28
61.95
58.83
61.64
55.34
61.14
60.24
62.02
59.29
61.24
62.5
61.09
63.25
NA
57.68
60.23
61.45
62.73
59.42
58.89
NA
62.05
60.95
59.55
63.54
62.43
60.43
61.93
60.13
58.43
61.84
58.92
61.82
61.86
60.43
60.9
58.13
58.59
57.94
59.72
62.72
62.42
61.55
61.85
61.15
61.95
60.35
59.65
61.76
62.06
61.26
62.26
60.16
59.88
62.18
60.39
62.08
63.18
62.58
57.78
60.18
62.07
61.47
62.07
59.57
58.97
61.71
62.11
63.11
62.11
59.61
58.71
61.63
61.68
62.49
61.49
62.51
63.33
62.6
62.31
59.87
60.89
61.11
61.38
62.97
60.99
61.88
61.79
60.89
61.05
61.54
61.82
60.96
62.13
61.43
62.03
59.33
58.73
61.86
60.02
60.04
63.36
61.62
61.77
61.4
62.32
60.82
61.72
62.53
57.61
59.13
61.44
NA
61.77
60.81
59.59
61.89
60.29
59.86
61.98
64.2
57.63
59.86
60.02
62.13
61.88
58.11
61.78
62.87
62.09
54.94
61.01
61.01
60.05
60.86
62.68
62.41
60.51
61.46
61.14
62.87
60.05
61.74
62.14
59.34
61.14
61.34
62.95
60.61
NA
62.87
62.97
64.11
61.03
61.6
62.37
58.87
NA
61.01
64.16
60.43
62.73
62.94
59.94
58.24
60.37
56.61
61.65
63.85
60.64
59.54
60.8
60.63
60.22
60.24
58.13
61.12
60.88
60.88
59.98
60.98
58.18
62.75
64.05
60.15
62.2
62.16
60.26
61.79
61.89
NA
61.2
62.13
61.21
63.91
56.91
60.71
61.4
58.91
58.88
59.91
59.33
60.85
62.27
62.33
56.98
61.16
62.04
62.19
60.95
61.13
61.16
59.39
62.0
57.27
61.14
60.62
61.26
57.65
59.87
56.65
62.1
60.45
60.76
58.84
62.41
60.42
61.98
57.79
62.72
55.74
61.84
60.14
62.74
62.97
59.9
57.12
62.5
63.46
59.12
61.43
59.96
59.66
62.76
61.3
60.34
60.42
61.24
58.45
59.25
57.77
60.93
61.62
61.71
61.0
60.2
55.81
60.02
60.56
63.17
58.94
61.06
62.07
62.74
63.43
61.81
59.34
61.6
61.35
61.74
58.88
61.83
61.01
61.04
60.3
61.68
62.55
57.48
62.61
61.11
60.89
61.3
56.98
61.43
61.83
57.86
62.42
61.1
61.48
57.19
NA
63.23
60.05
63.36
57.77
61.22
60.54
61.34
61.86
61.3
58.96
61.9
60.22
62.74
59.66
62.25
62.47
61.64
61.12
60.88
62.18
61.53
58.24
60.06
57.42
62.16
61.85
59.25
59.01
61.99
61.8
60.65
61.0
62.4
62.48
58.26
62.07
62.58
59.51
61.5
61.26
61.19
61.67
61.16
59.83
61.66
NA
60.2
59.01
61.64
63.0
60.12
60.25
49.52
62.85
59.62
62.15
58.16
60.8
62.38
62.39
58.5
59.91
59.05
NA
NA
NA
NA
NA
NA
62.22
60.58
62.18
61.2
61.3
61.64
63.81
60.77
61.68
59.54
60.93
61.81
60.61
61.61
61.33
62.93
59.93
61.49
58.84
61.61
61.16
62.54
60.59
63.34
57.18
61.12
62.85
61.62
57.18
63.45
64.34
62.52
62.54
60.93
60.39
62.5
61.37
60.92
61.21
62.2
60.33
62.09
NA
62.76
61.24
62.23
60.34
62.09
NA
62.73
63.02
60.68
60.61
62.06
60.36
61.36
61.86
63.58
61.69
60.26
61.97
61.54
60.71
61.25
61.41
56.89
60.91
61.27
60.33
58.7
58.25
60.27
58.57
60.2
61.71
62.17
60.18
58.07
62.21
60.29
59.64
60.97
61.19
62.23
62.26
62.12