177.77
174.48
177.61
NA
NA
175.65
176.94
178.24
178.56
175.55
177.32
177.8
176.26
177.42
177.86
177.98
178.19
177.72
177.41
178.25
178.48
177.01
NA
181.08
178.96
178.01
177.19
179.34
177.45
176.18
175.76
179.38
179.79
178.12
175.32
177.57
175.69
176.05
176.33
175.43
177.34
175.79
177.53
178.93
177.1
177.83
176.42
178.9
178.01
178.82
178.87
179.1
177.86
177.87
175.94
176.3
177.49
176.57
176.46
176.34
176.74
178.24
175.72
177.67
177.34
175.63
178.15
176.11
177.92
178.7
177.87
177.83
176.1
177.82
176.23
179.93
177.3
179.4
175.56
178.23
176.35
178.97
175.59
176.69
176.57
178.67
177.55
178.15
178.66
176.16
174.96
176.89
174.6
177.73
177.34
178.0
179.0
174.79
177.4
176.6
176.95
176.79
178.09
178.13
177.56
175.29
176.79
173.4
176.15
173.23
177.9
176.28
179.77
177.01
177.33
177.77
177.12
178.0
175.84
177.42
178.2
175.99
176.08
177.53
176.24
178.76
NA
NA
NA
178.46
177.36
NA
NA
NA
NA
178.39
177.59
179.19
NA
NA
NA
NA
NA
NA
NA
NA
NA
176.7
178.39
177.03
NA
177.33
NA
176.17
178.12
177.38
178.92
175.71
176.29
176.26
173.98
175.84
NA
178.38
NA
175.7
174.48
174.58
175.88
176.99
175.97
NA
NA
NA
NA
NA
176.81
175.06
178.64
NA
NA
NA
NA
NA
NA
NA
NA
NA
177.37
NA
177.86
176.46
178.66
176.96
178.83
176.64
178.03
177.94
178.36
175.67
179.98
178.51
NA
NA
NA
178.37
176.96
176.46
176.44
176.15
175.87
177.07
178.57
177.18
177.44
176.49
178.52
173.17
176.66
178.15
176.05
NA
NA
NA
NA
NA
NA
NA
NA
NA
NA
NA
NA
177.68
177.44
178.09
177.84
177.12
NA
178.33
177.33
177.03
177.43
178.33
177.33
176.93
177.63
178.42
177.32
177.32
177.52
178.42
177.32
177.62
177.52
178.12
177.22
177.22
178.92
176.57
NA
176.94
178.05
179.69
NA
NA
177.38
NA
175.92
175.74
178.04
178.36
179.08
178.79
175.16
177.37
178.23
175.95
177.13
NA
NA
NA
NA
178.23
NA
NA
176.84
NA
NA
NA
NA
NA
179.24
177.9
178.17
NA
NA
NA
NA
174.79
178.35
175.74
178.54
175.72
NA
NA
NA
176.31
176.49
177.76
177.6
NA
NA
NA
NA
NA
NA
176.08
178.75
175.38
180.18
176.22
NA
NA
NA
NA
NA
NA
NA
179.16
177.22
178.32
NA
NA
NA
179.33
176.53
178.44
177.6
177.18
176.3
178.48
177.73
NA
NA
NA
NA
NA
NA
NA
NA
NA
NA
NA
NA
NA
NA
NA
175.95
174.84
NA
NA
178.21
NA
NA
NA
NA
NA
NA
178.99
NA
NA
NA
NA
176.49
176.23
NA
NA
NA
177.6
178.08
176.88
177.12
176.76
176.92
181.12
NA
177.73
179.29
176.51
176.84
176.34
178.24
173.05
176.85
179.74
NA
NA
NA
NA
NA
NA
176.68
NA
178.34
178.17
177.48
177.38
NA
178.23
NA
NA
NA
179.3
NA
NA
NA
NA
NA
NA
NA
NA
177.7
177.5
175.65
NA
NA
NA
NA
177.54
176.44
NA
NA
NA
NA
176.6
176.6
176.2
174.7
NA
NA
NA
NA
NA
NA
NA
NA
NA
NA
177.86
178.45
176.78
177.98
178.88
180.18
176.65
177.15
NA
NA
177.72
178.52
NA
NA
176.59
178.39
175.79
173.69
176.99
178.89
176.37
178.17
175.57
173.47
176.67
178.67
176.32
175.39
172.15
174.76
178.19
178.71
175.59
177.12
176.81
176.96
177.78
NA
177.21
177.91
NA
NA
NA
NA
NA
NA
NA
NA
NA
NA
176.14
180.14
175.94
NA
NA
NA
NA
NA
NA
NA
179.75
177.76
176.75
177.02
176.28
175.4
173.16
174.38
178.82
175.75
178.25
178.72
NA
177.37
175.39
176.68
179.95
176.54
175.85
176.3
176.37
NA
177.12
179.72
NA
177.24
178.24
175.82
178.37
177.37
178.57
NA
NA
NA
NA
NA
NA
NA
NA
NA
NA
NA
177.62
176.17
178.74
175.35
180.1
NA
NA
NA
NA
NA
NA
175.54
177.21
175.83
178.83
175.73
177.43
178.47
NA
176.91
176.21
177.51
NA
176.18
NA
NA
NA
NA
NA
NA
178.0
NA
NA
NA
NA
NA
NA
NA
NA
NA
NA
NA
NA
NA
NA
178.97
176.45
178.14
177.29
174.82
177.55
176.85
177.75
175.75
176.41
NA
NA
NA
NA
NA
175.95
178.64
176.16
NA
NA
NA
NA
NA
NA
NA
178.32
NA
NA
NA
NA
176.69
176.34
178.67
178.23
176.85
NA
NA
NA
NA
NA
NA
NA
NA
NA
NA
NA
177.99
179.57
177.06
178.02
177.24
176.63
NA
NA
177.08
NA
NA
NA
178.58
NA
178.48
175.84
175.98
NA
NA
NA
NA
NA
178.31
177.88
178.88
177.98
178.18
NA
NA
NA
NA
NA
NA
NA
NA
177.26
NA
177.17
175.64
172.03
174.51
NA
176.97
174.97
177.51
179.51
178.46
178.56
178.42
175.85
179.25
NA
178.35
NA
175.15
176.0
NA
NA
NA
NA
NA
178.53
179.16
175.08
NA
NA
179.35
178.9
179.22
NA
NA
NA
NA
NA
NA
NA
177.0
176.65
177.21
NA
175.16
176.0
NA
NA
177.16
176.82
NA
NA
NA
175.59
174.01
175.9
177.54
177.64
175.33
178.65
175.93
177.18
178.66
175.46
176.41
177.47
178.47
175.37
178.47
177.47
178.57
177.77
178.27
176.07
178.37
177.47
179.37
177.73
NA
178.54
179.45
176.15
177.84
177.19
178.35
177.35
177.68
176.55
177.2
178.58
178.86
NA
NA
NA
NA
NA
175.99
NA
178.2
178.05
NA
NA
NA
176.5
179.95
178.43
NA
NA
NA
NA
NA
NA
NA
NA
176.0
NA
NA
NA
177.49
175.84
NA
NA
NA
NA
177.15
180.95
178.16
177.24
176.98
176.73
177.54
177.81
176.57
182.13
176.83
NA
179.12
177.22
NA
177.7
179.3
177.33
174.05
178.26
177.38
NA
NA
NA
NA
176.88
NA
175.97
178.43
NA
NA
176.01
175.28
176.93
175.57
177.57
NA
178.35
178.08
177.58
178.39
NA
177.86
176.41
NA
175.65
179.63
176.73
179.72
176.73
178.96
NA
NA
NA
NA
NA
NA
178.27
178.44
176.14
179.19
177.08
177.23
178.65
178.25
178.45
177.95
177.05
176.02
178.07
176.65
176.71
179.25
180.59
175.97
175.85
176.15
177.75
175.35
NA
NA
178.18
179.78
179.73
176.43
177.5
176.09
177.29
178.0
177.74
177.54
NA
NA
NA
178.58
NA
NA
NA
NA
NA
173.83
177.33
177.01
177.68
178.39
179.11
179.15
175.08
NA
178.14
174.84
177.5
178.95
176.77
176.86
177.94
NA
177.43
176.83
177.99
176.49
176.19
NA
178.75
176.98
173.75
176.28
176.35
178.65
178.25
178.45
177.95
177.05
178.37
178.57
176.26
176.7
NA
179.44
175.44
173.11
175.94
176.94
179.6
177.82
176.53
177.55
176.95
176.45
NA
NA
NA
NA
NA
NA
176.9
175.1
179.6
175.25
177.75
177.61
177.6
177.15
177.57
NA
NA
NA
176.97
177.91
NA
176.76
177.59
177.13
NA
176.1
178.65
176.14
172.2
178.0
NA
NA
NA
NA
NA
177.53
177.28
175.45
NA
NA
NA
NA
NA
NA
NA
176.71
178.81
178.01
NA
NA
177.43
178.13
NA
178.99
180.32
172.66
178.3
NA
NA
179.01
178.85
178.17
176.37
176.16
177.34
177.84
177.34
173.24
NA
NA
176.34
179.01
176.39
177.28
175.68
178.76
NA
NA
NA
NA
177.29
178.09
177.49
177.11
178.31
179.68
177.13
178.55
176.17
NA
176.03
176.09
179.38
177.08
178.17
NA
NA
NA
NA
176.93
177.7
NA
NA
NA
176.44
NA
176.35
178.84
178.55
176.75
176.5
176.78
178.35
174.3
NA
177.61
179.35
177.21
179.33
178.03
178.89
173.23
176.36
177.26
179.19
175.3
175.92
179.37
NA
NA
NA
176.43
175.96
NA
NA
NA
NA
NA
174.59
177.02
176.76
180.6
177.49
175.38
175.6
179.88
178.57
178.46
174.83
177.28
177.62
176.67
174.79
NA
NA
177.16
178.27
175.9
NA
177.96
NA
NA
NA
NA
NA
NA
NA
NA
NA
NA
176.12
173.87
179.55
NA
176.27
NA
NA
NA
NA
NA
NA
NA
NA
NA
NA
175.91
176.01
180.71
177.81
176.61
178.01
176.97
177.53
NA
176.39
NA
175.14
177.7
NA
NA
NA
178.49
NA
176.65
NA
179.16
NA
NA
NA
NA
177.44
176.71
175.76
177.05
176.84
NA
NA
NA
176.8
NA
177.43
178.26
177.69
NA
NA
170.96
177.94
180.58
178.01
NA
NA
NA
176.09
178.36
176.46
178.94
177.52
174.44
NA
179.34
174.74
178.79
176.11
175.28
178.02
178.96
178.36
NA
NA
NA
NA
NA
NA
NA
NA
NA
NA
NA
NA
NA
NA
NA
NA
NA
178.23
176.86
179.86
NA
NA
NA
NA
NA
NA
NA
NA
NA
NA
NA
NA
NA
NA
NA
NA
176.53
176.03
176.48
176.06
176.38
178.91
177.78
NA
179.59
178.01
177.38
177.78
178.3
177.52
178.26
178.44
177.91
NA
NA
NA
NA
NA
NA
NA
NA
NA
178.96
176.66
178.84
178.69
177.99
177.13
180.23
176.09
178.01
177.71
176.9
176.7
172.99
NA
NA
177.44
NA
NA
NA
NA
176.26
176.87
178.81
176.31
175.35
177.99
NA
179.0
179.82
176.24
177.98
179.7
NA
178.87
177.04
178.54
177.57
178.27
178.91
176.62
175.92
176.59
176.03
177.87
177.73
178.33
175.83
178.83
177.63
178.75
176.47
NA
175.99
NA
NA
NA
NA
NA
NA
NA
177.24
177.62
NA
NA
175.3
176.52
174.11
178.15
175.98
175.61
178.99
175.01
175.21
177.48
177.6
177.8
177.3
176.7
177.87
177.53
177.83
177.83
177.33
177.03
NA
NA
NA
176.69
178.62
176.69
NA
NA
NA
NA
NA
175.81
178.61
179.31
177.01
176.59
174.04
176.98
177.66
176.15
178.95
176.88
176.94
178.05
177.55
175.05
178.87
177.45
176.53
177.03
178.48
178.05
175.86
175.52
175.75
177.83
174.98
176.11
175.05
NA
NA
179.35
176.4
NA
176.95
NA
NA
NA
NA
175.46
177.66
179.26
176.94
NA
NA
NA
NA
NA
NA
174.52
173.42
176.52
NA
175.53
175.05
177.17
177.77
NA
NA
NA
NA
177.76
177.67
NA
177.58
NA
NA
NA
NA
177.26
176.85
175.88
178.04
175.79
178.11
176.53
177.33
177.78
176.38
NA
NA
NA
NA
NA
NA
NA
NA
176.54
NA
178.73
176.25
176.86
177.67
175.15
178.39
176.96
178.36
176.81
NA
NA
NA
176.48
178.1
177.61
177.51
177.65
179.29
176.09
175.82
178.06
177.23
NA
NA
NA
175.8
176.48
176.19
178.26
177.63
177.63
176.98
177.4
176.96
176.3
NA
NA
176.2
177.27
176.1
177.48
177.36
177.16
177.14
176.0
NA
175.86
173.69
177.71
177.97
177.62
176.07
177.08
NA
176.21
NA
NA
176.11
178.13
176.84
175.72
177.14
NA
NA
NA
NA
174.63
NA
NA
NA
NA
176.19
173.88
NA
NA
NA
NA
NA
NA
NA
178.42
178.72
174.89
175.69
181.38
177.26
NA
174.47
177.21
NA
177.08
177.08
176.98
NA
NA
NA
NA
NA
177.28
NA
NA
NA
NA
NA
NA
NA
NA
NA
178.56
178.03
NA
NA
175.91
174.26
175.58
178.84
177.96
176.75
178.46
175.48
176.17
NA
176.11
NA
NA
NA
NA
NA
NA
176.53
179.29
175.39
178.89
177.59
178.29
176.19
178.07
175.31
177.6
177.37
177.22
176.14
NA
NA
176.01
NA
174.82
177.58
176.7
176.18
NA
NA
NA
NA
NA
NA
NA
NA
NA
176.73
176.8
176.74
175.82
175.8
175.85